"FS Lin","SS Log","FL1 Log","FL2 Log","FL3 Log","FL4 Log","FL5 Log"
275,0.338394673319409,0.165403320798019,0.188884569174318,0.165403320798019,0.177624558944457,0.14298348025674
446,0.454843116219575,0.216509434133377,0.205907447843523,0.168745733831007,0.140279459933373,0.140279459933373
397,0.441731771836077,0.231177046607856,0.261497815323131,0.164024746412181,0.189517281185082,0.140279459933373
449,0.429473753439024,0.214949882112267,0.206639944148685,0.192741366843982,0.155233599845476,0.140279459933373
432,0.391223565654671,0.150839880430613,0.178181472416481,0.170233153496669,0.157195124574254,0.156796455796649
359,0.419036311953547,0.194724220966719,0.186394027664835,0.182190212262849,0.150148946700048,0.141333283747465
298,0.39604956908159,0.185781454960399,0.190154027575454,0.179307075461499,0.140279459933373,0.157195124574254
351,0.383475920330798,0.221274744825972,0.222891426963376,0.171243398019944,0.154094323280450,0.169237834303805
410,0.409494432911366,0.201594638931909,0.216509434133377,0.172268685450245,0.167772573247934,0.142423961905656
406,0.444549008408857,0.271855157449252,0.26806502014066,0.217294683481912,0.211875157547888,0.192088479379025
316,0.428527399760189,0.188884569174318,0.178742307944130,0.203016510694019,0.152982630801945,0.140279459933373
474,0.436084425669404,0.219672052767678,0.238904240888872,0.196743303664015,0.165869963138432,0.140279459933373
360,0.420938564569721,0.198798498578782,0.178742307944130,0.212638240623736,0.140279459933373,0.140279459933373
303,0.43702685358426,0.198109430350217,0.171754154191287,0.204454144375473,0.155233599845476,0.140279459933373
434,0.443610401564419,0.213405068833102,0.175977245746161,0.222891426963376,0.170736402643872,0.163123316426449
404,0.43702685358426,0.23033379664679,0.23033379664679,0.215727826366646,0.173309128978783,0.154470991130581
489,0.408537424783786,0.238904240888872,0.245075200706715,0.171754154191287,0.175435913518267,0.175977245746161
438,0.466011361565902,0.26336509235663,0.281431899695417,0.218876016213984,0.170233153496669,0.187631241909896
409,0.441731771836077,0.200889639762023,0.208116557082828,0.209608564537159,0.140279459933373,0.150148946700048
375,0.433254223593108,0.196066256873814,0.185781454960399,0.207376318697083,0.140279459933373,0.140279459933373
508,0.431364974573073,0.241532534498303,0.196743303664015,0.203016510694019,0.151542367809210,0.160077057692081
298,0.369843682925459,0.205178843545358,0.200889639762023,0.194724220966719,0.150839880430613,0.140279459933373
672,0.548094589195255,0.278545025785751,0.253194757033311,0.258711437790672,0.217294683481912,0.151189670120080
269,0.418084423539314,0.169237834303805,0.231177046607856,0.165869963138432,0.151542367809210,0.140801836156987
561,0.490923390673098,0.250466494772263,0.208860644258667,0.216509434133377,0.145928733232941,0.150839880430613
261,0.358090854945044,0.145018731380577,0.210360301592275,0.190154027575454,0.142702524367706,0.140279459933373
390,0.434198112267997,0.218083551882790,0.198109430350217,0.218083551882790,0.159237162188545,0.157195124574254
512,0.419987692000204,0.205178843545358,0.211115838461421,0.195393227873188,0.156008702799071,0.140279459933373
385,0.426633199381427,0.208116557082828,0.233725581744281,0.156796455796649,0.177071557205383,0.16634019279706
438,0.428527399760189,0.222891426963376,0.196743303664015,0.219672052767678,0.140279459933373,0.140801836156987
364,0.457641082102348,0.219672052767678,0.223704949036996,0.172787005806565,0.172787005806565,0.152256565618780
389,0.427580548847338,0.221274744825972,0.205178843545358,0.170736402643872,0.161797245314680,0.157597013980819
502,0.429473753439024,0.250466494772263,0.229493730258852,0.209608564537159,0.196743303664015,0.185781454960399
246,0.434198112267997,0.207376318697083,0.223704949036996,0.144720505822661,0.183967824035887,0.140279459933373
429,0.397976414823837,0.194724220966719,0.205907447843523,0.201594638931909,0.151542367809210,0.155619579790919
532,0.425685350085428,0.207376318697083,0.168257318749387,0.238904240888872,0.141333283747465,0.140279459933373
525,0.438910260048710,0.218083551882790,0.219672052767678,0.210360301592275,0.163123316426449,0.140279459933373
432,0.446424815327873,0.203733362812729,0.170233153496669,0.208116557082828,0.158002143279100,0.140279459933373
512,0.457641082102348,0.212638240623736,0.221274744825972,0.226165913043895,0.271855157449252,0.140279459933373
414,0.416179118323367,0.232023448734304,0.213405068833102,0.194059239855938,0.176522456496951,0.165403320798019
206,0.445487145704544,0.200188610986799,0.190154027575454,0.196066256873814,0.156796455796649,0.169733635746363
369,0.39604956908159,0.181025063276694,0.204454144375473,0.175977245746161,0.150839880430613,0.140279459933373
394,0.416179118323367,0.196743303664015,0.224521889216861,0.190794809258731,0.155233599845476,0.140279459933373
643,0.446424815327873,0.245967461561916,0.238033800236652,0.178742307944130,0.158410531669826,0.140279459933373
386,0.408537424783786,0.209608564537159,0.161362102255135,0.196066256873814,0.140279459933373,0.170233153496669
217,0.446424815327873,0.270905253648299,0.255943411389996,0.198109430350217,0.211115838461421,0.222891426963376
248,0.358090854945044,0.219672052767678,0.212638240623736,0.192741366843982,0.213405068833102,0.145319498566922
355,0.411406907527978,0.197424363331222,0.23033379664679,0.16357228121085,0.192741366843982,0.140279459933373
415,0.419987692000204,0.190154027575454,0.238033800236652,0.198798498578782,0.140279459933373,0.163123316426449
417,0.448298759169222,0.23977753355553,0.158822198286243,0.179307075461499,0.215727826366646,0.142147774681471
472,0.417132025922147,0.236301613614802,0.201594638931909,0.235439936165745,0.140279459933373,0.186394027664835
414,0.40182397040703,0.187010622123131,0.218083551882790,0.217294683481912,0.149133866930996,0.140279459933373
434,0.438910260048710,0.192741366843982,0.220471637257467,0.182778757451073,0.140279459933373,0.146237238572002
295,0.397013246974146,0.236301613614802,0.228656878414890,0.182778757451073,0.16634019279706,0.140279459933373
348,0.376671178467619,0.151189670120080,0.182190212262849,0.179307075461499,0.167772573247934,0.140279459933373
510,0.452041119617036,0.203733362812729,0.185172899926102,0.217294683481912,0.140279459933373,0.140279459933373
552,0.461365530470573,0.229493730258852,0.233725581744281,0.212638240623736,0.146237238572002,0.140279459933373
376,0.451106215483896,0.226165913043895,0.198798498578782,0.211875157547888,0.163123316426449,0.140279459933373
168,0.307786743279463,0.179307075461499,0.206639944148685,0.190154027575454,0.168257318749387,0.140279459933373
302,0.399901217123282,0.217294683481912,0.196743303664015,0.178742307944130,0.160502026996677,0.140279459933373
191,0.481729856995562,0.152618104976752,0.140279459933373,0.213405068833102,0.160502026996677,0.183967824035887
359,0.415225700022613,0.207376318697083,0.190154027575454,0.175435913518267,0.153720720340875,0.143552645462116
501,0.424736999725661,0.223704949036996,0.205178843545358,0.159655442358187,0.164024746412181,0.164480729737195
310,0.372772455485757,0.175435913518267,0.204454144375473,0.164024746412181,0.203733362812729,0.16357228121085
395,0.423788147113161,0.206639944148685,0.219672052767678,0.196066256873814,0.140279459933373,0.196066256873814
417,0.408537424783786,0.218876016213984,0.255943411389996,0.160077057692081,0.16634019279706,0.140279459933373
421,0.427580548847338,0.257786672914962,0.207376318697083,0.210360301592275,0.179875784505171,0.174364837136968
537,0.411406907527978,0.214949882112267,0.207376318697083,0.215727826366646,0.178742307944130,0.150148946700048
476,0.41331732873535,0.205907447843523,0.213405068833102,0.203016510694019,0.154470991130581,0.140279459933373
321,0.377644706128292,0.185781454960399,0.168745733831007,0.232023448734304,0.140279459933373,0.144131604573628
395,0.40662186593712,0.173835068385563,0.199491561253654,0.182190212262849,0.184568357977156,0.140279459933373
448,0.431364974573073,0.186394027664835,0.200188610986799,0.164480729737195,0.143840891542185,0.156008702799071
423,0.420938564569721,0.215727826366646,0.199491561253654,0.215727826366646,0.181025063276694,0.160502026996677
485,0.447362019176649,0.220471637257467,0.211875157547888,0.175435913518267,0.155619579790919,0.140279459933373
378,0.422838791105066,0.222081350052879,0.219672052767678,0.23033379664679,0.174364837136968,0.156400988328558
483,0.433254223593108,0.235439936165745,0.241532534498303,0.178181472416481,0.165403320798019,0.188255890082703
289,0.432309844864813,0.220471637257467,0.23033379664679,0.256863984839407,0.366910990862085,0.156008702799071
404,0.380562464597876,0.208116557082828,0.199491561253654,0.218083551882790,0.161797245314680,0.140279459933373
384,0.428527399760189,0.211115838461421,0.236301613614802,0.170233153496669,0.188884569174318,0.140279459933373
547,0.42188893060604,0.235439936165745,0.234581247743386,0.208116557082828,0.175977245746161,0.146237238572002
376,0.394120687044045,0.209608564537159,0.236301613614802,0.184568357977156,0.161797245314680,0.140279459933373
363,0.448298759169222,0.191439626593958,0.175977245746161,0.185781454960399,0.151189670120080,0.140279459933373
322,0.343328438016707,0.187631241909896,0.146548361254107,0.167772573247934,0.160077057692081,0.161797245314680
416,0.381534098529382,0.200889639762023,0.196743303664015,0.193398287644562,0.149807763529887,0.169733635746363
447,0.453909567952752,0.218083551882790,0.254108759679802,0.178181472416481,0.140279459933373,0.140279459933373
411,0.428527399760189,0.193398287644562,0.208860644258667,0.148471133452426,0.172268685450245,0.141873944585676
475,0.426633199381427,0.214949882112267,0.219672052767678,0.175435913518267,0.150148946700048,0.151542367809210
173,0.33543232376894,0.208116557082828,0.23033379664679,0.211115838461421,0.226165913043895,0.221274744825972
696,0.547195695509664,0.200188610986799,0.228656878414890,0.247759640188542,0.179307075461499,0.156796455796649
488,0.433254223593108,0.216509434133377,0.225342219919308,0.187631241909896,0.169733635746363,0.140279459933373
377,0.407579902497849,0.185172899926102,0.200889639762023,0.181025063276694,0.188884569174318,0.140279459933373
447,0.418084423539314,0.203016510694019,0.200188610986799,0.183967824035887,0.188255890082703,0.187631241909896
380,0.350225945404854,0.193398287644562,0.191439626593958,0.174898448025698,0.164480729737195,0.153720720340875
438,0.477118801080669,0.248659484023583,0.266179795115631,0.195393227873188,0.165403320798019,0.158002143279100
363,0.419036311953547,0.184568357977156,0.214175622695954,0.209608564537159,0.140279459933373,0.156008702799071
358,0.373747820375976,0.201594638931909,0.187010622123131,0.402784577338547,0.522829369551227,0.258711437790672
386,0.42188893060604,0.192741366843982,0.214949882112267,0.183371292540019,0.140279459933373,0.140279459933373
358,0.419987692000204,0.218083551882790,0.222891426963376,0.247759640188542,0.169237834303805,0.140279459933373
406,0.436084425669404,0.222891426963376,0.194059239855938,0.197424363331222,0.185781454960399,0.140279459933373
450,0.447362019176649,0.234581247743386,0.218876016213984,0.316661303992259,0.425685350085428,0.185172899926102
354,0.393155485097713,0.200188610986799,0.188255890082703,0.211875157547888,0.140279459933373,0.149807763529887
461,0.444549008408857,0.211115838461421,0.222081350052879,0.145319498566922,0.158822198286243,0.140279459933373
347,0.411406907527978,0.204454144375473,0.242414171861771,0.166814026627726,0.140279459933373,0.159237162188545
764,0.461365530470573,0.223704949036996,0.229493730258852,0.284329312589461,0.411406907527978,0.237166246337142
399,0.374722731821464,0.220471637257467,0.227823271636467,0.181605650010004,0.169237834303805,0.161362102255135
432,0.41331732873535,0.198798498578782,0.233725581744281,0.160930368981928,0.14298348025674,0.167291481291287
392,0.509203854805391,0.224521889216861,0.202303599215116,0.150148946700048,0.185172899926102,0.140279459933373
306,0.430419611243593,0.214949882112267,0.190154027575454,0.226992939983781,0.142423961905656,0.185172899926102
395,0.453909567952752,0.197424363331222,0.186394027664835,0.199491561253654,0.140279459933373,0.158002143279100
448,0.441731771836077,0.222891426963376,0.212638240623736,0.182190212262849,0.156796455796649,0.145928733232941
491,0.385415796280043,0.200889639762023,0.207376318697083,0.205178843545358,0.140279459933373,0.157195124574254
365,0.417132025922147,0.219672052767678,0.251373586915138,0.203016510694019,0.183371292540019,0.161362102255135
464,0.418084423539314,0.200188610986799,0.182190212262849,0.201594638931909,0.156796455796649,0.140279459933373
538,0.447362019176649,0.220471637257467,0.224521889216861,0.195393227873188,0.162677834203278,0.140279459933373
309,0.408537424783786,0.194724220966719,0.219672052767678,0.190794809258731,0.140279459933373,0.140279459933373
392,0.45297556976512,0.197424363331222,0.238033800236652,0.158822198286243,0.175977245746161,0.160077057692081
367,0.478964395469008,0.195393227873188,0.218876016213984,0.190154027575454,0.188255890082703,0.146862120354825
475,0.419036311953547,0.179875784505171,0.192088479379025,0.219672052767678,0.140279459933373,0.140279459933373
541,0.466011361565902,0.226992939983781,0.247759640188542,0.203733362812729,0.187631241909896,0.184568357977156
590,0.448298759169222,0.211875157547888,0.245967461561916,0.187631241909896,0.185781454960399,0.161797245314680
453,0.419036311953547,0.188884569174318,0.190794809258731,0.204454144375473,0.145319498566922,0.145928733232941
395,0.434198112267997,0.207376318697083,0.208860644258667,0.229493730258852,0.144131604573628,0.150492979148870
363,0.367888982200334,0.181605650010004,0.178742307944130,0.165403320798019,0.157597013980819,0.140279459933373
506,0.441731771836077,0.200889639762023,0.231177046607856,0.168257318749387,0.179875784505171,0.158002143279100
914,0.535487690890414,0.303851718893881,0.291125967010989,0.140279459933373,0.236301613614802,0.149133866930996
422,0.412362374614871,0.204454144375473,0.193398287644562,0.156796455796649,0.171754154191287,0.140279459933373
354,0.407579902497849,0.212638240623736,0.222081350052879,0.177071557205383,0.171754154191287,0.140279459933373
483,0.451106215483896,0.261497815323131,0.245075200706715,0.193398287644562,0.145018731380577,0.152618104976752
378,0.427580548847338,0.228656878414890,0.170736402643872,0.229493730258852,0.194059239855938,0.150148946700048
474,0.419987692000204,0.196743303664015,0.196743303664015,0.225342219919308,0.140279459933373,0.152618104976752
236,0.41331732873535,0.183371292540019,0.194059239855938,0.195393227873188,0.156400988328558,0.140279459933373
493,0.425685350085428,0.179875784505171,0.196066256873814,0.196743303664015,0.161797245314680,0.154094323280450
585,0.455776216619560,0.261497815323131,0.23033379664679,0.194724220966719,0.198109430350217,0.144720505822661
543,0.43702685358426,0.243298519444439,0.235439936165745,0.177071557205383,0.182778757451073,0.140279459933373
225,0.4964219650051,0.295029198942614,0.261497815323131,0.187631241909896,0.199491561253654,0.140279459933373
352,0.431364974573073,0.235439936165745,0.182778757451073,0.195393227873188,0.175435913518267,0.140279459933373
402,0.424736999725661,0.202303599215116,0.214175622695954,0.197424363331222,0.164940248736627,0.160930368981928
476,0.412362374614871,0.207376318697083,0.187631241909896,0.227823271636467,0.140279459933373,0.156400988328558
382,0.412362374614871,0.200188610986799,0.238033800236652,0.152618104976752,0.165403320798019,0.157597013980819
465,0.435141512434088,0.249561781327291,0.237166246337142,0.232872971194181,0.140279459933373,0.140279459933373
468,0.420938564569721,0.210360301592275,0.219672052767678,0.152256565618780,0.164024746412181,0.156796455796649
474,0.386384998416716,0.180448444205294,0.204454144375473,0.16357228121085,0.161362102255135,0.147497624383717
321,0.422838791105066,0.236301613614802,0.221274744825972,0.213405068833102,0.187631241909896,0.154470991130581
436,0.437968797820157,0.229493730258852,0.190154027575454,0.222891426963376,0.186394027664835,0.167291481291287
482,0.467866722440866,0.217294683481912,0.238904240888872,0.165869963138432,0.177624558944457,0.156400988328558
419,0.424736999725661,0.219672052767678,0.242414171861771,0.175977245746161,0.170233153496669,0.178181472416481
399,0.419987692000204,0.213405068833102,0.215727826366646,0.180448444205294,0.164480729737195,0.141873944585676
575,0.466011361565902,0.236301613614802,0.218876016213984,0.220471637257467,0.149133866930996,0.140279459933373
330,0.414271770359505,0.196743303664015,0.208116557082828,0.192088479379025,0.140279459933373,0.140279459933373
432,0.386384998416716,0.164480729737195,0.181025063276694,0.189517281185082,0.147819407725247,0.145018731380577
356,0.404704249910189,0.218083551882790,0.214175622695954,0.177624558944457,0.172268685450245,0.145018731380577
501,0.419987692000204,0.192741366843982,0.218083551882790,0.190794809258731,0.159237162188545,0.142423961905656
505,0.433254223593108,0.247759640188542,0.226992939983781,0.188255890082703,0.154094323280450,0.145018731380577
329,0.437968797820157,0.208860644258667,0.180448444205294,0.169733635746363,0.174364837136968,0.145928733232941
383,0.388321919900050,0.181605650010004,0.212638240623736,0.183967824035887,0.149133866930996,0.140279459933373
379,0.419987692000204,0.192088479379025,0.190794809258731,0.213405068833102,0.168745733831007,0.143266847840142
426,0.410450927071570,0.190154027575454,0.190794809258731,0.188255890082703,0.162677834203278,0.141873944585676
536,0.491840713366392,0.234581247743386,0.231177046607856,0.200188610986799,0.140279459933373,0.140279459933373
360,0.440791745314472,0.217294683481912,0.210360301592275,0.168745733831007,0.162677834203278,0.141873944585676
502,0.430419611243593,0.224521889216861,0.236301613614802,0.147178535004063,0.160077057692081,0.148801114525785
364,0.420938564569721,0.212638240623736,0.190794809258731,0.211115838461421,0.170233153496669,0.140279459933373
347,0.39218977751084,0.199491561253654,0.201594638931909,0.198109430350217,0.143840891542185,0.165403320798019
459,0.446424815327873,0.220471637257467,0.198798498578782,0.179307075461499,0.178742307944130,0.145319498566922
339,0.346286080835727,0.178742307944130,0.153350162717428,0.216509434133377,0.143266847840142,0.155619579790919
420,0.422838791105066,0.226992939983781,0.178181472416481,0.190154027575454,0.181605650010004,0.140279459933373
406,0.426633199381427,0.201594638931909,0.173309128978783,0.211115838461421,0.162235816543637,0.151897993103576
318,0.379590352485876,0.185172899926102,0.231177046607856,0.161797245314680,0.158410531669826,0.141333283747465
420,0.41331732873535,0.205178843545358,0.188884569174318,0.188255890082703,0.174898448025698,0.170233153496669
529,0.470646634478409,0.233725581744281,0.232023448734304,0.205907447843523,0.153720720340875,0.140279459933373
461,0.440791745314472,0.192741366843982,0.227823271636467,0.184568357977156,0.145928733232941,0.140279459933373
411,0.447362019176649,0.214175622695954,0.233725581744281,0.188884569174318,0.150839880430613,0.140279459933373
281,0.468793774829766,0.223704949036996,0.190154027575454,0.218876016213984,0.185172899926102,0.144131604573628
460,0.43702685358426,0.201594638931909,0.200889639762023,0.190794809258731,0.181025063276694,0.140279459933373
507,0.423788147113161,0.220471637257467,0.199491561253654,0.219672052767678,0.163123316426449,0.158822198286243
338,0.426633199381427,0.140279459933373,0.190154027575454,0.197424363331222,0.174364837136968,0.140279459933373
743,0.468793774829766,0.252283020211930,0.229493730258852,0.204454144375473,0.200889639762023,0.179875784505171
378,0.404704249910189,0.181025063276694,0.220471637257467,0.191439626593958,0.170736402643872,0.140279459933373
407,0.427580548847338,0.221274744825972,0.226992939983781,0.213405068833102,0.140279459933373,0.145319498566922
365,0.414271770359505,0.216509434133377,0.224521889216861,0.192088479379025,0.181605650010004,0.162677834203278
421,0.412362374614871,0.216509434133377,0.207376318697083,0.158822198286243,0.178742307944130,0.140279459933373
328,0.32950458986508,0.190154027575454,0.168257318749387,0.203016510694019,0.140279459933373,0.140279459933373
433,0.462295554374572,0.210360301592275,0.220471637257467,0.173835068385563,0.140279459933373,0.172787005806565
661,0.451106215483896,0.236301613614802,0.252283020211930,0.140279459933373,0.188255890082703,0.157597013980819
465,0.408537424783786,0.219672052767678,0.197424363331222,0.178181472416481,0.148471133452426,0.142147774681471
421,0.435141512434088,0.241532534498303,0.220471637257467,0.199491561253654,0.178181472416481,0.146548361254107
379,0.380562464597876,0.160930368981928,0.195393227873188,0.161797245314680,0.140279459933373,0.142423961905656
540,0.450170855356869,0.220471637257467,0.188255890082703,0.200889639762023,0.140279459933373,0.140279459933373
291,0.431364974573073,0.173835068385563,0.189517281185082,0.203016510694019,0.140279459933373,0.140279459933373
397,0.417132025922147,0.182190212262849,0.149469410107982,0.203733362812729,0.169733635746363,0.151542367809210
531,0.438910260048710,0.227823271636467,0.214949882112267,0.167291481291287,0.174364837136968,0.140279459933373
374,0.451106215483896,0.204454144375473,0.144424803121843,0.187631241909896,0.171243398019944,0.170736402643872
324,0.384446102799712,0.200889639762023,0.197424363331222,0.140279459933373,0.175977245746161,0.158002143279100
592,0.455776216619560,0.23033379664679,0.229493730258852,0.201594638931909,0.152618104976752,0.157195124574254
341,0.411406907527978,0.200188610986799,0.201594638931909,0.192741366843982,0.171243398019944,0.157597013980819
521,0.422838791105066,0.252283020211930,0.238904240888872,0.201594638931909,0.170233153496669,0.146237238572002
719,0.501907959152939,0.245967461561916,0.238033800236652,0.223704949036996,0.212638240623736,0.196066256873814
444,0.454843116219575,0.231177046607856,0.233725581744281,0.168745733831007,0.180448444205294,0.152256565618780
360,0.407579902497849,0.207376318697083,0.211115838461421,0.152982630801945,0.182190212262849,0.140279459933373
373,0.41331732873535,0.199491561253654,0.218876016213984,0.184568357977156,0.170233153496669,0.158822198286243
355,0.482650905054512,0.220471637257467,0.248659484023583,0.174898448025698,0.140279459933373,0.145319498566922
533,0.443610401564419,0.245967461561916,0.229493730258852,0.185781454960399,0.211115838461421,0.160502026996677
640,0.466939252082330,0.236301613614802,0.251373586915138,0.162677834203278,0.160502026996677,0.140279459933373
387,0.430419611243593,0.211875157547888,0.185172899926102,0.196743303664015,0.173309128978783,0.140279459933373
418,0.454843116219575,0.204454144375473,0.203016510694019,0.203733362812729,0.159237162188545,0.150839880430613
541,0.457641082102348,0.23033379664679,0.260567046745838,0.180448444205294,0.164940248736627,0.175435913518267
291,0.35612665264182,0.158002143279100,0.184568357977156,0.196066256873814,0.143266847840142,0.14298348025674
429,0.419036311953547,0.199491561253654,0.185172899926102,0.211115838461421,0.159237162188545,0.140801836156987
448,0.429473753439024,0.217294683481912,0.220471637257467,0.196066256873814,0.166814026627726,0.140279459933373
361,0.416179118323367,0.190794809258731,0.214175622695954,0.183371292540019,0.160930368981928,0.149133866930996
345,0.416179118323367,0.200889639762023,0.232023448734304,0.162235816543637,0.164940248736627,0.140279459933373
347,0.397013246974146,0.218876016213984,0.211115838461421,0.185172899926102,0.153350162717428,0.162235816543637
412,0.474347434968947,0.257786672914962,0.222081350052879,0.216509434133377,0.195393227873188,0.140279459933373
397,0.416179118323367,0.185781454960399,0.211115838461421,0.200889639762023,0.154470991130581,0.154850743467635
341,0.430419611243593,0.183967824035887,0.196743303664015,0.190154027575454,0.153720720340875,0.146548361254107
372,0.475271623239318,0.247759640188542,0.226992939983781,0.184568357977156,0.213405068833102,0.186394027664835
363,0.447362019176649,0.178742307944130,0.175977245746161,0.196066256873814,0.140279459933373,0.140279459933373
328,0.403744670601839,0.167772573247934,0.220471637257467,0.147497624383717,0.158410531669826,0.140279459933373
476,0.437968797820157,0.189517281185082,0.211875157547888,0.188884569174318,0.161362102255135,0.174364837136968
293,0.426633199381427,0.198798498578782,0.176522456496951,0.189517281185082,0.144424803121843,0.152256565618780
537,0.420938564569721,0.208116557082828,0.214175622695954,0.157195124574254,0.169237834303805,0.14298348025674
486,0.444549008408857,0.208860644258667,0.216509434133377,0.166814026627726,0.182190212262849,0.143840891542185
419,0.430419611243593,0.227823271636467,0.225342219919308,0.185172899926102,0.182778757451073,0.145319498566922
509,0.411406907527978,0.200889639762023,0.157195124574254,0.226165913043895,0.156400988328558,0.140279459933373
251,0.339381807952053,0.176522456496951,0.189517281185082,0.192088479379025,0.208116557082828,0.16634019279706
366,0.419036311953547,0.194059239855938,0.199491561253654,0.193398287644562,0.162677834203278,0.140279459933373
387,0.42188893060604,0.198798498578782,0.227823271636467,0.182190212262849,0.177071557205383,0.144424803121843
389,0.444549008408857,0.223704949036996,0.158822198286243,0.237166246337142,0.140279459933373,0.154470991130581
310,0.467866722440866,0.215727826366646,0.208116557082828,0.207376318697083,0.146237238572002,0.142423961905656
320,0.434198112267997,0.225342219919308,0.216509434133377,0.218083551882790,0.140279459933373,0.140279459933373
678,0.490923390673098,0.260567046745838,0.196743303664015,0.219672052767678,0.147497624383717,0.140279459933373
451,0.420938564569721,0.196066256873814,0.254108759679802,0.160930368981928,0.179875784505171,0.149133866930996
404,0.425685350085428,0.205907447843523,0.209608564537159,0.194724220966719,0.140279459933373,0.140279459933373
622,0.438910260048710,0.248659484023583,0.23977753355553,0.206639944148685,0.183371292540019,0.167291481291287
382,0.39893907178823,0.190794809258731,0.204454144375473,0.158410531669826,0.169733635746363,0.140279459933373
323,0.458572851358513,0.204454144375473,0.196066256873814,0.208116557082828,0.149807763529887,0.147819407725247
400,0.427580548847338,0.179875784505171,0.205178843545358,0.160077057692081,0.162235816543637,0.175435913518267
357,0.441731771836077,0.223704949036996,0.228656878414890,0.154850743467635,0.167291481291287,0.140279459933373
385,0.419987692000204,0.177071557205383,0.197424363331222,0.187631241909896,0.148801114525785,0.143552645462116
396,0.437968797820157,0.229493730258852,0.226165913043895,0.204454144375473,0.148471133452426,0.178181472416481
418,0.402784577338547,0.319623752397046,0.244185541162083,0.224521889216861,0.170233153496669,0.172268685450245
370,0.457641082102348,0.194724220966719,0.183967824035887,0.338394673319409,0.477118801080669,0.235439936165745
352,0.420938564569721,0.179307075461499,0.211875157547888,0.196066256873814,0.172268685450245,0.154470991130581
516,0.445487145704544,0.227823271636467,0.211115838461421,0.183371292540019,0.149133866930996,0.140279459933373
447,0.431364974573073,0.234581247743386,0.211115838461421,0.181605650010004,0.207376318697083,0.161362102255135
432,0.459504181093247,0.249561781327291,0.247759640188542,0.152982630801945,0.181605650010004,0.140279459933373
492,0.433254223593108,0.26336509235663,0.208860644258667,0.192088479379025,0.204454144375473,0.169237834303805
403,0.478041795094857,0.218083551882790,0.209608564537159,0.167291481291287,0.187010622123131,0.140279459933373
530,0.403744670601839,0.200188610986799,0.196066256873814,0.218083551882790,0.143552645462116,0.142702524367706
381,0.430419611243593,0.196066256873814,0.196066256873814,0.23033379664679,0.148471133452426,0.140279459933373
593,0.450170855356869,0.222891426963376,0.224521889216861,0.210360301592275,0.160930368981928,0.140279459933373
461,0.439851241970584,0.228656878414890,0.194059239855938,0.218876016213984,0.171754154191287,0.169237834303805
424,0.441731771836077,0.245075200706715,0.244185541162083,0.210360301592275,0.153350162717428,0.151189670120080
364,0.370820382306947,0.203733362812729,0.207376318697083,0.220471637257467,0.282396577544332,0.177071557205383
492,0.446424815327873,0.209608564537159,0.205178843545358,0.196743303664015,0.150148946700048,0.140279459933373
422,0.366910990862085,0.205178843545358,0.205907447843523,0.167772573247934,0.157195124574254,0.140279459933373
380,0.453909567952752,0.23033379664679,0.226165913043895,0.225342219919308,0.186394027664835,0.159237162188545
447,0.459504181093247,0.223704949036996,0.227823271636467,0.173835068385563,0.192088479379025,0.145319498566922
467,0.429473753439024,0.232872971194181,0.200188610986799,0.231177046607856,0.154470991130581,0.140279459933373
462,0.438910260048710,0.207376318697083,0.216509434133377,0.190794809258731,0.158410531669826,0.147497624383717
279,0.425685350085428,0.214175622695954,0.208116557082828,0.203733362812729,0.16357228121085,0.154850743467635
256,0.442671323317129,0.201594638931909,0.210360301592275,0.195393227873188,0.177071557205383,0.140279459933373
316,0.334444602573969,0.175435913518267,0.204454144375473,0.171243398019944,0.152256565618780,0.140279459933373
494,0.441731771836077,0.220471637257467,0.206639944148685,0.183371292540019,0.148801114525785,0.144424803121843
374,0.431364974573073,0.208860644258667,0.229493730258852,0.151897993103576,0.182778757451073,0.140279459933373
406,0.42188893060604,0.189517281185082,0.235439936165745,0.140279459933373,0.202303599215116,0.140279459933373
390,0.434198112267997,0.220471637257467,0.215727826366646,0.178181472416481,0.180448444205294,0.164480729737195
342,0.369843682925459,0.164940248736627,0.207376318697083,0.158002143279100,0.150839880430613,0.140279459933373
394,0.403744670601839,0.195393227873188,0.194059239855938,0.182778757451073,0.167291481291287,0.140279459933373
473,0.44923503724365,0.224521889216861,0.244185541162083,0.154850743467635,0.173309128978783,0.155619579790919
396,0.444549008408857,0.194059239855938,0.212638240623736,0.245967461561916,0.278545025785751,0.140279459933373
405,0.412362374614871,0.192088479379025,0.220471637257467,0.182190212262849,0.169237834303805,0.141333283747465
424,0.412362374614871,0.207376318697083,0.182778757451073,0.175977245746161,0.207376318697083,0.140279459933373
407,0.429473753439024,0.249561781327291,0.222081350052879,0.205907447843523,0.155619579790919,0.189517281185082
341,0.412362374614871,0.200889639762023,0.209608564537159,0.182190212262849,0.159237162188545,0.163123316426449
380,0.423788147113161,0.172268685450245,0.205178843545358,0.159655442358187,0.178742307944130,0.149807763529887
497,0.461365530470573,0.173309128978783,0.176522456496951,0.180448444205294,0.140279459933373,0.140279459933373
441,0.443610401564419,0.219672052767678,0.200188610986799,0.203733362812729,0.161362102255135,0.172268685450245
446,0.426633199381427,0.208116557082828,0.188884569174318,0.190154027575454,0.164024746412181,0.150148946700048
465,0.452041119617036,0.222891426963376,0.256863984839407,0.147819407725247,0.145018731380577,0.140279459933373
404,0.369843682925459,0.211875157547888,0.208860644258667,0.26806502014066,0.282396577544332,0.162235816543637
352,0.395085382089401,0.201594638931909,0.182190212262849,0.235439936165745,0.140279459933373,0.140279459933373
402,0.423788147113161,0.217294683481912,0.192088479379025,0.192741366843982,0.147819407725247,0.160930368981928
467,0.487250452013843,0.257786672914962,0.269956905233921,0.187010622123131,0.182190212262849,0.140279459933373
270,0.40662186593712,0.185172899926102,0.214175622695954,0.140279459933373,0.177071557205383,0.146237238572002
429,0.397013246974146,0.214175622695954,0.200188610986799,0.178742307944130,0.140279459933373,0.140279459933373
232,0.42188893060604,0.241532534498303,0.204454144375473,0.279506090033501,0.402784577338547,0.164024746412181
471,0.462295554374572,0.285297304030371,0.244185541162083,0.224521889216861,0.158822198286243,0.173835068385563
454,0.410450927071570,0.193398287644562,0.195393227873188,0.197424363331222,0.149807763529887,0.170233153496669
413,0.432309844864813,0.202303599215116,0.171243398019944,0.243298519444439,0.146548361254107,0.140279459933373
277,0.39218977751084,0.164940248736627,0.204454144375473,0.174898448025698,0.145622826217966,0.147178535004063
457,0.419987692000204,0.188884569174318,0.173835068385563,0.233725581744281,0.140279459933373,0.14298348025674
349,0.40566331506169,0.183371292540019,0.197424363331222,0.235439936165745,0.140279459933373,0.152256565618780
398,0.410450927071570,0.217294683481912,0.233725581744281,0.143840891542185,0.203733362812729,0.150492979148870
393,0.419036311953547,0.203733362812729,0.198798498578782,0.169733635746363,0.145622826217966,0.140539522938054
581,0.49459052794554,0.325551793923222,0.284329312589461,0.250466494772263,0.141333283747465,0.173309128978783
400,0.479886604427388,0.264301525715948,0.250466494772263,0.208860644258667,0.232872971194181,0.177624558944457
455,0.427580548847338,0.218083551882790,0.206639944148685,0.193398287644562,0.192088479379025,0.154470991130581
433,0.39604956908159,0.225342219919308,0.233725581744281,0.150148946700048,0.160930368981928,0.140279459933373
529,0.446424815327873,0.234581247743386,0.166814026627726,0.188255890082703,0.159237162188545,0.143552645462116
406,0.436084425669404,0.190794809258731,0.220471637257467,0.16634019279706,0.155233599845476,0.140279459933373
365,0.410450927071570,0.218083551882790,0.219672052767678,0.364953752682284,0.487250452013843,0.251373586915138
409,0.425685350085428,0.205907447843523,0.234581247743386,0.173835068385563,0.169733635746363,0.140279459933373
404,0.387353706987488,0.213405068833102,0.213405068833102,0.176522456496951,0.140279459933373,0.140279459933373
858,0.543597713584787,0.319623752397046,0.291125967010989,0.259638241659144,0.187010622123131,0.148801114525785
390,0.411406907527978,0.185781454960399,0.200889639762023,0.179875784505171,0.145928733232941,0.170233153496669
372,0.44923503724365,0.274713840722163,0.222081350052879,0.23977753355553,0.156008702799071,0.16634019279706
421,0.397013246974146,0.208860644258667,0.214949882112267,0.192088479379025,0.166814026627726,0.173835068385563
543,0.43702685358426,0.194059239855938,0.194724220966719,0.196743303664015,0.168745733831007,0.140279459933373
427,0.428527399760189,0.183371292540019,0.205178843545358,0.196743303664015,0.140279459933373,0.140279459933373
472,0.470646634478409,0.218083551882790,0.231177046607856,0.192088479379025,0.158822198286243,0.140279459933373
465,0.397013246974146,0.208860644258667,0.215727826366646,0.194059239855938,0.148471133452426,0.140279459933373
431,0.412362374614871,0.250466494772263,0.189517281185082,0.244185541162083,0.140279459933373,0.140279459933373
444,0.427580548847338,0.218083551882790,0.217294683481912,0.157597013980819,0.182778757451073,0.148801114525785
427,0.412362374614871,0.179875784505171,0.203016510694019,0.164024746412181,0.158822198286243,0.140279459933373
362,0.391223565654671,0.202303599215116,0.224521889216861,0.164480729737195,0.156796455796649,0.140279459933373
365,0.423788147113161,0.211875157547888,0.198798498578782,0.196066256873814,0.140279459933373,0.144424803121843
395,0.431364974573073,0.171243398019944,0.190154027575454,0.201594638931909,0.140279459933373,0.140279459933373
352,0.447362019176649,0.218083551882790,0.226992939983781,0.211875157547888,0.205907447843523,0.140279459933373
374,0.429473753439024,0.218083551882790,0.208116557082828,0.196066256873814,0.158822198286243,0.168257318749387
462,0.451106215483896,0.23033379664679,0.213405068833102,0.190154027575454,0.159237162188545,0.169237834303805
303,0.453909567952752,0.165403320798019,0.177624558944457,0.197424363331222,0.140279459933373,0.167291481291287
409,0.40566331506169,0.212638240623736,0.233725581744281,0.147819407725247,0.195393227873188,0.140279459933373
359,0.379590352485876,0.179307075461499,0.205178843545358,0.160077057692081,0.162677834203278,0.140279459933373
490,0.438910260048710,0.237166246337142,0.218876016213984,0.204454144375473,0.160502026996677,0.140279459933373
420,0.451106215483896,0.245075200706715,0.218876016213984,0.216509434133377,0.162677834203278,0.140279459933373
493,0.407579902497849,0.208860644258667,0.154850743467635,0.247759640188542,0.146237238572002,0.144720505822661
468,0.455776216619560,0.243298519444439,0.252283020211930,0.151189670120080,0.197424363331222,0.167772573247934
419,0.4964219650051,0.252283020211930,0.188884569174318,0.245967461561916,0.252283020211930,0.178181472416481
519,0.461365530470573,0.183371292540019,0.205178843545358,0.181025063276694,0.145319498566922,0.140279459933373
370,0.446424815327873,0.205178843545358,0.226165913043895,0.140279459933373,0.185781454960399,0.140279459933373
426,0.453909567952752,0.218876016213984,0.189517281185082,0.182190212262849,0.166814026627726,0.160930368981928
416,0.415225700022613,0.208860644258667,0.205178843545358,0.177071557205383,0.203016510694019,0.141333283747465
507,0.458572851358513,0.232872971194181,0.229493730258852,0.165869963138432,0.166814026627726,0.141602453589765
207,0.349241401529061,0.178181472416481,0.215727826366646,0.265239772398733,0.218083551882790,0.140279459933373
324,0.399901217123282,0.180448444205294,0.205178843545358,0.205178843545358,0.161797245314680,0.140279459933373
330,0.439851241970584,0.169733635746363,0.170233153496669,0.195393227873188,0.141873944585676,0.140279459933373
310,0.419987692000204,0.179307075461499,0.211875157547888,0.145018731380577,0.188255890082703,0.142423961905656
704,0.511024591546248,0.238033800236652,0.253194757033311,0.159237162188545,0.185172899926102,0.159655442358187
426,0.435141512434088,0.256863984839407,0.196743303664015,0.253194757033311,0.283362392853609,0.177624558944457
468,0.465083048709257,0.264301525715948,0.26806502014066,0.223704949036996,0.179875784505171,0.140279459933373
499,0.436084425669404,0.209608564537159,0.238033800236652,0.168745733831007,0.159655442358187,0.140801836156987
412,0.374722731821464,0.183371292540019,0.206639944148685,0.168745733831007,0.143266847840142,0.143840891542185
343,0.417132025922147,0.192088479379025,0.201594638931909,0.194059239855938,0.140279459933373,0.145319498566922
402,0.448298759169222,0.240653643199231,0.243298519444439,0.179875784505171,0.167291481291287,0.167291481291287
375,0.429473753439024,0.204454144375473,0.227823271636467,0.178742307944130,0.185172899926102,0.155619579790919
396,0.395085382089401,0.196066256873814,0.214175622695954,0.188255890082703,0.205907447843523,0.181605650010004
398,0.434198112267997,0.206639944148685,0.209608564537159,0.196066256873814,0.160502026996677,0.142147774681471
371,0.41331732873535,0.217294683481912,0.214175622695954,0.181605650010004,0.162677834203278,0.140279459933373
396,0.438910260048710,0.241532534498303,0.206639944148685,0.198798498578782,0.167291481291287,0.144424803121843
443,0.442671323317129,0.235439936165745,0.219672052767678,0.203016510694019,0.148143904307162,0.163123316426449
538,0.468793774829766,0.234581247743386,0.211115838461421,0.164024746412181,0.178742307944130,0.151542367809210
456,0.411406907527978,0.165403320798019,0.205178843545358,0.172787005806565,0.161797245314680,0.140279459933373
425,0.434198112267997,0.179875784505171,0.190794809258731,0.208860644258667,0.158002143279100,0.140279459933373
407,0.39893907178823,0.196743303664015,0.228656878414890,0.208116557082828,0.140279459933373,0.152618104976752
380,0.416179118323367,0.222081350052879,0.224521889216861,0.189517281185082,0.154470991130581,0.16357228121085
327,0.459504181093247,0.182778757451073,0.183967824035887,0.194059239855938,0.152982630801945,0.140279459933373
499,0.440791745314472,0.217294683481912,0.227823271636467,0.210360301592275,0.144424803121843,0.182778757451073
361,0.477118801080669,0.218876016213984,0.206639944148685,0.224521889216861,0.158822198286243,0.152256565618780
356,0.431364974573073,0.224521889216861,0.23977753355553,0.188884569174318,0.141602453589765,0.140279459933373
358,0.37179664134119,0.196743303664015,0.217294683481912,0.175977245746161,0.147497624383717,0.140279459933373
449,0.445487145704544,0.203016510694019,0.195393227873188,0.193398287644562,0.157597013980819,0.141066417195949
324,0.412362374614871,0.222891426963376,0.211875157547888,0.178742307944130,0.168257318749387,0.140279459933373
547,0.460435073421994,0.255943411389996,0.234581247743386,0.203733362812729,0.151542367809210,0.16357228121085
512,0.451106215483896,0.226165913043895,0.200188610986799,0.205907447843523,0.164024746412181,0.158002143279100
359,0.372772455485757,0.241532534498303,0.205178843545358,0.192741366843982,0.226165913043895,0.140279459933373
327,0.362994878061971,0.162677834203278,0.180448444205294,0.187010622123131,0.140279459933373,0.140279459933373
336,0.419036311953547,0.159655442358187,0.213405068833102,0.181025063276694,0.148801114525785,0.153720720340875
453,0.45297556976512,0.241532534498303,0.231177046607856,0.23977753355553,0.140279459933373,0.149807763529887
292,0.473422844172892,0.211875157547888,0.196066256873814,0.212638240623736,0.140279459933373,0.140279459933373
476,0.451106215483896,0.204454144375473,0.226992939983781,0.143552645462116,0.181025063276694,0.140279459933373
341,0.347271459448055,0.208116557082828,0.222891426963376,0.157597013980819,0.188884569174318,0.158822198286243
440,0.450170855356869,0.187631241909896,0.244185541162083,0.198109430350217,0.140279459933373,0.140279459933373
392,0.422838791105066,0.245075200706715,0.217294683481912,0.168745733831007,0.178181472416481,0.183371292540019
366,0.428527399760189,0.23033379664679,0.223704949036996,0.160077057692081,0.159237162188545,0.140279459933373
311,0.427580548847338,0.198798498578782,0.249561781327291,0.157195124574254,0.179875784505171,0.140279459933373
402,0.427580548847338,0.23977753355553,0.187631241909896,0.218083551882790,0.149807763529887,0.179307075461499
403,0.429473753439024,0.261497815323131,0.223704949036996,0.211875157547888,0.165403320798019,0.177071557205383
467,0.456708871220304,0.176522456496951,0.171754154191287,0.185781454960399,0.148471133452426,0.140279459933373
286,0.422838791105066,0.199491561253654,0.214175622695954,0.153720720340875,0.177624558944457,0.181605650010004
493,0.429473753439024,0.208860644258667,0.23033379664679,0.286266334773665,0.35612665264182,0.189517281185082
478,0.45297556976512,0.203733362812729,0.260567046745838,0.154094323280450,0.153720720340875,0.140279459933373
317,0.411406907527978,0.185781454960399,0.161797245314680,0.203733362812729,0.148801114525785,0.140279459933373
427,0.466939252082330,0.221274744825972,0.198109430350217,0.218876016213984,0.140279459933373,0.151897993103576
399,0.497337158291481,0.202303599215116,0.207376318697083,0.172787005806565,0.140279459933373,0.140279459933373
378,0.451106215483896,0.225342219919308,0.196066256873814,0.246862287018223,0.336419918223748,0.175435913518267
406,0.420938564569721,0.193398287644562,0.236301613614802,0.190154027575454,0.248659484023583,0.140279459933373
475,0.391223565654671,0.208860644258667,0.182190212262849,0.178742307944130,0.140279459933373,0.140279459933373
393,0.407579902497849,0.204454144375473,0.223704949036996,0.200188610986799,0.162235816543637,0.149807763529887
509,0.407579902497849,0.219672052767678,0.204454144375473,0.174364837136968,0.172268685450245,0.140279459933373
434,0.455776216619560,0.233725581744281,0.226992939983781,0.195393227873188,0.203733362812729,0.156400988328558
459,0.418084423539314,0.187631241909896,0.215727826366646,0.172268685450245,0.160930368981928,0.140279459933373
307,0.383475920330798,0.206639944148685,0.174898448025698,0.201594638931909,0.185172899926102,0.145018731380577
353,0.415225700022613,0.198798498578782,0.214175622695954,0.140279459933373,0.158822198286243,0.140279459933373
337,0.400862850180983,0.182778757451073,0.223704949036996,0.197424363331222,0.172268685450245,0.148143904307162
323,0.495506422283226,0.227823271636467,0.191439626593958,0.208860644258667,0.140279459933373,0.148143904307162
287,0.479886604427388,0.247759640188542,0.244185541162083,0.241532534498303,0.271855157449252,0.147497624383717
325,0.397013246974146,0.203733362812729,0.204454144375473,0.163123316426449,0.156796455796649,0.140279459933373
597,0.469720411442728,0.234581247743386,0.252283020211930,0.174898448025698,0.140279459933373,0.141873944585676
382,0.435141512434088,0.208860644258667,0.190154027575454,0.217294683481912,0.140279459933373,0.150148946700048
490,0.431364974573073,0.244185541162083,0.187010622123131,0.211115838461421,0.222081350052879,0.140279459933373
359,0.383475920330798,0.159655442358187,0.208860644258667,0.155619579790919,0.170736402643872,0.140279459933373
381,0.412362374614871,0.188884569174318,0.247759640188542,0.165869963138432,0.140279459933373,0.145018731380577
535,0.479886604427388,0.247759640188542,0.261497815323131,0.140279459933373,0.188255890082703,0.176522456496951
345,0.452041119617036,0.185172899926102,0.174898448025698,0.195393227873188,0.151189670120080,0.140279459933373
566,0.453909567952752,0.201594638931909,0.198798498578782,0.208860644258667,0.142147774681471,0.140279459933373
500,0.465083048709257,0.229493730258852,0.211115838461421,0.208116557082828,0.172787005806565,0.174364837136968
785,0.493674279807102,0.250466494772263,0.264301525715948,0.154094323280450,0.232872971194181,0.194724220966719
408,0.44923503724365,0.246862287018223,0.231177046607856,0.196743303664015,0.171243398019944,0.141873944585676
513,0.465083048709257,0.244185541162083,0.217294683481912,0.181605650010004,0.140279459933373,0.155619579790919
397,0.448298759169222,0.182778757451073,0.203733362812729,0.203016510694019,0.152618104976752,0.140279459933373
166,0.327528205863718,0.140279459933373,0.191439626593958,0.185781454960399,0.169237834303805,0.140279459933373
436,0.447362019176649,0.274713840722163,0.255943411389996,0.234581247743386,0.227823271636467,0.206639944148685
469,0.453909567952752,0.223704949036996,0.229493730258852,0.186394027664835,0.140279459933373,0.140279459933373
276,0.442671323317129,0.185781454960399,0.198109430350217,0.190154027575454,0.16357228121085,0.147497624383717
390,0.422838791105066,0.176522456496951,0.214175622695954,0.176522456496951,0.168745733831007,0.140279459933373
518,0.439851241970584,0.205907447843523,0.225342219919308,0.192741366843982,0.170736402643872,0.140279459933373
439,0.445487145704544,0.203733362812729,0.248659484023583,0.188255890082703,0.149133866930996,0.156008702799071
398,0.459504181093247,0.240653643199231,0.208116557082828,0.179875784505171,0.168745733831007,0.140279459933373
434,0.475271623239318,0.250466494772263,0.208116557082828,0.203733362812729,0.140279459933373,0.159237162188545
436,0.40182397040703,0.218083551882790,0.175435913518267,0.23033379664679,0.305818349289740,0.162235816543637
754,0.512844066957349,0.243298519444439,0.226165913043895,0.156008702799071,0.234581247743386,0.176522456496951
444,0.459504181093247,0.232023448734304,0.212638240623736,0.203016510694019,0.148143904307162,0.140279459933373
334,0.478041795094857,0.206639944148685,0.182190212262849,0.203016510694019,0.167291481291287,0.140279459933373
462,0.377644706128292,0.214175622695954,0.223704949036996,0.187010622123131,0.140279459933373,0.150148946700048
270,0.434198112267997,0.196066256873814,0.193398287644562,0.205178843545358,0.14298348025674,0.160502026996677
377,0.433254223593108,0.211875157547888,0.190154027575454,0.200889639762023,0.16634019279706,0.160930368981928
711,0.44923503724365,0.245075200706715,0.211115838461421,0.250466494772263,0.140279459933373,0.190154027575454
437,0.425685350085428,0.23033379664679,0.222891426963376,0.177624558944457,0.174898448025698,0.156796455796649
398,0.433254223593108,0.229493730258852,0.227823271636467,0.174898448025698,0.148471133452426,0.140279459933373
376,0.420938564569721,0.212638240623736,0.226992939983781,0.171243398019944,0.188255890082703,0.140279459933373
411,0.39604956908159,0.186394027664835,0.191439626593958,0.172787005806565,0.154850743467635,0.164940248736627
524,0.460435073421994,0.221274744825972,0.251373586915138,0.197424363331222,0.189517281185082,0.140279459933373
376,0.412362374614871,0.213405068833102,0.210360301592275,0.155233599845476,0.182778757451073,0.147819407725247
378,0.422838791105066,0.205907447843523,0.186394027664835,0.208116557082828,0.176522456496951,0.152256565618780
318,0.466011361565902,0.212638240623736,0.218083551882790,0.202303599215116,0.140279459933373,0.140279459933373
233,0.39604956908159,0.215727826366646,0.187010622123131,0.185781454960399,0.178742307944130,0.141873944585676
398,0.411406907527978,0.183371292540019,0.257786672914962,0.152256565618780,0.143266847840142,0.140279459933373
372,0.447362019176649,0.170736402643872,0.221274744825972,0.146862120354825,0.203733362812729,0.156796455796649
339,0.420938564569721,0.208116557082828,0.200188610986799,0.171754154191287,0.152256565618780,0.152618104976752
524,0.446424815327873,0.198109430350217,0.222081350052879,0.221274744825972,0.140279459933373,0.141602453589765
400,0.457641082102348,0.225342219919308,0.191439626593958,0.216509434133377,0.140279459933373,0.151189670120080
888,0.545397189457851,0.285297304030371,0.226165913043895,0.270905253648299,0.382505251364152,0.211875157547888
396,0.428527399760189,0.223704949036996,0.226165913043895,0.182778757451073,0.159237162188545,0.140279459933373
366,0.458572851358513,0.242414171861771,0.205178843545358,0.209608564537159,0.157195124574254,0.144424803121843
312,0.40566331506169,0.157597013980819,0.202303599215116,0.188884569174318,0.144131604573628,0.154094323280450
268,0.42188893060604,0.209608564537159,0.224521889216861,0.215727826366646,0.197424363331222,0.188884569174318
468,0.448298759169222,0.218876016213984,0.214175622695954,0.194059239855938,0.160502026996677,0.140279459933373
368,0.450170855356869,0.224521889216861,0.182778757451073,0.222891426963376,0.140279459933373,0.140279459933373
593,0.443610401564419,0.203016510694019,0.259638241659144,0.150148946700048,0.190794809258731,0.140279459933373
386,0.40182397040703,0.195393227873188,0.195393227873188,0.179307075461499,0.191439626593958,0.140279459933373
331,0.419987692000204,0.234581247743386,0.192088479379025,0.228656878414890,0.150148946700048,0.161797245314680
430,0.39604956908159,0.213405068833102,0.196743303664015,0.16357228121085,0.182190212262849,0.140279459933373
432,0.428527399760189,0.211875157547888,0.196743303664015,0.192741366843982,0.159237162188545,0.141602453589765
435,0.40182397040703,0.226992939983781,0.219672052767678,0.289179343702615,0.411406907527978,0.211875157547888
397,0.458572851358513,0.177624558944457,0.224521889216861,0.187010622123131,0.140279459933373,0.148801114525785
382,0.434198112267997,0.198109430350217,0.215727826366646,0.182190212262849,0.158002143279100,0.181605650010004
349,0.445487145704544,0.196066256873814,0.222891426963376,0.172787005806565,0.193398287644562,0.145018731380577
297,0.479886604427388,0.245967461561916,0.217294683481912,0.166814026627726,0.177071557205383,0.149469410107982
431,0.420938564569721,0.194724220966719,0.215727826366646,0.166814026627726,0.140279459933373,0.149469410107982
455,0.373747820375976,0.204454144375473,0.182190212262849,0.172268685450245,0.16357228121085,0.140279459933373
369,0.414271770359505,0.184568357977156,0.217294683481912,0.211115838461421,0.140279459933373,0.142702524367706
390,0.415225700022613,0.200188610986799,0.199491561253654,0.170233153496669,0.171243398019944,0.156400988328558
493,0.431364974573073,0.235439936165745,0.211115838461421,0.164024746412181,0.157597013980819,0.156400988328558
395,0.437968797820157,0.214949882112267,0.208860644258667,0.165403320798019,0.174898448025698,0.164940248736627
449,0.453909567952752,0.234581247743386,0.197424363331222,0.148143904307162,0.190794809258731,0.146237238572002
197,0.372772455485757,0.149133866930996,0.185781454960399,0.305818349289740,0.441731771836077,0.225342219919308
402,0.41331732873535,0.314687276192053,0.256863984839407,0.255943411389996,0.217294683481912,0.140279459933373
435,0.428527399760189,0.206639944148685,0.176522456496951,0.191439626593958,0.167772573247934,0.140279459933373
539,0.447362019176649,0.23033379664679,0.208860644258667,0.169237834303805,0.151542367809210,0.140279459933373
403,0.453909567952752,0.215727826366646,0.245075200706715,0.155619579790919,0.174364837136968,0.160502026996677
451,0.416179118323367,0.196743303664015,0.195393227873188,0.170736402643872,0.172787005806565,0.140279459933373
462,0.454843116219575,0.250466494772263,0.204454144375473,0.191439626593958,0.177624558944457,0.162677834203278
593,0.471572446139952,0.226992939983781,0.236301613614802,0.205178843545358,0.16357228121085,0.140279459933373
376,0.400862850180983,0.183967824035887,0.200889639762023,0.191439626593958,0.140279459933373,0.145319498566922
481,0.437968797820157,0.224521889216861,0.187631241909896,0.194724220966719,0.143552645462116,0.170233153496669
530,0.422838791105066,0.221274744825972,0.219672052767678,0.16357228121085,0.147819407725247,0.140279459933373
437,0.441731771836077,0.233725581744281,0.221274744825972,0.227823271636467,0.157597013980819,0.160077057692081
545,0.427580548847338,0.185172899926102,0.205907447843523,0.205907447843523,0.140279459933373,0.140279459933373
472,0.448298759169222,0.255943411389996,0.237166246337142,0.213405068833102,0.161362102255135,0.198798498578782
348,0.389289635189169,0.158002143279100,0.218083551882790,0.175977245746161,0.164024746412181,0.140279459933373
460,0.455776216619560,0.252283020211930,0.225342219919308,0.214175622695954,0.161797245314680,0.156796455796649
213,0.383475920330798,0.235439936165745,0.198798498578782,0.23977753355553,0.245075200706715,0.182778757451073
280,0.373747820375976,0.197424363331222,0.190154027575454,0.198798498578782,0.140279459933373,0.144720505822661
350,0.429473753439024,0.237166246337142,0.246862287018223,0.140801836156987,0.156400988328558,0.161797245314680
405,0.426633199381427,0.200188610986799,0.200188610986799,0.197424363331222,0.154850743467635,0.140279459933373
391,0.436084425669404,0.207376318697083,0.238904240888872,0.181605650010004,0.169237834303805,0.167772573247934
556,0.469720411442728,0.301887051542692,0.250466494772263,0.410450927071570,0.525546453481271,0.276626749501763
342,0.37179664134119,0.183371292540019,0.171243398019944,0.185172899926102,0.181605650010004,0.140279459933373
370,0.450170855356869,0.181605650010004,0.233725581744281,0.166814026627726,0.140279459933373,0.144424803121843
398,0.391223565654671,0.205178843545358,0.16357228121085,0.218083551882790,0.140279459933373,0.162235816543637
319,0.441731771836077,0.247759640188542,0.221274744825972,0.26806502014066,0.308771540986705,0.140279459933373
552,0.471572446139952,0.249561781327291,0.252283020211930,0.209608564537159,0.161362102255135,0.140279459933373
205,0.470646634478409,0.310742219942023,0.26336509235663,0.26336509235663,0.365932579194558,0.173835068385563
415,0.358090854945044,0.176522456496951,0.185172899926102,0.183371292540019,0.174364837136968,0.142147774681471
509,0.435141512434088,0.203016510694019,0.229493730258852,0.173835068385563,0.189517281185082,0.140279459933373
344,0.415225700022613,0.181605650010004,0.201594638931909,0.177624558944457,0.169733635746363,0.140279459933373
610,0.432309844864813,0.267121556704060,0.244185541162083,0.273759486818862,0.35612665264182,0.214949882112267
427,0.462295554374572,0.243298519444439,0.261497815323131,0.164024746412181,0.217294683481912,0.156008702799071
418,0.431364974573073,0.211115838461421,0.201594638931909,0.211115838461421,0.140279459933373,0.140279459933373
380,0.422838791105066,0.211875157547888,0.185172899926102,0.214949882112267,0.141066417195949,0.140279459933373
487,0.435141512434088,0.253194757033311,0.223704949036996,0.194724220966719,0.162677834203278,0.181605650010004
511,0.39893907178823,0.218876016213984,0.200188610986799,0.170233153496669,0.172787005806565,0.140279459933373
456,0.432309844864813,0.211115838461421,0.200889639762023,0.191439626593958,0.177624558944457,0.176522456496951
402,0.408537424783786,0.221274744825972,0.162677834203278,0.221274744825972,0.140539522938054,0.141333283747465
409,0.431364974573073,0.208116557082828,0.203016510694019,0.177071557205383,0.140279459933373,0.147819407725247
394,0.415225700022613,0.181605650010004,0.231177046607856,0.152618104976752,0.190794809258731,0.140279459933373
527,0.446424815327873,0.225342219919308,0.224521889216861,0.16634019279706,0.196066256873814,0.158002143279100
393,0.415225700022613,0.212638240623736,0.168257318749387,0.185172899926102,0.141333283747465,0.142423961905656
412,0.432309844864813,0.226165913043895,0.186394027664835,0.16634019279706,0.188255890082703,0.168745733831007
638,0.468793774829766,0.217294683481912,0.215727826366646,0.198798498578782,0.162235816543637,0.140279459933373
466,0.441731771836077,0.234581247743386,0.23033379664679,0.154850743467635,0.177071557205383,0.141873944585676
495,0.431364974573073,0.199491561253654,0.209608564537159,0.215727826366646,0.169733635746363,0.163123316426449
454,0.446424815327873,0.226992939983781,0.208116557082828,0.179875784505171,0.156008702799071,0.158002143279100
347,0.471572446139952,0.209608564537159,0.222891426963376,0.165403320798019,0.177624558944457,0.160077057692081
441,0.433254223593108,0.221274744825972,0.185172899926102,0.222081350052879,0.156400988328558,0.140279459933373
332,0.397013246974146,0.170233153496669,0.204454144375473,0.168257318749387,0.161362102255135,0.174898448025698
324,0.473422844172892,0.181605650010004,0.218083551882790,0.154094323280450,0.172268685450245,0.148143904307162
497,0.451106215483896,0.242414171861771,0.194724220966719,0.212638240623736,0.140539522938054,0.140279459933373
431,0.414271770359505,0.182190212262849,0.190794809258731,0.204454144375473,0.151542367809210,0.140279459933373
302,0.492757675678563,0.222081350052879,0.226992939983781,0.181605650010004,0.183967824035887,0.149807763529887
461,0.408537424783786,0.210360301592275,0.222081350052879,0.169733635746363,0.153350162717428,0.161797245314680
560,0.455776216619560,0.249561781327291,0.198798498578782,0.208116557082828,0.198109430350217,0.156796455796649
520,0.43702685358426,0.238904240888872,0.229493730258852,0.181025063276694,0.188884569174318,0.148801114525785
440,0.444549008408857,0.203016510694019,0.226992939983781,0.201594638931909,0.152618104976752,0.143840891542185
507,0.440791745314472,0.211875157547888,0.226165913043895,0.189517281185082,0.170736402643872,0.140279459933373
437,0.481729856995562,0.23977753355553,0.245075200706715,0.208116557082828,0.173835068385563,0.167772573247934
465,0.450170855356869,0.240653643199231,0.220471637257467,0.192741366843982,0.154094323280450,0.141873944585676
410,0.431364974573073,0.220471637257467,0.224521889216861,0.203016510694019,0.154850743467635,0.145622826217966
585,0.455776216619560,0.287236372741756,0.276626749501763,0.241532534498303,0.173835068385563,0.152256565618780
452,0.419036311953547,0.210360301592275,0.196066256873814,0.211115838461421,0.156796455796649,0.154470991130581
404,0.462295554374572,0.220471637257467,0.207376318697083,0.175977245746161,0.157195124574254,0.141333283747465
859,0.506470348170507,0.272806580486754,0.285297304030371,0.147497624383717,0.182778757451073,0.140279459933373
384,0.410450927071570,0.183967824035887,0.193398287644562,0.180448444205294,0.170233153496669,0.140279459933373
486,0.451106215483896,0.247759640188542,0.223704949036996,0.240653643199231,0.206639944148685,0.149469410107982
387,0.427580548847338,0.198109430350217,0.208860644258667,0.158002143279100,0.181605650010004,0.160930368981928
382,0.437968797820157,0.173309128978783,0.243298519444439,0.175435913518267,0.151542367809210,0.140279459933373
408,0.397013246974146,0.181025063276694,0.192741366843982,0.184568357977156,0.140279459933373,0.169733635746363
427,0.432309844864813,0.219672052767678,0.227823271636467,0.214175622695954,0.164480729737195,0.149469410107982
524,0.435141512434088,0.190154027575454,0.191439626593958,0.207376318697083,0.140279459933373,0.140279459933373
469,0.403744670601839,0.188884569174318,0.187010622123131,0.170736402643872,0.140279459933373,0.140279459933373
356,0.394120687044045,0.172268685450245,0.169733635746363,0.167291481291287,0.140279459933373,0.167772573247934
408,0.447362019176649,0.228656878414890,0.250466494772263,0.160502026996677,0.171754154191287,0.140279459933373
380,0.439851241970584,0.216509434133377,0.212638240623736,0.182778757451073,0.208116557082828,0.165869963138432
569,0.439851241970584,0.283362392853609,0.23033379664679,0.232023448734304,0.140279459933373,0.140279459933373
412,0.426633199381427,0.200889639762023,0.215727826366646,0.177071557205383,0.188255890082703,0.143266847840142
410,0.430419611243593,0.257786672914962,0.261497815323131,0.174364837136968,0.183371292540019,0.182778757451073
403,0.456708871220304,0.225342219919308,0.202303599215116,0.195393227873188,0.187010622123131,0.156400988328558
471,0.471572446139952,0.23033379664679,0.204454144375473,0.223704949036996,0.188255890082703,0.150492979148870
250,0.35612665264182,0.207376318697083,0.188884569174318,0.192741366843982,0.155233599845476,0.140279459933373
478,0.441731771836077,0.224521889216861,0.240653643199231,0.143552645462116,0.168745733831007,0.178742307944130
367,0.424736999725661,0.177071557205383,0.188255890082703,0.225342219919308,0.159655442358187,0.166814026627726
405,0.416179118323367,0.188884569174318,0.211115838461421,0.168745733831007,0.175977245746161,0.140279459933373
255,0.397013246974146,0.209608564537159,0.233725581744281,0.140279459933373,0.228656878414890,0.149469410107982
429,0.423788147113161,0.224521889216861,0.216509434133377,0.174898448025698,0.196066256873814,0.161362102255135
376,0.39218977751084,0.195393227873188,0.155619579790919,0.229493730258852,0.140279459933373,0.140279459933373
459,0.428527399760189,0.211875157547888,0.214949882112267,0.186394027664835,0.154470991130581,0.202303599215116
532,0.446424815327873,0.207376318697083,0.195393227873188,0.211875157547888,0.158410531669826,0.140279459933373
436,0.40662186593712,0.236301613614802,0.181025063276694,0.23977753355553,0.192088479379025,0.140279459933373
501,0.411406907527978,0.219672052767678,0.242414171861771,0.186394027664835,0.198798498578782,0.140279459933373
423,0.416179118323367,0.190154027575454,0.221274744825972,0.199491561253654,0.140279459933373,0.152618104976752
429,0.44923503724365,0.23033379664679,0.223704949036996,0.193398287644562,0.140279459933373,0.140279459933373
440,0.465083048709257,0.236301613614802,0.260567046745838,0.169733635746363,0.194724220966719,0.183967824035887
395,0.412362374614871,0.190794809258731,0.206639944148685,0.171754154191287,0.165403320798019,0.164940248736627
370,0.423788147113161,0.185781454960399,0.202303599215116,0.183967824035887,0.173835068385563,0.140279459933373
430,0.40182397040703,0.185172899926102,0.212638240623736,0.153720720340875,0.145622826217966,0.140279459933373
433,0.441731771836077,0.255024990396885,0.232872971194181,0.219672052767678,0.140801836156987,0.140279459933373
392,0.42188893060604,0.188884569174318,0.209608564537159,0.240653643199231,0.154470991130581,0.147497624383717
391,0.399901217123282,0.189517281185082,0.188884569174318,0.225342219919308,0.140279459933373,0.140279459933373
434,0.420938564569721,0.164940248736627,0.255024990396885,0.140279459933373,0.148143904307162,0.142423961905656
435,0.431364974573073,0.196743303664015,0.222891426963376,0.205907447843523,0.147819407725247,0.155619579790919
446,0.412362374614871,0.204454144375473,0.212638240623736,0.173835068385563,0.164940248736627,0.155619579790919
406,0.354161056920203,0.171754154191287,0.219672052767678,0.236301613614802,0.332468835480985,0.140279459933373
392,0.418084423539314,0.196066256873814,0.218876016213984,0.202303599215116,0.140279459933373,0.140279459933373
428,0.412362374614871,0.201594638931909,0.218083551882790,0.178181472416481,0.140279459933373,0.16634019279706
303,0.43702685358426,0.209608564537159,0.241532534498303,0.160502026996677,0.175977245746161,0.151897993103576
171,0.300905518027404,0.140279459933373,0.222891426963376,0.156008702799071,0.140279459933373,0.174898448025698
405,0.438910260048710,0.198798498578782,0.249561781327291,0.157195124574254,0.172268685450245,0.147497624383717
584,0.436084425669404,0.208116557082828,0.182778757451073,0.211115838461421,0.140279459933373,0.144720505822661
605,0.498252004317859,0.225342219919308,0.229493730258852,0.202303599215116,0.242414171861771,0.174364837136968
278,0.445487145704544,0.177624558944457,0.200188610986799,0.140279459933373,0.16634019279706,0.140279459933373
348,0.451106215483896,0.208116557082828,0.170736402643872,0.209608564537159,0.163123316426449,0.140279459933373
280,0.478964395469008,0.281431899695417,0.253194757033311,0.187631241909896,0.233725581744281,0.173309128978783
232,0.369843682925459,0.182190212262849,0.173835068385563,0.390256851013871,0.501907959152939,0.254108759679802
401,0.400862850180983,0.211115838461421,0.205907447843523,0.188255890082703,0.140279459933373,0.140279459933373
333,0.425685350085428,0.217294683481912,0.203016510694019,0.178181472416481,0.173309128978783,0.147819407725247
460,0.432309844864813,0.187010622123131,0.203733362812729,0.185781454960399,0.16634019279706,0.140279459933373
409,0.387353706987488,0.203016510694019,0.208116557082828,0.198798498578782,0.187631241909896,0.14298348025674
438,0.385415796280043,0.188884569174318,0.183371292540019,0.209608564537159,0.140279459933373,0.153350162717428
423,0.397976414823837,0.167772573247934,0.232872971194181,0.144131604573628,0.160930368981928,0.140279459933373
181,0.296985336054750,0.183371292540019,0.225342219919308,0.217294683481912,0.251373586915138,0.152256565618780
509,0.472497848634527,0.252283020211930,0.257786672914962,0.159237162188545,0.179875784505171,0.140279459933373
374,0.36005360357005,0.184568357977156,0.179875784505171,0.165869963138432,0.152256565618780,0.140279459933373
672,0.466011361565902,0.255943411389996,0.247759640188542,0.206639944148685,0.150839880430613,0.160930368981928
241,0.328516409471957,0.190154027575454,0.233725581744281,0.177071557205383,0.194724220966719,0.140279459933373
329,0.434198112267997,0.193398287644562,0.255024990396885,0.169733635746363,0.140279459933373,0.140279459933373
531,0.437968797820157,0.238904240888872,0.240653643199231,0.146237238572002,0.188884569174318,0.140279459933373
541,0.466939252082330,0.197424363331222,0.197424363331222,0.194724220966719,0.146548361254107,0.156796455796649
389,0.394120687044045,0.200188610986799,0.182778757451073,0.23033379664679,0.159237162188545,0.140279459933373
313,0.442671323317129,0.206639944148685,0.183967824035887,0.150839880430613,0.201594638931909,0.142702524367706
374,0.430419611243593,0.257786672914962,0.234581247743386,0.197424363331222,0.190794809258731,0.158822198286243
341,0.399901217123282,0.222891426963376,0.173835068385563,0.218876016213984,0.164024746412181,0.142702524367706
507,0.434198112267997,0.208116557082828,0.226165913043895,0.196066256873814,0.140279459933373,0.160077057692081
402,0.40566331506169,0.203016510694019,0.221274744825972,0.189517281185082,0.146862120354825,0.140279459933373
372,0.443610401564419,0.234581247743386,0.219672052767678,0.188884569174318,0.142702524367706,0.141873944585676
433,0.447362019176649,0.240653643199231,0.232023448734304,0.221274744825972,0.212638240623736,0.172787005806565
443,0.463225147278761,0.232023448734304,0.222081350052879,0.179875784505171,0.167772573247934,0.149469410107982
294,0.443610401564419,0.190154027575454,0.179307075461499,0.193398287644562,0.151542367809210,0.140279459933373
475,0.424736999725661,0.205907447843523,0.211875157547888,0.181025063276694,0.181605650010004,0.158002143279100
438,0.43702685358426,0.204454144375473,0.226992939983781,0.140279459933373,0.182190212262849,0.140279459933373
362,0.427580548847338,0.188255890082703,0.173309128978783,0.214949882112267,0.140279459933373,0.142147774681471
406,0.455776216619560,0.197424363331222,0.203016510694019,0.168745733831007,0.150492979148870,0.140801836156987
502,0.40662186593712,0.203733362812729,0.238033800236652,0.181605650010004,0.151189670120080,0.152256565618780
447,0.451106215483896,0.211115838461421,0.223704949036996,0.189517281185082,0.148471133452426,0.148801114525785
494,0.441731771836077,0.218876016213984,0.190794809258731,0.198798498578782,0.150492979148870,0.165869963138432
764,0.474347434968947,0.243298519444439,0.194724220966719,0.189517281185082,0.171754154191287,0.140279459933373
515,0.489087655334828,0.231177046607856,0.198109430350217,0.190794809258731,0.140279459933373,0.140279459933373
440,0.402784577338547,0.188884569174318,0.192088479379025,0.200188610986799,0.175435913518267,0.140279459933373
405,0.422838791105066,0.236301613614802,0.220471637257467,0.196066256873814,0.167772573247934,0.140279459933373
466,0.479886604427388,0.26806502014066,0.192088479379025,0.166814026627726,0.188255890082703,0.168745733831007
498,0.452041119617036,0.216509434133377,0.220471637257467,0.161362102255135,0.156796455796649,0.140279459933373
545,0.456708871220304,0.242414171861771,0.247759640188542,0.151897993103576,0.193398287644562,0.152618104976752
412,0.459504181093247,0.233725581744281,0.261497815323131,0.183371292540019,0.169733635746363,0.143266847840142
430,0.383475920330798,0.155619579790919,0.232872971194181,0.140279459933373,0.162235816543637,0.140279459933373
397,0.444549008408857,0.220471637257467,0.213405068833102,0.173835068385563,0.165403320798019,0.16357228121085
307,0.345300444024283,0.161362102255135,0.202303599215116,0.249561781327291,0.214949882112267,0.140279459933373
500,0.410450927071570,0.184568357977156,0.208116557082828,0.160502026996677,0.183967824035887,0.140279459933373
352,0.484491855840873,0.235439936165745,0.215727826366646,0.215727826366646,0.146548361254107,0.157597013980819
372,0.427580548847338,0.165403320798019,0.164480729737195,0.183967824035887,0.168257318749387,0.140279459933373
507,0.42188893060604,0.226992939983781,0.203733362812729,0.226165913043895,0.352194131843378,0.142702524367706
370,0.367888982200334,0.200889639762023,0.200889639762023,0.214949882112267,0.140279459933373,0.147497624383717
525,0.473422844172892,0.23977753355553,0.212638240623736,0.171243398019944,0.147178535004063,0.150839880430613
405,0.404704249910189,0.194059239855938,0.222891426963376,0.183967824035887,0.175435913518267,0.153720720340875
445,0.462295554374572,0.201594638931909,0.187010622123131,0.233725581744281,0.140279459933373,0.140279459933373
364,0.325551793923222,0.164024746412181,0.192088479379025,0.40566331506169,0.523735350546028,0.288207386188063
443,0.409494432911366,0.204454144375473,0.198109430350217,0.214175622695954,0.156008702799071,0.140279459933373
382,0.407579902497849,0.201594638931909,0.185172899926102,0.194059239855938,0.156796455796649,0.178742307944130
475,0.40566331506169,0.198798498578782,0.205907447843523,0.182778757451073,0.140279459933373,0.147178535004063
453,0.448298759169222,0.214175622695954,0.210360301592275,0.232023448734304,0.140279459933373,0.151897993103576
371,0.408537424783786,0.187010622123131,0.172787005806565,0.206639944148685,0.179875784505171,0.143552645462116
451,0.492757675678563,0.250466494772263,0.242414171861771,0.177624558944457,0.156796455796649,0.144424803121843
465,0.463225147278761,0.188255890082703,0.214949882112267,0.147497624383717,0.151542367809210,0.140279459933373
267,0.381534098529382,0.211875157547888,0.226165913043895,0.181025063276694,0.187010622123131,0.157597013980819
448,0.409494432911366,0.232023448734304,0.221274744825972,0.188884569174318,0.146862120354825,0.142423961905656
468,0.432309844864813,0.212638240623736,0.207376318697083,0.185781454960399,0.156796455796649,0.156008702799071
475,0.389289635189169,0.203016510694019,0.203733362812729,0.153350162717428,0.175435913518267,0.140279459933373
672,0.442671323317129,0.257786672914962,0.269010148553487,0.185781454960399,0.146237238572002,0.202303599215116
461,0.40662186593712,0.192088479379025,0.232872971194181,0.140279459933373,0.146862120354825,0.151542367809210
479,0.435141512434088,0.250466494772263,0.234581247743386,0.226992939983781,0.196066256873814,0.175435913518267
429,0.430419611243593,0.212638240623736,0.235439936165745,0.182190212262849,0.155619579790919,0.154470991130581
441,0.397976414823837,0.204454144375473,0.218083551882790,0.184568357977156,0.166814026627726,0.154850743467635
398,0.39604956908159,0.218083551882790,0.188884569174318,0.183371292540019,0.194724220966719,0.140279459933373
400,0.424736999725661,0.197424363331222,0.222081350052879,0.140279459933373,0.162235816543637,0.140279459933373
561,0.457641082102348,0.232023448734304,0.248659484023583,0.156796455796649,0.144424803121843,0.140279459933373
479,0.422838791105066,0.218876016213984,0.215727826366646,0.169237834303805,0.169237834303805,0.156400988328558
665,0.485411763012758,0.281431899695417,0.224521889216861,0.218876016213984,0.152256565618780,0.156796455796649
309,0.375697185802696,0.186394027664835,0.232023448734304,0.161362102255135,0.156400988328558,0.164024746412181
436,0.39604956908159,0.182778757451073,0.231177046607856,0.174898448025698,0.157597013980819,0.145928733232941
302,0.351210191887716,0.161362102255135,0.214949882112267,0.198109430350217,0.285297304030371,0.147819407725247
276,0.404704249910189,0.226992939983781,0.201594638931909,0.383475920330798,0.504646384858735,0.244185541162083
509,0.441731771836077,0.238904240888872,0.218876016213984,0.169237834303805,0.16634019279706,0.140279459933373
402,0.430419611243593,0.218083551882790,0.216509434133377,0.168257318749387,0.146548361254107,0.146237238572002
466,0.41331732873535,0.205907447843523,0.169237834303805,0.218083551882790,0.140279459933373,0.160502026996677
471,0.397013246974146,0.201594638931909,0.198798498578782,0.222081350052879,0.150839880430613,0.140279459933373
339,0.433254223593108,0.225342219919308,0.243298519444439,0.157597013980819,0.164024746412181,0.140279459933373
616,0.447362019176649,0.256863984839407,0.205907447843523,0.178181472416481,0.200188610986799,0.157597013980819
376,0.425685350085428,0.214175622695954,0.188884569174318,0.216509434133377,0.142147774681471,0.140279459933373
479,0.437968797820157,0.238904240888872,0.23977753355553,0.205178843545358,0.170233153496669,0.164480729737195
344,0.424736999725661,0.212638240623736,0.186394027664835,0.205178843545358,0.150492979148870,0.140279459933373
386,0.456708871220304,0.270905253648299,0.249561781327291,0.243298519444439,0.177624558944457,0.140279459933373
313,0.430419611243593,0.196743303664015,0.218876016213984,0.144720505822661,0.188255890082703,0.142423961905656
418,0.439851241970584,0.192741366843982,0.182778757451073,0.23033379664679,0.149807763529887,0.140279459933373
447,0.415225700022613,0.174364837136968,0.187631241909896,0.217294683481912,0.158822198286243,0.140279459933373
528,0.43702685358426,0.194724220966719,0.208116557082828,0.196066256873814,0.140279459933373,0.140279459933373
401,0.403744670601839,0.206639944148685,0.224521889216861,0.220471637257467,0.158822198286243,0.160930368981928
375,0.397013246974146,0.208116557082828,0.192741366843982,0.205907447843523,0.161797245314680,0.140279459933373
406,0.402784577338547,0.147497624383717,0.223704949036996,0.140279459933373,0.16357228121085,0.140279459933373
653,0.448298759169222,0.235439936165745,0.26336509235663,0.140279459933373,0.188255890082703,0.140279459933373
367,0.43702685358426,0.227823271636467,0.245075200706715,0.183967824035887,0.193398287644562,0.140279459933373
303,0.443610401564419,0.226165913043895,0.201594638931909,0.217294683481912,0.171754154191287,0.168257318749387
423,0.40662186593712,0.174364837136968,0.194724220966719,0.160502026996677,0.178181472416481,0.140279459933373
425,0.370820382306947,0.205178843545358,0.194059239855938,0.180448444205294,0.165869963138432,0.152982630801945
320,0.382505251364152,0.191439626593958,0.208116557082828,0.187631241909896,0.195393227873188,0.140279459933373
539,0.478041795094857,0.254108759679802,0.245075200706715,0.248659484023583,0.181605650010004,0.201594638931909
609,0.468793774829766,0.226165913043895,0.252283020211930,0.140279459933373,0.165869963138432,0.140279459933373
384,0.42188893060604,0.209608564537159,0.185781454960399,0.195393227873188,0.151189670120080,0.140279459933373
429,0.459504181093247,0.224521889216861,0.208860644258667,0.219672052767678,0.140279459933373,0.140279459933373
356,0.487250452013843,0.264301525715948,0.225342219919308,0.192741366843982,0.157597013980819,0.160502026996677
368,0.391223565654671,0.211875157547888,0.187010622123131,0.178742307944130,0.164024746412181,0.163123316426449
358,0.376671178467619,0.218876016213984,0.208860644258667,0.190154027575454,0.171754154191287,0.152256565618780
485,0.466011361565902,0.23033379664679,0.240653643199231,0.178742307944130,0.170736402643872,0.154470991130581
497,0.428527399760189,0.232872971194181,0.235439936165745,0.240653643199231,0.316661303992259,0.180448444205294
450,0.439851241970584,0.226165913043895,0.231177046607856,0.193398287644562,0.16357228121085,0.169237834303805
369,0.436084425669404,0.195393227873188,0.202303599215116,0.140279459933373,0.159655442358187,0.148471133452426
490,0.450170855356869,0.227823271636467,0.223704949036996,0.214175622695954,0.145928733232941,0.152256565618780
500,0.447362019176649,0.231177046607856,0.191439626593958,0.183967824035887,0.182190212262849,0.168257318749387
381,0.400862850180983,0.194724220966719,0.181025063276694,0.191439626593958,0.182778757451073,0.158410531669826
325,0.45297556976512,0.255943411389996,0.255024990396885,0.202303599215116,0.211875157547888,0.199491561253654
358,0.453909567952752,0.228656878414890,0.193398287644562,0.238033800236652,0.157597013980819,0.143266847840142
505,0.462295554374572,0.237166246337142,0.222081350052879,0.196066256873814,0.140279459933373,0.146237238572002
482,0.353177756395209,0.175977245746161,0.216509434133377,0.169237834303805,0.201594638931909,0.143840891542185
442,0.439851241970584,0.209608564537159,0.210360301592275,0.255943411389996,0.305818349289740,0.199491561253654
489,0.444549008408857,0.192741366843982,0.200188610986799,0.174898448025698,0.165869963138432,0.152256565618780
331,0.422838791105066,0.238904240888872,0.215727826366646,0.210360301592275,0.206639944148685,0.216509434133377
452,0.436084425669404,0.211875157547888,0.205178843545358,0.208860644258667,0.172787005806565,0.148143904307162
493,0.442671323317129,0.238033800236652,0.258711437790672,0.167772573247934,0.168257318749387,0.189517281185082
366,0.40662186593712,0.211115838461421,0.196066256873814,0.140279459933373,0.177624558944457,0.140279459933373
266,0.452041119617036,0.200889639762023,0.143840891542185,0.213405068833102,0.157195124574254,0.140279459933373
368,0.393155485097713,0.200889639762023,0.189517281185082,0.200188610986799,0.140279459933373,0.140279459933373
496,0.459504181093247,0.208860644258667,0.246862287018223,0.156008702799071,0.162235816543637,0.154850743467635
454,0.419987692000204,0.242414171861771,0.200889639762023,0.225342219919308,0.140279459933373,0.140279459933373
369,0.445487145704544,0.177071557205383,0.207376318697083,0.16357228121085,0.16357228121085,0.140279459933373
410,0.376671178467619,0.188255890082703,0.197424363331222,0.210360301592275,0.231177046607856,0.147497624383717
358,0.417132025922147,0.175435913518267,0.232872971194181,0.141066417195949,0.177071557205383,0.140279459933373
390,0.409494432911366,0.170736402643872,0.183371292540019,0.167291481291287,0.160077057692081,0.158002143279100
277,0.397976414823837,0.188255890082703,0.242414171861771,0.140279459933373,0.16357228121085,0.140279459933373
378,0.395085382089401,0.202303599215116,0.196743303664015,0.211875157547888,0.156796455796649,0.142147774681471
517,0.422838791105066,0.205907447843523,0.204454144375473,0.167291481291287,0.165403320798019,0.151897993103576
478,0.426633199381427,0.214175622695954,0.244185541162083,0.170233153496669,0.173835068385563,0.140279459933373
361,0.438910260048710,0.208116557082828,0.216509434133377,0.148801114525785,0.179875784505171,0.151897993103576
332,0.466011361565902,0.200889639762023,0.189517281185082,0.195393227873188,0.142702524367706,0.140279459933373
350,0.394120687044045,0.211875157547888,0.237166246337142,0.156400988328558,0.142147774681471,0.155233599845476
739,0.527356424038935,0.23977753355553,0.226992939983781,0.215727826366646,0.261497815323131,0.140279459933373
482,0.437968797820157,0.207376318697083,0.198798498578782,0.205178843545358,0.141602453589765,0.145319498566922
432,0.446424815327873,0.23033379664679,0.218083551882790,0.226992939983781,0.171754154191287,0.140279459933373
338,0.438910260048710,0.225342219919308,0.191439626593958,0.203016510694019,0.161797245314680,0.141333283747465
333,0.40566331506169,0.224521889216861,0.169733635746363,0.228656878414890,0.140279459933373,0.160930368981928
388,0.412362374614871,0.233725581744281,0.232872971194181,0.187010622123131,0.162235816543637,0.140279459933373
368,0.408537424783786,0.241532534498303,0.205178843545358,0.211875157547888,0.149807763529887,0.176522456496951
443,0.411406907527978,0.23977753355553,0.223704949036996,0.196743303664015,0.192088479379025,0.217294683481912
420,0.419036311953547,0.192741366843982,0.204454144375473,0.148471133452426,0.173309128978783,0.140279459933373
497,0.44923503724365,0.292100571713878,0.290152214217331,0.174898448025698,0.221274744825972,0.216509434133377
562,0.431364974573073,0.207376318697083,0.203733362812729,0.214949882112267,0.142147774681471,0.140539522938054
458,0.464154311336516,0.251373586915138,0.223704949036996,0.223704949036996,0.150148946700048,0.170736402643872
344,0.309756707604237,0.161362102255135,0.164940248736627,0.209608564537159,0.158002143279100,0.164480729737195
434,0.419987692000204,0.222081350052879,0.214949882112267,0.223704949036996,0.151897993103576,0.159237162188545
404,0.44923503724365,0.195393227873188,0.227823271636467,0.182190212262849,0.177624558944457,0.140279459933373
416,0.475271623239318,0.238904240888872,0.246862287018223,0.160077057692081,0.174364837136968,0.171243398019944
554,0.468793774829766,0.233725581744281,0.196743303664015,0.194059239855938,0.168257318749387,0.140279459933373
387,0.403744670601839,0.204454144375473,0.194724220966719,0.194059239855938,0.167772573247934,0.152982630801945
407,0.428527399760189,0.23033379664679,0.208860644258667,0.169733635746363,0.170736402643872,0.140279459933373
464,0.43702685358426,0.232872971194181,0.242414171861771,0.222891426963376,0.158410531669826,0.172787005806565
427,0.395085382089401,0.201594638931909,0.194059239855938,0.200889639762023,0.157597013980819,0.150148946700048
540,0.437968797820157,0.203733362812729,0.183371292540019,0.210360301592275,0.146548361254107,0.140279459933373
373,0.447362019176649,0.229493730258852,0.233725581744281,0.214949882112267,0.173835068385563,0.160930368981928
456,0.463225147278761,0.255943411389996,0.224521889216861,0.227823271636467,0.140279459933373,0.140279459933373
412,0.469720411442728,0.215727826366646,0.191439626593958,0.151189670120080,0.167291481291287,0.160502026996677
348,0.386384998416716,0.209608564537159,0.203016510694019,0.160930368981928,0.164024746412181,0.152982630801945
446,0.436084425669404,0.183967824035887,0.183371292540019,0.225342219919308,0.151189670120080,0.140279459933373
492,0.417132025922147,0.216509434133377,0.220471637257467,0.199491561253654,0.188884569174318,0.180448444205294
388,0.436084425669404,0.206639944148685,0.168257318749387,0.209608564537159,0.153350162717428,0.156008702799071
434,0.415225700022613,0.211115838461421,0.194059239855938,0.190794809258731,0.140279459933373,0.140279459933373
317,0.402784577338547,0.217294683481912,0.211875157547888,0.158822198286243,0.158002143279100,0.140279459933373
370,0.422838791105066,0.211115838461421,0.194724220966719,0.173835068385563,0.177071557205383,0.157195124574254
416,0.429473753439024,0.222891426963376,0.218083551882790,0.166814026627726,0.200188610986799,0.141066417195949
474,0.432309844864813,0.220471637257467,0.198109430350217,0.194724220966719,0.167291481291287,0.140279459933373
414,0.399901217123282,0.205178843545358,0.240653643199231,0.152982630801945,0.142423961905656,0.174898448025698
456,0.435141512434088,0.221274744825972,0.183967824035887,0.152256565618780,0.202303599215116,0.143552645462116
518,0.448298759169222,0.205178843545358,0.203016510694019,0.205178843545358,0.162677834203278,0.140279459933373
403,0.385415796280043,0.177624558944457,0.160077057692081,0.204454144375473,0.169733635746363,0.140279459933373
321,0.408537424783786,0.204454144375473,0.183371292540019,0.214949882112267,0.152982630801945,0.160930368981928
405,0.430419611243593,0.204454144375473,0.222081350052879,0.172787005806565,0.144424803121843,0.140279459933373
534,0.456708871220304,0.233725581744281,0.218083551882790,0.237166246337142,0.147497624383717,0.140279459933373
357,0.42188893060604,0.175977245746161,0.192088479379025,0.157195124574254,0.161362102255135,0.140279459933373
184,0.363974517009122,0.143266847840142,0.213405068833102,0.140279459933373,0.160077057692081,0.140279459933373
343,0.348256569656263,0.190154027575454,0.214949882112267,0.177624558944457,0.149807763529887,0.140279459933373
443,0.446424815327873,0.203733362812729,0.255024990396885,0.140279459933373,0.182778757451073,0.140279459933373
281,0.366910990862085,0.169237834303805,0.170233153496669,0.427580548847338,0.5417972538608,0.300905518027404
645,0.479886604427388,0.23977753355553,0.260567046745838,0.193398287644562,0.175435913518267,0.140279459933373
485,0.438910260048710,0.192741366843982,0.188255890082703,0.218876016213984,0.226165913043895,0.151542367809210
526,0.436084425669404,0.225342219919308,0.233725581744281,0.172268685450245,0.170233153496669,0.164024746412181
440,0.461365530470573,0.242414171861771,0.254108759679802,0.204454144375473,0.189517281185082,0.196066256873814
399,0.415225700022613,0.221274744825972,0.196743303664015,0.198109430350217,0.183967824035887,0.140279459933373
328,0.424736999725661,0.220471637257467,0.188255890082703,0.207376318697083,0.174364837136968,0.179307075461499
509,0.453909567952752,0.208860644258667,0.238904240888872,0.171754154191287,0.169733635746363,0.144131604573628
354,0.39893907178823,0.235439936165745,0.225342219919308,0.208116557082828,0.164940248736627,0.140279459933373
384,0.42188893060604,0.215727826366646,0.205178843545358,0.140279459933373,0.207376318697083,0.140279459933373
379,0.366910990862085,0.164480729737195,0.228656878414890,0.158410531669826,0.181605650010004,0.169237834303805
438,0.430419611243593,0.205907447843523,0.210360301592275,0.205178843545358,0.140279459933373,0.140279459933373
354,0.418084423539314,0.167291481291287,0.200889639762023,0.211875157547888,0.141066417195949,0.140279459933373
458,0.473422844172892,0.204454144375473,0.227823271636467,0.162677834203278,0.149469410107982,0.142702524367706
415,0.417132025922147,0.225342219919308,0.223704949036996,0.151189670120080,0.156796455796649,0.150148946700048
527,0.473422844172892,0.224521889216861,0.232872971194181,0.186394027664835,0.164024746412181,0.144424803121843
284,0.416179118323367,0.198798498578782,0.209608564537159,0.175977245746161,0.174364837136968,0.157195124574254
334,0.397976414823837,0.192088479379025,0.200188610986799,0.150839880430613,0.167772573247934,0.145319498566922
487,0.427580548847338,0.220471637257467,0.175435913518267,0.208116557082828,0.161797245314680,0.154470991130581
466,0.442671323317129,0.229493730258852,0.187631241909896,0.211115838461421,0.178742307944130,0.154094323280450
463,0.418084423539314,0.205178843545358,0.191439626593958,0.200188610986799,0.140279459933373,0.140279459933373
502,0.40182397040703,0.204454144375473,0.211115838461421,0.164940248736627,0.176522456496951,0.141602453589765
455,0.444549008408857,0.231177046607856,0.242414171861771,0.198109430350217,0.150148946700048,0.156400988328558
321,0.399901217123282,0.182778757451073,0.198109430350217,0.195393227873188,0.140279459933373,0.161362102255135
413,0.460435073421994,0.246862287018223,0.238904240888872,0.189517281185082,0.196066256873814,0.140279459933373
473,0.437968797820157,0.212638240623736,0.214175622695954,0.177624558944457,0.174364837136968,0.153350162717428
575,0.476195411202944,0.236301613614802,0.220471637257467,0.254108759679802,0.145622826217966,0.140279459933373
486,0.45297556976512,0.210360301592275,0.209608564537159,0.216509434133377,0.140279459933373,0.14298348025674
482,0.435141512434088,0.218876016213984,0.246862287018223,0.174898448025698,0.196743303664015,0.146548361254107
524,0.433254223593108,0.199491561253654,0.203016510694019,0.160930368981928,0.170736402643872,0.140279459933373
400,0.418084423539314,0.228656878414890,0.218876016213984,0.190794809258731,0.174364837136968,0.140279459933373
436,0.430419611243593,0.195393227873188,0.162677834203278,0.209608564537159,0.140279459933373,0.140279459933373
439,0.378617765257579,0.205907447843523,0.241532534498303,0.158822198286243,0.159655442358187,0.140279459933373
506,0.431364974573073,0.218876016213984,0.213405068833102,0.205178843545358,0.177071557205383,0.164480729737195
494,0.389289635189169,0.186394027664835,0.207376318697083,0.205907447843523,0.140279459933373,0.161362102255135
402,0.445487145704544,0.225342219919308,0.233725581744281,0.200889639762023,0.147819407725247,0.148801114525785
466,0.482650905054512,0.232023448734304,0.234581247743386,0.171754154191287,0.158822198286243,0.152256565618780
399,0.40182397040703,0.235439936165745,0.237166246337142,0.314687276192053,0.427580548847338,0.253194757033311
378,0.399901217123282,0.171243398019944,0.212638240623736,0.167291481291287,0.154094323280450,0.157597013980819
254,0.444549008408857,0.282396577544332,0.206639944148685,0.232023448734304,0.158002143279100,0.140279459933373
233,0.422838791105066,0.192741366843982,0.214175622695954,0.177624558944457,0.159237162188545,0.162677834203278
474,0.428527399760189,0.214949882112267,0.196743303664015,0.251373586915138,0.367888982200334,0.164480729737195
405,0.373747820375976,0.181025063276694,0.222891426963376,0.196066256873814,0.14298348025674,0.149469410107982
453,0.491840713366392,0.259638241659144,0.23033379664679,0.212638240623736,0.154850743467635,0.140279459933373
412,0.446424815327873,0.237166246337142,0.238904240888872,0.174364837136968,0.162677834203278,0.181025063276694
426,0.40662186593712,0.188255890082703,0.205178843545358,0.178181472416481,0.152618104976752,0.140279459933373
345,0.417132025922147,0.175977245746161,0.188884569174318,0.211875157547888,0.140279459933373,0.149133866930996
668,0.520109684798944,0.294052217151829,0.282396577544332,0.229493730258852,0.190794809258731,0.141602453589765
332,0.408537424783786,0.214175622695954,0.191439626593958,0.40182397040703,0.506470348170507,0.250466494772263
340,0.400862850180983,0.172787005806565,0.179307075461499,0.167772573247934,0.187631241909896,0.145928733232941
414,0.390256851013871,0.182190212262849,0.194724220966719,0.177624558944457,0.177071557205383,0.150148946700048
321,0.374722731821464,0.168257318749387,0.207376318697083,0.163123316426449,0.140539522938054,0.149469410107982
497,0.427580548847338,0.198109430350217,0.203733362812729,0.208116557082828,0.152982630801945,0.141333283747465
375,0.403744670601839,0.193398287644562,0.218876016213984,0.140279459933373,0.182190212262849,0.140279459933373
410,0.440791745314472,0.231177046607856,0.213405068833102,0.206639944148685,0.175977245746161,0.150839880430613
427,0.434198112267997,0.211115838461421,0.238904240888872,0.157195124574254,0.159655442358187,0.140279459933373
912,0.514662297605807,0.269010148553487,0.247759640188542,0.226992939983781,0.317648619366148,0.142147774681471
349,0.465083048709257,0.23033379664679,0.238904240888872,0.168257318749387,0.168745733831007,0.149807763529887
536,0.43702685358426,0.214175622695954,0.213405068833102,0.206639944148685,0.165869963138432,0.145928733232941
433,0.428527399760189,0.213405068833102,0.212638240623736,0.198798498578782,0.149133866930996,0.140279459933373
570,0.456708871220304,0.215727826366646,0.245075200706715,0.162235816543637,0.163123316426449,0.140279459933373
415,0.414271770359505,0.194059239855938,0.225342219919308,0.152618104976752,0.162677834203278,0.143840891542185
516,0.435141512434088,0.195393227873188,0.253194757033311,0.140279459933373,0.208860644258667,0.157195124574254
449,0.444549008408857,0.194724220966719,0.214175622695954,0.198798498578782,0.171243398019944,0.178742307944130
324,0.420938564569721,0.194724220966719,0.214949882112267,0.173309128978783,0.180448444205294,0.155619579790919
641,0.45297556976512,0.229493730258852,0.248659484023583,0.184568357977156,0.140279459933373,0.140279459933373
481,0.478964395469008,0.218083551882790,0.226165913043895,0.211115838461421,0.161362102255135,0.155619579790919
609,0.462295554374572,0.255024990396885,0.259638241659144,0.183371292540019,0.196066256873814,0.170233153496669
424,0.428527399760189,0.204454144375473,0.236301613614802,0.149133866930996,0.148471133452426,0.153350162717428
443,0.455776216619560,0.23033379664679,0.231177046607856,0.203733362812729,0.158410531669826,0.140279459933373
372,0.408537424783786,0.174898448025698,0.169733635746363,0.238033800236652,0.147819407725247,0.140279459933373
307,0.387353706987488,0.26336509235663,0.249561781327291,0.227823271636467,0.219672052767678,0.140279459933373
419,0.431364974573073,0.196743303664015,0.224521889216861,0.185781454960399,0.140279459933373,0.153350162717428
491,0.419036311953547,0.232872971194181,0.226992939983781,0.182778757451073,0.198109430350217,0.160077057692081
468,0.43702685358426,0.224521889216861,0.211115838461421,0.196066256873814,0.140279459933373,0.140279459933373
469,0.428527399760189,0.217294683481912,0.246862287018223,0.178742307944130,0.173835068385563,0.165869963138432
859,0.55975922935761,0.316661303992259,0.307786743279463,0.259638241659144,0.222891426963376,0.140279459933373
463,0.417132025922147,0.188884569174318,0.247759640188542,0.189517281185082,0.140279459933373,0.140279459933373
501,0.438910260048710,0.247759640188542,0.175435913518267,0.188884569174318,0.140279459933373,0.140279459933373
365,0.425685350085428,0.177071557205383,0.211875157547888,0.165403320798019,0.156008702799071,0.140279459933373
416,0.415225700022613,0.228656878414890,0.23033379664679,0.168257318749387,0.168257318749387,0.150148946700048
494,0.446424815327873,0.250466494772263,0.251373586915138,0.150492979148870,0.196066256873814,0.167291481291287
449,0.453909567952752,0.247759640188542,0.245967461561916,0.202303599215116,0.156008702799071,0.144424803121843
377,0.44923503724365,0.211115838461421,0.173309128978783,0.217294683481912,0.140279459933373,0.140279459933373
558,0.478964395469008,0.240653643199231,0.207376318697083,0.195393227873188,0.144424803121843,0.145319498566922
424,0.386384998416716,0.191439626593958,0.192741366843982,0.210360301592275,0.141602453589765,0.14298348025674
370,0.422838791105066,0.208116557082828,0.196066256873814,0.180448444205294,0.142423961905656,0.141873944585676
350,0.426633199381427,0.203733362812729,0.220471637257467,0.16634019279706,0.166814026627726,0.141066417195949
378,0.344314559496454,0.162677834203278,0.212638240623736,0.155233599845476,0.147178535004063,0.140279459933373
324,0.387353706987488,0.171754154191287,0.212638240623736,0.169237834303805,0.192741366843982,0.16357228121085
378,0.349241401529061,0.198798498578782,0.240653643199231,0.191439626593958,0.162235816543637,0.140279459933373
461,0.473422844172892,0.269010148553487,0.168745733831007,0.477118801080669,0.604311860230174,0.350225945404854
374,0.445487145704544,0.194059239855938,0.244185541162083,0.196743303664015,0.140279459933373,0.146548361254107
316,0.40662186593712,0.181025063276694,0.23033379664679,0.192741366843982,0.160930368981928,0.140279459933373
431,0.432309844864813,0.220471637257467,0.193398287644562,0.196743303664015,0.150839880430613,0.173309128978783
516,0.492757675678563,0.23977753355553,0.23033379664679,0.190154027575454,0.180448444205294,0.140279459933373
442,0.419036311953547,0.223704949036996,0.213405068833102,0.224521889216861,0.140279459933373,0.156796455796649
547,0.446424815327873,0.234581247743386,0.187631241909896,0.238904240888872,0.140279459933373,0.140279459933373
446,0.425685350085428,0.211875157547888,0.190794809258731,0.211115838461421,0.142147774681471,0.140279459933373
467,0.466011361565902,0.203016510694019,0.23977753355553,0.210360301592275,0.166814026627726,0.150148946700048
511,0.424736999725661,0.183967824035887,0.23033379664679,0.160077057692081,0.144424803121843,0.178742307944130
514,0.434198112267997,0.222891426963376,0.198109430350217,0.197424363331222,0.26336509235663,0.140279459933373
384,0.461365530470573,0.217294683481912,0.255943411389996,0.156400988328558,0.145018731380577,0.155233599845476
494,0.438910260048710,0.215727826366646,0.210360301592275,0.218083551882790,0.16634019279706,0.147178535004063
412,0.427580548847338,0.225342219919308,0.202303599215116,0.202303599215116,0.140539522938054,0.148471133452426
307,0.385415796280043,0.198109430350217,0.231177046607856,0.171754154191287,0.178181472416481,0.140279459933373
384,0.419987692000204,0.206639944148685,0.211875157547888,0.190794809258731,0.181025063276694,0.140279459933373
489,0.403744670601839,0.211875157547888,0.235439936165745,0.185172899926102,0.185781454960399,0.153720720340875
601,0.453909567952752,0.226165913043895,0.224521889216861,0.208860644258667,0.170736402643872,0.140279459933373
329,0.40662186593712,0.218083551882790,0.213405068833102,0.180448444205294,0.151897993103576,0.16357228121085
534,0.436084425669404,0.202303599215116,0.192088479379025,0.175977245746161,0.172787005806565,0.147497624383717
422,0.40662186593712,0.195393227873188,0.23033379664679,0.140279459933373,0.179875784505171,0.154470991130581
452,0.454843116219575,0.208860644258667,0.211115838461421,0.188255890082703,0.156008702799071,0.140279459933373
521,0.42188893060604,0.175977245746161,0.217294683481912,0.160930368981928,0.143266847840142,0.140279459933373
381,0.397013246974146,0.189517281185082,0.204454144375473,0.173309128978783,0.154850743467635,0.167772573247934
457,0.445487145704544,0.219672052767678,0.202303599215116,0.160930368981928,0.192741366843982,0.142147774681471
568,0.443610401564419,0.238033800236652,0.209608564537159,0.171754154191287,0.179307075461499,0.154850743467635
320,0.458572851358513,0.208860644258667,0.198798498578782,0.203733362812729,0.140279459933373,0.143266847840142
433,0.455776216619560,0.232872971194181,0.231177046607856,0.170736402643872,0.166814026627726,0.140279459933373
451,0.404704249910189,0.211115838461421,0.232023448734304,0.144131604573628,0.140279459933373,0.140279459933373
343,0.424736999725661,0.181605650010004,0.185172899926102,0.195393227873188,0.141333283747465,0.140539522938054
451,0.429473753439024,0.226165913043895,0.226992939983781,0.222891426963376,0.167772573247934,0.177624558944457
434,0.428527399760189,0.222891426963376,0.224521889216861,0.192088479379025,0.178181472416481,0.146237238572002
457,0.431364974573073,0.209608564537159,0.196743303664015,0.172268685450245,0.168745733831007,0.140279459933373
396,0.412362374614871,0.215727826366646,0.175977245746161,0.160930368981928,0.183371292540019,0.144131604573628
425,0.428527399760189,0.208116557082828,0.208116557082828,0.192741366843982,0.179875784505171,0.140279459933373
428,0.419036311953547,0.174898448025698,0.232872971194181,0.148143904307162,0.173835068385563,0.140279459933373
329,0.408537424783786,0.175977245746161,0.195393227873188,0.196743303664015,0.181025063276694,0.140279459933373
487,0.453909567952752,0.262430509724191,0.196066256873814,0.226992939983781,0.161797245314680,0.140279459933373
338,0.455776216619560,0.162677834203278,0.172787005806565,0.228656878414890,0.140279459933373,0.142147774681471
390,0.395085382089401,0.23977753355553,0.254108759679802,0.279506090033501,0.403744670601839,0.222081350052879
371,0.431364974573073,0.197424363331222,0.206639944148685,0.224521889216861,0.144424803121843,0.159237162188545
374,0.432309844864813,0.234581247743386,0.205907447843523,0.209608564537159,0.156008702799071,0.140801836156987
347,0.36005360357005,0.164940248736627,0.185781454960399,0.150148946700048,0.150492979148870,0.146237238572002
477,0.435141512434088,0.247759640188542,0.222081350052879,0.220471637257467,0.154094323280450,0.159237162188545
258,0.373747820375976,0.190794809258731,0.140279459933373,0.304834801321944,0.426633199381427,0.194059239855938
387,0.439851241970584,0.215727826366646,0.237166246337142,0.165869963138432,0.172268685450245,0.151897993103576
322,0.399901217123282,0.211875157547888,0.173835068385563,0.199491561253654,0.14298348025674,0.140279459933373
640,0.467866722440866,0.237166246337142,0.215727826366646,0.208116557082828,0.186394027664835,0.158822198286243
422,0.437968797820157,0.217294683481912,0.204454144375473,0.154094323280450,0.161797245314680,0.140279459933373
371,0.403744670601839,0.191439626593958,0.208116557082828,0.182190212262849,0.140279459933373,0.140279459933373
385,0.419036311953547,0.220471637257467,0.196743303664015,0.218083551882790,0.165403320798019,0.140279459933373
366,0.431364974573073,0.215727826366646,0.219672052767678,0.174364837136968,0.181605650010004,0.140279459933373
475,0.422838791105066,0.225342219919308,0.208860644258667,0.205178843545358,0.144131604573628,0.162235816543637
450,0.447362019176649,0.236301613614802,0.229493730258852,0.179875784505171,0.173835068385563,0.147819407725247
557,0.492757675678563,0.240653643199231,0.214175622695954,0.211875157547888,0.199491561253654,0.140279459933373
365,0.441731771836077,0.205907447843523,0.219672052767678,0.140279459933373,0.151542367809210,0.140279459933373
393,0.419987692000204,0.211115838461421,0.200188610986799,0.182190212262849,0.169733635746363,0.140279459933373
431,0.457641082102348,0.209608564537159,0.232872971194181,0.194059239855938,0.16357228121085,0.151897993103576
405,0.408537424783786,0.186394027664835,0.170736402643872,0.177624558944457,0.162677834203278,0.140279459933373
161,0.274713840722163,0.193398287644562,0.223704949036996,0.178181472416481,0.195393227873188,0.187631241909896
464,0.467866722440866,0.341355528691973,0.307786743279463,0.269010148553487,0.223704949036996,0.190154027575454
422,0.416179118323367,0.200188610986799,0.222891426963376,0.194059239855938,0.232023448734304,0.14298348025674
447,0.478964395469008,0.261497815323131,0.254108759679802,0.224521889216861,0.194059239855938,0.166814026627726
400,0.457641082102348,0.214949882112267,0.203016510694019,0.210360301592275,0.164024746412181,0.140279459933373
484,0.429473753439024,0.226992939983781,0.207376318697083,0.192741366843982,0.158002143279100,0.152256565618780
430,0.410450927071570,0.198109430350217,0.183371292540019,0.255943411389996,0.177071557205383,0.140279459933373
416,0.375697185802696,0.217294683481912,0.238904240888872,0.182190212262849,0.140279459933373,0.154470991130581
462,0.440791745314472,0.221274744825972,0.200188610986799,0.163123316426449,0.158002143279100,0.140279459933373
451,0.420938564569721,0.194059239855938,0.207376318697083,0.140279459933373,0.171243398019944,0.148471133452426
367,0.442671323317129,0.203733362812729,0.223704949036996,0.150839880430613,0.178742307944130,0.152618104976752
360,0.40566331506169,0.203733362812729,0.183967824035887,0.240653643199231,0.164024746412181,0.148143904307162
407,0.40662186593712,0.211875157547888,0.213405068833102,0.192741366843982,0.161797245314680,0.154850743467635
441,0.437968797820157,0.193398287644562,0.203733362812729,0.194724220966719,0.153720720340875,0.155233599845476
511,0.475271623239318,0.212638240623736,0.211875157547888,0.168257318749387,0.156796455796649,0.140279459933373
379,0.410450927071570,0.203733362812729,0.252283020211930,0.185172899926102,0.180448444205294,0.193398287644562
324,0.354161056920203,0.190794809258731,0.194724220966719,0.182778757451073,0.172787005806565,0.164940248736627
156,0.347271459448055,0.172787005806565,0.205907447843523,0.147819407725247,0.146237238572002,0.140279459933373
565,0.434198112267997,0.260567046745838,0.211115838461421,0.215727826366646,0.186394027664835,0.168257318749387
337,0.424736999725661,0.222891426963376,0.217294683481912,0.169733635746363,0.185172899926102,0.140279459933373
322,0.411406907527978,0.188884569174318,0.208860644258667,0.167772573247934,0.142423961905656,0.165403320798019
508,0.417132025922147,0.185172899926102,0.246862287018223,0.173309128978783,0.171243398019944,0.141066417195949
493,0.432309844864813,0.197424363331222,0.209608564537159,0.192741366843982,0.173309128978783,0.140279459933373
454,0.425685350085428,0.212638240623736,0.196066256873814,0.199491561253654,0.170233153496669,0.140279459933373
310,0.394120687044045,0.232023448734304,0.234581247743386,0.177071557205383,0.173835068385563,0.144720505822661
415,0.472497848634527,0.278545025785751,0.273759486818862,0.212638240623736,0.190794809258731,0.141873944585676
305,0.409494432911366,0.171243398019944,0.161797245314680,0.181025063276694,0.174898448025698,0.140279459933373
431,0.39218977751084,0.207376318697083,0.209608564537159,0.169733635746363,0.154850743467635,0.155619579790919
583,0.511024591546248,0.286266334773665,0.242414171861771,0.252283020211930,0.140279459933373,0.144720505822661
383,0.432309844864813,0.187010622123131,0.231177046607856,0.157597013980819,0.164940248736627,0.140279459933373
556,0.458572851358513,0.219672052767678,0.212638240623736,0.193398287644562,0.179307075461499,0.140279459933373
526,0.471572446139952,0.256863984839407,0.191439626593958,0.223704949036996,0.140279459933373,0.147178535004063
434,0.43702685358426,0.262430509724191,0.224521889216861,0.208860644258667,0.158822198286243,0.187010622123131
547,0.45297556976512,0.189517281185082,0.211115838461421,0.183371292540019,0.161797245314680,0.152982630801945
366,0.397976414823837,0.176522456496951,0.204454144375473,0.188255890082703,0.151189670120080,0.140279459933373
409,0.485411763012758,0.232872971194181,0.226992939983781,0.218083551882790,0.180448444205294,0.140279459933373
386,0.385415796280043,0.187631241909896,0.153350162717428,0.195393227873188,0.150492979148870,0.140279459933373
444,0.411406907527978,0.211875157547888,0.258711437790672,0.173309128978783,0.193398287644562,0.183371292540019
252,0.41331732873535,0.204454144375473,0.198109430350217,0.404704249910189,0.539995796104345,0.269956905233921
341,0.434198112267997,0.211115838461421,0.199491561253654,0.200889639762023,0.154470991130581,0.170233153496669
390,0.473422844172892,0.223704949036996,0.181025063276694,0.196066256873814,0.156400988328558,0.166814026627726
373,0.427580548847338,0.207376318697083,0.214175622695954,0.266179795115631,0.384446102799712,0.165869963138432
436,0.407579902497849,0.199491561253654,0.213405068833102,0.158410531669826,0.175435913518267,0.158822198286243
264,0.377644706128292,0.179307075461499,0.177071557205383,0.169237834303805,0.163123316426449,0.140279459933373
425,0.444549008408857,0.219672052767678,0.195393227873188,0.189517281185082,0.149133866930996,0.140279459933373
426,0.39604956908159,0.190794809258731,0.247759640188542,0.155233599845476,0.181025063276694,0.153350162717428
417,0.434198112267997,0.191439626593958,0.202303599215116,0.213405068833102,0.140279459933373,0.151542367809210
415,0.465083048709257,0.23033379664679,0.238033800236652,0.150492979148870,0.185172899926102,0.16357228121085
431,0.448298759169222,0.231177046607856,0.207376318697083,0.212638240623736,0.140801836156987,0.140279459933373
320,0.434198112267997,0.215727826366646,0.214175622695954,0.140279459933373,0.158002143279100,0.156400988328558
434,0.450170855356869,0.243298519444439,0.215727826366646,0.23977753355553,0.170233153496669,0.198798498578782
422,0.440791745314472,0.237166246337142,0.23977753355553,0.200889639762023,0.160502026996677,0.162235816543637
363,0.331480818156256,0.171243398019944,0.214175622695954,0.179307075461499,0.140279459933373,0.143840891542185
493,0.490923390673098,0.262430509724191,0.213405068833102,0.210360301592275,0.16357228121085,0.151189670120080
406,0.43702685358426,0.218083551882790,0.196743303664015,0.175977245746161,0.157195124574254,0.140279459933373
338,0.343328438016707,0.156008702799071,0.171243398019944,0.171243398019944,0.158410531669826,0.140279459933373
421,0.432309844864813,0.221274744825972,0.203016510694019,0.182190212262849,0.158410531669826,0.140279459933373
383,0.444549008408857,0.238033800236652,0.232872971194181,0.232023448734304,0.194059239855938,0.171243398019944
403,0.410450927071570,0.208116557082828,0.182778757451073,0.154470991130581,0.173835068385563,0.164480729737195
345,0.431364974573073,0.218876016213984,0.219672052767678,0.205178843545358,0.16357228121085,0.140279459933373
674,0.504646384858735,0.270905253648299,0.244185541162083,0.199491561253654,0.217294683481912,0.140279459933373
325,0.469720411442728,0.218083551882790,0.211875157547888,0.186394027664835,0.161362102255135,0.181605650010004
300,0.342342090635241,0.143266847840142,0.204454144375473,0.179875784505171,0.143266847840142,0.140279459933373
456,0.453909567952752,0.232872971194181,0.195393227873188,0.231177046607856,0.140279459933373,0.146548361254107
459,0.452041119617036,0.238904240888872,0.261497815323131,0.204454144375473,0.140279459933373,0.163123316426449
441,0.429473753439024,0.215727826366646,0.226992939983781,0.170736402643872,0.177071557205383,0.140279459933373
412,0.447362019176649,0.227823271636467,0.245967461561916,0.203733362812729,0.311728055196152,0.195393227873188
399,0.390256851013871,0.196066256873814,0.232023448734304,0.208860644258667,0.149133866930996,0.140279459933373
348,0.390256851013871,0.164024746412181,0.187010622123131,0.146237238572002,0.190794809258731,0.146862120354825
420,0.418084423539314,0.232023448734304,0.217294683481912,0.187631241909896,0.187010622123131,0.143266847840142
449,0.441731771836077,0.222081350052879,0.245075200706715,0.155233599845476,0.165869963138432,0.140279459933373
384,0.456708871220304,0.261497815323131,0.219672052767678,0.272806580486754,0.249561781327291,0.141873944585676
332,0.433254223593108,0.208860644258667,0.216509434133377,0.176522456496951,0.163123316426449,0.146237238572002
179,0.354161056920203,0.140279459933373,0.151189670120080,0.214175622695954,0.142702524367706,0.143266847840142
473,0.469720411442728,0.243298519444439,0.216509434133377,0.193398287644562,0.169237834303805,0.140279459933373
356,0.393155485097713,0.184568357977156,0.190794809258731,0.192741366843982,0.173309128978783,0.140279459933373
601,0.446424815327873,0.299924552865763,0.294052217151829,0.276626749501763,0.190154027575454,0.155619579790919
484,0.426633199381427,0.235439936165745,0.236301613614802,0.199491561253654,0.183371292540019,0.154470991130581
487,0.446424815327873,0.183967824035887,0.231177046607856,0.203733362812729,0.173835068385563,0.159237162188545
496,0.420938564569721,0.196066256873814,0.225342219919308,0.150492979148870,0.177624558944457,0.188884569174318
319,0.35612665264182,0.165869963138432,0.184568357977156,0.207376318697083,0.155233599845476,0.148143904307162
374,0.394120687044045,0.206639944148685,0.206639944148685,0.199491561253654,0.140279459933373,0.145018731380577
478,0.429473753439024,0.23977753355553,0.237166246337142,0.172268685450245,0.184568357977156,0.141066417195949
356,0.399901217123282,0.16357228121085,0.167772573247934,0.203016510694019,0.140279459933373,0.140279459933373
414,0.353177756395209,0.158410531669826,0.223704949036996,0.227823271636467,0.325551793923222,0.170736402643872
341,0.45297556976512,0.180448444205294,0.201594638931909,0.194724220966719,0.159237162188545,0.148471133452426
404,0.394120687044045,0.194724220966719,0.215727826366646,0.171754154191287,0.164940248736627,0.161362102255135
638,0.484491855840873,0.231177046607856,0.257786672914962,0.140279459933373,0.184568357977156,0.143840891542185
479,0.415225700022613,0.244185541162083,0.190794809258731,0.218876016213984,0.157195124574254,0.140539522938054
646,0.445487145704544,0.242414171861771,0.190794809258731,0.205178843545358,0.181025063276694,0.141066417195949
424,0.427580548847338,0.225342219919308,0.243298519444439,0.208116557082828,0.193398287644562,0.204454144375473
352,0.384446102799712,0.194059239855938,0.157597013980819,0.188884569174318,0.149469410107982,0.143266847840142
384,0.441731771836077,0.231177046607856,0.213405068833102,0.217294683481912,0.168257318749387,0.140801836156987
362,0.389289635189169,0.161362102255135,0.173835068385563,0.161362102255135,0.160930368981928,0.147497624383717
457,0.430419611243593,0.175977245746161,0.205178843545358,0.169733635746363,0.160077057692081,0.140279459933373
248,0.439851241970584,0.246862287018223,0.197424363331222,0.299924552865763,0.388321919900050,0.190154027575454
355,0.403744670601839,0.246862287018223,0.246862287018223,0.200889639762023,0.192088479379025,0.181605650010004
323,0.427580548847338,0.232872971194181,0.187631241909896,0.180448444205294,0.156008702799071,0.140279459933373
643,0.468793774829766,0.245967461561916,0.215727826366646,0.207376318697083,0.205178843545358,0.140279459933373
369,0.435141512434088,0.207376318697083,0.23033379664679,0.187010622123131,0.194059239855938,0.140279459933373
421,0.427580548847338,0.222891426963376,0.219672052767678,0.185781454960399,0.166814026627726,0.160502026996677
351,0.367888982200334,0.172268685450245,0.226165913043895,0.167772573247934,0.150839880430613,0.140279459933373
311,0.39893907178823,0.178742307944130,0.210360301592275,0.145622826217966,0.167772573247934,0.140279459933373
205,0.347271459448055,0.295029198942614,0.297964434643167,0.293075998312143,0.238033800236652,0.170736402643872
255,0.456708871220304,0.218876016213984,0.173835068385563,0.187010622123131,0.151897993103576,0.140279459933373
394,0.427580548847338,0.198109430350217,0.233725581744281,0.140279459933373,0.197424363331222,0.140279459933373
376,0.383475920330798,0.198798498578782,0.185172899926102,0.33543232376894,0.429473753439024,0.225342219919308
434,0.439851241970584,0.210360301592275,0.204454144375473,0.212638240623736,0.162235816543637,0.144720505822661
213,0.375697185802696,0.160930368981928,0.218083551882790,0.171754154191287,0.178742307944130,0.172268685450245
429,0.408537424783786,0.187010622123131,0.222081350052879,0.153720720340875,0.166814026627726,0.140279459933373
531,0.448298759169222,0.255024990396885,0.203733362812729,0.181025063276694,0.165403320798019,0.181025063276694
359,0.434198112267997,0.205178843545358,0.177071557205383,0.205907447843523,0.148801114525785,0.16634019279706
347,0.429473753439024,0.198798498578782,0.233725581744281,0.156796455796649,0.164480729737195,0.140279459933373
426,0.441731771836077,0.190154027575454,0.225342219919308,0.170736402643872,0.154470991130581,0.140279459933373
330,0.388321919900050,0.194059239855938,0.215727826366646,0.161362102255135,0.165403320798019,0.140279459933373
458,0.427580548847338,0.202303599215116,0.226165913043895,0.174898448025698,0.178742307944130,0.140279459933373
162,0.32950458986508,0.145319498566922,0.171754154191287,0.172787005806565,0.165869963138432,0.143840891542185
442,0.443610401564419,0.205178843545358,0.227823271636467,0.188884569174318,0.149469410107982,0.145928733232941
261,0.419036311953547,0.161362102255135,0.186394027664835,0.205907447843523,0.185172899926102,0.14298348025674
414,0.43702685358426,0.330492731245164,0.312714190948075,0.208860644258667,0.188255890082703,0.150492979148870
404,0.435141512434088,0.210360301592275,0.218876016213984,0.205178843545358,0.307786743279463,0.14298348025674
457,0.444549008408857,0.197424363331222,0.193398287644562,0.190794809258731,0.164024746412181,0.140279459933373
458,0.450170855356869,0.266179795115631,0.235439936165745,0.222081350052879,0.160077057692081,0.140279459933373
438,0.479886604427388,0.226992939983781,0.245075200706715,0.156796455796649,0.179875784505171,0.140279459933373
442,0.435141512434088,0.220471637257467,0.222891426963376,0.151542367809210,0.140279459933373,0.140279459933373
619,0.463225147278761,0.242414171861771,0.183371292540019,0.255024990396885,0.149807763529887,0.148471133452426
439,0.418084423539314,0.196743303664015,0.224521889216861,0.191439626593958,0.154850743467635,0.140279459933373
222,0.311728055196152,0.160930368981928,0.16634019279706,0.192088479379025,0.162677834203278,0.140279459933373
387,0.434198112267997,0.216509434133377,0.198798498578782,0.202303599215116,0.152618104976752,0.140279459933373
914,0.49459052794554,0.280468392646033,0.228656878414890,0.165869963138432,0.182778757451073,0.140279459933373
552,0.439851241970584,0.216509434133377,0.228656878414890,0.182190212262849,0.163123316426449,0.148801114525785
436,0.423788147113161,0.211875157547888,0.224521889216861,0.140279459933373,0.190794809258731,0.187010622123131
375,0.441731771836077,0.186394027664835,0.192741366843982,0.146548361254107,0.163123316426449,0.140279459933373
345,0.417132025922147,0.216509434133377,0.200889639762023,0.194724220966719,0.154470991130581,0.168257318749387
371,0.410450927071570,0.247759640188542,0.203733362812729,0.201594638931909,0.165869963138432,0.145319498566922
591,0.453909567952752,0.248659484023583,0.207376318697083,0.200188610986799,0.171754154191287,0.162677834203278
433,0.424736999725661,0.208116557082828,0.245075200706715,0.140279459933373,0.170233153496669,0.140279459933373
441,0.457641082102348,0.252283020211930,0.241532534498303,0.205907447843523,0.222081350052879,0.203016510694019
446,0.456708871220304,0.206639944148685,0.214949882112267,0.146548361254107,0.193398287644562,0.146862120354825
401,0.433254223593108,0.205907447843523,0.219672052767678,0.222891426963376,0.144424803121843,0.160077057692081
180,0.40566331506169,0.190154027575454,0.168745733831007,0.375697185802696,0.491840713366392,0.261497815323131
481,0.42188893060604,0.226992939983781,0.229493730258852,0.211875157547888,0.183967824035887,0.163123316426449
445,0.412362374614871,0.211875157547888,0.154850743467635,0.211115838461421,0.179875784505171,0.150839880430613
575,0.465083048709257,0.247759640188542,0.233725581744281,0.16357228121085,0.144131604573628,0.140279459933373
534,0.486331294331022,0.280468392646033,0.211875157547888,0.221274744825972,0.197424363331222,0.194724220966719
472,0.409494432911366,0.195393227873188,0.204454144375473,0.205178843545358,0.140279459933373,0.155233599845476
479,0.455776216619560,0.226992939983781,0.249561781327291,0.140279459933373,0.185781454960399,0.140279459933373
390,0.454843116219575,0.240653643199231,0.229493730258852,0.203016510694019,0.140279459933373,0.140279459933373
454,0.451106215483896,0.200889639762023,0.173835068385563,0.223704949036996,0.141873944585676,0.140279459933373
460,0.44923503724365,0.184568357977156,0.187631241909896,0.207376318697083,0.140279459933373,0.140279459933373
843,0.485411763012758,0.265239772398733,0.284329312589461,0.169733635746363,0.190154027575454,0.154094323280450
460,0.422838791105066,0.267121556704060,0.260567046745838,0.205178843545358,0.209608564537159,0.227823271636467
284,0.355144025044986,0.189517281185082,0.215727826366646,0.164024746412181,0.179875784505171,0.142147774681471
246,0.381534098529382,0.182190212262849,0.212638240623736,0.177624558944457,0.188255890082703,0.165869963138432
313,0.459504181093247,0.224521889216861,0.238033800236652,0.202303599215116,0.155233599845476,0.170736402643872
373,0.45297556976512,0.232872971194181,0.220471637257467,0.208860644258667,0.162235816543637,0.151897993103576
317,0.419036311953547,0.187631241909896,0.212638240623736,0.155233599845476,0.173835068385563,0.145928733232941
527,0.447362019176649,0.219672052767678,0.209608564537159,0.202303599215116,0.150492979148870,0.140279459933373
384,0.412362374614871,0.217294683481912,0.211115838461421,0.200889639762023,0.140279459933373,0.145622826217966
561,0.440791745314472,0.223704949036996,0.215727826366646,0.194724220966719,0.175977245746161,0.140279459933373
468,0.437968797820157,0.256863984839407,0.247759640188542,0.203733362812729,0.154470991130581,0.140279459933373
446,0.394120687044045,0.223704949036996,0.200188610986799,0.241532534498303,0.152618104976752,0.144720505822661
532,0.433254223593108,0.246862287018223,0.219672052767678,0.187010622123131,0.165403320798019,0.154470991130581
467,0.408537424783786,0.211875157547888,0.208860644258667,0.199491561253654,0.160930368981928,0.140279459933373
357,0.42188893060604,0.184568357977156,0.226165913043895,0.172268685450245,0.177624558944457,0.141333283747465
379,0.470646634478409,0.207376318697083,0.238904240888872,0.175977245746161,0.148801114525785,0.140279459933373
559,0.455776216619560,0.194059239855938,0.208860644258667,0.206639944148685,0.158822198286243,0.140279459933373
346,0.433254223593108,0.198798498578782,0.23977753355553,0.190154027575454,0.154470991130581,0.181025063276694
539,0.445487145704544,0.267121556704060,0.270905253648299,0.235439936165745,0.187010622123131,0.146237238572002
422,0.44923503724365,0.208860644258667,0.23977753355553,0.175435913518267,0.143552645462116,0.150492979148870
416,0.364953752682284,0.244185541162083,0.243298519444439,0.178181472416481,0.175977245746161,0.178181472416481
408,0.395085382089401,0.195393227873188,0.216509434133377,0.192088479379025,0.200889639762023,0.160077057692081
293,0.379590352485876,0.155233599845476,0.194059239855938,0.180448444205294,0.151189670120080,0.160930368981928
426,0.420938564569721,0.181025063276694,0.189517281185082,0.198798498578782,0.172787005806565,0.140279459933373
436,0.368866547920421,0.246862287018223,0.255024990396885,0.189517281185082,0.140279459933373,0.157597013980819
462,0.446424815327873,0.222891426963376,0.204454144375473,0.209608564537159,0.160077057692081,0.140279459933373
362,0.439851241970584,0.216509434133377,0.207376318697083,0.205907447843523,0.140279459933373,0.160930368981928
479,0.439851241970584,0.204454144375473,0.223704949036996,0.162677834203278,0.147178535004063,0.146237238572002
488,0.419036311953547,0.214175622695954,0.196743303664015,0.165403320798019,0.140279459933373,0.140279459933373
542,0.460435073421994,0.232872971194181,0.232023448734304,0.153720720340875,0.147178535004063,0.140279459933373
387,0.410450927071570,0.203016510694019,0.218876016213984,0.140279459933373,0.170233153496669,0.140279459933373
367,0.412362374614871,0.184568357977156,0.224521889216861,0.205178843545358,0.183371292540019,0.164940248736627
459,0.448298759169222,0.242414171861771,0.211875157547888,0.198798498578782,0.140279459933373,0.140279459933373
495,0.441731771836077,0.188255890082703,0.207376318697083,0.203733362812729,0.144720505822661,0.140279459933373
441,0.414271770359505,0.200889639762023,0.211115838461421,0.189517281185082,0.142423961905656,0.140279459933373
372,0.446424815327873,0.225342219919308,0.200188610986799,0.192088479379025,0.149807763529887,0.140279459933373
501,0.403744670601839,0.244185541162083,0.214175622695954,0.226992939983781,0.156400988328558,0.140279459933373
631,0.44923503724365,0.253194757033311,0.219672052767678,0.192741366843982,0.153350162717428,0.148801114525785
370,0.440791745314472,0.199491561253654,0.218876016213984,0.166814026627726,0.188255890082703,0.140279459933373
376,0.430419611243593,0.219672052767678,0.191439626593958,0.202303599215116,0.152982630801945,0.140279459933373
579,0.441731771836077,0.242414171861771,0.226165913043895,0.226992939983781,0.140279459933373,0.153350162717428
320,0.441731771836077,0.218083551882790,0.235439936165745,0.172268685450245,0.162235816543637,0.155233599845476
390,0.441731771836077,0.202303599215116,0.189517281185082,0.162677834203278,0.146237238572002,0.143266847840142
494,0.437968797820157,0.222081350052879,0.192741366843982,0.199491561253654,0.140279459933373,0.140279459933373
423,0.409494432911366,0.193398287644562,0.188255890082703,0.198109430350217,0.164940248736627,0.150839880430613
437,0.429473753439024,0.265239772398733,0.241532534498303,0.236301613614802,0.206639944148685,0.203733362812729
572,0.428527399760189,0.238033800236652,0.226165913043895,0.210360301592275,0.174898448025698,0.150492979148870
501,0.467866722440866,0.226992939983781,0.222081350052879,0.172787005806565,0.197424363331222,0.140279459933373
463,0.440791745314472,0.235439936165745,0.216509434133377,0.194059239855938,0.158002143279100,0.140279459933373
491,0.462295554374572,0.220471637257467,0.212638240623736,0.208860644258667,0.151189670120080,0.146862120354825
599,0.579418047575081,0.308771540986705,0.32159942528535,0.220471637257467,0.237166246337142,0.145319498566922
515,0.436084425669404,0.188884569174318,0.200889639762023,0.179307075461499,0.156008702799071,0.140279459933373
375,0.447362019176649,0.200188610986799,0.177624558944457,0.218083551882790,0.198798498578782,0.150839880430613
468,0.43702685358426,0.187631241909896,0.254108759679802,0.159655442358187,0.179875784505171,0.170233153496669
430,0.361034414931008,0.189517281185082,0.214949882112267,0.241532534498303,0.272806580486754,0.157597013980819
562,0.43702685358426,0.233725581744281,0.225342219919308,0.175977245746161,0.171754154191287,0.160077057692081
257,0.518295090270738,0.397976414823837,0.342342090635241,0.358090854945044,0.297964434643167,0.198109430350217
444,0.467866722440866,0.275669606701894,0.296006914761259,0.205907447843523,0.208116557082828,0.152618104976752
318,0.425685350085428,0.182778757451073,0.168257318749387,0.185172899926102,0.174364837136968,0.140279459933373
392,0.437968797820157,0.217294683481912,0.206639944148685,0.201594638931909,0.154470991130581,0.150492979148870
328,0.349241401529061,0.155619579790919,0.200188610986799,0.157195124574254,0.165869963138432,0.140279459933373
422,0.436084425669404,0.222081350052879,0.208116557082828,0.220471637257467,0.156008702799071,0.140279459933373
440,0.466011361565902,0.242414171861771,0.214949882112267,0.216509434133377,0.196743303664015,0.182778757451073
363,0.362014841934518,0.210360301592275,0.235439936165745,0.192741366843982,0.140279459933373,0.140279459933373
410,0.411406907527978,0.183967824035887,0.200188610986799,0.168745733831007,0.164480729737195,0.142702524367706
417,0.404704249910189,0.198109430350217,0.172268685450245,0.198109430350217,0.140279459933373,0.140279459933373
408,0.420938564569721,0.184568357977156,0.243298519444439,0.179307075461499,0.140279459933373,0.140279459933373
416,0.419036311953547,0.232872971194181,0.255024990396885,0.147819407725247,0.155619579790919,0.169237834303805
391,0.420938564569721,0.234581247743386,0.224521889216861,0.180448444205294,0.142423961905656,0.140279459933373
451,0.419987692000204,0.232872971194181,0.192741366843982,0.180448444205294,0.194059239855938,0.140539522938054
397,0.351210191887716,0.179307075461499,0.205178843545358,0.167291481291287,0.158410531669826,0.140279459933373
294,0.440791745314472,0.200889639762023,0.228656878414890,0.158822198286243,0.160930368981928,0.140279459933373
355,0.412362374614871,0.271855157449252,0.226165913043895,0.213405068833102,0.183371292540019,0.148801114525785
416,0.485411763012758,0.290152214217331,0.275669606701894,0.159237162188545,0.163123316426449,0.164024746412181
307,0.379590352485876,0.215727826366646,0.162235816543637,0.451106215483896,0.566024855998128,0.316661303992259
391,0.428527399760189,0.200188610986799,0.225342219919308,0.146862120354825,0.192741366843982,0.156400988328558
391,0.402784577338547,0.207376318697083,0.206639944148685,0.203016510694019,0.150839880430613,0.140279459933373
544,0.40566331506169,0.249561781327291,0.237166246337142,0.23033379664679,0.182778757451073,0.151897993103576
356,0.426633199381427,0.204454144375473,0.235439936165745,0.196066256873814,0.140279459933373,0.140801836156987
418,0.477118801080669,0.302869127130412,0.269010148553487,0.234581247743386,0.187010622123131,0.141333283747465
404,0.410450927071570,0.223704949036996,0.232872971194181,0.196743303664015,0.194059239855938,0.157597013980819
319,0.460435073421994,0.194059239855938,0.259638241659144,0.191439626593958,0.242414171861771,0.173309128978783
517,0.474347434968947,0.232023448734304,0.182778757451073,0.213405068833102,0.154850743467635,0.140279459933373
391,0.451106215483896,0.210360301592275,0.216509434133377,0.191439626593958,0.180448444205294,0.153350162717428
410,0.414271770359505,0.206639944148685,0.209608564537159,0.169733635746363,0.190794809258731,0.157597013980819
368,0.456708871220304,0.198109430350217,0.182778757451073,0.190794809258731,0.152618104976752,0.140279459933373
507,0.448298759169222,0.227823271636467,0.223704949036996,0.181025063276694,0.170736402643872,0.170736402643872
433,0.428527399760189,0.207376318697083,0.174898448025698,0.218083551882790,0.164480729737195,0.168745733831007
329,0.429473753439024,0.222891426963376,0.241532534498303,0.196066256873814,0.151897993103576,0.146548361254107
443,0.426633199381427,0.211115838461421,0.179875784505171,0.209608564537159,0.152256565618780,0.140279459933373
888,0.57763477259731,0.318636108753548,0.294052217151829,0.218083551882790,0.179307075461499,0.144131604573628
334,0.40566331506169,0.212638240623736,0.185781454960399,0.185781454960399,0.161797245314680,0.147178535004063
367,0.437968797820157,0.227823271636467,0.198109430350217,0.185781454960399,0.140279459933373,0.145319498566922
398,0.437968797820157,0.241532534498303,0.201594638931909,0.149807763529887,0.211875157547888,0.140279459933373
465,0.428527399760189,0.232023448734304,0.160077057692081,0.171243398019944,0.154094323280450,0.140279459933373
453,0.430419611243593,0.194059239855938,0.187010622123131,0.190794809258731,0.145319498566922,0.140279459933373
436,0.466011361565902,0.219672052767678,0.256863984839407,0.190794809258731,0.158410531669826,0.140279459933373
183,0.418084423539314,0.192088479379025,0.200889639762023,0.362994878061971,0.487250452013843,0.219672052767678
352,0.462295554374572,0.218876016213984,0.206639944148685,0.140279459933373,0.171754154191287,0.148143904307162
446,0.436084425669404,0.211115838461421,0.205907447843523,0.180448444205294,0.140279459933373,0.157597013980819
485,0.426633199381427,0.214949882112267,0.211875157547888,0.186394027664835,0.183371292540019,0.140279459933373
397,0.41331732873535,0.226992939983781,0.200889639762023,0.203016510694019,0.140279459933373,0.140279459933373
482,0.428527399760189,0.209608564537159,0.210360301592275,0.222081350052879,0.148801114525785,0.152618104976752
469,0.467866722440866,0.255024990396885,0.251373586915138,0.222891426963376,0.158822198286243,0.150839880430613
431,0.440791745314472,0.214949882112267,0.234581247743386,0.168745733831007,0.192741366843982,0.140279459933373
479,0.451106215483896,0.238904240888872,0.236301613614802,0.197424363331222,0.160930368981928,0.140279459933373
366,0.37179664134119,0.192741366843982,0.193398287644562,0.226165913043895,0.273759486818862,0.160930368981928
714,0.488169238277247,0.236301613614802,0.226165913043895,0.166814026627726,0.214949882112267,0.140279459933373
319,0.443610401564419,0.226165913043895,0.164940248736627,0.172787005806565,0.184568357977156,0.16634019279706
918,0.521016538660012,0.280468392646033,0.255024990396885,0.238033800236652,0.16357228121085,0.140279459933373
496,0.467866722440866,0.238904240888872,0.222081350052879,0.215727826366646,0.158002143279100,0.140279459933373
319,0.361034414931008,0.167291481291287,0.202303599215116,0.176522456496951,0.149469410107982,0.153350162717428
483,0.414271770359505,0.245075200706715,0.280468392646033,0.185781454960399,0.154850743467635,0.143840891542185
321,0.436084425669404,0.181025063276694,0.203016510694019,0.184568357977156,0.189517281185082,0.150492979148870
356,0.432309844864813,0.309756707604237,0.289179343702615,0.281431899695417,0.220471637257467,0.151542367809210
411,0.474347434968947,0.226992939983781,0.188255890082703,0.181605650010004,0.165869963138432,0.145928733232941
388,0.435141512434088,0.255943411389996,0.227823271636467,0.235439936165745,0.161362102255135,0.164940248736627
220,0.341355528691973,0.147819407725247,0.226165913043895,0.140279459933373,0.16634019279706,0.164940248736627
544,0.475271623239318,0.286266334773665,0.254108759679802,0.227823271636467,0.214175622695954,0.161362102255135
471,0.482650905054512,0.236301613614802,0.209608564537159,0.152618104976752,0.191439626593958,0.178742307944130
427,0.453909567952752,0.206639944148685,0.190154027575454,0.223704949036996,0.140279459933373,0.151897993103576
380,0.444549008408857,0.187631241909896,0.172268685450245,0.252283020211930,0.140279459933373,0.146862120354825
390,0.455776216619560,0.227823271636467,0.223704949036996,0.192088479379025,0.157597013980819,0.157195124574254
521,0.45297556976512,0.209608564537159,0.217294683481912,0.212638240623736,0.142147774681471,0.140279459933373
549,0.468793774829766,0.269010148553487,0.203733362812729,0.23033379664679,0.142423961905656,0.151189670120080
402,0.429473753439024,0.215727826366646,0.215727826366646,0.194724220966719,0.140279459933373,0.145319498566922
449,0.453909567952752,0.214949882112267,0.226992939983781,0.140279459933373,0.218083551882790,0.159655442358187
382,0.353177756395209,0.173309128978783,0.140279459933373,0.243298519444439,0.140279459933373,0.160502026996677
622,0.463225147278761,0.247759640188542,0.258711437790672,0.144424803121843,0.146237238572002,0.150839880430613
486,0.387353706987488,0.211115838461421,0.156400988328558,0.220471637257467,0.142423961905656,0.143840891542185
249,0.468793774829766,0.194059239855938,0.238904240888872,0.163123316426449,0.182190212262849,0.143840891542185
459,0.453909567952752,0.23033379664679,0.214949882112267,0.215727826366646,0.140279459933373,0.140279459933373
413,0.416179118323367,0.190794809258731,0.165403320798019,0.192741366843982,0.188884569174318,0.140279459933373
396,0.41331732873535,0.183371292540019,0.234581247743386,0.140279459933373,0.181605650010004,0.16357228121085
358,0.403744670601839,0.174364837136968,0.244185541162083,0.140279459933373,0.177624558944457,0.173835068385563
390,0.415225700022613,0.187631241909896,0.195393227873188,0.224521889216861,0.140279459933373,0.161362102255135
397,0.442671323317129,0.198109430350217,0.219672052767678,0.222081350052879,0.147497624383717,0.140279459933373
302,0.423788147113161,0.175977245746161,0.193398287644562,0.190794809258731,0.148471133452426,0.146548361254107
411,0.45297556976512,0.203016510694019,0.195393227873188,0.211875157547888,0.178742307944130,0.140279459933373
489,0.454843116219575,0.216509434133377,0.233725581744281,0.178742307944130,0.161797245314680,0.152256565618780
449,0.440791745314472,0.168745733831007,0.182778757451073,0.199491561253654,0.14298348025674,0.140279459933373
453,0.438910260048710,0.213405068833102,0.226992939983781,0.170736402643872,0.161797245314680,0.140279459933373
448,0.414271770359505,0.217294683481912,0.232023448734304,0.183371292540019,0.160930368981928,0.140279459933373
415,0.425685350085428,0.216509434133377,0.161797245314680,0.23033379664679,0.140279459933373,0.140279459933373
457,0.397976414823837,0.229493730258852,0.216509434133377,0.259638241659144,0.358090854945044,0.168257318749387
466,0.425685350085428,0.190154027575454,0.226165913043895,0.194724220966719,0.174898448025698,0.161362102255135
453,0.441731771836077,0.198798498578782,0.203733362812729,0.170233153496669,0.153350162717428,0.157195124574254
498,0.434198112267997,0.221274744825972,0.232872971194181,0.162677834203278,0.188884569174318,0.162235816543637
471,0.431364974573073,0.201594638931909,0.174364837136968,0.209608564537159,0.160930368981928,0.158410531669826
393,0.409494432911366,0.180448444205294,0.250466494772263,0.152618104976752,0.184568357977156,0.140279459933373
465,0.433254223593108,0.208116557082828,0.234581247743386,0.191439626593958,0.150148946700048,0.144131604573628
343,0.430419611243593,0.198798498578782,0.175435913518267,0.182190212262849,0.149807763529887,0.158002143279100
387,0.435141512434088,0.201594638931909,0.195393227873188,0.190154027575454,0.158822198286243,0.141602453589765
382,0.381534098529382,0.175977245746161,0.167772573247934,0.210360301592275,0.140279459933373,0.161362102255135
492,0.433254223593108,0.226992939983781,0.243298519444439,0.162677834203278,0.163123316426449,0.156796455796649
659,0.472497848634527,0.262430509724191,0.240653643199231,0.140279459933373,0.179875784505171,0.140279459933373
358,0.397013246974146,0.219672052767678,0.210360301592275,0.187010622123131,0.199491561253654,0.154094323280450
596,0.492757675678563,0.244185541162083,0.231177046607856,0.229493730258852,0.218876016213984,0.140279459933373
495,0.438910260048710,0.214175622695954,0.187010622123131,0.194724220966719,0.140279459933373,0.161797245314680
196,0.422838791105066,0.142423961905656,0.168745733831007,0.197424363331222,0.151897993103576,0.140279459933373
374,0.41331732873535,0.181605650010004,0.198798498578782,0.180448444205294,0.156400988328558,0.159655442358187
317,0.420938564569721,0.187631241909896,0.188884569174318,0.156400988328558,0.144131604573628,0.150148946700048
490,0.477118801080669,0.240653643199231,0.221274744825972,0.190154027575454,0.154470991130581,0.145928733232941
417,0.443610401564419,0.217294683481912,0.238033800236652,0.177071557205383,0.165403320798019,0.154470991130581
448,0.423788147113161,0.225342219919308,0.205178843545358,0.211115838461421,0.157195124574254,0.171754154191287
620,0.509203854805391,0.296006914761259,0.258711437790672,0.271855157449252,0.33543232376894,0.224521889216861
258,0.416179118323367,0.166814026627726,0.198109430350217,0.177624558944457,0.167772573247934,0.140279459933373
447,0.443610401564419,0.211115838461421,0.238904240888872,0.150839880430613,0.165403320798019,0.144131604573628
450,0.427580548847338,0.231177046607856,0.209608564537159,0.211875157547888,0.171754154191287,0.140279459933373
336,0.397013246974146,0.219672052767678,0.192088479379025,0.192741366843982,0.147497624383717,0.140279459933373
429,0.416179118323367,0.174898448025698,0.210360301592275,0.176522456496951,0.165403320798019,0.160502026996677
500,0.39893907178823,0.193398287644562,0.198109430350217,0.178742307944130,0.171243398019944,0.140279459933373
385,0.416179118323367,0.178742307944130,0.208116557082828,0.172268685450245,0.148471133452426,0.140279459933373
502,0.469720411442728,0.191439626593958,0.233725581744281,0.151189670120080,0.168745733831007,0.140279459933373
446,0.444549008408857,0.233725581744281,0.213405068833102,0.213405068833102,0.170233153496669,0.183371292540019
362,0.402784577338547,0.207376318697083,0.236301613614802,0.141873944585676,0.171243398019944,0.140279459933373
406,0.426633199381427,0.179307075461499,0.247759640188542,0.140279459933373,0.161797245314680,0.140279459933373
425,0.376671178467619,0.175977245746161,0.215727826366646,0.140279459933373,0.216509434133377,0.153720720340875
451,0.426633199381427,0.198798498578782,0.225342219919308,0.183967824035887,0.150839880430613,0.166814026627726
339,0.362014841934518,0.157597013980819,0.169237834303805,0.232872971194181,0.203016510694019,0.166814026627726
489,0.432309844864813,0.222891426963376,0.243298519444439,0.158002143279100,0.140279459933373,0.140279459933373
402,0.414271770359505,0.185781454960399,0.240653643199231,0.140279459933373,0.200889639762023,0.157195124574254
401,0.39893907178823,0.212638240623736,0.200188610986799,0.197424363331222,0.174898448025698,0.144424803121843
384,0.453909567952752,0.232023448734304,0.219672052767678,0.203016510694019,0.162235816543637,0.145928733232941
347,0.41331732873535,0.192741366843982,0.207376318697083,0.167291481291287,0.140279459933373,0.140279459933373
369,0.41331732873535,0.155619579790919,0.23033379664679,0.161362102255135,0.156796455796649,0.140279459933373
368,0.370820382306947,0.183371292540019,0.195393227873188,0.174364837136968,0.171754154191287,0.162235816543637
355,0.40566331506169,0.182190212262849,0.186394027664835,0.165403320798019,0.158822198286243,0.140279459933373
374,0.39893907178823,0.158002143279100,0.202303599215116,0.164024746412181,0.148471133452426,0.163123316426449
293,0.39604956908159,0.190154027575454,0.196743303664015,0.209608564537159,0.164940248736627,0.140279459933373
273,0.383475920330798,0.161797245314680,0.206639944148685,0.179307075461499,0.170233153496669,0.145018731380577
529,0.445487145704544,0.257786672914962,0.218083551882790,0.207376318697083,0.198798498578782,0.178181472416481
391,0.480808424194665,0.237166246337142,0.228656878414890,0.211875157547888,0.181025063276694,0.174898448025698
403,0.410450927071570,0.201594638931909,0.232872971194181,0.161362102255135,0.172787005806565,0.159237162188545
407,0.457641082102348,0.218876016213984,0.238033800236652,0.173309128978783,0.167772573247934,0.142147774681471
519,0.424736999725661,0.198109430350217,0.232023448734304,0.170233153496669,0.184568357977156,0.140279459933373
256,0.458572851358513,0.201594638931909,0.197424363331222,0.192088479379025,0.160502026996677,0.150492979148870
389,0.377644706128292,0.170233153496669,0.196066256873814,0.153720720340875,0.161362102255135,0.163123316426449
425,0.435141512434088,0.222891426963376,0.223704949036996,0.218876016213984,0.140279459933373,0.140279459933373
399,0.395085382089401,0.221274744825972,0.183371292540019,0.188884569174318,0.160502026996677,0.147819407725247
419,0.426633199381427,0.23977753355553,0.206639944148685,0.181025063276694,0.210360301592275,0.140279459933373
342,0.359072414588444,0.155619579790919,0.201594638931909,0.182190212262849,0.140279459933373,0.140279459933373
405,0.40662186593712,0.210360301592275,0.169733635746363,0.167772573247934,0.140279459933373,0.150839880430613
482,0.39893907178823,0.193398287644562,0.205907447843523,0.209608564537159,0.152982630801945,0.148143904307162
280,0.431364974573073,0.212638240623736,0.218876016213984,0.142423961905656,0.164024746412181,0.140279459933373
349,0.395085382089401,0.172787005806565,0.188255890082703,0.174364837136968,0.153350162717428,0.168257318749387
647,0.556174158820723,0.272806580486754,0.271855157449252,0.224521889216861,0.193398287644562,0.171243398019944
310,0.433254223593108,0.208116557082828,0.181025063276694,0.208116557082828,0.195393227873188,0.140279459933373
564,0.441731771836077,0.248659484023583,0.273759486818862,0.140279459933373,0.199491561253654,0.145319498566922
357,0.426633199381427,0.203733362812729,0.203016510694019,0.173309128978783,0.150839880430613,0.140279459933373
391,0.411406907527978,0.209608564537159,0.208860644258667,0.207376318697083,0.140279459933373,0.147178535004063
420,0.402784577338547,0.219672052767678,0.198109430350217,0.224521889216861,0.145018731380577,0.140539522938054
527,0.478964395469008,0.240653643199231,0.234581247743386,0.169237834303805,0.172268685450245,0.143552645462116
304,0.414271770359505,0.192088479379025,0.188255890082703,0.198109430350217,0.140279459933373,0.170736402643872
470,0.426633199381427,0.191439626593958,0.217294683481912,0.140279459933373,0.185781454960399,0.140279459933373
408,0.464154311336516,0.23977753355553,0.192741366843982,0.182778757451073,0.191439626593958,0.174364837136968
483,0.430419611243593,0.205907447843523,0.235439936165745,0.178742307944130,0.140279459933373,0.140279459933373
518,0.483571570595327,0.255024990396885,0.234581247743386,0.23033379664679,0.150839880430613,0.155233599845476
388,0.394120687044045,0.179875784505171,0.187631241909896,0.211115838461421,0.140279459933373,0.140279459933373
474,0.385415796280043,0.169733635746363,0.203016510694019,0.168257318749387,0.143840891542185,0.149807763529887
419,0.418084423539314,0.238904240888872,0.222081350052879,0.347271459448055,0.42188893060604,0.204454144375473
362,0.372772455485757,0.203016510694019,0.218876016213984,0.178181472416481,0.140279459933373,0.140279459933373
549,0.455776216619560,0.229493730258852,0.219672052767678,0.140279459933373,0.179875784505171,0.140279459933373
512,0.438910260048710,0.209608564537159,0.190154027575454,0.178742307944130,0.157597013980819,0.140279459933373
365,0.384446102799712,0.192741366843982,0.214175622695954,0.194059239855938,0.160502026996677,0.150492979148870
563,0.491840713366392,0.255943411389996,0.214949882112267,0.200889639762023,0.177071557205383,0.16357228121085
632,0.56334084744967,0.281431899695417,0.282396577544332,0.302869127130412,0.164024746412181,0.147819407725247
358,0.428527399760189,0.193398287644562,0.180448444205294,0.199491561253654,0.168745733831007,0.150839880430613
440,0.39893907178823,0.186394027664835,0.187010622123131,0.207376318697083,0.142702524367706,0.155233599845476
312,0.403744670601839,0.222081350052879,0.214949882112267,0.194724220966719,0.177071557205383,0.167772573247934
545,0.458572851358513,0.251373586915138,0.232872971194181,0.192088479379025,0.164940248736627,0.140801836156987
391,0.410450927071570,0.219672052767678,0.208860644258667,0.179307075461499,0.223704949036996,0.151189670120080
350,0.347271459448055,0.173835068385563,0.184568357977156,0.183967824035887,0.188255890082703,0.142147774681471
374,0.442671323317129,0.236301613614802,0.255943411389996,0.162235816543637,0.172268685450245,0.140279459933373
383,0.402784577338547,0.186394027664835,0.218083551882790,0.192741366843982,0.140279459933373,0.157195124574254
642,0.503733909185275,0.227823271636467,0.214949882112267,0.192741366843982,0.140279459933373,0.140279459933373
552,0.506470348170507,0.229493730258852,0.214175622695954,0.238033800236652,0.160502026996677,0.145319498566922
169,0.280468392646033,0.140279459933373,0.187010622123131,0.165403320798019,0.163123316426449,0.181605650010004
359,0.372772455485757,0.193398287644562,0.229493730258852,0.169237834303805,0.14298348025674,0.152618104976752
365,0.430419611243593,0.23977753355553,0.165403320798019,0.200889639762023,0.166814026627726,0.144720505822661
576,0.469720411442728,0.233725581744281,0.228656878414890,0.211115838461421,0.153720720340875,0.176522456496951
632,0.462295554374572,0.286266334773665,0.275669606701894,0.188255890082703,0.217294683481912,0.149807763529887
459,0.447362019176649,0.228656878414890,0.193398287644562,0.235439936165745,0.185172899926102,0.144424803121843
427,0.448298759169222,0.217294683481912,0.228656878414890,0.188884569174318,0.158822198286243,0.150148946700048
591,0.490005705397473,0.267121556704060,0.244185541162083,0.224521889216861,0.167772573247934,0.173309128978783
178,0.334444602573969,0.145622826217966,0.199491561253654,0.165869963138432,0.162677834203278,0.140279459933373
477,0.474347434968947,0.244185541162083,0.200188610986799,0.190794809258731,0.156796455796649,0.152618104976752
233,0.415225700022613,0.244185541162083,0.253194757033311,0.248659484023583,0.368866547920421,0.155233599845476
374,0.455776216619560,0.202303599215116,0.208116557082828,0.172268685450245,0.192741366843982,0.140279459933373
499,0.416179118323367,0.190794809258731,0.205178843545358,0.177624558944457,0.161362102255135,0.159655442358187
563,0.456708871220304,0.255024990396885,0.246862287018223,0.155619579790919,0.161362102255135,0.165403320798019
516,0.438910260048710,0.196743303664015,0.228656878414890,0.158410531669826,0.175977245746161,0.140279459933373
451,0.484491855840873,0.235439936165745,0.243298519444439,0.154850743467635,0.147178535004063,0.165869963138432
478,0.429473753439024,0.196066256873814,0.223704949036996,0.156796455796649,0.150148946700048,0.160077057692081
473,0.436084425669404,0.212638240623736,0.195393227873188,0.164480729737195,0.16634019279706,0.151542367809210
357,0.428527399760189,0.238904240888872,0.217294683481912,0.199491561253654,0.222081350052879,0.140539522938054
403,0.427580548847338,0.180448444205294,0.229493730258852,0.173835068385563,0.140279459933373,0.148801114525785
417,0.37179664134119,0.200188610986799,0.205907447843523,0.190794809258731,0.140279459933373,0.140279459933373
419,0.444549008408857,0.195393227873188,0.197424363331222,0.192741366843982,0.186394027664835,0.198798498578782
471,0.434198112267997,0.186394027664835,0.195393227873188,0.162235816543637,0.173309128978783,0.150492979148870
602,0.484491855840873,0.26806502014066,0.241532534498303,0.171754154191287,0.157195124574254,0.140279459933373
310,0.411406907527978,0.170233153496669,0.179307075461499,0.171243398019944,0.140279459933373,0.142147774681471
270,0.387353706987488,0.180448444205294,0.184568357977156,0.217294683481912,0.141066417195949,0.140279459933373
558,0.426633199381427,0.226165913043895,0.232023448734304,0.148801114525785,0.198109430350217,0.140279459933373
430,0.416179118323367,0.205907447843523,0.205178843545358,0.181025063276694,0.171754154191287,0.151542367809210
441,0.393155485097713,0.179875784505171,0.232023448734304,0.205178843545358,0.161362102255135,0.14298348025674
380,0.450170855356869,0.226165913043895,0.214949882112267,0.203016510694019,0.145928733232941,0.151897993103576
421,0.454843116219575,0.192741366843982,0.203016510694019,0.188884569174318,0.140279459933373,0.140279459933373
514,0.461365530470573,0.258711437790672,0.258711437790672,0.168745733831007,0.150148946700048,0.159237162188545
444,0.532779695838002,0.232023448734304,0.190154027575454,0.222891426963376,0.142423961905656,0.147497624383717
528,0.461365530470573,0.229493730258852,0.232872971194181,0.232023448734304,0.140279459933373,0.149807763529887
358,0.437968797820157,0.221274744825972,0.221274744825972,0.186394027664835,0.150492979148870,0.140279459933373
295,0.409494432911366,0.188884569174318,0.183371292540019,0.182190212262849,0.178181472416481,0.161797245314680
417,0.442671323317129,0.221274744825972,0.232872971194181,0.156008702799071,0.200188610986799,0.173835068385563
432,0.427580548847338,0.221274744825972,0.185781454960399,0.197424363331222,0.165869963138432,0.167772573247934
456,0.425685350085428,0.229493730258852,0.214949882112267,0.245967461561916,0.158410531669826,0.140279459933373
477,0.445487145704544,0.242414171861771,0.246862287018223,0.162235816543637,0.185781454960399,0.140279459933373
442,0.501907959152939,0.265239772398733,0.231177046607856,0.225342219919308,0.165869963138432,0.140279459933373
302,0.337407372460796,0.192741366843982,0.172787005806565,0.191439626593958,0.140279459933373,0.149133866930996
552,0.461365530470573,0.233725581744281,0.212638240623736,0.231177046607856,0.140279459933373,0.157597013980819
467,0.43702685358426,0.195393227873188,0.204454144375473,0.195393227873188,0.140279459933373,0.140279459933373
251,0.42188893060604,0.214175622695954,0.246862287018223,0.164480729737195,0.181025063276694,0.16357228121085
492,0.491840713366392,0.255943411389996,0.269956905233921,0.178181472416481,0.179307075461499,0.182190212262849
443,0.415225700022613,0.185172899926102,0.193398287644562,0.181605650010004,0.140279459933373,0.140279459933373
419,0.411406907527978,0.183371292540019,0.203016510694019,0.188884569174318,0.165403320798019,0.168257318749387
469,0.440791745314472,0.189517281185082,0.177071557205383,0.208860644258667,0.141873944585676,0.140279459933373
281,0.415225700022613,0.240653643199231,0.214949882112267,0.201594638931909,0.175435913518267,0.155619579790919
593,0.463225147278761,0.226992939983781,0.208860644258667,0.183371292540019,0.140279459933373,0.159237162188545
545,0.453909567952752,0.26336509235663,0.198109430350217,0.223704949036996,0.174364837136968,0.140279459933373
460,0.437968797820157,0.208860644258667,0.178181472416481,0.194059239855938,0.140279459933373,0.140279459933373
445,0.429473753439024,0.202303599215116,0.205178843545358,0.187631241909896,0.142423961905656,0.144424803121843
404,0.55975922935761,0.358090854945044,0.300905518027404,0.214175622695954,0.227823271636467,0.165403320798019
426,0.437968797820157,0.211115838461421,0.225342219919308,0.192088479379025,0.194059239855938,0.169733635746363
446,0.387353706987488,0.195393227873188,0.224521889216861,0.154094323280450,0.164024746412181,0.140279459933373
505,0.447362019176649,0.222081350052879,0.214949882112267,0.174364837136968,0.170736402643872,0.140801836156987
311,0.403744670601839,0.167772573247934,0.235439936165745,0.140801836156987,0.156400988328558,0.154094323280450
175,0.323575487390111,0.160077057692081,0.208116557082828,0.195393227873188,0.154094323280450,0.142702524367706
421,0.423788147113161,0.212638240623736,0.175435913518267,0.196066256873814,0.172268685450245,0.148801114525785
314,0.40182397040703,0.176522456496951,0.140279459933373,0.216509434133377,0.166814026627726,0.140279459933373
373,0.372772455485757,0.181605650010004,0.164940248736627,0.183967824035887,0.176522456496951,0.143266847840142
476,0.441731771836077,0.193398287644562,0.182778757451073,0.172268685450245,0.171243398019944,0.14298348025674
487,0.419036311953547,0.214949882112267,0.220471637257467,0.152618104976752,0.150492979148870,0.140279459933373
396,0.436084425669404,0.200889639762023,0.211875157547888,0.195393227873188,0.156400988328558,0.140279459933373
440,0.468793774829766,0.204454144375473,0.212638240623736,0.229493730258852,0.140279459933373,0.150839880430613
426,0.407579902497849,0.218876016213984,0.235439936165745,0.140279459933373,0.178742307944130,0.140279459933373
340,0.382505251364152,0.194059239855938,0.144131604573628,0.198109430350217,0.158002143279100,0.181605650010004
347,0.415225700022613,0.205178843545358,0.237166246337142,0.153350162717428,0.172787005806565,0.151542367809210
455,0.39893907178823,0.192088479379025,0.177624558944457,0.199491561253654,0.177071557205383,0.140279459933373
835,0.513753336846181,0.326539995183568,0.272806580486754,0.226165913043895,0.207376318697083,0.162677834203278
512,0.442671323317129,0.238033800236652,0.211875157547888,0.190794809258731,0.156400988328558,0.140279459933373
270,0.354161056920203,0.156400988328558,0.206639944148685,0.156008702799071,0.172787005806565,0.169733635746363
419,0.43702685358426,0.190154027575454,0.198109430350217,0.174364837136968,0.140279459933373,0.143840891542185
331,0.362994878061971,0.162235816543637,0.222081350052879,0.147178535004063,0.179307075461499,0.140279459933373
632,0.475271623239318,0.232872971194181,0.257786672914962,0.182778757451073,0.154094323280450,0.16357228121085
391,0.400862850180983,0.203733362812729,0.225342219919308,0.184568357977156,0.187631241909896,0.140279459933373
366,0.420938564569721,0.222081350052879,0.229493730258852,0.154850743467635,0.146237238572002,0.143552645462116
316,0.39893907178823,0.172787005806565,0.213405068833102,0.168257318749387,0.140279459933373,0.155619579790919
427,0.408537424783786,0.225342219919308,0.214175622695954,0.234581247743386,0.141066417195949,0.158410531669826
422,0.466011361565902,0.217294683481912,0.223704949036996,0.182778757451073,0.170233153496669,0.181025063276694
356,0.414271770359505,0.198109430350217,0.231177046607856,0.153350162717428,0.192741366843982,0.140279459933373
421,0.442671323317129,0.196066256873814,0.192741366843982,0.181605650010004,0.140279459933373,0.140279459933373
386,0.397976414823837,0.183371292540019,0.185172899926102,0.188884569174318,0.146862120354825,0.140539522938054
429,0.434198112267997,0.188255890082703,0.231177046607856,0.185172899926102,0.178742307944130,0.140279459933373
408,0.395085382089401,0.231177046607856,0.216509434133377,0.194059239855938,0.170233153496669,0.165403320798019
338,0.417132025922147,0.192088479379025,0.241532534498303,0.153350162717428,0.190794809258731,0.140279459933373
484,0.484491855840873,0.244185541162083,0.23977753355553,0.174364837136968,0.172268685450245,0.16357228121085
269,0.397013246974146,0.198798498578782,0.186394027664835,0.181605650010004,0.157195124574254,0.168257318749387
506,0.442671323317129,0.200889639762023,0.245075200706715,0.184568357977156,0.178181472416481,0.140279459933373
355,0.428527399760189,0.185172899926102,0.202303599215116,0.169237834303805,0.176522456496951,0.140279459933373
345,0.385415796280043,0.166814026627726,0.204454144375473,0.152256565618780,0.140279459933373,0.140279459933373
360,0.461365530470573,0.226992939983781,0.179307075461499,0.194059239855938,0.168745733831007,0.168257318749387
357,0.445487145704544,0.222081350052879,0.218083551882790,0.171754154191287,0.155619579790919,0.140279459933373
401,0.426633199381427,0.233725581744281,0.195393227873188,0.169733635746363,0.161797245314680,0.176522456496951
513,0.452041119617036,0.218876016213984,0.229493730258852,0.190794809258731,0.164480729737195,0.144131604573628
178,0.355144025044986,0.171754154191287,0.215727826366646,0.202303599215116,0.140279459933373,0.14298348025674
437,0.400862850180983,0.202303599215116,0.23977753355553,0.179875784505171,0.154850743467635,0.140279459933373
447,0.430419611243593,0.241532534498303,0.210360301592275,0.215727826366646,0.173835068385563,0.145319498566922
372,0.408537424783786,0.177071557205383,0.188884569174318,0.196743303664015,0.149807763529887,0.157597013980819
292,0.39893907178823,0.196066256873814,0.232023448734304,0.140279459933373,0.164024746412181,0.154850743467635
398,0.432309844864813,0.207376318697083,0.192741366843982,0.244185541162083,0.145928733232941,0.160077057692081
312,0.411406907527978,0.183371292540019,0.187010622123131,0.209608564537159,0.149469410107982,0.159237162188545
328,0.39893907178823,0.187631241909896,0.197424363331222,0.185172899926102,0.157597013980819,0.156008702799071
386,0.415225700022613,0.206639944148685,0.240653643199231,0.151542367809210,0.16634019279706,0.178742307944130
444,0.409494432911366,0.187010622123131,0.182778757451073,0.199491561253654,0.169733635746363,0.166814026627726
430,0.460435073421994,0.227823271636467,0.222891426963376,0.199491561253654,0.182190212262849,0.145319498566922
463,0.459504181093247,0.219672052767678,0.191439626593958,0.205907447843523,0.143552645462116,0.151897993103576
339,0.445487145704544,0.228656878414890,0.246862287018223,0.141602453589765,0.200889639762023,0.143840891542185
902,0.524641044535778,0.319623752397046,0.265239772398733,0.196743303664015,0.181605650010004,0.173835068385563
416,0.376671178467619,0.195393227873188,0.210360301592275,0.183371292540019,0.16357228121085,0.164024746412181
408,0.415225700022613,0.238904240888872,0.237166246337142,0.202303599215116,0.170233153496669,0.167291481291287
450,0.438910260048710,0.244185541162083,0.248659484023583,0.197424363331222,0.172268685450245,0.170736402643872
418,0.435141512434088,0.238904240888872,0.216509434133377,0.213405068833102,0.140279459933373,0.148143904307162
578,0.490923390673098,0.225342219919308,0.236301613614802,0.217294683481912,0.150148946700048,0.145319498566922
553,0.443610401564419,0.226165913043895,0.218876016213984,0.178742307944130,0.159655442358187,0.140279459933373
516,0.459504181093247,0.237166246337142,0.242414171861771,0.165869963138432,0.171243398019944,0.147819407725247
504,0.462295554374572,0.225342219919308,0.199491561253654,0.214949882112267,0.150148946700048,0.157195124574254
474,0.44923503724365,0.237166246337142,0.214175622695954,0.203733362812729,0.16634019279706,0.160502026996677
327,0.391223565654671,0.197424363331222,0.223704949036996,0.173835068385563,0.192741366843982,0.140279459933373
460,0.446424815327873,0.224521889216861,0.221274744825972,0.196743303664015,0.140279459933373,0.150492979148870
408,0.426633199381427,0.198109430350217,0.198109430350217,0.174898448025698,0.185172899926102,0.161797245314680
471,0.428527399760189,0.201594638931909,0.203733362812729,0.150148946700048,0.182190212262849,0.141333283747465
366,0.440791745314472,0.210360301592275,0.218876016213984,0.207376318697083,0.168257318749387,0.156400988328558
439,0.418084423539314,0.220471637257467,0.217294683481912,0.196066256873814,0.142702524367706,0.152982630801945
464,0.439851241970584,0.226165913043895,0.196743303664015,0.203733362812729,0.151189670120080,0.140279459933373
379,0.431364974573073,0.164024746412181,0.202303599215116,0.203016510694019,0.149133866930996,0.146862120354825
628,0.51920253600366,0.262430509724191,0.269956905233921,0.182778757451073,0.173309128978783,0.140279459933373
285,0.419036311953547,0.240653643199231,0.240653643199231,0.252283020211930,0.36005360357005,0.16357228121085
487,0.439851241970584,0.213405068833102,0.235439936165745,0.172268685450245,0.160077057692081,0.140279459933373
366,0.339381807952053,0.200889639762023,0.242414171861771,0.182190212262849,0.163123316426449,0.167291481291287
484,0.432309844864813,0.208116557082828,0.241532534498303,0.140279459933373,0.192741366843982,0.148143904307162
382,0.379590352485876,0.206639944148685,0.198109430350217,0.207376318697083,0.140279459933373,0.140279459933373
471,0.438910260048710,0.200889639762023,0.201594638931909,0.200889639762023,0.160930368981928,0.162677834203278
456,0.407579902497849,0.196066256873814,0.205907447843523,0.180448444205294,0.143840891542185,0.141873944585676
402,0.412362374614871,0.194059239855938,0.217294683481912,0.157195124574254,0.177624558944457,0.155619579790919
417,0.425685350085428,0.201594638931909,0.224521889216861,0.199491561253654,0.140279459933373,0.140279459933373
488,0.43702685358426,0.233725581744281,0.262430509724191,0.143840891542185,0.177071557205383,0.147497624383717
457,0.467866722440866,0.228656878414890,0.222081350052879,0.220471637257467,0.169733635746363,0.181605650010004
443,0.456708871220304,0.307786743279463,0.304834801321944,0.302869127130412,0.298944182722262,0.16357228121085
386,0.436084425669404,0.218876016213984,0.209608564537159,0.199491561253654,0.143266847840142,0.140279459933373
378,0.450170855356869,0.236301613614802,0.246862287018223,0.165403320798019,0.212638240623736,0.169733635746363
346,0.408537424783786,0.202303599215116,0.214175622695954,0.155233599845476,0.162235816543637,0.140279459933373
448,0.410450927071570,0.188884569174318,0.166814026627726,0.227823271636467,0.140279459933373,0.174364837136968
557,0.456708871220304,0.238033800236652,0.206639944148685,0.211875157547888,0.161797245314680,0.149807763529887
383,0.433254223593108,0.207376318697083,0.208860644258667,0.171243398019944,0.196743303664015,0.151897993103576
456,0.443610401564419,0.192088479379025,0.237166246337142,0.152256565618780,0.16634019279706,0.149133866930996
378,0.404704249910189,0.218876016213984,0.222891426963376,0.205907447843523,0.147819407725247,0.162677834203278
297,0.39218977751084,0.166814026627726,0.222081350052879,0.196066256873814,0.156008702799071,0.157195124574254
554,0.470646634478409,0.266179795115631,0.232023448734304,0.211115838461421,0.153350162717428,0.140279459933373
440,0.40182397040703,0.201594638931909,0.209608564537159,0.198109430350217,0.199491561253654,0.156008702799071
303,0.381534098529382,0.182190212262849,0.183967824035887,0.160502026996677,0.156400988328558,0.140279459933373
561,0.45297556976512,0.244185541162083,0.226992939983781,0.218083551882790,0.145622826217966,0.161797245314680
272,0.380562464597876,0.158822198286243,0.192088479379025,0.182190212262849,0.148801114525785,0.144720505822661
533,0.435141512434088,0.242414171861771,0.208860644258667,0.188884569174318,0.188255890082703,0.154094323280450
453,0.423788147113161,0.244185541162083,0.198798498578782,0.241532534498303,0.146548361254107,0.165403320798019
969,0.502821101328797,0.271855157449252,0.238904240888872,0.226992939983781,0.155233599845476,0.162235816543637
355,0.412362374614871,0.214175622695954,0.245075200706715,0.177071557205383,0.179875784505171,0.167772573247934
479,0.433254223593108,0.177071557205383,0.178742307944130,0.195393227873188,0.151189670120080,0.140279459933373
500,0.411406907527978,0.213405068833102,0.235439936165745,0.167291481291287,0.169237834303805,0.140279459933373
451,0.467866722440866,0.187631241909896,0.213405068833102,0.183967824035887,0.16634019279706,0.140279459933373
371,0.42188893060604,0.228656878414890,0.203016510694019,0.210360301592275,0.182190212262849,0.156008702799071
498,0.438910260048710,0.26336509235663,0.224521889216861,0.198109430350217,0.196743303664015,0.154850743467635
411,0.466011361565902,0.220471637257467,0.179875784505171,0.229493730258852,0.183967824035887,0.192741366843982
455,0.438910260048710,0.209608564537159,0.211115838461421,0.175435913518267,0.164024746412181,0.158410531669826
445,0.466011361565902,0.244185541162083,0.253194757033311,0.194724220966719,0.205178843545358,0.153720720340875
536,0.452041119617036,0.221274744825972,0.213405068833102,0.156008702799071,0.159237162188545,0.150492979148870
218,0.379590352485876,0.189517281185082,0.155619579790919,0.369843682925459,0.497337158291481,0.235439936165745
222,0.400862850180983,0.192741366843982,0.160502026996677,0.454843116219575,0.582982412426427,0.346286080835727
162,0.336419918223748,0.145018731380577,0.211115838461421,0.156796455796649,0.143840891542185,0.160930368981928
630,0.450170855356869,0.216509434133377,0.216509434133377,0.192088479379025,0.187010622123131,0.152982630801945
422,0.420938564569721,0.190794809258731,0.198798498578782,0.173309128978783,0.159655442358187,0.140279459933373
506,0.517387345588464,0.241532534498303,0.209608564537159,0.193398287644562,0.166814026627726,0.172268685450245
434,0.473422844172892,0.276626749501763,0.235439936165745,0.227823271636467,0.194059239855938,0.161797245314680
266,0.427580548847338,0.205178843545358,0.174364837136968,0.221274744825972,0.140279459933373,0.157195124574254
377,0.404704249910189,0.208860644258667,0.170736402643872,0.219672052767678,0.140279459933373,0.167772573247934
330,0.40662186593712,0.227823271636467,0.207376318697083,0.181025063276694,0.154094323280450,0.141873944585676
536,0.445487145704544,0.213405068833102,0.250466494772263,0.140539522938054,0.172787005806565,0.145928733232941
435,0.422838791105066,0.214949882112267,0.218876016213984,0.198109430350217,0.157195124574254,0.140279459933373
679,0.53097302992136,0.286266334773665,0.271855157449252,0.211115838461421,0.205907447843523,0.140279459933373
528,0.442671323317129,0.252283020211930,0.223704949036996,0.185172899926102,0.160930368981928,0.154470991130581
310,0.437968797820157,0.204454144375473,0.202303599215116,0.242414171861771,0.140279459933373,0.168257318749387
415,0.497337158291481,0.289179343702615,0.292100571713878,0.273759486818862,0.258711437790672,0.166814026627726
423,0.423788147113161,0.190794809258731,0.244185541162083,0.169237834303805,0.171243398019944,0.156796455796649
475,0.424736999725661,0.226992939983781,0.238033800236652,0.188884569174318,0.159655442358187,0.145319498566922
304,0.374722731821464,0.144131604573628,0.200889639762023,0.201594638931909,0.140279459933373,0.140279459933373
444,0.45297556976512,0.227823271636467,0.199491561253654,0.211115838461421,0.148143904307162,0.146548361254107
513,0.453909567952752,0.222891426963376,0.198798498578782,0.203733362812729,0.159655442358187,0.157597013980819
544,0.477118801080669,0.255024990396885,0.206639944148685,0.213405068833102,0.167291481291287,0.140279459933373
297,0.400862850180983,0.196066256873814,0.210360301592275,0.158410531669826,0.203733362812729,0.154850743467635
444,0.414271770359505,0.178181472416481,0.192741366843982,0.210360301592275,0.140279459933373,0.140279459933373
530,0.425685350085428,0.181025063276694,0.177624558944457,0.215727826366646,0.140279459933373,0.149133866930996
367,0.409494432911366,0.221274744825972,0.192741366843982,0.169237834303805,0.175435913518267,0.182190212262849
375,0.369843682925459,0.180448444205294,0.23033379664679,0.159237162188545,0.144720505822661,0.140279459933373
523,0.474347434968947,0.272806580486754,0.229493730258852,0.158822198286243,0.190794809258731,0.141602453589765
473,0.443610401564419,0.195393227873188,0.200889639762023,0.187010622123131,0.142423961905656,0.140279459933373
344,0.418084423539314,0.213405068833102,0.232872971194181,0.192741366843982,0.140279459933373,0.140279459933373
478,0.434198112267997,0.187631241909896,0.222081350052879,0.16357228121085,0.154470991130581,0.155233599845476
560,0.474347434968947,0.260567046745838,0.225342219919308,0.264301525715948,0.140279459933373,0.157195124574254
264,0.489087655334828,0.187631241909896,0.192741366843982,0.202303599215116,0.140279459933373,0.140279459933373
584,0.452041119617036,0.240653643199231,0.197424363331222,0.233725581744281,0.173835068385563,0.182778757451073
341,0.411406907527978,0.227823271636467,0.233725581744281,0.187010622123131,0.155619579790919,0.140279459933373
477,0.425685350085428,0.232023448734304,0.190794809258731,0.209608564537159,0.150492979148870,0.143266847840142
170,0.467866722440866,0.140279459933373,0.200188610986799,0.173835068385563,0.180448444205294,0.140279459933373
338,0.41331732873535,0.176522456496951,0.196743303664015,0.177624558944457,0.140279459933373,0.162677834203278
488,0.422838791105066,0.237166246337142,0.240653643199231,0.140279459933373,0.185781454960399,0.159237162188545
433,0.432309844864813,0.193398287644562,0.227823271636467,0.161362102255135,0.175435913518267,0.150839880430613
458,0.44923503724365,0.23033379664679,0.182778757451073,0.214949882112267,0.228656878414890,0.168257318749387
475,0.419036311953547,0.251373586915138,0.192741366843982,0.191439626593958,0.178181472416481,0.159237162188545
549,0.454843116219575,0.284329312589461,0.260567046745838,0.194059239855938,0.206639944148685,0.168257318749387
401,0.446424815327873,0.232872971194181,0.204454144375473,0.209608564537159,0.162235816543637,0.140279459933373
281,0.372772455485757,0.198109430350217,0.206639944148685,0.184568357977156,0.219672052767678,0.187631241909896
376,0.522829369551227,0.273759486818862,0.212638240623736,0.218083551882790,0.160502026996677,0.162677834203278
421,0.425685350085428,0.220471637257467,0.225342219919308,0.191439626593958,0.140279459933373,0.186394027664835
406,0.411406907527978,0.200889639762023,0.218083551882790,0.203016510694019,0.185781454960399,0.158002143279100
443,0.427580548847338,0.212638240623736,0.218876016213984,0.211115838461421,0.155619579790919,0.156008702799071
482,0.430419611243593,0.202303599215116,0.184568357977156,0.198798498578782,0.140279459933373,0.141602453589765
368,0.428527399760189,0.245967461561916,0.257786672914962,0.216509434133377,0.196743303664015,0.215727826366646
299,0.333456768437105,0.140279459933373,0.160502026996677,0.208860644258667,0.143552645462116,0.142702524367706
456,0.440791745314472,0.217294683481912,0.269010148553487,0.182778757451073,0.16357228121085,0.181025063276694
602,0.455776216619560,0.244185541162083,0.235439936165745,0.203733362812729,0.147178535004063,0.140279459933373
408,0.40182397040703,0.176522456496951,0.179875784505171,0.210360301592275,0.140279459933373,0.140279459933373
473,0.427580548847338,0.221274744825972,0.192088479379025,0.215727826366646,0.140279459933373,0.140279459933373
218,0.383475920330798,0.178742307944130,0.226165913043895,0.174364837136968,0.166814026627726,0.151897993103576
404,0.42188893060604,0.207376318697083,0.200188610986799,0.189517281185082,0.153720720340875,0.140279459933373
530,0.468793774829766,0.245075200706715,0.233725581744281,0.158410531669826,0.165869963138432,0.140279459933373
581,0.479886604427388,0.23033379664679,0.222891426963376,0.206639944148685,0.164940248736627,0.147497624383717
333,0.404704249910189,0.191439626593958,0.211115838461421,0.147819407725247,0.172787005806565,0.140279459933373
328,0.417132025922147,0.211875157547888,0.234581247743386,0.205178843545358,0.141333283747465,0.140279459933373
319,0.381534098529382,0.199491561253654,0.220471637257467,0.167772573247934,0.158410531669826,0.143552645462116
605,0.478041795094857,0.229493730258852,0.252283020211930,0.172268685450245,0.162235816543637,0.154094323280450
306,0.445487145704544,0.241532534498303,0.206639944148685,0.211875157547888,0.270905253648299,0.150839880430613
351,0.403744670601839,0.177624558944457,0.238033800236652,0.158410531669826,0.148143904307162,0.140279459933373
367,0.39218977751084,0.167772573247934,0.191439626593958,0.214949882112267,0.14298348025674,0.162677834203278
397,0.469720411442728,0.201594638931909,0.220471637257467,0.198798498578782,0.140279459933373,0.157597013980819
442,0.426633199381427,0.220471637257467,0.223704949036996,0.200188610986799,0.152256565618780,0.142147774681471
321,0.414271770359505,0.200889639762023,0.218083551882790,0.159655442358187,0.167772573247934,0.149469410107982
290,0.400862850180983,0.193398287644562,0.214949882112267,0.150839880430613,0.190154027575454,0.156796455796649
392,0.400862850180983,0.182778757451073,0.204454144375473,0.161362102255135,0.146237238572002,0.140279459933373
545,0.457641082102348,0.221274744825972,0.200188610986799,0.141333283747465,0.203733362812729,0.140801836156987
359,0.378617765257579,0.188884569174318,0.214949882112267,0.179307075461499,0.174898448025698,0.153720720340875
369,0.43702685358426,0.255943411389996,0.204454144375473,0.195393227873188,0.160077057692081,0.157195124574254
374,0.434198112267997,0.208860644258667,0.203733362812729,0.205178843545358,0.140279459933373,0.155233599845476
588,0.441731771836077,0.216509434133377,0.234581247743386,0.172268685450245,0.160930368981928,0.140279459933373
352,0.407579902497849,0.207376318697083,0.238033800236652,0.179307075461499,0.174364837136968,0.140279459933373
319,0.397976414823837,0.211115838461421,0.227823271636467,0.172787005806565,0.172787005806565,0.141066417195949
365,0.394120687044045,0.199491561253654,0.245075200706715,0.144720505822661,0.167772573247934,0.157597013980819
369,0.473422844172892,0.232872971194181,0.222891426963376,0.214175622695954,0.140279459933373,0.140539522938054
356,0.422838791105066,0.219672052767678,0.188884569174318,0.182190212262849,0.185781454960399,0.143266847840142
373,0.403744670601839,0.187010622123131,0.182778757451073,0.201594638931909,0.140279459933373,0.14298348025674
317,0.394120687044045,0.175435913518267,0.178181472416481,0.215727826366646,0.140279459933373,0.140279459933373
458,0.430419611243593,0.221274744825972,0.223704949036996,0.167291481291287,0.154850743467635,0.151542367809210
564,0.454843116219575,0.244185541162083,0.229493730258852,0.187631241909896,0.146237238572002,0.150148946700048
419,0.411406907527978,0.204454144375473,0.226165913043895,0.167291481291287,0.172268685450245,0.140279459933373
314,0.386384998416716,0.23033379664679,0.226992939983781,0.184568357977156,0.172787005806565,0.201594638931909
364,0.438910260048710,0.170736402643872,0.183371292540019,0.223704949036996,0.140279459933373,0.164940248736627
375,0.373747820375976,0.187010622123131,0.213405068833102,0.168257318749387,0.158002143279100,0.145928733232941
419,0.432309844864813,0.205907447843523,0.214949882112267,0.200889639762023,0.157195124574254,0.140279459933373
475,0.412362374614871,0.197424363331222,0.211115838461421,0.190794809258731,0.165403320798019,0.140279459933373
807,0.490005705397473,0.23977753355553,0.247759640188542,0.183967824035887,0.181025063276694,0.140279459933373
462,0.414271770359505,0.224521889216861,0.218083551882790,0.176522456496951,0.140279459933373,0.174364837136968
500,0.457641082102348,0.262430509724191,0.196743303664015,0.249561781327291,0.140279459933373,0.157597013980819
584,0.45297556976512,0.241532534498303,0.257786672914962,0.203016510694019,0.156400988328558,0.140279459933373
317,0.410450927071570,0.189517281185082,0.182778757451073,0.211875157547888,0.140279459933373,0.150148946700048
449,0.372772455485757,0.184568357977156,0.261497815323131,0.140279459933373,0.192088479379025,0.140279459933373
440,0.443610401564419,0.222081350052879,0.192088479379025,0.187631241909896,0.176522456496951,0.140279459933373
419,0.427580548847338,0.194724220966719,0.182190212262849,0.160930368981928,0.168745733831007,0.140279459933373
774,0.591881082994116,0.255943411389996,0.247759640188542,0.251373586915138,0.205178843545358,0.169237834303805
408,0.379590352485876,0.162235816543637,0.189517281185082,0.205178843545358,0.140279459933373,0.140279459933373
355,0.480808424194665,0.187010622123131,0.190154027575454,0.175977245746161,0.192088479379025,0.141066417195949
437,0.423788147113161,0.217294683481912,0.140279459933373,0.190154027575454,0.190154027575454,0.166814026627726
403,0.457641082102348,0.217294683481912,0.205907447843523,0.171243398019944,0.163123316426449,0.149807763529887
468,0.43702685358426,0.231177046607856,0.214949882112267,0.184568357977156,0.140279459933373,0.147819407725247
419,0.40566331506169,0.198109430350217,0.181025063276694,0.185781454960399,0.190794809258731,0.140279459933373
352,0.412362374614871,0.182190212262849,0.200889639762023,0.223704949036996,0.140279459933373,0.143266847840142
354,0.389289635189169,0.165869963138432,0.209608564537159,0.181605650010004,0.156008702799071,0.140279459933373
323,0.41331732873535,0.242414171861771,0.23977753355553,0.220471637257467,0.167291481291287,0.140279459933373
555,0.447362019176649,0.226992939983781,0.203733362812729,0.190154027575454,0.158822198286243,0.151897993103576
391,0.439851241970584,0.226165913043895,0.245967461561916,0.168257318749387,0.215727826366646,0.174364837136968
398,0.404704249910189,0.215727826366646,0.210360301592275,0.182778757451073,0.158822198286243,0.164024746412181
312,0.404704249910189,0.216509434133377,0.203016510694019,0.154094323280450,0.167772573247934,0.16634019279706
494,0.436084425669404,0.211875157547888,0.204454144375473,0.207376318697083,0.159655442358187,0.140279459933373
343,0.408537424783786,0.177624558944457,0.208116557082828,0.170736402643872,0.169237834303805,0.140279459933373
420,0.439851241970584,0.221274744825972,0.227823271636467,0.155233599845476,0.174898448025698,0.140279459933373
413,0.404704249910189,0.215727826366646,0.224521889216861,0.180448444205294,0.159237162188545,0.155233599845476
433,0.432309844864813,0.205907447843523,0.204454144375473,0.170736402643872,0.169237834303805,0.140279459933373
485,0.480808424194665,0.218876016213984,0.237166246337142,0.181605650010004,0.144424803121843,0.141873944585676
513,0.443610401564419,0.219672052767678,0.232023448734304,0.181025063276694,0.152618104976752,0.147497624383717
340,0.343328438016707,0.178742307944130,0.204454144375473,0.173309128978783,0.194724220966719,0.168745733831007
422,0.415225700022613,0.231177046607856,0.234581247743386,0.235439936165745,0.146548361254107,0.158410531669826
352,0.414271770359505,0.213405068833102,0.214175622695954,0.164940248736627,0.187010622123131,0.140279459933373
461,0.41331732873535,0.172787005806565,0.205907447843523,0.179875784505171,0.148801114525785,0.146548361254107
403,0.470646634478409,0.238904240888872,0.211875157547888,0.228656878414890,0.155233599845476,0.156796455796649
406,0.419987692000204,0.197424363331222,0.180448444205294,0.222891426963376,0.147819407725247,0.140279459933373
373,0.363974517009122,0.225342219919308,0.258711437790672,0.182190212262849,0.193398287644562,0.198109430350217
507,0.466011361565902,0.218876016213984,0.222081350052879,0.173835068385563,0.141602453589765,0.146237238572002
975,0.51193448587976,0.265239772398733,0.221274744825972,0.214175622695954,0.140279459933373,0.140279459933373
214,0.375697185802696,0.174364837136968,0.171754154191287,0.307786743279463,0.434198112267997,0.183967824035887
509,0.42188893060604,0.227823271636467,0.188255890082703,0.224521889216861,0.174364837136968,0.140279459933373
294,0.419987692000204,0.200188610986799,0.209608564537159,0.190794809258731,0.154470991130581,0.148143904307162
549,0.44923503724365,0.226165913043895,0.217294683481912,0.187010622123131,0.145018731380577,0.155233599845476
491,0.454843116219575,0.199491561253654,0.226992939983781,0.172787005806565,0.140279459933373,0.140279459933373
512,0.474347434968947,0.222081350052879,0.222081350052879,0.187010622123131,0.145622826217966,0.156400988328558
485,0.434198112267997,0.222891426963376,0.244185541162083,0.156796455796649,0.178181472416481,0.140279459933373
492,0.460435073421994,0.253194757033311,0.226992939983781,0.238033800236652,0.163123316426449,0.158002143279100
181,0.336419918223748,0.14298348025674,0.185781454960399,0.168745733831007,0.140279459933373,0.140279459933373
368,0.393155485097713,0.163123316426449,0.211115838461421,0.196066256873814,0.165869963138432,0.164480729737195
444,0.435141512434088,0.200188610986799,0.211875157547888,0.214949882112267,0.144131604573628,0.174364837136968
227,0.319623752397046,0.153350162717428,0.256863984839407,0.270905253648299,0.299924552865763,0.167291481291287
464,0.440791745314472,0.228656878414890,0.208116557082828,0.243298519444439,0.140279459933373,0.148471133452426
368,0.394120687044045,0.206639944148685,0.232023448734304,0.182190212262849,0.179875784505171,0.140279459933373
402,0.442671323317129,0.214949882112267,0.190794809258731,0.214949882112267,0.162677834203278,0.142423961905656
420,0.423788147113161,0.200889639762023,0.173309128978783,0.200188610986799,0.188255890082703,0.153720720340875
550,0.40182397040703,0.222891426963376,0.232872971194181,0.274713840722163,0.350225945404854,0.193398287644562
490,0.415225700022613,0.240653643199231,0.23977753355553,0.183967824035887,0.182190212262849,0.140279459933373
451,0.418084423539314,0.200889639762023,0.236301613614802,0.153720720340875,0.162677834203278,0.140279459933373
315,0.397013246974146,0.182778757451073,0.23033379664679,0.159237162188545,0.158822198286243,0.156400988328558
460,0.446424815327873,0.212638240623736,0.194724220966719,0.219672052767678,0.140279459933373,0.145622826217966
540,0.429473753439024,0.241532534498303,0.219672052767678,0.210360301592275,0.169237834303805,0.140279459933373
225,0.273759486818862,0.140279459933373,0.205907447843523,0.161797245314680,0.145928733232941,0.140279459933373
339,0.367888982200334,0.144720505822661,0.188884569174318,0.169237834303805,0.146548361254107,0.159237162188545
357,0.438910260048710,0.193398287644562,0.183371292540019,0.198798498578782,0.160930368981928,0.140279459933373
328,0.436084425669404,0.228656878414890,0.264301525715948,0.199491561253654,0.191439626593958,0.148471133452426
286,0.43702685358426,0.197424363331222,0.255024990396885,0.171243398019944,0.177071557205383,0.186394027664835
411,0.36005360357005,0.211875157547888,0.200889639762023,0.192741366843982,0.155233599845476,0.140279459933373
351,0.419036311953547,0.173835068385563,0.209608564537159,0.165403320798019,0.171243398019944,0.140279459933373
265,0.433254223593108,0.213405068833102,0.231177046607856,0.209608564537159,0.170736402643872,0.187631241909896
559,0.461365530470573,0.262430509724191,0.221274744825972,0.220471637257467,0.180448444205294,0.140279459933373
384,0.446424815327873,0.218876016213984,0.253194757033311,0.154470991130581,0.168745733831007,0.140279459933373
405,0.452041119617036,0.217294683481912,0.183967824035887,0.222891426963376,0.140279459933373,0.152982630801945
364,0.457641082102348,0.203016510694019,0.262430509724191,0.168257318749387,0.141873944585676,0.140279459933373
368,0.424736999725661,0.204454144375473,0.203016510694019,0.209608564537159,0.169237834303805,0.14298348025674
526,0.436084425669404,0.23033379664679,0.235439936165745,0.176522456496951,0.153350162717428,0.141602453589765
385,0.444549008408857,0.246862287018223,0.237166246337142,0.253194757033311,0.178742307944130,0.155619579790919
377,0.424736999725661,0.226165913043895,0.233725581744281,0.176522456496951,0.162677834203278,0.196066256873814
418,0.410450927071570,0.187631241909896,0.212638240623736,0.160502026996677,0.167772573247934,0.146862120354825
450,0.425685350085428,0.211875157547888,0.192088479379025,0.197424363331222,0.162235816543637,0.140279459933373
402,0.366910990862085,0.149807763529887,0.171754154191287,0.205907447843523,0.140279459933373,0.140279459933373
391,0.402784577338547,0.194059239855938,0.200188610986799,0.159237162188545,0.182778757451073,0.151189670120080
413,0.411406907527978,0.174898448025698,0.246862287018223,0.140279459933373,0.147497624383717,0.142423961905656
487,0.397013246974146,0.205178843545358,0.198109430350217,0.232023448734304,0.140279459933373,0.140279459933373
433,0.438910260048710,0.247759640188542,0.229493730258852,0.191439626593958,0.211875157547888,0.201594638931909
510,0.416179118323367,0.213405068833102,0.227823271636467,0.218083551882790,0.182190212262849,0.140279459933373
244,0.361034414931008,0.183967824035887,0.169733635746363,0.341355528691973,0.447362019176649,0.205178843545358
437,0.42188893060604,0.232872971194181,0.227823271636467,0.162235816543637,0.179307075461499,0.148801114525785
369,0.403744670601839,0.209608564537159,0.200889639762023,0.237166246337142,0.156796455796649,0.158002143279100
346,0.417132025922147,0.210360301592275,0.179307075461499,0.208116557082828,0.154470991130581,0.148143904307162
469,0.412362374614871,0.221274744825972,0.223704949036996,0.169237834303805,0.171243398019944,0.151897993103576
420,0.45297556976512,0.243298519444439,0.245967461561916,0.195393227873188,0.151189670120080,0.140279459933373
490,0.426633199381427,0.207376318697083,0.187010622123131,0.194724220966719,0.156008702799071,0.140279459933373
399,0.369843682925459,0.160077057692081,0.220471637257467,0.154850743467635,0.192088479379025,0.140279459933373
545,0.456708871220304,0.203016510694019,0.246862287018223,0.147497624383717,0.162677834203278,0.140279459933373
384,0.362014841934518,0.23033379664679,0.213405068833102,0.215727826366646,0.171243398019944,0.155619579790919
483,0.420938564569721,0.214175622695954,0.238033800236652,0.187631241909896,0.201594638931909,0.140279459933373
439,0.424736999725661,0.176522456496951,0.197424363331222,0.190154027575454,0.155233599845476,0.140279459933373
429,0.426633199381427,0.231177046607856,0.222081350052879,0.208116557082828,0.148143904307162,0.140279459933373
406,0.41331732873535,0.160930368981928,0.174898448025698,0.212638240623736,0.181025063276694,0.140279459933373
478,0.440791745314472,0.220471637257467,0.209608564537159,0.156796455796649,0.175977245746161,0.149133866930996
487,0.469720411442728,0.212638240623736,0.245967461561916,0.143552645462116,0.163123316426449,0.140279459933373
563,0.420938564569721,0.236301613614802,0.211115838461421,0.252283020211930,0.140279459933373,0.14298348025674
502,0.44923503724365,0.26806502014066,0.234581247743386,0.170736402643872,0.154850743467635,0.140279459933373
316,0.376671178467619,0.179875784505171,0.211875157547888,0.179875784505171,0.169237834303805,0.147178535004063
506,0.480808424194665,0.251373586915138,0.248659484023583,0.199491561253654,0.167772573247934,0.146237238572002
365,0.397013246974146,0.166814026627726,0.206639944148685,0.171754154191287,0.149469410107982,0.166814026627726
417,0.427580548847338,0.200889639762023,0.23977753355553,0.209608564537159,0.170233153496669,0.170233153496669
296,0.397976414823837,0.208860644258667,0.222891426963376,0.188884569174318,0.165869963138432,0.140279459933373
460,0.443610401564419,0.210360301592275,0.202303599215116,0.197424363331222,0.140539522938054,0.144424803121843
546,0.459504181093247,0.242414171861771,0.255024990396885,0.141873944585676,0.176522456496951,0.150839880430613
473,0.410450927071570,0.198798498578782,0.190794809258731,0.183371292540019,0.167291481291287,0.165869963138432
301,0.403744670601839,0.212638240623736,0.207376318697083,0.168745733831007,0.162677834203278,0.149133866930996
362,0.499166505254691,0.220471637257467,0.172268685450245,0.183967824035887,0.154850743467635,0.153350162717428
447,0.433254223593108,0.26336509235663,0.262430509724191,0.195393227873188,0.236301613614802,0.203016510694019
339,0.41331732873535,0.185172899926102,0.195393227873188,0.204454144375473,0.167772573247934,0.149807763529887
454,0.462295554374572,0.259638241659144,0.264301525715948,0.190794809258731,0.190794809258731,0.172787005806565
429,0.501907959152939,0.261497815323131,0.244185541162083,0.191439626593958,0.172787005806565,0.151542367809210
499,0.453909567952752,0.225342219919308,0.187010622123131,0.203733362812729,0.156008702799071,0.140279459933373
367,0.367888982200334,0.190154027575454,0.227823271636467,0.183371292540019,0.154470991130581,0.157195124574254
609,0.473422844172892,0.272806580486754,0.229493730258852,0.174898448025698,0.160930368981928,0.140279459933373
277,0.471572446139952,0.248659484023583,0.265239772398733,0.211115838461421,0.216509434133377,0.182778757451073
485,0.410450927071570,0.195393227873188,0.222891426963376,0.209608564537159,0.140279459933373,0.142702524367706
712,0.585653817185493,0.240653643199231,0.262430509724191,0.23033379664679,0.155233599845476,0.156008702799071
388,0.408537424783786,0.193398287644562,0.208860644258667,0.174364837136968,0.178181472416481,0.140279459933373
501,0.460435073421994,0.245967461561916,0.262430509724191,0.194059239855938,0.174364837136968,0.140279459933373
325,0.383475920330798,0.150492979148870,0.162677834203278,0.185781454960399,0.151542367809210,0.142147774681471
413,0.419036311953547,0.197424363331222,0.214175622695954,0.160502026996677,0.151542367809210,0.161362102255135
447,0.446424815327873,0.226165913043895,0.215727826366646,0.238033800236652,0.164940248736627,0.144424803121843
312,0.408537424783786,0.197424363331222,0.217294683481912,0.160077057692081,0.172268685450245,0.142702524367706
419,0.497337158291481,0.264301525715948,0.243298519444439,0.189517281185082,0.192741366843982,0.185172899926102
464,0.426633199381427,0.178181472416481,0.200889639762023,0.209608564537159,0.140279459933373,0.140279459933373
515,0.450170855356869,0.235439936165745,0.221274744825972,0.216509434133377,0.177071557205383,0.165869963138432
418,0.476195411202944,0.208860644258667,0.203016510694019,0.178181472416481,0.169733635746363,0.140279459933373
470,0.438910260048710,0.213405068833102,0.224521889216861,0.207376318697083,0.168257318749387,0.162235816543637
454,0.469720411442728,0.245967461561916,0.273759486818862,0.182778757451073,0.214175622695954,0.141333283747465
407,0.417132025922147,0.187631241909896,0.226165913043895,0.177624558944457,0.154094323280450,0.160502026996677
259,0.475271623239318,0.219672052767678,0.209608564537159,0.223704949036996,0.140279459933373,0.140279459933373
395,0.463225147278761,0.215727826366646,0.241532534498303,0.169237834303805,0.156008702799071,0.153350162717428
402,0.414271770359505,0.228656878414890,0.205907447843523,0.202303599215116,0.156008702799071,0.158002143279100
347,0.485411763012758,0.266179795115631,0.213405068833102,0.213405068833102,0.198109430350217,0.172787005806565
391,0.415225700022613,0.168257318749387,0.232872971194181,0.186394027664835,0.217294683481912,0.141873944585676
510,0.456708871220304,0.266179795115631,0.227823271636467,0.236301613614802,0.175977245746161,0.154850743467635
432,0.424736999725661,0.213405068833102,0.198798498578782,0.190154027575454,0.151189670120080,0.140279459933373
380,0.458572851358513,0.260567046745838,0.219672052767678,0.169733635746363,0.183967824035887,0.140279459933373
396,0.39218977751084,0.185172899926102,0.192741366843982,0.188255890082703,0.176522456496951,0.160502026996677
477,0.425685350085428,0.203733362812729,0.226992939983781,0.216509434133377,0.165403320798019,0.151189670120080
608,0.457641082102348,0.208860644258667,0.211875157547888,0.203733362812729,0.156008702799071,0.140279459933373
498,0.457641082102348,0.269010148553487,0.236301613614802,0.202303599215116,0.168745733831007,0.149133866930996
418,0.423788147113161,0.178742307944130,0.232023448734304,0.166814026627726,0.184568357977156,0.140279459933373
455,0.409494432911366,0.234581247743386,0.232023448734304,0.198109430350217,0.177071557205383,0.175977245746161
225,0.422838791105066,0.156400988328558,0.193398287644562,0.225342219919308,0.140279459933373,0.140279459933373
495,0.436084425669404,0.208116557082828,0.190794809258731,0.191439626593958,0.234581247743386,0.152256565618780
518,0.443610401564419,0.187010622123131,0.205907447843523,0.173835068385563,0.140279459933373,0.160077057692081
445,0.419036311953547,0.201594638931909,0.181605650010004,0.201594638931909,0.144131604573628,0.140279459933373
497,0.393155485097713,0.198798498578782,0.205178843545358,0.214949882112267,0.160502026996677,0.140279459933373
216,0.423788147113161,0.203733362812729,0.168257318749387,0.443610401564419,0.557967132030868,0.256863984839407
483,0.443610401564419,0.246862287018223,0.221274744825972,0.213405068833102,0.178742307944130,0.140279459933373
384,0.43702685358426,0.223704949036996,0.245967461561916,0.185172899926102,0.179875784505171,0.176522456496951
340,0.367888982200334,0.164480729737195,0.179307075461499,0.168745733831007,0.161797245314680,0.141066417195949
459,0.474347434968947,0.281431899695417,0.246862287018223,0.227823271636467,0.211115838461421,0.145928733232941
418,0.441731771836077,0.226165913043895,0.228656878414890,0.187010622123131,0.145018731380577,0.140279459933373
341,0.372772455485757,0.16634019279706,0.183371292540019,0.161362102255135,0.179307075461499,0.149133866930996
634,0.419036311953547,0.226992939983781,0.252283020211930,0.164480729737195,0.301887051542692,0.174364837136968
331,0.458572851358513,0.211115838461421,0.221274744825972,0.179875784505171,0.140279459933373,0.140279459933373
469,0.482650905054512,0.255943411389996,0.220471637257467,0.223704949036996,0.146548361254107,0.140279459933373
465,0.441731771836077,0.202303599215116,0.218083551882790,0.203016510694019,0.215727826366646,0.140279459933373
463,0.419036311953547,0.238033800236652,0.257786672914962,0.187631241909896,0.170736402643872,0.140279459933373
474,0.428527399760189,0.214175622695954,0.226992939983781,0.192088479379025,0.177624558944457,0.140279459933373
541,0.468793774829766,0.220471637257467,0.205907447843523,0.192741366843982,0.154470991130581,0.140279459933373
525,0.424736999725661,0.251373586915138,0.235439936165745,0.186394027664835,0.181605650010004,0.164024746412181
517,0.448298759169222,0.226992939983781,0.222891426963376,0.161797245314680,0.182190212262849,0.140279459933373
470,0.414271770359505,0.223704949036996,0.199491561253654,0.200889639762023,0.140279459933373,0.140279459933373
522,0.454843116219575,0.215727826366646,0.225342219919308,0.160077057692081,0.174898448025698,0.160930368981928
263,0.306802338059224,0.169733635746363,0.164480729737195,0.170736402643872,0.195393227873188,0.154094323280450
395,0.418084423539314,0.214175622695954,0.190154027575454,0.194724220966719,0.156400988328558,0.143266847840142
361,0.446424815327873,0.229493730258852,0.208860644258667,0.188255890082703,0.180448444205294,0.140279459933373
416,0.403744670601839,0.188255890082703,0.241532534498303,0.178742307944130,0.160077057692081,0.140279459933373
482,0.40566331506169,0.232872971194181,0.235439936165745,0.196743303664015,0.181025063276694,0.169237834303805
384,0.44923503724365,0.208860644258667,0.196066256873814,0.196066256873814,0.160077057692081,0.140279459933373
314,0.354161056920203,0.147178535004063,0.194059239855938,0.171754154191287,0.140279459933373,0.140279459933373
350,0.39218977751084,0.206639944148685,0.173835068385563,0.209608564537159,0.171243398019944,0.140279459933373
387,0.472497848634527,0.237166246337142,0.229493730258852,0.16634019279706,0.180448444205294,0.163123316426449
577,0.521016538660012,0.241532534498303,0.141066417195949,0.438910260048710,0.562445761046978,0.287236372741756
370,0.460435073421994,0.220471637257467,0.194724220966719,0.179875784505171,0.140279459933373,0.145319498566922
502,0.43702685358426,0.188255890082703,0.210360301592275,0.194724220966719,0.154470991130581,0.140279459933373
411,0.383475920330798,0.195393227873188,0.213405068833102,0.209608564537159,0.181025063276694,0.146548361254107
357,0.39893907178823,0.183967824035887,0.235439936165745,0.194059239855938,0.183371292540019,0.151542367809210
600,0.489087655334828,0.227823271636467,0.225342219919308,0.190794809258731,0.152256565618780,0.148471133452426
467,0.439851241970584,0.226992939983781,0.222891426963376,0.228656878414890,0.140279459933373,0.146862120354825
438,0.444549008408857,0.208860644258667,0.217294683481912,0.208116557082828,0.158002143279100,0.140279459933373
414,0.410450927071570,0.192741366843982,0.198109430350217,0.170233153496669,0.158002143279100,0.156400988328558
464,0.485411763012758,0.258711437790672,0.210360301592275,0.195393227873188,0.155619579790919,0.142702524367706
423,0.472497848634527,0.211875157547888,0.212638240623736,0.16634019279706,0.181605650010004,0.140279459933373
349,0.380562464597876,0.160502026996677,0.228656878414890,0.179307075461499,0.159655442358187,0.140279459933373
373,0.465083048709257,0.203016510694019,0.192741366843982,0.171754154191287,0.188255890082703,0.140279459933373
501,0.435141512434088,0.224521889216861,0.200188610986799,0.217294683481912,0.157597013980819,0.140279459933373
452,0.491840713366392,0.284329312589461,0.246862287018223,0.217294683481912,0.169733635746363,0.16357228121085
457,0.441731771836077,0.246862287018223,0.199491561253654,0.187010622123131,0.159655442358187,0.148471133452426
351,0.402784577338547,0.192741366843982,0.198798498578782,0.203016510694019,0.166814026627726,0.147819407725247
366,0.393155485097713,0.204454144375473,0.217294683481912,0.155233599845476,0.164940248736627,0.149133866930996
525,0.426633199381427,0.224521889216861,0.217294683481912,0.190794809258731,0.190154027575454,0.193398287644562
368,0.350225945404854,0.188255890082703,0.194059239855938,0.162677834203278,0.159237162188545,0.145018731380577
459,0.439851241970584,0.245075200706715,0.188884569174318,0.232872971194181,0.140279459933373,0.140279459933373
480,0.451106215483896,0.233725581744281,0.225342219919308,0.260567046745838,0.152982630801945,0.143840891542185
806,0.518295090270738,0.226165913043895,0.241532534498303,0.188255890082703,0.151897993103576,0.146548361254107
387,0.448298759169222,0.196066256873814,0.214175622695954,0.194724220966719,0.171243398019944,0.140279459933373
308,0.415225700022613,0.200889639762023,0.189517281185082,0.173835068385563,0.160077057692081,0.147497624383717
477,0.41331732873535,0.211115838461421,0.198798498578782,0.167291481291287,0.162235816543637,0.140279459933373
415,0.437968797820157,0.201594638931909,0.198798498578782,0.160077057692081,0.140279459933373,0.140279459933373
377,0.417132025922147,0.194724220966719,0.151189670120080,0.187631241909896,0.140279459933373,0.140279459933373
355,0.419987692000204,0.182778757451073,0.178181472416481,0.202303599215116,0.140279459933373,0.150839880430613
412,0.397976414823837,0.197424363331222,0.226992939983781,0.144424803121843,0.149807763529887,0.161362102255135
338,0.430419611243593,0.195393227873188,0.187010622123131,0.211875157547888,0.140279459933373,0.161797245314680
292,0.453909567952752,0.215727826366646,0.23977753355553,0.162235816543637,0.167291481291287,0.150148946700048
426,0.466011361565902,0.220471637257467,0.201594638931909,0.233725581744281,0.140279459933373,0.161797245314680
363,0.463225147278761,0.222081350052879,0.232872971194181,0.149133866930996,0.158410531669826,0.140279459933373
461,0.411406907527978,0.212638240623736,0.179875784505171,0.196743303664015,0.190154027575454,0.150839880430613
371,0.414271770359505,0.215727826366646,0.237166246337142,0.202303599215116,0.140279459933373,0.159237162188545
501,0.438910260048710,0.222081350052879,0.23033379664679,0.217294683481912,0.140279459933373,0.147819407725247
375,0.428527399760189,0.189517281185082,0.197424363331222,0.207376318697083,0.178181472416481,0.162677834203278
406,0.414271770359505,0.188255890082703,0.179875784505171,0.180448444205294,0.234581247743386,0.140279459933373
413,0.376671178467619,0.182778757451073,0.200188610986799,0.169237834303805,0.151542367809210,0.140279459933373
435,0.40662186593712,0.182190212262849,0.221274744825972,0.198109430350217,0.149133866930996,0.154470991130581
354,0.397976414823837,0.171754154191287,0.211875157547888,0.185172899926102,0.163123316426449,0.140279459933373
380,0.433254223593108,0.217294683481912,0.240653643199231,0.170233153496669,0.157195124574254,0.143266847840142
344,0.422838791105066,0.200188610986799,0.188255890082703,0.178742307944130,0.181605650010004,0.159655442358187
449,0.415225700022613,0.183371292540019,0.226165913043895,0.140279459933373,0.188884569174318,0.146237238572002
538,0.383475920330798,0.232023448734304,0.212638240623736,0.223704949036996,0.14298348025674,0.140279459933373
389,0.410450927071570,0.178742307944130,0.208860644258667,0.185781454960399,0.148801114525785,0.156008702799071
412,0.395085382089401,0.204454144375473,0.223704949036996,0.160930368981928,0.145928733232941,0.147497624383717
370,0.436084425669404,0.210360301592275,0.214175622695954,0.178742307944130,0.151189670120080,0.140279459933373
637,0.440791745314472,0.246862287018223,0.222891426963376,0.221274744825972,0.209608564537159,0.140801836156987
354,0.419987692000204,0.182778757451073,0.188884569174318,0.168745733831007,0.148471133452426,0.140279459933373
422,0.427580548847338,0.193398287644562,0.215727826366646,0.175435913518267,0.140279459933373,0.140279459933373
408,0.41331732873535,0.181025063276694,0.207376318697083,0.157597013980819,0.164024746412181,0.140279459933373
434,0.42188893060604,0.205178843545358,0.221274744825972,0.182778757451073,0.151542367809210,0.140279459933373
427,0.420938564569721,0.203733362812729,0.252283020211930,0.181605650010004,0.184568357977156,0.142702524367706
214,0.39218977751084,0.208860644258667,0.243298519444439,0.338394673319409,0.298944182722262,0.153720720340875
444,0.448298759169222,0.218876016213984,0.219672052767678,0.191439626593958,0.140279459933373,0.140279459933373
432,0.428527399760189,0.216509434133377,0.240653643199231,0.187631241909896,0.140279459933373,0.155233599845476
163,0.294052217151829,0.176522456496951,0.175435913518267,0.187631241909896,0.164940248736627,0.140279459933373
427,0.477118801080669,0.241532534498303,0.208116557082828,0.205178843545358,0.164940248736627,0.16634019279706
377,0.439851241970584,0.205178843545358,0.206639944148685,0.171754154191287,0.141066417195949,0.140279459933373
177,0.285297304030371,0.152982630801945,0.173309128978783,0.156400988328558,0.172787005806565,0.150839880430613
371,0.391223565654671,0.177071557205383,0.210360301592275,0.173835068385563,0.140279459933373,0.140279459933373
398,0.40182397040703,0.198798498578782,0.218083551882790,0.173835068385563,0.160077057692081,0.140279459933373
323,0.400862850180983,0.202303599215116,0.212638240623736,0.194059239855938,0.148143904307162,0.141333283747465
311,0.379590352485876,0.160930368981928,0.199491561253654,0.181025063276694,0.168257318749387,0.140279459933373
343,0.39218977751084,0.190154027575454,0.214175622695954,0.176522456496951,0.140279459933373,0.159237162188545
360,0.478964395469008,0.235439936165745,0.216509434133377,0.150839880430613,0.164024746412181,0.159237162188545
408,0.420938564569721,0.208860644258667,0.215727826366646,0.189517281185082,0.193398287644562,0.177624558944457
450,0.415225700022613,0.162235816543637,0.214949882112267,0.16634019279706,0.155619579790919,0.140279459933373
462,0.416179118323367,0.200889639762023,0.243298519444439,0.156796455796649,0.156400988328558,0.158410531669826
387,0.39604956908159,0.198109430350217,0.200188610986799,0.192088479379025,0.170233153496669,0.145622826217966
417,0.448298759169222,0.224521889216861,0.252283020211930,0.166814026627726,0.178742307944130,0.156796455796649
398,0.430419611243593,0.221274744825972,0.196743303664015,0.179875784505171,0.196066256873814,0.140279459933373
370,0.403744670601839,0.190154027575454,0.185172899926102,0.158822198286243,0.170233153496669,0.140279459933373
666,0.483571570595327,0.254108759679802,0.246862287018223,0.196066256873814,0.183371292540019,0.164940248736627
347,0.376671178467619,0.204454144375473,0.210360301592275,0.215727826366646,0.145622826217966,0.140279459933373
494,0.414271770359505,0.253194757033311,0.214175622695954,0.194724220966719,0.188884569174318,0.166814026627726
472,0.444549008408857,0.226165913043895,0.215727826366646,0.205907447843523,0.140279459933373,0.145928733232941
345,0.40566331506169,0.196066256873814,0.212638240623736,0.218876016213984,0.157195124574254,0.143266847840142
379,0.377644706128292,0.188255890082703,0.182190212262849,0.187010622123131,0.150839880430613,0.151542367809210
496,0.447362019176649,0.214175622695954,0.205178843545358,0.209608564537159,0.166814026627726,0.140279459933373
389,0.459504181093247,0.203016510694019,0.210360301592275,0.236301613614802,0.140279459933373,0.140279459933373
404,0.417132025922147,0.214175622695954,0.219672052767678,0.158822198286243,0.155233599845476,0.157195124574254
370,0.395085382089401,0.179875784505171,0.208860644258667,0.181605650010004,0.140279459933373,0.149469410107982
525,0.437968797820157,0.232872971194181,0.229493730258852,0.190794809258731,0.160502026996677,0.152256565618780
449,0.433254223593108,0.223704949036996,0.228656878414890,0.170233153496669,0.16357228121085,0.140279459933373
339,0.39604956908159,0.182190212262849,0.221274744825972,0.207376318697083,0.161797245314680,0.140279459933373
431,0.41331732873535,0.226165913043895,0.238033800236652,0.159237162188545,0.150148946700048,0.152256565618780
408,0.403744670601839,0.200889639762023,0.198798498578782,0.198109430350217,0.140279459933373,0.140279459933373
547,0.414271770359505,0.228656878414890,0.218083551882790,0.222081350052879,0.140279459933373,0.140279459933373
439,0.434198112267997,0.206639944148685,0.234581247743386,0.140279459933373,0.161362102255135,0.143266847840142
365,0.416179118323367,0.193398287644562,0.238904240888872,0.168257318749387,0.145319498566922,0.205178843545358
444,0.436084425669404,0.195393227873188,0.222081350052879,0.140279459933373,0.186394027664835,0.160930368981928
399,0.438910260048710,0.216509434133377,0.237166246337142,0.199491561253654,0.162677834203278,0.169237834303805
458,0.440791745314472,0.185781454960399,0.212638240623736,0.208860644258667,0.148143904307162,0.140279459933373
473,0.419036311953547,0.215727826366646,0.213405068833102,0.164480729737195,0.170233153496669,0.172787005806565
304,0.418084423539314,0.191439626593958,0.208860644258667,0.204454144375473,0.167291481291287,0.140279459933373
415,0.43702685358426,0.229493730258852,0.251373586915138,0.185172899926102,0.160502026996677,0.151897993103576
817,0.490923390673098,0.246862287018223,0.169733635746363,0.273759486818862,0.205907447843523,0.172268685450245
374,0.381534098529382,0.211875157547888,0.214949882112267,0.208116557082828,0.156400988328558,0.169733635746363
404,0.426633199381427,0.221274744825972,0.212638240623736,0.217294683481912,0.145622826217966,0.16357228121085
403,0.427580548847338,0.205907447843523,0.194724220966719,0.182778757451073,0.181025063276694,0.140279459933373
396,0.420938564569721,0.205907447843523,0.246862287018223,0.152256565618780,0.140279459933373,0.146237238572002
340,0.381534098529382,0.182190212262849,0.208116557082828,0.160930368981928,0.148143904307162,0.140279459933373
315,0.345300444024283,0.167772573247934,0.200889639762023,0.156008702799071,0.172268685450245,0.140279459933373
403,0.442671323317129,0.206639944148685,0.204454144375473,0.216509434133377,0.142702524367706,0.159655442358187
519,0.467866722440866,0.257786672914962,0.247759640188542,0.212638240623736,0.201594638931909,0.144424803121843
493,0.40662186593712,0.223704949036996,0.245075200706715,0.172787005806565,0.144424803121843,0.140279459933373
629,0.517387345588464,0.285297304030371,0.249561781327291,0.240653643199231,0.169237834303805,0.143552645462116
386,0.42188893060604,0.198109430350217,0.187010622123131,0.185781454960399,0.169237834303805,0.157597013980819
345,0.350225945404854,0.158002143279100,0.181025063276694,0.144131604573628,0.167291481291287,0.140279459933373
411,0.445487145704544,0.251373586915138,0.238033800236652,0.192741366843982,0.158410531669826,0.140279459933373
334,0.417132025922147,0.204454144375473,0.223704949036996,0.190154027575454,0.158002143279100,0.143552645462116
425,0.463225147278761,0.224521889216861,0.218083551882790,0.211875157547888,0.16634019279706,0.140279459933373
470,0.468793774829766,0.225342219919308,0.234581247743386,0.179307075461499,0.147819407725247,0.145622826217966
532,0.441731771836077,0.208860644258667,0.208860644258667,0.204454144375473,0.140539522938054,0.146862120354825
388,0.388321919900050,0.183967824035887,0.201594638931909,0.184568357977156,0.140279459933373,0.140539522938054
500,0.434198112267997,0.210360301592275,0.232872971194181,0.185781454960399,0.170736402643872,0.14298348025674
586,0.51920253600366,0.267121556704060,0.255024990396885,0.195393227873188,0.172787005806565,0.156796455796649
498,0.443610401564419,0.242414171861771,0.221274744825972,0.214175622695954,0.165869963138432,0.140279459933373
451,0.478041795094857,0.215727826366646,0.169733635746363,0.177624558944457,0.169733635746363,0.140279459933373
366,0.362994878061971,0.159237162188545,0.174364837136968,0.171754154191287,0.147178535004063,0.165403320798019
442,0.435141512434088,0.182778757451073,0.234581247743386,0.159237162188545,0.156008702799071,0.149807763529887
515,0.425685350085428,0.248659484023583,0.243298519444439,0.168745733831007,0.188884569174318,0.140279459933373
431,0.410450927071570,0.221274744825972,0.211875157547888,0.207376318697083,0.14298348025674,0.157597013980819
450,0.448298759169222,0.199491561253654,0.210360301592275,0.161362102255135,0.140279459933373,0.170736402643872
438,0.433254223593108,0.195393227873188,0.212638240623736,0.140279459933373,0.178181472416481,0.143552645462116
361,0.403744670601839,0.182190212262849,0.188255890082703,0.171243398019944,0.16634019279706,0.147497624383717
542,0.457641082102348,0.226992939983781,0.247759640188542,0.155619579790919,0.190154027575454,0.148143904307162
458,0.457641082102348,0.211115838461421,0.232872971194181,0.238033800236652,0.140279459933373,0.147819407725247
577,0.40182397040703,0.234581247743386,0.187010622123131,0.211875157547888,0.140279459933373,0.141066417195949
426,0.442671323317129,0.215727826366646,0.233725581744281,0.184568357977156,0.168257318749387,0.144720505822661
621,0.432309844864813,0.238033800236652,0.233725581744281,0.175977245746161,0.144424803121843,0.140279459933373
401,0.438910260048710,0.220471637257467,0.234581247743386,0.164024746412181,0.187010622123131,0.140279459933373
372,0.436084425669404,0.215727826366646,0.237166246337142,0.170233153496669,0.146862120354825,0.145319498566922
365,0.434198112267997,0.207376318697083,0.235439936165745,0.174364837136968,0.166814026627726,0.175435913518267
409,0.393155485097713,0.187010622123131,0.238033800236652,0.176522456496951,0.150148946700048,0.143552645462116
528,0.412362374614871,0.194724220966719,0.231177046607856,0.170736402643872,0.159655442358187,0.171243398019944
478,0.441731771836077,0.221274744825972,0.215727826366646,0.194724220966719,0.159237162188545,0.140279459933373
559,0.480808424194665,0.23977753355553,0.241532534498303,0.194724220966719,0.154470991130581,0.147497624383717
543,0.441731771836077,0.224521889216861,0.162235816543637,0.238904240888872,0.140279459933373,0.143266847840142
450,0.426633199381427,0.237166246337142,0.274713840722163,0.169237834303805,0.172268685450245,0.178181472416481
691,0.510114381882143,0.254108759679802,0.291125967010989,0.193398287644562,0.182190212262849,0.140279459933373
301,0.429473753439024,0.205178843545358,0.234581247743386,0.181605650010004,0.161797245314680,0.16634019279706
419,0.417132025922147,0.221274744825972,0.233725581744281,0.234581247743386,0.140279459933373,0.147178535004063
624,0.4964219650051,0.257786672914962,0.229493730258852,0.192088479379025,0.187010622123131,0.165869963138432
344,0.383475920330798,0.194724220966719,0.187010622123131,0.202303599215116,0.160077057692081,0.155619579790919
448,0.430419611243593,0.23977753355553,0.205907447843523,0.234581247743386,0.140279459933373,0.157195124574254
377,0.39218977751084,0.178742307944130,0.182190212262849,0.194059239855938,0.140279459933373,0.140279459933373
423,0.460435073421994,0.226165913043895,0.200188610986799,0.222891426963376,0.153350162717428,0.172268685450245
459,0.402784577338547,0.197424363331222,0.186394027664835,0.214949882112267,0.177624558944457,0.149469410107982
433,0.426633199381427,0.216509434133377,0.206639944148685,0.167291481291287,0.162677834203278,0.140279459933373
389,0.43702685358426,0.204454144375473,0.156796455796649,0.211115838461421,0.140279459933373,0.140279459933373
504,0.441731771836077,0.183967824035887,0.218083551882790,0.168257318749387,0.174898448025698,0.140279459933373
683,0.568707020795868,0.288207386188063,0.274713840722163,0.255943411389996,0.175435913518267,0.155619579790919
896,0.502821101328797,0.276626749501763,0.241532534498303,0.214949882112267,0.177071557205383,0.140279459933373
376,0.420938564569721,0.174364837136968,0.218083551882790,0.177624558944457,0.149807763529887,0.140279459933373
358,0.439851241970584,0.208860644258667,0.198798498578782,0.199491561253654,0.144131604573628,0.140279459933373
533,0.466939252082330,0.247759640188542,0.237166246337142,0.194059239855938,0.164024746412181,0.140539522938054
565,0.474347434968947,0.225342219919308,0.251373586915138,0.177071557205383,0.166814026627726,0.140279459933373
381,0.445487145704544,0.211115838461421,0.213405068833102,0.171243398019944,0.146862120354825,0.140279459933373
517,0.471572446139952,0.251373586915138,0.234581247743386,0.16357228121085,0.191439626593958,0.158002143279100
490,0.428527399760189,0.204454144375473,0.226165913043895,0.219672052767678,0.140279459933373,0.148471133452426
294,0.437968797820157,0.299924552865763,0.265239772398733,0.236301613614802,0.296006914761259,0.142423961905656
329,0.411406907527978,0.228656878414890,0.204454144375473,0.214175622695954,0.182190212262849,0.164480729737195
422,0.43702685358426,0.179307075461499,0.245967461561916,0.152982630801945,0.154850743467635,0.140279459933373
414,0.434198112267997,0.217294683481912,0.225342219919308,0.205178843545358,0.214175622695954,0.148143904307162
510,0.423788147113161,0.238033800236652,0.224521889216861,0.169733635746363,0.180448444205294,0.161362102255135
338,0.412362374614871,0.205907447843523,0.191439626593958,0.202303599215116,0.141873944585676,0.140279459933373
527,0.420938564569721,0.222891426963376,0.198798498578782,0.182190212262849,0.146237238572002,0.158822198286243
493,0.424736999725661,0.227823271636467,0.226165913043895,0.164480729737195,0.160502026996677,0.140279459933373
399,0.428527399760189,0.190794809258731,0.203016510694019,0.165403320798019,0.183967824035887,0.160930368981928
448,0.411406907527978,0.210360301592275,0.235439936165745,0.145319498566922,0.149807763529887,0.146548361254107
459,0.452041119617036,0.198798498578782,0.231177046607856,0.161797245314680,0.147497624383717,0.140279459933373
417,0.454843116219575,0.232872971194181,0.232023448734304,0.208116557082828,0.168745733831007,0.155619579790919
383,0.495506422283226,0.198798498578782,0.218083551882790,0.213405068833102,0.145622826217966,0.161362102255135
377,0.352194131843378,0.182190212262849,0.188255890082703,0.175435913518267,0.175435913518267,0.153720720340875
416,0.429473753439024,0.195393227873188,0.182190212262849,0.203733362812729,0.140279459933373,0.140279459933373
557,0.429473753439024,0.265239772398733,0.273759486818862,0.237166246337142,0.229493730258852,0.140279459933373
605,0.482650905054512,0.219672052767678,0.198798498578782,0.204454144375473,0.143840891542185,0.140279459933373
549,0.445487145704544,0.226165913043895,0.185172899926102,0.178181472416481,0.179307075461499,0.140279459933373
768,0.482650905054512,0.248659484023583,0.254108759679802,0.200188610986799,0.155233599845476,0.175977245746161
624,0.462295554374572,0.229493730258852,0.227823271636467,0.149133866930996,0.174364837136968,0.140279459933373
410,0.408537424783786,0.172268685450245,0.211875157547888,0.183967824035887,0.157195124574254,0.151542367809210
369,0.417132025922147,0.255943411389996,0.232023448734304,0.238904240888872,0.188255890082703,0.187010622123131
572,0.438910260048710,0.23977753355553,0.212638240623736,0.209608564537159,0.179307075461499,0.145319498566922
451,0.409494432911366,0.242414171861771,0.223704949036996,0.236301613614802,0.318636108753548,0.159237162188545
514,0.443610401564419,0.224521889216861,0.245967461561916,0.167772573247934,0.140279459933373,0.143552645462116
437,0.473422844172892,0.232023448734304,0.211875157547888,0.214949882112267,0.140279459933373,0.140279459933373
391,0.45297556976512,0.209608564537159,0.222891426963376,0.165403320798019,0.183967824035887,0.148801114525785
365,0.382505251364152,0.191439626593958,0.203733362812729,0.187010622123131,0.149807763529887,0.158822198286243
434,0.458572851358513,0.214175622695954,0.214175622695954,0.214949882112267,0.140279459933373,0.145018731380577
311,0.429473753439024,0.187631241909896,0.222081350052879,0.169237834303805,0.149807763529887,0.140279459933373
362,0.39604956908159,0.226992939983781,0.238033800236652,0.206639944148685,0.181605650010004,0.170736402643872
446,0.450170855356869,0.219672052767678,0.202303599215116,0.198109430350217,0.164940248736627,0.140279459933373
351,0.40662186593712,0.193398287644562,0.226992939983781,0.156400988328558,0.147178535004063,0.142702524367706
564,0.511024591546248,0.319623752397046,0.290152214217331,0.188255890082703,0.188255890082703,0.141066417195949
451,0.434198112267997,0.232023448734304,0.253194757033311,0.216509434133377,0.156796455796649,0.153350162717428
392,0.438910260048710,0.245967461561916,0.221274744825972,0.196066256873814,0.142423961905656,0.178181472416481
390,0.428527399760189,0.188884569174318,0.210360301592275,0.171243398019944,0.190154027575454,0.143552645462116
420,0.445487145704544,0.202303599215116,0.214175622695954,0.163123316426449,0.167772573247934,0.16357228121085
563,0.462295554374572,0.209608564537159,0.222891426963376,0.206639944148685,0.155619579790919,0.140279459933373
736,0.468793774829766,0.271855157449252,0.219672052767678,0.23033379664679,0.147819407725247,0.146237238572002
399,0.429473753439024,0.192741366843982,0.208860644258667,0.226165913043895,0.140279459933373,0.169237834303805
374,0.41331732873535,0.210360301592275,0.204454144375473,0.180448444205294,0.175977245746161,0.140279459933373
407,0.43702685358426,0.222081350052879,0.218083551882790,0.191439626593958,0.161362102255135,0.140279459933373
392,0.451106215483896,0.199491561253654,0.203016510694019,0.199491561253654,0.160930368981928,0.140279459933373
461,0.446424815327873,0.215727826366646,0.224521889216861,0.196066256873814,0.141602453589765,0.140279459933373
396,0.422838791105066,0.231177046607856,0.213405068833102,0.196066256873814,0.160077057692081,0.145319498566922
392,0.442671323317129,0.183967824035887,0.189517281185082,0.201594638931909,0.171754154191287,0.154470991130581
468,0.440791745314472,0.222081350052879,0.221274744825972,0.157195124574254,0.162677834203278,0.169733635746363
404,0.379590352485876,0.164940248736627,0.198109430350217,0.205907447843523,0.160502026996677,0.184568357977156
513,0.44923503724365,0.200889639762023,0.220471637257467,0.201594638931909,0.156400988328558,0.141333283747465
293,0.428527399760189,0.208116557082828,0.186394027664835,0.156008702799071,0.140279459933373,0.140279459933373
427,0.364953752682284,0.172787005806565,0.203733362812729,0.168257318749387,0.158002143279100,0.140279459933373
476,0.375697185802696,0.201594638931909,0.187010622123131,0.286266334773665,0.346286080835727,0.161797245314680
512,0.440791745314472,0.203016510694019,0.181605650010004,0.217294683481912,0.140279459933373,0.140279459933373
511,0.507381840049532,0.296985336054750,0.271855157449252,0.185781454960399,0.164480729737195,0.141066417195949
299,0.447362019176649,0.190154027575454,0.192741366843982,0.182778757451073,0.140279459933373,0.141333283747465
458,0.418084423539314,0.226165913043895,0.217294683481912,0.196743303664015,0.181605650010004,0.162235816543637
584,0.466011361565902,0.23033379664679,0.234581247743386,0.167291481291287,0.224521889216861,0.140279459933373
615,0.434198112267997,0.226992939983781,0.232023448734304,0.156008702799071,0.190794809258731,0.140279459933373
325,0.435141512434088,0.220471637257467,0.203733362812729,0.140801836156987,0.182778757451073,0.140279459933373
355,0.412362374614871,0.194724220966719,0.218083551882790,0.161797245314680,0.164480729737195,0.140279459933373
514,0.447362019176649,0.213405068833102,0.232023448734304,0.184568357977156,0.147178535004063,0.142147774681471
399,0.45297556976512,0.216509434133377,0.236301613614802,0.177624558944457,0.200889639762023,0.174898448025698
335,0.395085382089401,0.178742307944130,0.193398287644562,0.190794809258731,0.145928733232941,0.146862120354825
532,0.462295554374572,0.23977753355553,0.250466494772263,0.203733362812729,0.186394027664835,0.161362102255135
622,0.452041119617036,0.249561781327291,0.226165913043895,0.192741366843982,0.156796455796649,0.154850743467635
368,0.416179118323367,0.198109430350217,0.240653643199231,0.142147774681471,0.187631241909896,0.181025063276694
476,0.457641082102348,0.199491561253654,0.251373586915138,0.161797245314680,0.201594638931909,0.140279459933373
377,0.375697185802696,0.191439626593958,0.207376318697083,0.156796455796649,0.174364837136968,0.152982630801945
352,0.416179118323367,0.180448444205294,0.228656878414890,0.170736402643872,0.165403320798019,0.140279459933373
399,0.411406907527978,0.203733362812729,0.218083551882790,0.175435913518267,0.178742307944130,0.140279459933373
280,0.358090854945044,0.166814026627726,0.175977245746161,0.213405068833102,0.140279459933373,0.140279459933373
349,0.430419611243593,0.211875157547888,0.212638240623736,0.179307075461499,0.155233599845476,0.140279459933373
554,0.453909567952752,0.241532534498303,0.249561781327291,0.234581247743386,0.296006914761259,0.181605650010004
360,0.431364974573073,0.200889639762023,0.179875784505171,0.185172899926102,0.157195124574254,0.152618104976752
385,0.40566331506169,0.215727826366646,0.242414171861771,0.140279459933373,0.165869963138432,0.148143904307162
477,0.419987692000204,0.188884569174318,0.227823271636467,0.170736402643872,0.166814026627726,0.140279459933373
432,0.423788147113161,0.214175622695954,0.214949882112267,0.167291481291287,0.169237834303805,0.140279459933373
412,0.409494432911366,0.199491561253654,0.232023448734304,0.172787005806565,0.166814026627726,0.159237162188545
570,0.492757675678563,0.295029198942614,0.259638241659144,0.241532534498303,0.156796455796649,0.150492979148870
478,0.419036311953547,0.194724220966719,0.192088479379025,0.237166246337142,0.258711437790672,0.140279459933373
387,0.412362374614871,0.181605650010004,0.222891426963376,0.163123316426449,0.14298348025674,0.140279459933373
413,0.42188893060604,0.219672052767678,0.185781454960399,0.208116557082828,0.147178535004063,0.152256565618780
244,0.462295554374572,0.214949882112267,0.202303599215116,0.189517281185082,0.140279459933373,0.142147774681471
368,0.387353706987488,0.233725581744281,0.204454144375473,0.194724220966719,0.176522456496951,0.197424363331222
374,0.420938564569721,0.206639944148685,0.208116557082828,0.151189670120080,0.154094323280450,0.165403320798019
367,0.439851241970584,0.198109430350217,0.195393227873188,0.211115838461421,0.186394027664835,0.140279459933373
310,0.397013246974146,0.279506090033501,0.255024990396885,0.212638240623736,0.173309128978783,0.195393227873188
347,0.39218977751084,0.195393227873188,0.214175622695954,0.167291481291287,0.156008702799071,0.159655442358187
623,0.443610401564419,0.196743303664015,0.243298519444439,0.158410531669826,0.164940248736627,0.144720505822661
440,0.442671323317129,0.180448444205294,0.205178843545358,0.146548361254107,0.174364837136968,0.145928733232941
573,0.465083048709257,0.273759486818862,0.237166246337142,0.269956905233921,0.36005360357005,0.169237834303805
385,0.423788147113161,0.194059239855938,0.188255890082703,0.158410531669826,0.184568357977156,0.147497624383717
395,0.458572851358513,0.213405068833102,0.216509434133377,0.179875784505171,0.170233153496669,0.140279459933373
425,0.436084425669404,0.222891426963376,0.213405068833102,0.213405068833102,0.140279459933373,0.163123316426449
400,0.383475920330798,0.168745733831007,0.181605650010004,0.208116557082828,0.140279459933373,0.140279459933373
478,0.457641082102348,0.245075200706715,0.238904240888872,0.182778757451073,0.140279459933373,0.14298348025674
369,0.476195411202944,0.171754154191287,0.232023448734304,0.202303599215116,0.140279459933373,0.146548361254107
520,0.466011361565902,0.293075998312143,0.245967461561916,0.210360301592275,0.169733635746363,0.140279459933373
175,0.372772455485757,0.152256565618780,0.174364837136968,0.183967824035887,0.158410531669826,0.151542367809210
376,0.411406907527978,0.224521889216861,0.196743303664015,0.200889639762023,0.170233153496669,0.16634019279706
506,0.462295554374572,0.260567046745838,0.251373586915138,0.165869963138432,0.162677834203278,0.140279459933373
488,0.419987692000204,0.193398287644562,0.197424363331222,0.198109430350217,0.140279459933373,0.140279459933373
451,0.412362374614871,0.214175622695954,0.215727826366646,0.190154027575454,0.170233153496669,0.155619579790919
398,0.410450927071570,0.208860644258667,0.178181472416481,0.204454144375473,0.150839880430613,0.140279459933373
371,0.471572446139952,0.211875157547888,0.228656878414890,0.179875784505171,0.168745733831007,0.162235816543637
341,0.380562464597876,0.177071557205383,0.251373586915138,0.140279459933373,0.178742307944130,0.147497624383717
397,0.40662186593712,0.185781454960399,0.154470991130581,0.211875157547888,0.140279459933373,0.140279459933373
440,0.45297556976512,0.214949882112267,0.208860644258667,0.168745733831007,0.161362102255135,0.140279459933373
347,0.44923503724365,0.240653643199231,0.251373586915138,0.194724220966719,0.169733635746363,0.144720505822661
356,0.39604956908159,0.220471637257467,0.253194757033311,0.186394027664835,0.168745733831007,0.16634019279706
423,0.457641082102348,0.223704949036996,0.233725581744281,0.140279459933373,0.205178843545358,0.140279459933373
629,0.474347434968947,0.236301613614802,0.224521889216861,0.198109430350217,0.177624558944457,0.140279459933373
309,0.399901217123282,0.194059239855938,0.190794809258731,0.206639944148685,0.160930368981928,0.147497624383717
389,0.433254223593108,0.207376318697083,0.183371292540019,0.207376318697083,0.141873944585676,0.143266847840142
410,0.415225700022613,0.188255890082703,0.203016510694019,0.198109430350217,0.158002143279100,0.140279459933373
464,0.443610401564419,0.245075200706715,0.274713840722163,0.176522456496951,0.205178843545358,0.156400988328558
197,0.390256851013871,0.177624558944457,0.213405068833102,0.197424363331222,0.164024746412181,0.140279459933373
367,0.452041119617036,0.195393227873188,0.218083551882790,0.195393227873188,0.149469410107982,0.154094323280450
483,0.415225700022613,0.233725581744281,0.238033800236652,0.155619579790919,0.140539522938054,0.158002143279100
157,0.296985336054750,0.165869963138432,0.187010622123131,0.187631241909896,0.146548361254107,0.140279459933373
312,0.40662186593712,0.173309128978783,0.234581247743386,0.177071557205383,0.183967824035887,0.143840891542185
361,0.39604956908159,0.219672052767678,0.213405068833102,0.218083551882790,0.173835068385563,0.175977245746161
417,0.444549008408857,0.206639944148685,0.185172899926102,0.182190212262849,0.162677834203278,0.140279459933373
309,0.447362019176649,0.187631241909896,0.198109430350217,0.157597013980819,0.182778757451073,0.141873944585676
417,0.428527399760189,0.216509434133377,0.177071557205383,0.237166246337142,0.155619579790919,0.149469410107982
381,0.436084425669404,0.192088479379025,0.223704949036996,0.159237162188545,0.159237162188545,0.144424803121843
480,0.442671323317129,0.229493730258852,0.220471637257467,0.183967824035887,0.178181472416481,0.140279459933373
227,0.384446102799712,0.206639944148685,0.195393227873188,0.311728055196152,0.412362374614871,0.222891426963376
303,0.299924552865763,0.182190212262849,0.192741366843982,0.209608564537159,0.150492979148870,0.163123316426449
389,0.397976414823837,0.158002143279100,0.188884569174318,0.206639944148685,0.142702524367706,0.140279459933373
433,0.439851241970584,0.210360301592275,0.211115838461421,0.140279459933373,0.176522456496951,0.144720505822661
635,0.479886604427388,0.242414171861771,0.222081350052879,0.179875784505171,0.180448444205294,0.157597013980819
492,0.429473753439024,0.259638241659144,0.280468392646033,0.188255890082703,0.199491561253654,0.185781454960399
375,0.480808424194665,0.265239772398733,0.249561781327291,0.167291481291287,0.218083551882790,0.150148946700048
450,0.445487145704544,0.240653643199231,0.238904240888872,0.208860644258667,0.151189670120080,0.167291481291287
368,0.393155485097713,0.238904240888872,0.23033379664679,0.188884569174318,0.204454144375473,0.160077057692081
432,0.389289635189169,0.188884569174318,0.227823271636467,0.164024746412181,0.170736402643872,0.140279459933373
419,0.441731771836077,0.194059239855938,0.184568357977156,0.191439626593958,0.157195124574254,0.140279459933373
233,0.454843116219575,0.194724220966719,0.222891426963376,0.175977245746161,0.187631241909896,0.140279459933373
434,0.431364974573073,0.197424363331222,0.192088479379025,0.203733362812729,0.140279459933373,0.142702524367706
394,0.427580548847338,0.186394027664835,0.206639944148685,0.194724220966719,0.145622826217966,0.140279459933373
430,0.43702685358426,0.176522456496951,0.147178535004063,0.175977245746161,0.169237834303805,0.140279459933373
518,0.420938564569721,0.226992939983781,0.255943411389996,0.16357228121085,0.208860644258667,0.142702524367706
457,0.430419611243593,0.237166246337142,0.209608564537159,0.211875157547888,0.162235816543637,0.140279459933373
178,0.352194131843378,0.158002143279100,0.194059239855938,0.174898448025698,0.145018731380577,0.149469410107982
476,0.414271770359505,0.236301613614802,0.262430509724191,0.173309128978783,0.207376318697083,0.152256565618780
436,0.39218977751084,0.217294683481912,0.222081350052879,0.178181472416481,0.172268685450245,0.176522456496951
514,0.415225700022613,0.284329312589461,0.303851718893881,0.270905253648299,0.267121556704060,0.172268685450245
402,0.437968797820157,0.194724220966719,0.180448444205294,0.211115838461421,0.140279459933373,0.142423961905656
565,0.45297556976512,0.222891426963376,0.167291481291287,0.218876016213984,0.140279459933373,0.140279459933373
439,0.416179118323367,0.209608564537159,0.191439626593958,0.191439626593958,0.164940248736627,0.140279459933373
514,0.40566331506169,0.209608564537159,0.203016510694019,0.213405068833102,0.157195124574254,0.140279459933373
341,0.457641082102348,0.214949882112267,0.218876016213984,0.193398287644562,0.141602453589765,0.140279459933373
433,0.354161056920203,0.172268685450245,0.211875157547888,0.219672052767678,0.140279459933373,0.140279459933373
437,0.446424815327873,0.211115838461421,0.204454144375473,0.173835068385563,0.147497624383717,0.140279459933373
626,0.451106215483896,0.279506090033501,0.272806580486754,0.236301613614802,0.222081350052879,0.140279459933373
393,0.412362374614871,0.203733362812729,0.210360301592275,0.189517281185082,0.158822198286243,0.153350162717428
394,0.442671323317129,0.251373586915138,0.242414171861771,0.183967824035887,0.223704949036996,0.188255890082703
405,0.457641082102348,0.23033379664679,0.254108759679802,0.165403320798019,0.160930368981928,0.140279459933373
877,0.489087655334828,0.273759486818862,0.245967461561916,0.184568357977156,0.143266847840142,0.140279459933373
473,0.447362019176649,0.238033800236652,0.240653643199231,0.170736402643872,0.157597013980819,0.164940248736627
420,0.409494432911366,0.196743303664015,0.224521889216861,0.180448444205294,0.163123316426449,0.140279459933373
391,0.394120687044045,0.187010622123131,0.236301613614802,0.140279459933373,0.203016510694019,0.140279459933373
464,0.455776216619560,0.292100571713878,0.226165913043895,0.225342219919308,0.196743303664015,0.179875784505171
495,0.451106215483896,0.251373586915138,0.226165913043895,0.200188610986799,0.172787005806565,0.140279459933373
543,0.429473753439024,0.196066256873814,0.217294683481912,0.152618104976752,0.159237162188545,0.149133866930996
342,0.456708871220304,0.203016510694019,0.197424363331222,0.190794809258731,0.150839880430613,0.140279459933373
398,0.385415796280043,0.168257318749387,0.205907447843523,0.179875784505171,0.164940248736627,0.140279459933373
715,0.495506422283226,0.323575487390111,0.295029198942614,0.197424363331222,0.315674182764382,0.233725581744281
433,0.415225700022613,0.181025063276694,0.220471637257467,0.169733635746363,0.140279459933373,0.140279459933373
462,0.439851241970584,0.208860644258667,0.224521889216861,0.226165913043895,0.140279459933373,0.140279459933373
447,0.420938564569721,0.240653643199231,0.247759640188542,0.193398287644562,0.194724220966719,0.199491561253654
419,0.462295554374572,0.212638240623736,0.246862287018223,0.16634019279706,0.161362102255135,0.140279459933373
574,0.438910260048710,0.238033800236652,0.185172899926102,0.184568357977156,0.160502026996677,0.140279459933373
308,0.37179664134119,0.193398287644562,0.165403320798019,0.223704949036996,0.172268685450245,0.151542367809210
412,0.450170855356869,0.233725581744281,0.240653643199231,0.175977245746161,0.178181472416481,0.140279459933373
343,0.40662186593712,0.178181472416481,0.205178843545358,0.211115838461421,0.150839880430613,0.140279459933373
426,0.40566331506169,0.211115838461421,0.215727826366646,0.188884569174318,0.170233153496669,0.164940248736627
504,0.479886604427388,0.272806580486754,0.286266334773665,0.245075200706715,0.199491561253654,0.169733635746363
356,0.373747820375976,0.170233153496669,0.209608564537159,0.152982630801945,0.163123316426449,0.140279459933373
451,0.444549008408857,0.217294683481912,0.212638240623736,0.191439626593958,0.170233153496669,0.145928733232941
423,0.417132025922147,0.204454144375473,0.205178843545358,0.218083551882790,0.192741366843982,0.148471133452426
354,0.391223565654671,0.163123316426449,0.191439626593958,0.175977245746161,0.170233153496669,0.140279459933373
447,0.423788147113161,0.208116557082828,0.232023448734304,0.151189670120080,0.14298348025674,0.142147774681471
443,0.432309844864813,0.211115838461421,0.221274744825972,0.187010622123131,0.182190212262849,0.16634019279706
231,0.436084425669404,0.226165913043895,0.214949882112267,0.285297304030371,0.386384998416716,0.194724220966719
310,0.376671178467619,0.169237834303805,0.206639944148685,0.164024746412181,0.154094323280450,0.140279459933373
464,0.427580548847338,0.220471637257467,0.226992939983781,0.191439626593958,0.143840891542185,0.16357228121085
318,0.404704249910189,0.199491561253654,0.198798498578782,0.187631241909896,0.196066256873814,0.160077057692081
353,0.393155485097713,0.203016510694019,0.222081350052879,0.188884569174318,0.140539522938054,0.140279459933373
322,0.394120687044045,0.190154027575454,0.200889639762023,0.179307075461499,0.181025063276694,0.140279459933373
506,0.458572851358513,0.210360301592275,0.200188610986799,0.168745733831007,0.168745733831007,0.140279459933373
322,0.425685350085428,0.188884569174318,0.198798498578782,0.174898448025698,0.164024746412181,0.145622826217966
399,0.423788147113161,0.212638240623736,0.228656878414890,0.165869963138432,0.178181472416481,0.140279459933373
373,0.453909567952752,0.174364837136968,0.214175622695954,0.153350162717428,0.163123316426449,0.149807763529887
311,0.445487145704544,0.237166246337142,0.183967824035887,0.178181472416481,0.140279459933373,0.140279459933373
424,0.487250452013843,0.226992939983781,0.265239772398733,0.172268685450245,0.173835068385563,0.157597013980819
452,0.419987692000204,0.200188610986799,0.213405068833102,0.178181472416481,0.185172899926102,0.157597013980819
493,0.500080663267207,0.246862287018223,0.185172899926102,0.212638240623736,0.182190212262849,0.156008702799071
510,0.427580548847338,0.242414171861771,0.211115838461421,0.214175622695954,0.161362102255135,0.146862120354825
520,0.408537424783786,0.198798498578782,0.237166246337142,0.178181472416481,0.179875784505171,0.164480729737195
467,0.473422844172892,0.229493730258852,0.261497815323131,0.140279459933373,0.164024746412181,0.140279459933373
394,0.375697185802696,0.183967824035887,0.167772573247934,0.187631241909896,0.142702524367706,0.154850743467635
411,0.393155485097713,0.192088479379025,0.157597013980819,0.211115838461421,0.140279459933373,0.148143904307162
544,0.476195411202944,0.252283020211930,0.253194757033311,0.198798498578782,0.207376318697083,0.153720720340875
396,0.471572446139952,0.220471637257467,0.213405068833102,0.211115838461421,0.140279459933373,0.145622826217966
462,0.420938564569721,0.245967461561916,0.214175622695954,0.201594638931909,0.206639944148685,0.170736402643872
572,0.440791745314472,0.214175622695954,0.214949882112267,0.16357228121085,0.160930368981928,0.143552645462116
437,0.384446102799712,0.176522456496951,0.220471637257467,0.172268685450245,0.150839880430613,0.140279459933373
259,0.419036311953547,0.160077057692081,0.222081350052879,0.177624558944457,0.172268685450245,0.152982630801945
293,0.358090854945044,0.168745733831007,0.195393227873188,0.179875784505171,0.151542367809210,0.141873944585676
443,0.448298759169222,0.235439936165745,0.211875157547888,0.208116557082828,0.163123316426449,0.140279459933373
316,0.417132025922147,0.213405068833102,0.194059239855938,0.183371292540019,0.190794809258731,0.140279459933373
452,0.452041119617036,0.273759486818862,0.276626749501763,0.242414171861771,0.218876016213984,0.167772573247934
396,0.417132025922147,0.225342219919308,0.211115838461421,0.225342219919308,0.157195124574254,0.152618104976752
400,0.404704249910189,0.225342219919308,0.208860644258667,0.203733362812729,0.140279459933373,0.169733635746363
462,0.453909567952752,0.228656878414890,0.226165913043895,0.213405068833102,0.141873944585676,0.140279459933373
345,0.407579902497849,0.190794809258731,0.197424363331222,0.173309128978783,0.190794809258731,0.141333283747465
384,0.447362019176649,0.240653643199231,0.194059239855938,0.211875157547888,0.168257318749387,0.149807763529887
888,0.518295090270738,0.288207386188063,0.255943411389996,0.196743303664015,0.151189670120080,0.177624558944457
235,0.422838791105066,0.194724220966719,0.155619579790919,0.352194131843378,0.472497848634527,0.229493730258852
537,0.43702685358426,0.246862287018223,0.211875157547888,0.26336509235663,0.365932579194558,0.190154027575454
393,0.397013246974146,0.199491561253654,0.197424363331222,0.164940248736627,0.177071557205383,0.142147774681471
187,0.407579902497849,0.192741366843982,0.163123316426449,0.346286080835727,0.479886604427388,0.250466494772263
929,0.515570951288053,0.243298519444439,0.26806502014066,0.233725581744281,0.194059239855938,0.140279459933373
314,0.44923503724365,0.188255890082703,0.199491561253654,0.171243398019944,0.156400988328558,0.144720505822661
690,0.482650905054512,0.261497815323131,0.250466494772263,0.207376318697083,0.164940248736627,0.16357228121085
510,0.426633199381427,0.200188610986799,0.198109430350217,0.190794809258731,0.177624558944457,0.146548361254107
254,0.41331732873535,0.178742307944130,0.159655442358187,0.170736402643872,0.144424803121843,0.163123316426449
418,0.402784577338547,0.201594638931909,0.211875157547888,0.179307075461499,0.165869963138432,0.143266847840142
459,0.42188893060604,0.232023448734304,0.249561781327291,0.211875157547888,0.145928733232941,0.140279459933373
400,0.353177756395209,0.168257318749387,0.201594638931909,0.226165913043895,0.298944182722262,0.173835068385563
386,0.402784577338547,0.211875157547888,0.220471637257467,0.211875157547888,0.159655442358187,0.161362102255135
493,0.427580548847338,0.221274744825972,0.245967461561916,0.189517281185082,0.198798498578782,0.140279459933373
368,0.411406907527978,0.183371292540019,0.185172899926102,0.163123316426449,0.184568357977156,0.140279459933373
336,0.362014841934518,0.202303599215116,0.191439626593958,0.205907447843523,0.255024990396885,0.159655442358187
426,0.408537424783786,0.205907447843523,0.218876016213984,0.148801114525785,0.190794809258731,0.152982630801945
513,0.42188893060604,0.193398287644562,0.214175622695954,0.200188610986799,0.141873944585676,0.145928733232941
422,0.42188893060604,0.198798498578782,0.214175622695954,0.182190212262849,0.145928733232941,0.158410531669826
172,0.348256569656263,0.149469410107982,0.193398287644562,0.182778757451073,0.176522456496951,0.140279459933373
380,0.378617765257579,0.188255890082703,0.204454144375473,0.233725581744281,0.140279459933373,0.159655442358187
493,0.425685350085428,0.255943411389996,0.232023448734304,0.192088479379025,0.150839880430613,0.165403320798019
463,0.417132025922147,0.208860644258667,0.247759640188542,0.173835068385563,0.178181472416481,0.140279459933373
379,0.40182397040703,0.206639944148685,0.209608564537159,0.200188610986799,0.172787005806565,0.144720505822661
631,0.462295554374572,0.245967461561916,0.223704949036996,0.184568357977156,0.173835068385563,0.140279459933373
518,0.404704249910189,0.197424363331222,0.211115838461421,0.287236372741756,0.407579902497849,0.200188610986799
582,0.451106215483896,0.245967461561916,0.208860644258667,0.242414171861771,0.177071557205383,0.169237834303805
473,0.404704249910189,0.210360301592275,0.201594638931909,0.194724220966719,0.140279459933373,0.168257318749387
372,0.417132025922147,0.187010622123131,0.190154027575454,0.205178843545358,0.140279459933373,0.142423961905656
413,0.440791745314472,0.218083551882790,0.229493730258852,0.164480729737195,0.190794809258731,0.151189670120080
494,0.451106215483896,0.240653643199231,0.240653643199231,0.181025063276694,0.16357228121085,0.140279459933373
552,0.465083048709257,0.219672052767678,0.204454144375473,0.192088479379025,0.149133866930996,0.140279459933373
329,0.410450927071570,0.202303599215116,0.236301613614802,0.173309128978783,0.161797245314680,0.144424803121843
296,0.395085382089401,0.157597013980819,0.196743303664015,0.187631241909896,0.140279459933373,0.143266847840142
483,0.39893907178823,0.251373586915138,0.243298519444439,0.227823271636467,0.197424363331222,0.140279459933373
512,0.458572851358513,0.234581247743386,0.252283020211930,0.140279459933373,0.200889639762023,0.171243398019944
469,0.407579902497849,0.203733362812729,0.203016510694019,0.218876016213984,0.148143904307162,0.150492979148870
401,0.429473753439024,0.205907447843523,0.203016510694019,0.217294683481912,0.147819407725247,0.140279459933373
437,0.445487145704544,0.211875157547888,0.180448444205294,0.248659484023583,0.248659484023583,0.151897993103576
295,0.430419611243593,0.224521889216861,0.213405068833102,0.146548361254107,0.173309128978783,0.146548361254107
522,0.445487145704544,0.251373586915138,0.245967461561916,0.194724220966719,0.182190212262849,0.140279459933373
419,0.458572851358513,0.209608564537159,0.248659484023583,0.207376318697083,0.186394027664835,0.172268685450245
458,0.456708871220304,0.225342219919308,0.246862287018223,0.182778757451073,0.160077057692081,0.140279459933373
448,0.426633199381427,0.222081350052879,0.203016510694019,0.197424363331222,0.161797245314680,0.142147774681471
301,0.419036311953547,0.172787005806565,0.209608564537159,0.191439626593958,0.142702524367706,0.140279459933373
726,0.501907959152939,0.302869127130412,0.258711437790672,0.218083551882790,0.164480729737195,0.145928733232941
361,0.453909567952752,0.222081350052879,0.231177046607856,0.198109430350217,0.169733635746363,0.177624558944457
459,0.473422844172892,0.214949882112267,0.225342219919308,0.148143904307162,0.202303599215116,0.156400988328558
378,0.397013246974146,0.218083551882790,0.164024746412181,0.214175622695954,0.147497624383717,0.140279459933373
365,0.415225700022613,0.213405068833102,0.208116557082828,0.172268685450245,0.155619579790919,0.140279459933373
382,0.423788147113161,0.228656878414890,0.233725581744281,0.168745733831007,0.180448444205294,0.140279459933373
219,0.437968797820157,0.178181472416481,0.140279459933373,0.229493730258852,0.140279459933373,0.145319498566922
394,0.534585290557682,0.247759640188542,0.250466494772263,0.206639944148685,0.192741366843982,0.178742307944130
467,0.419987692000204,0.240653643199231,0.249561781327291,0.181605650010004,0.149133866930996,0.181025063276694
365,0.407579902497849,0.212638240623736,0.214949882112267,0.197424363331222,0.196743303664015,0.154470991130581
621,0.473422844172892,0.255024990396885,0.242414171861771,0.208116557082828,0.228656878414890,0.156796455796649
412,0.441731771836077,0.218876016213984,0.232023448734304,0.182190212262849,0.178181472416481,0.161797245314680
406,0.41331732873535,0.179875784505171,0.200889639762023,0.177624558944457,0.171754154191287,0.156796455796649
379,0.393155485097713,0.178742307944130,0.203733362812729,0.191439626593958,0.142147774681471,0.140279459933373
250,0.423788147113161,0.200889639762023,0.219672052767678,0.218083551882790,0.140279459933373,0.157195124574254
452,0.433254223593108,0.216509434133377,0.216509434133377,0.216509434133377,0.169237834303805,0.140539522938054
342,0.443610401564419,0.245967461561916,0.238904240888872,0.196743303664015,0.190154027575454,0.150148946700048
306,0.557967132030868,0.274713840722163,0.255943411389996,0.208860644258667,0.175977245746161,0.140279459933373
418,0.39218977751084,0.205907447843523,0.216509434133377,0.210360301592275,0.140279459933373,0.149807763529887
304,0.443610401564419,0.205907447843523,0.245967461561916,0.140279459933373,0.177624558944457,0.150148946700048
623,0.439851241970584,0.195393227873188,0.226165913043895,0.190794809258731,0.182778757451073,0.149133866930996
465,0.441731771836077,0.23033379664679,0.188884569174318,0.211115838461421,0.177624558944457,0.158002143279100
545,0.430419611243593,0.211875157547888,0.208860644258667,0.197424363331222,0.173835068385563,0.172268685450245
396,0.426633199381427,0.216509434133377,0.205907447843523,0.181025063276694,0.156796455796649,0.140279459933373
425,0.418084423539314,0.197424363331222,0.207376318697083,0.164940248736627,0.140279459933373,0.148471133452426
395,0.439851241970584,0.190154027575454,0.200889639762023,0.210360301592275,0.165869963138432,0.164024746412181
375,0.441731771836077,0.210360301592275,0.225342219919308,0.169733635746363,0.155619579790919,0.144424803121843
383,0.472497848634527,0.256863984839407,0.255943411389996,0.232023448734304,0.178181472416481,0.171754154191287
345,0.377644706128292,0.203733362812729,0.248659484023583,0.150148946700048,0.177071557205383,0.140279459933373
361,0.40182397040703,0.214949882112267,0.23033379664679,0.161797245314680,0.168257318749387,0.175977245746161
435,0.473422844172892,0.256863984839407,0.228656878414890,0.211875157547888,0.217294683481912,0.140279459933373
453,0.445487145704544,0.200188610986799,0.205907447843523,0.196066256873814,0.153720720340875,0.155619579790919
322,0.384446102799712,0.166814026627726,0.178181472416481,0.178181472416481,0.140279459933373,0.160502026996677
493,0.463225147278761,0.229493730258852,0.234581247743386,0.209608564537159,0.272806580486754,0.156400988328558
467,0.423788147113161,0.218876016213984,0.217294683481912,0.211875157547888,0.155233599845476,0.149133866930996
390,0.42188893060604,0.182778757451073,0.222081350052879,0.194724220966719,0.140279459933373,0.140279459933373
414,0.414271770359505,0.196743303664015,0.187010622123131,0.206639944148685,0.140279459933373,0.143552645462116
420,0.428527399760189,0.192741366843982,0.198798498578782,0.187010622123131,0.167772573247934,0.140279459933373
382,0.425685350085428,0.181025063276694,0.238033800236652,0.157597013980819,0.161362102255135,0.140279459933373
477,0.437968797820157,0.291125967010989,0.233725581744281,0.249561781327291,0.143552645462116,0.153720720340875
396,0.408537424783786,0.223704949036996,0.202303599215116,0.198109430350217,0.140279459933373,0.140279459933373
491,0.426633199381427,0.232023448734304,0.211115838461421,0.205178843545358,0.176522456496951,0.140279459933373
341,0.442671323317129,0.179307075461499,0.23977753355553,0.198798498578782,0.140279459933373,0.154470991130581
296,0.451106215483896,0.213405068833102,0.190794809258731,0.190154027575454,0.167772573247934,0.140279459933373
524,0.474347434968947,0.249561781327291,0.224521889216861,0.218876016213984,0.162235816543637,0.155233599845476
498,0.443610401564419,0.250466494772263,0.199491561253654,0.199491561253654,0.140279459933373,0.152618104976752
380,0.402784577338547,0.187631241909896,0.179307075461499,0.203733362812729,0.140279459933373,0.140279459933373
432,0.39893907178823,0.185781454960399,0.204454144375473,0.194724220966719,0.149133866930996,0.150492979148870
375,0.436084425669404,0.232023448734304,0.233725581744281,0.161362102255135,0.165403320798019,0.167291481291287
466,0.463225147278761,0.227823271636467,0.212638240623736,0.168257318749387,0.151189670120080,0.147497624383717
469,0.418084423539314,0.166814026627726,0.205178843545358,0.184568357977156,0.140279459933373,0.149133866930996
478,0.44923503724365,0.225342219919308,0.215727826366646,0.203016510694019,0.227823271636467,0.140279459933373
495,0.448298759169222,0.225342219919308,0.226165913043895,0.212638240623736,0.140279459933373,0.142423961905656
384,0.393155485097713,0.251373586915138,0.205178843545358,0.192741366843982,0.199491561253654,0.173309128978783
795,0.39218977751084,0.23977753355553,0.208116557082828,0.190794809258731,0.245967461561916,0.144720505822661
483,0.424736999725661,0.225342219919308,0.218876016213984,0.192741366843982,0.182778757451073,0.156796455796649
384,0.402784577338547,0.196066256873814,0.196743303664015,0.158002143279100,0.152982630801945,0.140801836156987
356,0.385415796280043,0.23033379664679,0.256863984839407,0.170736402643872,0.188255890082703,0.142147774681471
430,0.417132025922147,0.198798498578782,0.176522456496951,0.225342219919308,0.144131604573628,0.141333283747465
391,0.463225147278761,0.238033800236652,0.194724220966719,0.226992939983781,0.144720505822661,0.156008702799071
251,0.510114381882143,0.235439936165745,0.238904240888872,0.227823271636467,0.212638240623736,0.214949882112267
584,0.408537424783786,0.198798498578782,0.236301613614802,0.174364837136968,0.178181472416481,0.160077057692081
410,0.437968797820157,0.197424363331222,0.225342219919308,0.173835068385563,0.171243398019944,0.160077057692081
406,0.389289635189169,0.198109430350217,0.209608564537159,0.144720505822661,0.175977245746161,0.153350162717428
452,0.377644706128292,0.215727826366646,0.236301613614802,0.165403320798019,0.164480729737195,0.140279459933373
620,0.452041119617036,0.254108759679802,0.222891426963376,0.185781454960399,0.159655442358187,0.146548361254107
956,0.550789853506805,0.294052217151829,0.23977753355553,0.220471637257467,0.192741366843982,0.173835068385563
399,0.45297556976512,0.265239772398733,0.254108759679802,0.187631241909896,0.218876016213984,0.222891426963376
378,0.424736999725661,0.183371292540019,0.211875157547888,0.173309128978783,0.176522456496951,0.147497624383717
533,0.424736999725661,0.222081350052879,0.223704949036996,0.186394027664835,0.181025063276694,0.140279459933373
939,0.531876497718254,0.291125967010989,0.266179795115631,0.290152214217331,0.276626749501763,0.224521889216861
543,0.431364974573073,0.191439626593958,0.160502026996677,0.159237162188545,0.166814026627726,0.140279459933373
608,0.464154311336516,0.221274744825972,0.245967461561916,0.168745733831007,0.164024746412181,0.140279459933373
445,0.439851241970584,0.217294683481912,0.210360301592275,0.194724220966719,0.149807763529887,0.140279459933373
492,0.452041119617036,0.179875784505171,0.218876016213984,0.151897993103576,0.169733635746363,0.142423961905656
368,0.45297556976512,0.226165913043895,0.231177046607856,0.192741366843982,0.190794809258731,0.140279459933373
428,0.427580548847338,0.213405068833102,0.23033379664679,0.16357228121085,0.156008702799071,0.145928733232941
402,0.402784577338547,0.148143904307162,0.196743303664015,0.140279459933373,0.194059239855938,0.140279459933373
434,0.40662186593712,0.182778757451073,0.193398287644562,0.201594638931909,0.174898448025698,0.140279459933373
544,0.42188893060604,0.218876016213984,0.218083551882790,0.199491561253654,0.175435913518267,0.140279459933373
516,0.444549008408857,0.215727826366646,0.208860644258667,0.201594638931909,0.162235816543637,0.149807763529887
413,0.404704249910189,0.211115838461421,0.254108759679802,0.193398287644562,0.184568357977156,0.140279459933373
343,0.461365530470573,0.208116557082828,0.199491561253654,0.196066256873814,0.157597013980819,0.140279459933373
317,0.397976414823837,0.192088479379025,0.212638240623736,0.162235816543637,0.175435913518267,0.140279459933373
454,0.455776216619560,0.216509434133377,0.177624558944457,0.212638240623736,0.140279459933373,0.140279459933373
303,0.39604956908159,0.205178843545358,0.229493730258852,0.188255890082703,0.168257318749387,0.154850743467635
351,0.464154311336516,0.208860644258667,0.171243398019944,0.235439936165745,0.163123316426449,0.144424803121843
451,0.432309844864813,0.208116557082828,0.207376318697083,0.225342219919308,0.140279459933373,0.143840891542185
327,0.354161056920203,0.185172899926102,0.198798498578782,0.181605650010004,0.164940248736627,0.162677834203278
498,0.450170855356869,0.222891426963376,0.232023448734304,0.194724220966719,0.16357228121085,0.156796455796649
553,0.418084423539314,0.214175622695954,0.200889639762023,0.220471637257467,0.140279459933373,0.140279459933373
531,0.469720411442728,0.241532534498303,0.208116557082828,0.192741366843982,0.188884569174318,0.140279459933373
636,0.483571570595327,0.242414171861771,0.238033800236652,0.198109430350217,0.140279459933373,0.154094323280450
358,0.431364974573073,0.200889639762023,0.192088479379025,0.177071557205383,0.160502026996677,0.151897993103576
469,0.411406907527978,0.194059239855938,0.192741366843982,0.215727826366646,0.140279459933373,0.166814026627726
396,0.491840713366392,0.229493730258852,0.202303599215116,0.232872971194181,0.192741366843982,0.140279459933373
261,0.39218977751084,0.157597013980819,0.198109430350217,0.158822198286243,0.160077057692081,0.152256565618780
377,0.415225700022613,0.203733362812729,0.23033379664679,0.144720505822661,0.178742307944130,0.140279459933373
310,0.394120687044045,0.23033379664679,0.201594638931909,0.307786743279463,0.388321919900050,0.174898448025698
348,0.411406907527978,0.191439626593958,0.218083551882790,0.204454144375473,0.140279459933373,0.156796455796649
461,0.402784577338547,0.189517281185082,0.214949882112267,0.198798498578782,0.140279459933373,0.140279459933373
525,0.440791745314472,0.202303599215116,0.186394027664835,0.196066256873814,0.140279459933373,0.140279459933373
567,0.434198112267997,0.249561781327291,0.214175622695954,0.211115838461421,0.151542367809210,0.140279459933373
361,0.358090854945044,0.167772573247934,0.175977245746161,0.190794809258731,0.140279459933373,0.140279459933373
379,0.435141512434088,0.212638240623736,0.217294683481912,0.198109430350217,0.166814026627726,0.140279459933373
489,0.464154311336516,0.229493730258852,0.207376318697083,0.195393227873188,0.148801114525785,0.140279459933373
365,0.40182397040703,0.190794809258731,0.213405068833102,0.160077057692081,0.187631241909896,0.140279459933373
467,0.416179118323367,0.225342219919308,0.214175622695954,0.178181472416481,0.184568357977156,0.154470991130581
359,0.41331732873535,0.23033379664679,0.232872971194181,0.160930368981928,0.194059239855938,0.158822198286243
495,0.41331732873535,0.243298519444439,0.225342219919308,0.210360301592275,0.140279459933373,0.140279459933373
471,0.435141512434088,0.200889639762023,0.226165913043895,0.198109430350217,0.155619579790919,0.140801836156987
557,0.462295554374572,0.330492731245164,0.257786672914962,0.206639944148685,0.178181472416481,0.150839880430613
383,0.411406907527978,0.151542367809210,0.233725581744281,0.162677834203278,0.167291481291287,0.140279459933373
558,0.476195411202944,0.313700605163659,0.275669606701894,0.222891426963376,0.227823271636467,0.158410531669826
403,0.476195411202944,0.205907447843523,0.205907447843523,0.198798498578782,0.140279459933373,0.141333283747465
486,0.454843116219575,0.288207386188063,0.269010148553487,0.179875784505171,0.196743303664015,0.159237162188545
498,0.448298759169222,0.199491561253654,0.181025063276694,0.203016510694019,0.154850743467635,0.140279459933373
483,0.461365530470573,0.215727826366646,0.220471637257467,0.164940248736627,0.174364837136968,0.140279459933373
601,0.49459052794554,0.217294683481912,0.232023448734304,0.213405068833102,0.162235816543637,0.140279459933373
468,0.412362374614871,0.209608564537159,0.218083551882790,0.141066417195949,0.169733635746363,0.149807763529887
460,0.432309844864813,0.207376318697083,0.223704949036996,0.168745733831007,0.173309128978783,0.140279459933373
361,0.373747820375976,0.203733362812729,0.209608564537159,0.182190212262849,0.150492979148870,0.154850743467635
525,0.448298759169222,0.246862287018223,0.238033800236652,0.178742307944130,0.196066256873814,0.168745733831007
445,0.437968797820157,0.249561781327291,0.212638240623736,0.255943411389996,0.16357228121085,0.142147774681471
390,0.490005705397473,0.221274744825972,0.156008702799071,0.214949882112267,0.161362102255135,0.140279459933373
345,0.343328438016707,0.145319498566922,0.211875157547888,0.195393227873188,0.140279459933373,0.140279459933373
402,0.412362374614871,0.203733362812729,0.199491561253654,0.174898448025698,0.166814026627726,0.162677834203278
418,0.42188893060604,0.256863984839407,0.252283020211930,0.245075200706715,0.217294683481912,0.217294683481912
297,0.379590352485876,0.218876016213984,0.248659484023583,0.151542367809210,0.158410531669826,0.151189670120080
920,0.516479299936916,0.289179343702615,0.244185541162083,0.210360301592275,0.16357228121085,0.16357228121085
275,0.367888982200334,0.16634019279706,0.214175622695954,0.168745733831007,0.161797245314680,0.153720720340875
401,0.40662186593712,0.193398287644562,0.196066256873814,0.198109430350217,0.172787005806565,0.147497624383717
472,0.427580548847338,0.190794809258731,0.187631241909896,0.180448444205294,0.164480729737195,0.140279459933373
556,0.472497848634527,0.256863984839407,0.245075200706715,0.183371292540019,0.199491561253654,0.179307075461499
312,0.379590352485876,0.183371292540019,0.211115838461421,0.181025063276694,0.153350162717428,0.147497624383717
445,0.441731771836077,0.214175622695954,0.232872971194181,0.169733635746363,0.156796455796649,0.140279459933373
486,0.469720411442728,0.232872971194181,0.281431899695417,0.159655442358187,0.185781454960399,0.167772573247934
222,0.342342090635241,0.196066256873814,0.210360301592275,0.148471133452426,0.195393227873188,0.140279459933373
563,0.427580548847338,0.247759640188542,0.214175622695954,0.201594638931909,0.190154027575454,0.174364837136968
391,0.455776216619560,0.253194757033311,0.229493730258852,0.186394027664835,0.167291481291287,0.140279459933373
536,0.431364974573073,0.229493730258852,0.258711437790672,0.160930368981928,0.197424363331222,0.167291481291287
447,0.425685350085428,0.198109430350217,0.238904240888872,0.146548361254107,0.181605650010004,0.140279459933373
442,0.498252004317859,0.383475920330798,0.364953752682284,0.309756707604237,0.320611530912211,0.183371292540019
489,0.434198112267997,0.217294683481912,0.232872971194181,0.175435913518267,0.16634019279706,0.148801114525785
387,0.415225700022613,0.190154027575454,0.221274744825972,0.177071557205383,0.140279459933373,0.140279459933373
282,0.408537424783786,0.240653643199231,0.232023448734304,0.210360301592275,0.148143904307162,0.147819407725247
421,0.443610401564419,0.179875784505171,0.204454144375473,0.192741366843982,0.168257318749387,0.154094323280450
404,0.386384998416716,0.211875157547888,0.220471637257467,0.232872971194181,0.140279459933373,0.150148946700048
520,0.367888982200334,0.214175622695954,0.200889639762023,0.170233153496669,0.196743303664015,0.145622826217966
440,0.439851241970584,0.212638240623736,0.200188610986799,0.189517281185082,0.142423961905656,0.160077057692081
334,0.425685350085428,0.189517281185082,0.200889639762023,0.182778757451073,0.156008702799071,0.160077057692081
740,0.437968797820157,0.280468392646033,0.279506090033501,0.214175622695954,0.222081350052879,0.182778757451073
473,0.446424815327873,0.203016510694019,0.181025063276694,0.156008702799071,0.178742307944130,0.140279459933373
334,0.414271770359505,0.210360301592275,0.214949882112267,0.175435913518267,0.157195124574254,0.171243398019944
409,0.416179118323367,0.182778757451073,0.183967824035887,0.179307075461499,0.158822198286243,0.140279459933373
398,0.417132025922147,0.171243398019944,0.190794809258731,0.226992939983781,0.140279459933373,0.140279459933373
477,0.455776216619560,0.222891426963376,0.219672052767678,0.176522456496951,0.169733635746363,0.148143904307162
354,0.410450927071570,0.218876016213984,0.206639944148685,0.165869963138432,0.142147774681471,0.140279459933373
456,0.436084425669404,0.248659484023583,0.249561781327291,0.175977245746161,0.169733635746363,0.140279459933373
417,0.422838791105066,0.207376318697083,0.249561781327291,0.147819407725247,0.148143904307162,0.171754154191287
437,0.374722731821464,0.203016510694019,0.214949882112267,0.215727826366646,0.16634019279706,0.149133866930996
356,0.369843682925459,0.174898448025698,0.194724220966719,0.190154027575454,0.140279459933373,0.140279459933373
471,0.362994878061971,0.241532534498303,0.194724220966719,0.465083048709257,0.576742857104671,0.341355528691973
484,0.434198112267997,0.23033379664679,0.223704949036996,0.148471133452426,0.190154027575454,0.148143904307162
342,0.41331732873535,0.175435913518267,0.255024990396885,0.149807763529887,0.153350162717428,0.140279459933373
543,0.438910260048710,0.237166246337142,0.202303599215116,0.222081350052879,0.159237162188545,0.156796455796649
444,0.431364974573073,0.231177046607856,0.187631241909896,0.238904240888872,0.158002143279100,0.145018731380577
588,0.428527399760189,0.240653643199231,0.196743303664015,0.222891426963376,0.142423961905656,0.146862120354825
478,0.461365530470573,0.269010148553487,0.243298519444439,0.254108759679802,0.141602453589765,0.140279459933373
397,0.407579902497849,0.188255890082703,0.198798498578782,0.184568357977156,0.140279459933373,0.140279459933373
433,0.417132025922147,0.182190212262849,0.217294683481912,0.185781454960399,0.151542367809210,0.143552645462116
432,0.436084425669404,0.229493730258852,0.212638240623736,0.206639944148685,0.155619579790919,0.140279459933373
304,0.377644706128292,0.193398287644562,0.203016510694019,0.199491561253654,0.140279459933373,0.192088479379025
408,0.484491855840873,0.232023448734304,0.257786672914962,0.152618104976752,0.166814026627726,0.168745733831007
496,0.446424815327873,0.231177046607856,0.220471637257467,0.205178843545358,0.140279459933373,0.153720720340875
341,0.424736999725661,0.216509434133377,0.219672052767678,0.188884569174318,0.200188610986799,0.157195124574254
314,0.473422844172892,0.218083551882790,0.255943411389996,0.180448444205294,0.179875784505171,0.140279459933373
559,0.463225147278761,0.26336509235663,0.267121556704060,0.197424363331222,0.185781454960399,0.200889639762023
194,0.391223565654671,0.194059239855938,0.200188610986799,0.194724220966719,0.140279459933373,0.140279459933373
397,0.414271770359505,0.182190212262849,0.214175622695954,0.192741366843982,0.164940248736627,0.156796455796649
388,0.439851241970584,0.218083551882790,0.196066256873814,0.208116557082828,0.140279459933373,0.140279459933373
254,0.347271459448055,0.172787005806565,0.203016510694019,0.199491561253654,0.179307075461499,0.140801836156987
356,0.37179664134119,0.170233153496669,0.206639944148685,0.170233153496669,0.143840891542185,0.146237238572002
444,0.45297556976512,0.238033800236652,0.179875784505171,0.246862287018223,0.140279459933373,0.140279459933373
417,0.424736999725661,0.211875157547888,0.205907447843523,0.192088479379025,0.155233599845476,0.161797245314680
452,0.412362374614871,0.168745733831007,0.163123316426449,0.23033379664679,0.140279459933373,0.140279459933373
411,0.447362019176649,0.198109430350217,0.168257318749387,0.251373586915138,0.140279459933373,0.140279459933373
349,0.442671323317129,0.185172899926102,0.205907447843523,0.173309128978783,0.165869963138432,0.140279459933373
367,0.419987692000204,0.233725581744281,0.233725581744281,0.174898448025698,0.159237162188545,0.143266847840142
469,0.45297556976512,0.220471637257467,0.214175622695954,0.211115838461421,0.152618104976752,0.140279459933373
317,0.353177756395209,0.142147774681471,0.209608564537159,0.165869963138432,0.155619579790919,0.141602453589765
561,0.445487145704544,0.208116557082828,0.200889639762023,0.209608564537159,0.140279459933373,0.140279459933373
604,0.497337158291481,0.291125967010989,0.218083551882790,0.190154027575454,0.200889639762023,0.173835068385563
323,0.397976414823837,0.196066256873814,0.199491561253654,0.143266847840142,0.183371292540019,0.156008702799071
288,0.400862850180983,0.220471637257467,0.197424363331222,0.267121556704060,0.352194131843378,0.166814026627726
290,0.510114381882143,0.231177046607856,0.201594638931909,0.194724220966719,0.194724220966719,0.152618104976752
386,0.40566331506169,0.213405068833102,0.227823271636467,0.153350162717428,0.160502026996677,0.140279459933373
473,0.474347434968947,0.23977753355553,0.223704949036996,0.204454144375473,0.149469410107982,0.158822198286243
387,0.395085382089401,0.190794809258731,0.192088479379025,0.203016510694019,0.167772573247934,0.144131604573628
447,0.439851241970584,0.198109430350217,0.202303599215116,0.197424363331222,0.166814026627726,0.142702524367706
408,0.455776216619560,0.231177046607856,0.244185541162083,0.158410531669826,0.140279459933373,0.144131604573628
370,0.470646634478409,0.298944182722262,0.262430509724191,0.225342219919308,0.205178843545358,0.153720720340875
398,0.39604956908159,0.194059239855938,0.183967824035887,0.193398287644562,0.162235816543637,0.140279459933373
492,0.425685350085428,0.203016510694019,0.192088479379025,0.226992939983781,0.156008702799071,0.152982630801945
437,0.436084425669404,0.211115838461421,0.240653643199231,0.198109430350217,0.167291481291287,0.171243398019944
484,0.447362019176649,0.259638241659144,0.255024990396885,0.191439626593958,0.169733635746363,0.150148946700048
402,0.414271770359505,0.193398287644562,0.204454144375473,0.168745733831007,0.170233153496669,0.154850743467635
384,0.39893907178823,0.212638240623736,0.222891426963376,0.217294683481912,0.150148946700048,0.196743303664015
442,0.423788147113161,0.199491561253654,0.209608564537159,0.173309128978783,0.161797245314680,0.148471133452426
510,0.451106215483896,0.210360301592275,0.158002143279100,0.205178843545358,0.161362102255135,0.146237238572002
491,0.437968797820157,0.192741366843982,0.202303599215116,0.185781454960399,0.140279459933373,0.140279459933373
373,0.411406907527978,0.219672052767678,0.261497815323131,0.159237162188545,0.142147774681471,0.140279459933373
501,0.451106215483896,0.238904240888872,0.254108759679802,0.140279459933373,0.189517281185082,0.140279459933373
611,0.45297556976512,0.222081350052879,0.226165913043895,0.156008702799071,0.202303599215116,0.140279459933373
449,0.480808424194665,0.246862287018223,0.224521889216861,0.248659484023583,0.303851718893881,0.154094323280450
377,0.414271770359505,0.176522456496951,0.194059239855938,0.214175622695954,0.140279459933373,0.140279459933373
394,0.436084425669404,0.222081350052879,0.205178843545358,0.191439626593958,0.140279459933373,0.160502026996677
446,0.427580548847338,0.222081350052879,0.225342219919308,0.185781454960399,0.176522456496951,0.159655442358187
420,0.454843116219575,0.192088479379025,0.226165913043895,0.188884569174318,0.158410531669826,0.140279459933373
413,0.419987692000204,0.194059239855938,0.199491561253654,0.192088479379025,0.140279459933373,0.145622826217966
421,0.44923503724365,0.213405068833102,0.226165913043895,0.168745733831007,0.170233153496669,0.140801836156987
434,0.407579902497849,0.183967824035887,0.204454144375473,0.203016510694019,0.146237238572002,0.143266847840142
348,0.426633199381427,0.171243398019944,0.203016510694019,0.145928733232941,0.154850743467635,0.140279459933373
332,0.39218977751084,0.194724220966719,0.208116557082828,0.212638240623736,0.140801836156987,0.16357228121085
521,0.378617765257579,0.208116557082828,0.185781454960399,0.226992939983781,0.218876016213984,0.144424803121843
421,0.41331732873535,0.197424363331222,0.212638240623736,0.185172899926102,0.179875784505171,0.164480729737195
455,0.471572446139952,0.290152214217331,0.231177046607856,0.222891426963376,0.173835068385563,0.149133866930996
477,0.43702685358426,0.203733362812729,0.232872971194181,0.203016510694019,0.140279459933373,0.147497624383717
513,0.440791745314472,0.217294683481912,0.192088479379025,0.202303599215116,0.140279459933373,0.149469410107982
430,0.442671323317129,0.196066256873814,0.223704949036996,0.169733635746363,0.143840891542185,0.170736402643872
159,0.288207386188063,0.140279459933373,0.208860644258667,0.214175622695954,0.196066256873814,0.148471133452426
216,0.451106215483896,0.158002143279100,0.185781454960399,0.182190212262849,0.144424803121843,0.143266847840142
342,0.390256851013871,0.238033800236652,0.218876016213984,0.245075200706715,0.362994878061971,0.187631241909896
434,0.447362019176649,0.236301613614802,0.202303599215116,0.202303599215116,0.145018731380577,0.190154027575454
280,0.346286080835727,0.170233153496669,0.185781454960399,0.175435913518267,0.174364837136968,0.151189670120080
455,0.443610401564419,0.231177046607856,0.228656878414890,0.189517281185082,0.155619579790919,0.140279459933373
374,0.40662186593712,0.140279459933373,0.229493730258852,0.143266847840142,0.16357228121085,0.140279459933373
396,0.374722731821464,0.184568357977156,0.232023448734304,0.147178535004063,0.179307075461499,0.145319498566922
590,0.485411763012758,0.246862287018223,0.238033800236652,0.217294683481912,0.238904240888872,0.140279459933373
568,0.480808424194665,0.242414171861771,0.253194757033311,0.148143904307162,0.184568357977156,0.156400988328558
461,0.438910260048710,0.197424363331222,0.215727826366646,0.254108759679802,0.318636108753548,0.198798498578782
255,0.417132025922147,0.187631241909896,0.168257318749387,0.226165913043895,0.156400988328558,0.140279459933373
356,0.362014841934518,0.177624558944457,0.171754154191287,0.190794809258731,0.140279459933373,0.143840891542185
396,0.352194131843378,0.196743303664015,0.180448444205294,0.223704949036996,0.14298348025674,0.140279459933373
401,0.395085382089401,0.206639944148685,0.240653643199231,0.177071557205383,0.151897993103576,0.145319498566922
478,0.399901217123282,0.184568357977156,0.179875784505171,0.238904240888872,0.140279459933373,0.171243398019944
295,0.377644706128292,0.208116557082828,0.155619579790919,0.198109430350217,0.16634019279706,0.159237162188545
381,0.473422844172892,0.200889639762023,0.23977753355553,0.172787005806565,0.168745733831007,0.140279459933373
326,0.390256851013871,0.161797245314680,0.217294683481912,0.179875784505171,0.148801114525785,0.172268685450245
492,0.464154311336516,0.244185541162083,0.236301613614802,0.194724220966719,0.177071557205383,0.16357228121085
377,0.41331732873535,0.197424363331222,0.226165913043895,0.190794809258731,0.166814026627726,0.140279459933373
380,0.418084423539314,0.231177046607856,0.219672052767678,0.192741366843982,0.142147774681471,0.153350162717428
240,0.372772455485757,0.157195124574254,0.210360301592275,0.170736402643872,0.149469410107982,0.140279459933373
416,0.385415796280043,0.201594638931909,0.236301613614802,0.187010622123131,0.140279459933373,0.157597013980819
280,0.429473753439024,0.181605650010004,0.207376318697083,0.187010622123131,0.140279459933373,0.140279459933373
389,0.419036311953547,0.180448444205294,0.258711437790672,0.140279459933373,0.163123316426449,0.141333283747465
339,0.420938564569721,0.198798498578782,0.211875157547888,0.177071557205383,0.181605650010004,0.140279459933373
507,0.441731771836077,0.238033800236652,0.222081350052879,0.194724220966719,0.159655442358187,0.182778757451073
494,0.394120687044045,0.210360301592275,0.201594638931909,0.254108759679802,0.140279459933373,0.170233153496669
530,0.478964395469008,0.256863984839407,0.209608564537159,0.215727826366646,0.190154027575454,0.156400988328558
570,0.455776216619560,0.243298519444439,0.211115838461421,0.213405068833102,0.159655442358187,0.140279459933373
341,0.412362374614871,0.184568357977156,0.187631241909896,0.177071557205383,0.146548361254107,0.140279459933373
367,0.422838791105066,0.198109430350217,0.218083551882790,0.199491561253654,0.140279459933373,0.152618104976752
428,0.40662186593712,0.208116557082828,0.213405068833102,0.182190212262849,0.186394027664835,0.140279459933373
472,0.430419611243593,0.216509434133377,0.233725581744281,0.177071557205383,0.164940248736627,0.158002143279100
408,0.414271770359505,0.211875157547888,0.194724220966719,0.168257318749387,0.165403320798019,0.144424803121843
382,0.410450927071570,0.170736402643872,0.211115838461421,0.191439626593958,0.152256565618780,0.140279459933373
427,0.432309844864813,0.201594638931909,0.203733362812729,0.165869963138432,0.166814026627726,0.145622826217966
519,0.450170855356869,0.221274744825972,0.221274744825972,0.173309128978783,0.172787005806565,0.152618104976752
475,0.40662186593712,0.196743303664015,0.250466494772263,0.164480729737195,0.14298348025674,0.148143904307162
386,0.423788147113161,0.196066256873814,0.219672052767678,0.140279459933373,0.154094323280450,0.140279459933373
308,0.348256569656263,0.161362102255135,0.172787005806565,0.140279459933373,0.183967824035887,0.140279459933373
437,0.472497848634527,0.219672052767678,0.251373586915138,0.199491561253654,0.171243398019944,0.166814026627726
185,0.389289635189169,0.189517281185082,0.167291481291287,0.352194131843378,0.495506422283226,0.267121556704060
474,0.445487145704544,0.226165913043895,0.223704949036996,0.187631241909896,0.175435913518267,0.150839880430613
544,0.458572851358513,0.217294683481912,0.260567046745838,0.212638240623736,0.232023448734304,0.167291481291287
449,0.409494432911366,0.205178843545358,0.168745733831007,0.194059239855938,0.160502026996677,0.140279459933373
446,0.424736999725661,0.174898448025698,0.175435913518267,0.181605650010004,0.140279459933373,0.146237238572002
470,0.425685350085428,0.188255890082703,0.185781454960399,0.191439626593958,0.157597013980819,0.140279459933373
397,0.463225147278761,0.219672052767678,0.218083551882790,0.200188610986799,0.162235816543637,0.157597013980819
280,0.379590352485876,0.144424803121843,0.211115838461421,0.14298348025674,0.158002143279100,0.140279459933373
560,0.44923503724365,0.256863984839407,0.232872971194181,0.175977245746161,0.181025063276694,0.157597013980819
371,0.419987692000204,0.181605650010004,0.186394027664835,0.187631241909896,0.155619579790919,0.140539522938054
526,0.435141512434088,0.196743303664015,0.237166246337142,0.185172899926102,0.156796455796649,0.140279459933373
447,0.436084425669404,0.188884569174318,0.183371292540019,0.214949882112267,0.140279459933373,0.150148946700048
346,0.373747820375976,0.204454144375473,0.167291481291287,0.220471637257467,0.140279459933373,0.140279459933373
332,0.39604956908159,0.172268685450245,0.198798498578782,0.204454144375473,0.174364837136968,0.171243398019944
379,0.393155485097713,0.168745733831007,0.213405068833102,0.183967824035887,0.165403320798019,0.140279459933373
423,0.429473753439024,0.180448444205294,0.218876016213984,0.207376318697083,0.140539522938054,0.140279459933373
508,0.424736999725661,0.238033800236652,0.236301613614802,0.226992939983781,0.292100571713878,0.156008702799071
438,0.399901217123282,0.219672052767678,0.178181472416481,0.247759640188542,0.262430509724191,0.143552645462116
303,0.40182397040703,0.188884569174318,0.168257318749387,0.204454144375473,0.173835068385563,0.174364837136968
320,0.40566331506169,0.193398287644562,0.220471637257467,0.180448444205294,0.180448444205294,0.16357228121085
459,0.424736999725661,0.245967461561916,0.238904240888872,0.184568357977156,0.163123316426449,0.174364837136968
432,0.403744670601839,0.198798498578782,0.164940248736627,0.198798498578782,0.147178535004063,0.162677834203278
353,0.400862850180983,0.222891426963376,0.243298519444439,0.188884569174318,0.173309128978783,0.151189670120080
603,0.498252004317859,0.240653643199231,0.198109430350217,0.212638240623736,0.152982630801945,0.169733635746363
369,0.389289635189169,0.209608564537159,0.182190212262849,0.307786743279463,0.41331732873535,0.172268685450245
569,0.473422844172892,0.256863984839407,0.212638240623736,0.224521889216861,0.150839880430613,0.158002143279100
371,0.411406907527978,0.190154027575454,0.224521889216861,0.164024746412181,0.148801114525785,0.141602453589765
656,0.458572851358513,0.229493730258852,0.211115838461421,0.23033379664679,0.140279459933373,0.141602453589765
484,0.456708871220304,0.189517281185082,0.234581247743386,0.174364837136968,0.140279459933373,0.140279459933373
324,0.409494432911366,0.175435913518267,0.210360301592275,0.161797245314680,0.165869963138432,0.153720720340875
418,0.438910260048710,0.210360301592275,0.177071557205383,0.243298519444439,0.23977753355553,0.175435913518267
254,0.408537424783786,0.23033379664679,0.215727826366646,0.175435913518267,0.160077057692081,0.146237238572002
410,0.412362374614871,0.214949882112267,0.192741366843982,0.188255890082703,0.144720505822661,0.152982630801945
339,0.418084423539314,0.164024746412181,0.187631241909896,0.179875784505171,0.147497624383717,0.140279459933373
463,0.395085382089401,0.210360301592275,0.207376318697083,0.188884569174318,0.146548361254107,0.155233599845476
575,0.491840713366392,0.233725581744281,0.254108759679802,0.209608564537159,0.153350162717428,0.152256565618780
499,0.440791745314472,0.218876016213984,0.190794809258731,0.165869963138432,0.176522456496951,0.156008702799071
450,0.419987692000204,0.250466494772263,0.254108759679802,0.232872971194181,0.16634019279706,0.194724220966719
341,0.399901217123282,0.226992939983781,0.172268685450245,0.232023448734304,0.154094323280450,0.141333283747465
471,0.451106215483896,0.231177046607856,0.213405068833102,0.192741366843982,0.181025063276694,0.156008702799071
631,0.467866722440866,0.26336509235663,0.258711437790672,0.196743303664015,0.173309128978783,0.161362102255135
393,0.480808424194665,0.234581247743386,0.205178843545358,0.183967824035887,0.140279459933373,0.140279459933373
569,0.447362019176649,0.241532534498303,0.208860644258667,0.217294683481912,0.178181472416481,0.142147774681471
410,0.40182397040703,0.210360301592275,0.210360301592275,0.188884569174318,0.160502026996677,0.140279459933373
175,0.315674182764382,0.151189670120080,0.178181472416481,0.168257318749387,0.172268685450245,0.144131604573628
244,0.375697185802696,0.190154027575454,0.176522456496951,0.290152214217331,0.372772455485757,0.199491561253654
391,0.40662186593712,0.209608564537159,0.243298519444439,0.167772573247934,0.164940248736627,0.153350162717428
361,0.362994878061971,0.160077057692081,0.194724220966719,0.200188610986799,0.140279459933373,0.172268685450245
423,0.436084425669404,0.198798498578782,0.220471637257467,0.156008702799071,0.154470991130581,0.154470991130581
429,0.434198112267997,0.191439626593958,0.187010622123131,0.208860644258667,0.140279459933373,0.140279459933373
531,0.462295554374572,0.245075200706715,0.216509434133377,0.214175622695954,0.140279459933373,0.140279459933373
427,0.464154311336516,0.214949882112267,0.186394027664835,0.211115838461421,0.167291481291287,0.140279459933373
396,0.462295554374572,0.209608564537159,0.222081350052879,0.173309128978783,0.182190212262849,0.151189670120080
400,0.424736999725661,0.214949882112267,0.23977753355553,0.168257318749387,0.16634019279706,0.140279459933373
392,0.441731771836077,0.194724220966719,0.211115838461421,0.180448444205294,0.160077057692081,0.140279459933373
547,0.471572446139952,0.241532534498303,0.198798498578782,0.187631241909896,0.143840891542185,0.155233599845476
193,0.315674182764382,0.182190212262849,0.185172899926102,0.222081350052879,0.156400988328558,0.164940248736627
529,0.462295554374572,0.214175622695954,0.200889639762023,0.203733362812729,0.164024746412181,0.140279459933373
446,0.419036311953547,0.198798498578782,0.218876016213984,0.232023448734304,0.144424803121843,0.151897993103576
405,0.480808424194665,0.257786672914962,0.259638241659144,0.194724220966719,0.148471133452426,0.182190212262849
899,0.511024591546248,0.26806502014066,0.220471637257467,0.243298519444439,0.164940248736627,0.145928733232941
373,0.349241401529061,0.173835068385563,0.170736402643872,0.207376318697083,0.141066417195949,0.144720505822661
447,0.44923503724365,0.257786672914962,0.206639944148685,0.214949882112267,0.161797245314680,0.155619579790919
486,0.428527399760189,0.217294683481912,0.23977753355553,0.177071557205383,0.153720720340875,0.146237238572002
366,0.377644706128292,0.232023448734304,0.223704949036996,0.207376318697083,0.140279459933373,0.164940248736627
411,0.393155485097713,0.250466494772263,0.232023448734304,0.191439626593958,0.150492979148870,0.140279459933373
451,0.427580548847338,0.241532534498303,0.236301613614802,0.188255890082703,0.203733362812729,0.183371292540019
444,0.410450927071570,0.212638240623736,0.214949882112267,0.219672052767678,0.147497624383717,0.140279459933373
304,0.366910990862085,0.178742307944130,0.226165913043895,0.144131604573628,0.202303599215116,0.140279459933373
486,0.444549008408857,0.220471637257467,0.189517281185082,0.203733362812729,0.143840891542185,0.155619579790919
692,0.513753336846181,0.280468392646033,0.240653643199231,0.255024990396885,0.182190212262849,0.187631241909896
362,0.425685350085428,0.181605650010004,0.205178843545358,0.192088479379025,0.192088479379025,0.140279459933373
598,0.445487145704544,0.233725581744281,0.233725581744281,0.187631241909896,0.161797245314680,0.140279459933373
326,0.377644706128292,0.194059239855938,0.192088479379025,0.187010622123131,0.149469410107982,0.144424803121843
449,0.402784577338547,0.204454144375473,0.203016510694019,0.204454144375473,0.140279459933373,0.140279459933373
569,0.433254223593108,0.231177046607856,0.210360301592275,0.181605650010004,0.140279459933373,0.140279459933373
394,0.404704249910189,0.190794809258731,0.205178843545358,0.173835068385563,0.16357228121085,0.140279459933373
382,0.419036311953547,0.197424363331222,0.211115838461421,0.175977245746161,0.167291481291287,0.147819407725247
494,0.438910260048710,0.258711437790672,0.247759640188542,0.221274744825972,0.181025063276694,0.143840891542185
388,0.35612665264182,0.195393227873188,0.203733362812729,0.140279459933373,0.190154027575454,0.158002143279100
482,0.439851241970584,0.235439936165745,0.214175622695954,0.158002143279100,0.149133866930996,0.160502026996677
499,0.443610401564419,0.261497815323131,0.251373586915138,0.197424363331222,0.16634019279706,0.194724220966719
507,0.434198112267997,0.197424363331222,0.226165913043895,0.181605650010004,0.14298348025674,0.149469410107982
407,0.40182397040703,0.200188610986799,0.197424363331222,0.196066256873814,0.165403320798019,0.148801114525785
383,0.42188893060604,0.178181472416481,0.238033800236652,0.153720720340875,0.168257318749387,0.141066417195949
457,0.44923503724365,0.218083551882790,0.211875157547888,0.167772573247934,0.178181472416481,0.140279459933373
433,0.441731771836077,0.209608564537159,0.221274744825972,0.194059239855938,0.168257318749387,0.140279459933373
421,0.422838791105066,0.217294683481912,0.219672052767678,0.228656878414890,0.26336509235663,0.181605650010004
462,0.417132025922147,0.205907447843523,0.201594638931909,0.195393227873188,0.152256565618780,0.152618104976752
449,0.397013246974146,0.222081350052879,0.232872971194181,0.196743303664015,0.181025063276694,0.196743303664015
369,0.437968797820157,0.196066256873814,0.200889639762023,0.195393227873188,0.159655442358187,0.169733635746363
411,0.42188893060604,0.228656878414890,0.243298519444439,0.221274744825972,0.186394027664835,0.185172899926102
817,0.574958463059337,0.355144025044986,0.336419918223748,0.292100571713878,0.238904240888872,0.140279459933373
390,0.376671178467619,0.180448444205294,0.197424363331222,0.186394027664835,0.143552645462116,0.143552645462116
546,0.462295554374572,0.227823271636467,0.214949882112267,0.158410531669826,0.237166246337142,0.140279459933373
904,0.521923099581909,0.285297304030371,0.213405068833102,0.204454144375473,0.173835068385563,0.147819407725247
273,0.434198112267997,0.181025063276694,0.198798498578782,0.352194131843378,0.481729856995562,0.26806502014066
374,0.420938564569721,0.192741366843982,0.235439936165745,0.145928733232941,0.140539522938054,0.140279459933373
454,0.417132025922147,0.195393227873188,0.222081350052879,0.194059239855938,0.140279459933373,0.154470991130581
506,0.429473753439024,0.252283020211930,0.221274744825972,0.218876016213984,0.140279459933373,0.158822198286243
350,0.425685350085428,0.206639944148685,0.23033379664679,0.158410531669826,0.162235816543637,0.140279459933373
465,0.403744670601839,0.211115838461421,0.217294683481912,0.160930368981928,0.145319498566922,0.156400988328558
629,0.461365530470573,0.320611530912211,0.277585234113443,0.303851718893881,0.407579902497849,0.211875157547888
312,0.351210191887716,0.169733635746363,0.184568357977156,0.204454144375473,0.175435913518267,0.148471133452426
449,0.409494432911366,0.209608564537159,0.211115838461421,0.185172899926102,0.154850743467635,0.173309128978783
547,0.438910260048710,0.205907447843523,0.246862287018223,0.157597013980819,0.173835068385563,0.158822198286243
499,0.431364974573073,0.183967824035887,0.223704949036996,0.163123316426449,0.159237162188545,0.140279459933373
400,0.432309844864813,0.23977753355553,0.210360301592275,0.214175622695954,0.140279459933373,0.142423961905656
381,0.372772455485757,0.162235816543637,0.214949882112267,0.158410531669826,0.176522456496951,0.140279459933373
448,0.482650905054512,0.275669606701894,0.211115838461421,0.242414171861771,0.169733635746363,0.140279459933373
504,0.455776216619560,0.206639944148685,0.190154027575454,0.151189670120080,0.150839880430613,0.149807763529887
316,0.375697185802696,0.142423961905656,0.173309128978783,0.211875157547888,0.140279459933373,0.164024746412181
415,0.441731771836077,0.227823271636467,0.23033379664679,0.184568357977156,0.167291481291287,0.140279459933373
249,0.407579902497849,0.191439626593958,0.168745733831007,0.212638240623736,0.140279459933373,0.168745733831007
463,0.422838791105066,0.215727826366646,0.204454144375473,0.187631241909896,0.160077057692081,0.140279459933373
383,0.432309844864813,0.226992939983781,0.211115838461421,0.205178843545358,0.173309128978783,0.187010622123131
460,0.423788147113161,0.211115838461421,0.203733362812729,0.179875784505171,0.185172899926102,0.150839880430613
417,0.437968797820157,0.232872971194181,0.229493730258852,0.165403320798019,0.193398287644562,0.152618104976752
256,0.408537424783786,0.185781454960399,0.140279459933373,0.464154311336516,0.56334084744967,0.317648619366148
334,0.420938564569721,0.218083551882790,0.219672052767678,0.190154027575454,0.171754154191287,0.178181472416481
453,0.44923503724365,0.218083551882790,0.243298519444439,0.163123316426449,0.167772573247934,0.145319498566922
346,0.443610401564419,0.185781454960399,0.208116557082828,0.176522456496951,0.140279459933373,0.142702524367706
520,0.463225147278761,0.292100571713878,0.297964434643167,0.237166246337142,0.192088479379025,0.140279459933373
379,0.386384998416716,0.208860644258667,0.209608564537159,0.140279459933373,0.190154027575454,0.167291481291287
381,0.411406907527978,0.202303599215116,0.192741366843982,0.194059239855938,0.154850743467635,0.143840891542185
407,0.412362374614871,0.196066256873814,0.218876016213984,0.188255890082703,0.140279459933373,0.140279459933373
475,0.419987692000204,0.229493730258852,0.218083551882790,0.220471637257467,0.172268685450245,0.174364837136968
458,0.45297556976512,0.218083551882790,0.243298519444439,0.165403320798019,0.177071557205383,0.158002143279100
168,0.278545025785751,0.140279459933373,0.206639944148685,0.146862120354825,0.191439626593958,0.153720720340875
355,0.407579902497849,0.177624558944457,0.218876016213984,0.140279459933373,0.151897993103576,0.140279459933373
495,0.426633199381427,0.209608564537159,0.177071557205383,0.211875157547888,0.140279459933373,0.142423961905656
445,0.439851241970584,0.227823271636467,0.23033379664679,0.161797245314680,0.168257318749387,0.140279459933373
423,0.414271770359505,0.183371292540019,0.197424363331222,0.186394027664835,0.145928733232941,0.148471133452426
365,0.452041119617036,0.212638240623736,0.216509434133377,0.165403320798019,0.140279459933373,0.169733635746363
253,0.32159942528535,0.175977245746161,0.158002143279100,0.196743303664015,0.140279459933373,0.140279459933373
430,0.431364974573073,0.180448444205294,0.209608564537159,0.218083551882790,0.140279459933373,0.156796455796649
168,0.36005360357005,0.140279459933373,0.226165913043895,0.140279459933373,0.194724220966719,0.140279459933373
477,0.476195411202944,0.225342219919308,0.211875157547888,0.200188610986799,0.140279459933373,0.175977245746161
533,0.465083048709257,0.252283020211930,0.214175622695954,0.178181472416481,0.175435913518267,0.164024746412181
475,0.419987692000204,0.222081350052879,0.201594638931909,0.183967824035887,0.140279459933373,0.156400988328558
334,0.462295554374572,0.205178843545358,0.218083551882790,0.223704949036996,0.159237162188545,0.142147774681471
364,0.464154311336516,0.236301613614802,0.192741366843982,0.172787005806565,0.169237834303805,0.140279459933373
522,0.427580548847338,0.221274744825972,0.200889639762023,0.23033379664679,0.159655442358187,0.16357228121085
321,0.391223565654671,0.183371292540019,0.212638240623736,0.147497624383717,0.152256565618780,0.140279459933373
349,0.439851241970584,0.232872971194181,0.228656878414890,0.225342219919308,0.185172899926102,0.142423961905656
591,0.466011361565902,0.216509434133377,0.26336509235663,0.175435913518267,0.159237162188545,0.150492979148870
299,0.415225700022613,0.182190212262849,0.219672052767678,0.181605650010004,0.152982630801945,0.140279459933373
503,0.466939252082330,0.236301613614802,0.210360301592275,0.201594638931909,0.167291481291287,0.140279459933373
333,0.387353706987488,0.169237834303805,0.165869963138432,0.176522456496951,0.152982630801945,0.140279459933373
441,0.404704249910189,0.234581247743386,0.232023448734304,0.195393227873188,0.16357228121085,0.153720720340875
533,0.459504181093247,0.227823271636467,0.226992939983781,0.16634019279706,0.150839880430613,0.140279459933373
446,0.430419611243593,0.214949882112267,0.250466494772263,0.152618104976752,0.192088479379025,0.159237162188545
437,0.446424815327873,0.214949882112267,0.214949882112267,0.207376318697083,0.171754154191287,0.169237834303805
525,0.448298759169222,0.244185541162083,0.250466494772263,0.149807763529887,0.164024746412181,0.152618104976752
506,0.411406907527978,0.186394027664835,0.225342219919308,0.141602453589765,0.176522456496951,0.141333283747465
461,0.448298759169222,0.224521889216861,0.203733362812729,0.206639944148685,0.140279459933373,0.140279459933373
327,0.404704249910189,0.222891426963376,0.205907447843523,0.209608564537159,0.140279459933373,0.160077057692081
372,0.376671178467619,0.217294683481912,0.208116557082828,0.188884569174318,0.140279459933373,0.152618104976752
391,0.388321919900050,0.205178843545358,0.197424363331222,0.222891426963376,0.149807763529887,0.141873944585676
421,0.397976414823837,0.225342219919308,0.196743303664015,0.196743303664015,0.140539522938054,0.145928733232941
555,0.461365530470573,0.255024990396885,0.234581247743386,0.218083551882790,0.178181472416481,0.172268685450245
358,0.400862850180983,0.221274744825972,0.192088479379025,0.219672052767678,0.169733635746363,0.154470991130581
496,0.428527399760189,0.215727826366646,0.200188610986799,0.174898448025698,0.140279459933373,0.140279459933373
520,0.431364974573073,0.209608564537159,0.219672052767678,0.162235816543637,0.183371292540019,0.152256565618780
211,0.313700605163659,0.156400988328558,0.168745733831007,0.173309128978783,0.140279459933373,0.140279459933373
416,0.40566331506169,0.179875784505171,0.171754154191287,0.205178843545358,0.172787005806565,0.140279459933373
427,0.450170855356869,0.233725581744281,0.216509434133377,0.169237834303805,0.194724220966719,0.140801836156987
319,0.40182397040703,0.184568357977156,0.186394027664835,0.231177046607856,0.145622826217966,0.140279459933373
287,0.39218977751084,0.191439626593958,0.174364837136968,0.190794809258731,0.148471133452426,0.140279459933373
342,0.461365530470573,0.187631241909896,0.203733362812729,0.146862120354825,0.152256565618780,0.140279459933373
288,0.384446102799712,0.156008702799071,0.215727826366646,0.176522456496951,0.140279459933373,0.160930368981928
404,0.450170855356869,0.199491561253654,0.201594638931909,0.205907447843523,0.181605650010004,0.140279459933373
332,0.39218977751084,0.203016510694019,0.246862287018223,0.140279459933373,0.198109430350217,0.140801836156987
424,0.466011361565902,0.156796455796649,0.177071557205383,0.237166246337142,0.144720505822661,0.140279459933373
497,0.446424815327873,0.245075200706715,0.226165913043895,0.177071557205383,0.206639944148685,0.179875784505171
363,0.43702685358426,0.232023448734304,0.216509434133377,0.215727826366646,0.147497624383717,0.149133866930996
473,0.419036311953547,0.203733362812729,0.182778757451073,0.195393227873188,0.156400988328558,0.163123316426449
403,0.437968797820157,0.188255890082703,0.226165913043895,0.155619579790919,0.175435913518267,0.140279459933373
413,0.44923503724365,0.229493730258852,0.187631241909896,0.264301525715948,0.284329312589461,0.140279459933373
424,0.385415796280043,0.214949882112267,0.222891426963376,0.207376318697083,0.152256565618780,0.140539522938054
265,0.454843116219575,0.181605650010004,0.206639944148685,0.175977245746161,0.152256565618780,0.144720505822661
520,0.435141512434088,0.196066256873814,0.205178843545358,0.175435913518267,0.140279459933373,0.140279459933373
322,0.40182397040703,0.187010622123131,0.248659484023583,0.150839880430613,0.154094323280450,0.140279459933373
539,0.452041119617036,0.240653643199231,0.234581247743386,0.186394027664835,0.186394027664835,0.142147774681471
448,0.415225700022613,0.212638240623736,0.196066256873814,0.177624558944457,0.167291481291287,0.140279459933373
316,0.443610401564419,0.214949882112267,0.226165913043895,0.170233153496669,0.167772573247934,0.147819407725247
364,0.433254223593108,0.205178843545358,0.222891426963376,0.192088479379025,0.140279459933373,0.158410531669826
476,0.434198112267997,0.227823271636467,0.222081350052879,0.148143904307162,0.156400988328558,0.163123316426449
382,0.418084423539314,0.254108759679802,0.255024990396885,0.145018731380577,0.197424363331222,0.198109430350217
468,0.45297556976512,0.241532534498303,0.276626749501763,0.203016510694019,0.194059239855938,0.150148946700048
423,0.395085382089401,0.205907447843523,0.219672052767678,0.149469410107982,0.155233599845476,0.140279459933373
864,0.484491855840873,0.246862287018223,0.252283020211930,0.221274744825972,0.193398287644562,0.140279459933373
371,0.40182397040703,0.224521889216861,0.216509434133377,0.199491561253654,0.180448444205294,0.140279459933373
425,0.422838791105066,0.23033379664679,0.226992939983781,0.171243398019944,0.154850743467635,0.147178535004063
340,0.434198112267997,0.198798498578782,0.231177046607856,0.161362102255135,0.154094323280450,0.148801114525785
263,0.374722731821464,0.183371292540019,0.202303599215116,0.160077057692081,0.177624558944457,0.16634019279706
401,0.426633199381427,0.197424363331222,0.173309128978783,0.196066256873814,0.155619579790919,0.150839880430613
309,0.380562464597876,0.178181472416481,0.164024746412181,0.222891426963376,0.262430509724191,0.140279459933373
485,0.417132025922147,0.219672052767678,0.23033379664679,0.198798498578782,0.180448444205294,0.144131604573628
559,0.463225147278761,0.248659484023583,0.212638240623736,0.209608564537159,0.140279459933373,0.167772573247934
429,0.420938564569721,0.194059239855938,0.207376318697083,0.165869963138432,0.160077057692081,0.147819407725247
501,0.425685350085428,0.203016510694019,0.192741366843982,0.189517281185082,0.155233599845476,0.140279459933373
604,0.459504181093247,0.217294683481912,0.227823271636467,0.200188610986799,0.150148946700048,0.140279459933373
438,0.43702685358426,0.208860644258667,0.206639944148685,0.182778757451073,0.168745733831007,0.140279459933373
409,0.446424815327873,0.204454144375473,0.218876016213984,0.159655442358187,0.148143904307162,0.164940248736627
394,0.420938564569721,0.183371292540019,0.227823271636467,0.183967824035887,0.153720720340875,0.147497624383717
431,0.436084425669404,0.196066256873814,0.205907447843523,0.172268685450245,0.174364837136968,0.159237162188545
381,0.386384998416716,0.181025063276694,0.195393227873188,0.181605650010004,0.167291481291287,0.147819407725247
461,0.429473753439024,0.232023448734304,0.246862287018223,0.207376318697083,0.167291481291287,0.140279459933373
359,0.404704249910189,0.158410531669826,0.214949882112267,0.16634019279706,0.144131604573628,0.140279459933373
570,0.525546453481271,0.352194131843378,0.307786743279463,0.257786672914962,0.23033379664679,0.194059239855938
412,0.433254223593108,0.226165913043895,0.227823271636467,0.203733362812729,0.140279459933373,0.142423961905656
386,0.425685350085428,0.218083551882790,0.215727826366646,0.142423961905656,0.174898448025698,0.140279459933373
926,0.492757675678563,0.274713840722163,0.285297304030371,0.218083551882790,0.167291481291287,0.180448444205294
455,0.41331732873535,0.228656878414890,0.219672052767678,0.201594638931909,0.140279459933373,0.156796455796649
466,0.43702685358426,0.195393227873188,0.238904240888872,0.149469410107982,0.176522456496951,0.156796455796649
478,0.419036311953547,0.214949882112267,0.221274744825972,0.170233153496669,0.169733635746363,0.140279459933373
360,0.39893907178823,0.195393227873188,0.147497624383717,0.182190212262849,0.172787005806565,0.164480729737195
519,0.439851241970584,0.237166246337142,0.222891426963376,0.208116557082828,0.150839880430613,0.140279459933373
429,0.425685350085428,0.255024990396885,0.229493730258852,0.236301613614802,0.220471637257467,0.159655442358187
365,0.423788147113161,0.209608564537159,0.222081350052879,0.218083551882790,0.158410531669826,0.172787005806565
455,0.410450927071570,0.192741366843982,0.190154027575454,0.196066256873814,0.166814026627726,0.140279459933373
374,0.340368763820501,0.233725581744281,0.187010622123131,0.206639944148685,0.143266847840142,0.140279459933373
475,0.500080663267207,0.229493730258852,0.262430509724191,0.208116557082828,0.140279459933373,0.140279459933373
399,0.351210191887716,0.170736402643872,0.172268685450245,0.184568357977156,0.179875784505171,0.145622826217966
400,0.432309844864813,0.185172899926102,0.222891426963376,0.203016510694019,0.168257318749387,0.140279459933373
345,0.478964395469008,0.280468392646033,0.209608564537159,0.237166246337142,0.174364837136968,0.140279459933373
329,0.39893907178823,0.233725581744281,0.23977753355553,0.23033379664679,0.228656878414890,0.196743303664015
434,0.466939252082330,0.248659484023583,0.261497815323131,0.189517281185082,0.178181472416481,0.156008702799071
343,0.397976414823837,0.211875157547888,0.185781454960399,0.205907447843523,0.149469410107982,0.142702524367706
513,0.474347434968947,0.245967461561916,0.196743303664015,0.216509434133377,0.166814026627726,0.180448444205294
228,0.289179343702615,0.183967824035887,0.217294683481912,0.223704949036996,0.182190212262849,0.141066417195949
527,0.419987692000204,0.222081350052879,0.188884569174318,0.242414171861771,0.176522456496951,0.189517281185082
396,0.375697185802696,0.196743303664015,0.197424363331222,0.175435913518267,0.140279459933373,0.142423961905656
447,0.423788147113161,0.211875157547888,0.223704949036996,0.219672052767678,0.140279459933373,0.182778757451073
448,0.451106215483896,0.215727826366646,0.251373586915138,0.162677834203278,0.197424363331222,0.145928733232941
439,0.402784577338547,0.221274744825972,0.227823271636467,0.194059239855938,0.242414171861771,0.195393227873188
492,0.489087655334828,0.316661303992259,0.248659484023583,0.237166246337142,0.187631241909896,0.140279459933373
572,0.418084423539314,0.256863984839407,0.257786672914962,0.178181472416481,0.163123316426449,0.152618104976752
771,0.49459052794554,0.244185541162083,0.237166246337142,0.217294683481912,0.158410531669826,0.171243398019944
436,0.440791745314472,0.203733362812729,0.200889639762023,0.214175622695954,0.181605650010004,0.140279459933373
344,0.389289635189169,0.205907447843523,0.209608564537159,0.183371292540019,0.171754154191287,0.162235816543637
200,0.379590352485876,0.224521889216861,0.209608564537159,0.352194131843378,0.470646634478409,0.234581247743386
335,0.416179118323367,0.180448444205294,0.23033379664679,0.156400988328558,0.157195124574254,0.140279459933373
496,0.470646634478409,0.246862287018223,0.173309128978783,0.201594638931909,0.175435913518267,0.140279459933373
364,0.427580548847338,0.216509434133377,0.190154027575454,0.175435913518267,0.158822198286243,0.140279459933373
348,0.441731771836077,0.248659484023583,0.221274744825972,0.221274744825972,0.151542367809210,0.140801836156987
301,0.40182397040703,0.193398287644562,0.185781454960399,0.185781454960399,0.169237834303805,0.145622826217966
452,0.427580548847338,0.194059239855938,0.222081350052879,0.196066256873814,0.166814026627726,0.140279459933373
454,0.478964395469008,0.225342219919308,0.226165913043895,0.205178843545358,0.150492979148870,0.16357228121085
422,0.446424815327873,0.225342219919308,0.221274744825972,0.158410531669826,0.183371292540019,0.140279459933373
375,0.41331732873535,0.164940248736627,0.185781454960399,0.219672052767678,0.140279459933373,0.140279459933373
499,0.438910260048710,0.208860644258667,0.220471637257467,0.214175622695954,0.140279459933373,0.140279459933373
419,0.410450927071570,0.223704949036996,0.211115838461421,0.199491561253654,0.170736402643872,0.154094323280450
445,0.448298759169222,0.244185541162083,0.213405068833102,0.211875157547888,0.140279459933373,0.140279459933373
460,0.439851241970584,0.235439936165745,0.226992939983781,0.213405068833102,0.177071557205383,0.154470991130581
594,0.502821101328797,0.270905253648299,0.248659484023583,0.238904240888872,0.199491561253654,0.162235816543637
474,0.430419611243593,0.189517281185082,0.177624558944457,0.188884569174318,0.140279459933373,0.140279459933373
345,0.43702685358426,0.200188610986799,0.196066256873814,0.195393227873188,0.145319498566922,0.164940248736627
360,0.433254223593108,0.197424363331222,0.213405068833102,0.188884569174318,0.140279459933373,0.140279459933373
364,0.359072414588444,0.179875784505171,0.180448444205294,0.200188610986799,0.140279459933373,0.140539522938054
394,0.453909567952752,0.214175622695954,0.196743303664015,0.168745733831007,0.171243398019944,0.150148946700048
282,0.388321919900050,0.206639944148685,0.194724220966719,0.367888982200334,0.464154311336516,0.259638241659144
364,0.410450927071570,0.210360301592275,0.214949882112267,0.144131604573628,0.185781454960399,0.14298348025674
765,0.481729856995562,0.198798498578782,0.189517281185082,0.194059239855938,0.156796455796649,0.140279459933373
379,0.40662186593712,0.213405068833102,0.160502026996677,0.289179343702615,0.367888982200334,0.199491561253654
476,0.484491855840873,0.295029198942614,0.292100571713878,0.218876016213984,0.175977245746161,0.151189670120080
322,0.469720411442728,0.185172899926102,0.200188610986799,0.184568357977156,0.156796455796649,0.140279459933373
372,0.424736999725661,0.192088479379025,0.194059239855938,0.197424363331222,0.141602453589765,0.156400988328558
601,0.463225147278761,0.276626749501763,0.23033379664679,0.224521889216861,0.234581247743386,0.167291481291287
435,0.432309844864813,0.190794809258731,0.213405068833102,0.190794809258731,0.167772573247934,0.147819407725247
478,0.418084423539314,0.245967461561916,0.174364837136968,0.222891426963376,0.146237238572002,0.167291481291287
384,0.426633199381427,0.227823271636467,0.200188610986799,0.177624558944457,0.165403320798019,0.140279459933373
418,0.402784577338547,0.212638240623736,0.199491561253654,0.173309128978783,0.162677834203278,0.140279459933373
442,0.39218977751084,0.211115838461421,0.208116557082828,0.194724220966719,0.184568357977156,0.152618104976752
324,0.400862850180983,0.16357228121085,0.165869963138432,0.215727826366646,0.140279459933373,0.140279459933373
575,0.445487145704544,0.209608564537159,0.238033800236652,0.177071557205383,0.140279459933373,0.140279459933373
624,0.448298759169222,0.26806502014066,0.204454144375473,0.196066256873814,0.175435913518267,0.142423961905656
339,0.435141512434088,0.216509434133377,0.178742307944130,0.224521889216861,0.146548361254107,0.164480729737195
422,0.402784577338547,0.246862287018223,0.205907447843523,0.186394027664835,0.190794809258731,0.140279459933373
522,0.439851241970584,0.227823271636467,0.247759640188542,0.166814026627726,0.145928733232941,0.170233153496669
327,0.430419611243593,0.211115838461421,0.160502026996677,0.208860644258667,0.140279459933373,0.142423961905656
468,0.438910260048710,0.259638241659144,0.246862287018223,0.196066256873814,0.205907447843523,0.164940248736627
422,0.416179118323367,0.211875157547888,0.234581247743386,0.196066256873814,0.175435913518267,0.140801836156987
453,0.417132025922147,0.196743303664015,0.223704949036996,0.179875784505171,0.175435913518267,0.145018731380577
461,0.430419611243593,0.216509434133377,0.199491561253654,0.191439626593958,0.140279459933373,0.142423961905656
515,0.422838791105066,0.204454144375473,0.214949882112267,0.172268685450245,0.190794809258731,0.140279459933373
466,0.475271623239318,0.222891426963376,0.205907447843523,0.175435913518267,0.175977245746161,0.140279459933373
470,0.40662186593712,0.199491561253654,0.163123316426449,0.194724220966719,0.140279459933373,0.151897993103576
362,0.437968797820157,0.215727826366646,0.208860644258667,0.169733635746363,0.171754154191287,0.140279459933373
419,0.467866722440866,0.240653643199231,0.207376318697083,0.190154027575454,0.188255890082703,0.145622826217966
513,0.444549008408857,0.203733362812729,0.233725581744281,0.178742307944130,0.140279459933373,0.173309128978783
505,0.404704249910189,0.285297304030371,0.245075200706715,0.238033800236652,0.172268685450245,0.140279459933373
375,0.402784577338547,0.206639944148685,0.214175622695954,0.165403320798019,0.147497624383717,0.172787005806565
447,0.458572851358513,0.209608564537159,0.214175622695954,0.201594638931909,0.163123316426449,0.140279459933373
397,0.39604956908159,0.187631241909896,0.23977753355553,0.178742307944130,0.194059239855938,0.171754154191287
510,0.463225147278761,0.206639944148685,0.198798498578782,0.226165913043895,0.170233153496669,0.140279459933373
392,0.407579902497849,0.245075200706715,0.261497815323131,0.168257318749387,0.160930368981928,0.143552645462116
474,0.40566331506169,0.226165913043895,0.207376318697083,0.240653643199231,0.155619579790919,0.145018731380577
427,0.434198112267997,0.179875784505171,0.237166246337142,0.140279459933373,0.181605650010004,0.155233599845476
660,0.4964219650051,0.272806580486754,0.252283020211930,0.177071557205383,0.172787005806565,0.148471133452426
387,0.39893907178823,0.190154027575454,0.200889639762023,0.169237834303805,0.175435913518267,0.151897993103576
516,0.427580548847338,0.217294683481912,0.251373586915138,0.168257318749387,0.212638240623736,0.175435913518267
479,0.436084425669404,0.23977753355553,0.224521889216861,0.195393227873188,0.179307075461499,0.185172899926102
356,0.395085382089401,0.184568357977156,0.232872971194181,0.174364837136968,0.141602453589765,0.164940248736627
412,0.426633199381427,0.218876016213984,0.206639944148685,0.212638240623736,0.146862120354825,0.155233599845476
474,0.416179118323367,0.250466494772263,0.164940248736627,0.251373586915138,0.226992939983781,0.143552645462116
406,0.474347434968947,0.26336509235663,0.227823271636467,0.214175622695954,0.152256565618780,0.154470991130581
627,0.470646634478409,0.269956905233921,0.266179795115631,0.180448444205294,0.198798498578782,0.152256565618780
934,0.538193325982493,0.249561781327291,0.243298519444439,0.240653643199231,0.140279459933373,0.151189670120080
430,0.41331732873535,0.222891426963376,0.222081350052879,0.211115838461421,0.140279459933373,0.140801836156987
390,0.386384998416716,0.223704949036996,0.234581247743386,0.219672052767678,0.166814026627726,0.154094323280450
456,0.416179118323367,0.262430509724191,0.214175622695954,0.213405068833102,0.159237162188545,0.140279459933373
313,0.387353706987488,0.157195124574254,0.179875784505171,0.191439626593958,0.142147774681471,0.147178535004063
431,0.432309844864813,0.217294683481912,0.238033800236652,0.164024746412181,0.140279459933373,0.140279459933373
380,0.457641082102348,0.176522456496951,0.192741366843982,0.148143904307162,0.200889639762023,0.156008702799071
437,0.458572851358513,0.238033800236652,0.206639944148685,0.194724220966719,0.149807763529887,0.140279459933373
643,0.557070755717787,0.271855157449252,0.258711437790672,0.222891426963376,0.156796455796649,0.140279459933373
386,0.407579902497849,0.171754154191287,0.155233599845476,0.191439626593958,0.140279459933373,0.140279459933373
427,0.448298759169222,0.203733362812729,0.224521889216861,0.171243398019944,0.140279459933373,0.147497624383717
496,0.399901217123282,0.235439936165745,0.231177046607856,0.202303599215116,0.153720720340875,0.140279459933373
524,0.491840713366392,0.245967461561916,0.235439936165745,0.225342219919308,0.157195124574254,0.157597013980819
403,0.397976414823837,0.216509434133377,0.214175622695954,0.178181472416481,0.148801114525785,0.140279459933373
517,0.410450927071570,0.214949882112267,0.208860644258667,0.205907447843523,0.165403320798019,0.140279459933373
455,0.462295554374572,0.222081350052879,0.260567046745838,0.189517281185082,0.170233153496669,0.146548361254107
517,0.456708871220304,0.245967461561916,0.244185541162083,0.177071557205383,0.171754154191287,0.151542367809210
519,0.40566331506169,0.238904240888872,0.194724220966719,0.209608564537159,0.157195124574254,0.140279459933373
524,0.473422844172892,0.225342219919308,0.225342219919308,0.189517281185082,0.140279459933373,0.164940248736627
350,0.418084423539314,0.238904240888872,0.221274744825972,0.192088479379025,0.180448444205294,0.154470991130581
347,0.443610401564419,0.199491561253654,0.217294683481912,0.213405068833102,0.158410531669826,0.173835068385563
442,0.427580548847338,0.233725581744281,0.222891426963376,0.184568357977156,0.147178535004063,0.140279459933373
425,0.475271623239318,0.277585234113443,0.255024990396885,0.209608564537159,0.178742307944130,0.140279459933373
373,0.444549008408857,0.183967824035887,0.257786672914962,0.145319498566922,0.167772573247934,0.151897993103576
410,0.429473753439024,0.178181472416481,0.229493730258852,0.169237834303805,0.158822198286243,0.144720505822661
379,0.388321919900050,0.192741366843982,0.185781454960399,0.196743303664015,0.140279459933373,0.140279459933373
373,0.42188893060604,0.194724220966719,0.23033379664679,0.175435913518267,0.140279459933373,0.159237162188545
490,0.469720411442728,0.264301525715948,0.257786672914962,0.215727826366646,0.165869963138432,0.144424803121843
502,0.482650905054512,0.250466494772263,0.244185541162083,0.201594638931909,0.199491561253654,0.141602453589765
345,0.400862850180983,0.145018731380577,0.191439626593958,0.183371292540019,0.141602453589765,0.140279459933373
328,0.391223565654671,0.210360301592275,0.190154027575454,0.173835068385563,0.164480729737195,0.179307075461499
484,0.422838791105066,0.221274744825972,0.216509434133377,0.172787005806565,0.14298348025674,0.141873944585676
467,0.42188893060604,0.227823271636467,0.237166246337142,0.159237162188545,0.193398287644562,0.143266847840142
376,0.411406907527978,0.192088479379025,0.178742307944130,0.201594638931909,0.147819407725247,0.140279459933373
367,0.432309844864813,0.231177046607856,0.219672052767678,0.186394027664835,0.162235816543637,0.140279459933373
469,0.431364974573073,0.221274744825972,0.195393227873188,0.168257318749387,0.149469410107982,0.157195124574254
446,0.419036311953547,0.237166246337142,0.23977753355553,0.196066256873814,0.175435913518267,0.165403320798019
325,0.378617765257579,0.171243398019944,0.192088479379025,0.185781454960399,0.140279459933373,0.140279459933373
420,0.444549008408857,0.254108759679802,0.215727826366646,0.177624558944457,0.173835068385563,0.158822198286243
475,0.437968797820157,0.202303599215116,0.205907447843523,0.175435913518267,0.173309128978783,0.140279459933373
337,0.412362374614871,0.225342219919308,0.202303599215116,0.201594638931909,0.186394027664835,0.153350162717428
379,0.423788147113161,0.223704949036996,0.152618104976752,0.241532534498303,0.140279459933373,0.168745733831007
508,0.437968797820157,0.240653643199231,0.238904240888872,0.191439626593958,0.166814026627726,0.140279459933373
431,0.426633199381427,0.222081350052879,0.196743303664015,0.206639944148685,0.143840891542185,0.150839880430613
386,0.363974517009122,0.178181472416481,0.218083551882790,0.149133866930996,0.140279459933373,0.140279459933373
246,0.393155485097713,0.207376318697083,0.184568357977156,0.192741366843982,0.185781454960399,0.173309128978783
406,0.41331732873535,0.222891426963376,0.216509434133377,0.167291481291287,0.200188610986799,0.140279459933373
709,0.507381840049532,0.299924552865763,0.258711437790672,0.249561781327291,0.196066256873814,0.150492979148870
609,0.485411763012758,0.214175622695954,0.23033379664679,0.201594638931909,0.150492979148870,0.140279459933373
445,0.39604956908159,0.211115838461421,0.186394027664835,0.195393227873188,0.169733635746363,0.140279459933373
387,0.423788147113161,0.216509434133377,0.224521889216861,0.188884569174318,0.178181472416481,0.140279459933373
486,0.453909567952752,0.227823271636467,0.222891426963376,0.194724220966719,0.16634019279706,0.140279459933373
433,0.440791745314472,0.252283020211930,0.233725581744281,0.194724220966719,0.181605650010004,0.152256565618780
479,0.419987692000204,0.191439626593958,0.244185541162083,0.189517281185082,0.168745733831007,0.140279459933373
367,0.399901217123282,0.171243398019944,0.228656878414890,0.163123316426449,0.145928733232941,0.141602453589765
492,0.462295554374572,0.23977753355553,0.243298519444439,0.206639944148685,0.172268685450245,0.187631241909896
597,0.466939252082330,0.235439936165745,0.232023448734304,0.171754154191287,0.175435913518267,0.170233153496669
295,0.385415796280043,0.247759640188542,0.194059239855938,0.377644706128292,0.492757675678563,0.254108759679802
441,0.418084423539314,0.209608564537159,0.217294683481912,0.16634019279706,0.158822198286243,0.140279459933373
443,0.397976414823837,0.172787005806565,0.189517281185082,0.174364837136968,0.140279459933373,0.140279459933373
357,0.408537424783786,0.192741366843982,0.195393227873188,0.175977245746161,0.149807763529887,0.156400988328558
365,0.434198112267997,0.214949882112267,0.219672052767678,0.171243398019944,0.143840891542185,0.144720505822661
567,0.432309844864813,0.23033379664679,0.196066256873814,0.243298519444439,0.165869963138432,0.156400988328558
459,0.448298759169222,0.217294683481912,0.226992939983781,0.199491561253654,0.154850743467635,0.171754154191287
247,0.358090854945044,0.154850743467635,0.198109430350217,0.221274744825972,0.162677834203278,0.182778757451073
364,0.412362374614871,0.222891426963376,0.212638240623736,0.140279459933373,0.164480729737195,0.140279459933373
439,0.468793774829766,0.187631241909896,0.224521889216861,0.203016510694019,0.23033379664679,0.171754154191287
447,0.423788147113161,0.188255890082703,0.208860644258667,0.189517281185082,0.140279459933373,0.140279459933373
183,0.456708871220304,0.257786672914962,0.258711437790672,0.187631241909896,0.184568357977156,0.145018731380577
529,0.44923503724365,0.259638241659144,0.219672052767678,0.200889639762023,0.158822198286243,0.148801114525785
292,0.390256851013871,0.201594638931909,0.200188610986799,0.203016510694019,0.140279459933373,0.145319498566922
423,0.435141512434088,0.185172899926102,0.205907447843523,0.181025063276694,0.194724220966719,0.16634019279706
712,0.456708871220304,0.271855157449252,0.269010148553487,0.140279459933373,0.266179795115631,0.147178535004063
418,0.459504181093247,0.194059239855938,0.236301613614802,0.140279459933373,0.176522456496951,0.161797245314680
358,0.427580548847338,0.184568357977156,0.233725581744281,0.203016510694019,0.140279459933373,0.140279459933373
476,0.432309844864813,0.183371292540019,0.214175622695954,0.196743303664015,0.140279459933373,0.140279459933373
506,0.455776216619560,0.242414171861771,0.187010622123131,0.190794809258731,0.140279459933373,0.164024746412181
453,0.467866722440866,0.192741366843982,0.197424363331222,0.203733362812729,0.170736402643872,0.140279459933373
372,0.407579902497849,0.201594638931909,0.226992939983781,0.171243398019944,0.184568357977156,0.150492979148870
500,0.490005705397473,0.224521889216861,0.180448444205294,0.205178843545358,0.151542367809210,0.151189670120080
310,0.370820382306947,0.156796455796649,0.175435913518267,0.209608564537159,0.154094323280450,0.140539522938054
324,0.383475920330798,0.188255890082703,0.190794809258731,0.183967824035887,0.182778757451073,0.140279459933373
473,0.422838791105066,0.192741366843982,0.203733362812729,0.201594638931909,0.16357228121085,0.148471133452426
372,0.394120687044045,0.212638240623736,0.212638240623736,0.172268685450245,0.166814026627726,0.144424803121843
373,0.407579902497849,0.168257318749387,0.23977753355553,0.140279459933373,0.166814026627726,0.163123316426449
228,0.357108931824631,0.212638240623736,0.205907447843523,0.221274744825972,0.199491561253654,0.157195124574254
433,0.442671323317129,0.205907447843523,0.178742307944130,0.197424363331222,0.174364837136968,0.140279459933373
387,0.383475920330798,0.198109430350217,0.168257318749387,0.214175622695954,0.140279459933373,0.140279459933373
485,0.437968797820157,0.197424363331222,0.210360301592275,0.175435913518267,0.172787005806565,0.147497624383717
516,0.436084425669404,0.229493730258852,0.209608564537159,0.16357228121085,0.167772573247934,0.150839880430613
654,0.540896650628897,0.26336509235663,0.264301525715948,0.225342219919308,0.183967824035887,0.145928733232941
478,0.456708871220304,0.208860644258667,0.218876016213984,0.183967824035887,0.250466494772263,0.140279459933373
463,0.451106215483896,0.235439936165745,0.235439936165745,0.170233153496669,0.156008702799071,0.165403320798019
327,0.378617765257579,0.256863984839407,0.219672052767678,0.223704949036996,0.196743303664015,0.140279459933373
422,0.42188893060604,0.231177046607856,0.178181472416481,0.214175622695954,0.140279459933373,0.140279459933373
270,0.425685350085428,0.189517281185082,0.211115838461421,0.184568357977156,0.143266847840142,0.169237834303805
364,0.416179118323367,0.181605650010004,0.158410531669826,0.222891426963376,0.140279459933373,0.140279459933373
379,0.432309844864813,0.188884569174318,0.180448444205294,0.173835068385563,0.179875784505171,0.145319498566922
301,0.447362019176649,0.178181472416481,0.214175622695954,0.161362102255135,0.152618104976752,0.140279459933373
482,0.44923503724365,0.265239772398733,0.221274744825972,0.242414171861771,0.148801114525785,0.140279459933373
363,0.442671323317129,0.256863984839407,0.243298519444439,0.209608564537159,0.166814026627726,0.140279459933373
365,0.416179118323367,0.194724220966719,0.231177046607856,0.198798498578782,0.151897993103576,0.152256565618780
481,0.459504181093247,0.244185541162083,0.235439936165745,0.182190212262849,0.199491561253654,0.173835068385563
419,0.395085382089401,0.197424363331222,0.208116557082828,0.174898448025698,0.164024746412181,0.143552645462116
302,0.432309844864813,0.170233153496669,0.218083551882790,0.244185541162083,0.368866547920421,0.156796455796649
385,0.44923503724365,0.185781454960399,0.244185541162083,0.178742307944130,0.159655442358187,0.146237238572002
409,0.429473753439024,0.219672052767678,0.185781454960399,0.172787005806565,0.152618104976752,0.140279459933373
285,0.455776216619560,0.187631241909896,0.195393227873188,0.199491561253654,0.140279459933373,0.140279459933373
183,0.389289635189169,0.224521889216861,0.204454144375473,0.256863984839407,0.328516409471957,0.173309128978783
243,0.355144025044986,0.164024746412181,0.214175622695954,0.255943411389996,0.345300444024283,0.162677834203278
426,0.464154311336516,0.236301613614802,0.222081350052879,0.208116557082828,0.144720505822661,0.144131604573628
274,0.448298759169222,0.190154027575454,0.160930368981928,0.167291481291287,0.156008702799071,0.143840891542185
442,0.445487145704544,0.218083551882790,0.232872971194181,0.140279459933373,0.160930368981928,0.140279459933373
376,0.417132025922147,0.208116557082828,0.190154027575454,0.218083551882790,0.184568357977156,0.174898448025698
526,0.445487145704544,0.207376318697083,0.205178843545358,0.185172899926102,0.193398287644562,0.152982630801945
360,0.400862850180983,0.199491561253654,0.222081350052879,0.169237834303805,0.179875784505171,0.160077057692081
524,0.433254223593108,0.223704949036996,0.223704949036996,0.179307075461499,0.161797245314680,0.140279459933373
331,0.400862850180983,0.204454144375473,0.203016510694019,0.175977245746161,0.196743303664015,0.154094323280450
460,0.439851241970584,0.218083551882790,0.191439626593958,0.176522456496951,0.158822198286243,0.156008702799071
349,0.436084425669404,0.220471637257467,0.222081350052879,0.143552645462116,0.151542367809210,0.140279459933373
472,0.425685350085428,0.211875157547888,0.211875157547888,0.224521889216861,0.140279459933373,0.140279459933373
321,0.417132025922147,0.169237834303805,0.178181472416481,0.166814026627726,0.183371292540019,0.140279459933373
455,0.418084423539314,0.203733362812729,0.218876016213984,0.155619579790919,0.162235816543637,0.155233599845476
521,0.477118801080669,0.225342219919308,0.211875157547888,0.216509434133377,0.140279459933373,0.173835068385563
421,0.452041119617036,0.179307075461499,0.217294683481912,0.187010622123131,0.205907447843523,0.162235816543637
298,0.372772455485757,0.140279459933373,0.172787005806565,0.188884569174318,0.156008702799071,0.141602453589765
344,0.382505251364152,0.173835068385563,0.223704949036996,0.154094323280450,0.16634019279706,0.172268685450245
448,0.500080663267207,0.309756707604237,0.262430509724191,0.226992939983781,0.185781454960399,0.165869963138432
366,0.468793774829766,0.196743303664015,0.224521889216861,0.187631241909896,0.149807763529887,0.162677834203278
381,0.428527399760189,0.183371292540019,0.191439626593958,0.183967824035887,0.140279459933373,0.141066417195949
449,0.475271623239318,0.248659484023583,0.269010148553487,0.163123316426449,0.194059239855938,0.164480729737195
240,0.470646634478409,0.194059239855938,0.194059239855938,0.170736402643872,0.160502026996677,0.148143904307162
420,0.423788147113161,0.222081350052879,0.229493730258852,0.211115838461421,0.182190212262849,0.143552645462116
338,0.448298759169222,0.160930368981928,0.187010622123131,0.159655442358187,0.140279459933373,0.140279459933373
318,0.373747820375976,0.182778757451073,0.205907447843523,0.154850743467635,0.172268685450245,0.165403320798019
281,0.429473753439024,0.188255890082703,0.192088479379025,0.204454144375473,0.168745733831007,0.157195124574254
442,0.414271770359505,0.248659484023583,0.222081350052879,0.337407372460796,0.443610401564419,0.238904240888872
444,0.386384998416716,0.188255890082703,0.223704949036996,0.146237238572002,0.176522456496951,0.159655442358187
478,0.444549008408857,0.225342219919308,0.215727826366646,0.183967824035887,0.171754154191287,0.154470991130581
354,0.424736999725661,0.223704949036996,0.226165913043895,0.156400988328558,0.160502026996677,0.152618104976752
610,0.442671323317129,0.266179795115631,0.237166246337142,0.229493730258852,0.289179343702615,0.140279459933373
370,0.418084423539314,0.194059239855938,0.209608564537159,0.169733635746363,0.140279459933373,0.140279459933373
454,0.436084425669404,0.232023448734304,0.179875784505171,0.205907447843523,0.140279459933373,0.144720505822661
654,0.450170855356869,0.277585234113443,0.236301613614802,0.187010622123131,0.151542367809210,0.175435913518267
436,0.431364974573073,0.204454144375473,0.238033800236652,0.158410531669826,0.164940248736627,0.140279459933373
373,0.373747820375976,0.181605650010004,0.160930368981928,0.192741366843982,0.161362102255135,0.140279459933373
498,0.455776216619560,0.235439936165745,0.226165913043895,0.176522456496951,0.143552645462116,0.140279459933373
354,0.386384998416716,0.213405068833102,0.185781454960399,0.205907447843523,0.155619579790919,0.154094323280450
434,0.424736999725661,0.225342219919308,0.232872971194181,0.167291481291287,0.195393227873188,0.174898448025698
344,0.380562464597876,0.198109430350217,0.191439626593958,0.154470991130581,0.181605650010004,0.146548361254107
363,0.388321919900050,0.162235816543637,0.203016510694019,0.168745733831007,0.178742307944130,0.141602453589765
547,0.437968797820157,0.218876016213984,0.213405068833102,0.175977245746161,0.178181472416481,0.160077057692081
453,0.428527399760189,0.193398287644562,0.203016510694019,0.181605650010004,0.166814026627726,0.140279459933373
424,0.434198112267997,0.195393227873188,0.195393227873188,0.176522456496951,0.149469410107982,0.140279459933373
483,0.436084425669404,0.195393227873188,0.198798498578782,0.210360301592275,0.152618104976752,0.154850743467635
350,0.379590352485876,0.160502026996677,0.170736402643872,0.185172899926102,0.143266847840142,0.140279459933373
476,0.414271770359505,0.206639944148685,0.205907447843523,0.143840891542185,0.175977245746161,0.140279459933373
439,0.43702685358426,0.202303599215116,0.169237834303805,0.170233153496669,0.147819407725247,0.170736402643872
539,0.446424815327873,0.240653643199231,0.210360301592275,0.219672052767678,0.192741366843982,0.140279459933373
414,0.442671323317129,0.213405068833102,0.242414171861771,0.164940248736627,0.16634019279706,0.170233153496669
236,0.353177756395209,0.23033379664679,0.23033379664679,0.235439936165745,0.332468835480985,0.219672052767678
324,0.391223565654671,0.162677834203278,0.183371292540019,0.198798498578782,0.189517281185082,0.144720505822661
399,0.419036311953547,0.186394027664835,0.210360301592275,0.196066256873814,0.140279459933373,0.140279459933373
456,0.424736999725661,0.229493730258852,0.245075200706715,0.170736402643872,0.186394027664835,0.148801114525785
546,0.447362019176649,0.256863984839407,0.271855157449252,0.179307075461499,0.183967824035887,0.170233153496669
353,0.429473753439024,0.205907447843523,0.189517281185082,0.194724220966719,0.140279459933373,0.146237238572002
476,0.426633199381427,0.203016510694019,0.195393227873188,0.215727826366646,0.189517281185082,0.148801114525785
349,0.440791745314472,0.208860644258667,0.174364837136968,0.214175622695954,0.185781454960399,0.169733635746363
355,0.35612665264182,0.171243398019944,0.176522456496951,0.152256565618780,0.16357228121085,0.140279459933373
443,0.432309844864813,0.216509434133377,0.198798498578782,0.205178843545358,0.140279459933373,0.150148946700048
440,0.441731771836077,0.237166246337142,0.248659484023583,0.208116557082828,0.187631241909896,0.215727826366646
465,0.416179118323367,0.240653643199231,0.187010622123131,0.200188610986799,0.144131604573628,0.154094323280450
337,0.41331732873535,0.181025063276694,0.217294683481912,0.196743303664015,0.140279459933373,0.160077057692081
313,0.402784577338547,0.187010622123131,0.200889639762023,0.188255890082703,0.163123316426449,0.151542367809210
947,0.521923099581909,0.297964434643167,0.212638240623736,0.235439936165745,0.206639944148685,0.159237162188545
428,0.435141512434088,0.229493730258852,0.196743303664015,0.215727826366646,0.162235816543637,0.140279459933373
337,0.394120687044045,0.215727826366646,0.237166246337142,0.183967824035887,0.152618104976752,0.140279459933373
433,0.478041795094857,0.225342219919308,0.222081350052879,0.171754154191287,0.194724220966719,0.156400988328558
460,0.463225147278761,0.234581247743386,0.241532534498303,0.180448444205294,0.171243398019944,0.167291481291287
193,0.32159942528535,0.188255890082703,0.186394027664835,0.194059239855938,0.282396577544332,0.164480729737195
559,0.44923503724365,0.198109430350217,0.204454144375473,0.218083551882790,0.140279459933373,0.140279459933373
417,0.427580548847338,0.238904240888872,0.191439626593958,0.199491561253654,0.178181472416481,0.140279459933373
411,0.390256851013871,0.184568357977156,0.234581247743386,0.170736402643872,0.142423961905656,0.147497624383717
391,0.407579902497849,0.203016510694019,0.212638240623736,0.174364837136968,0.146548361254107,0.157195124574254
463,0.445487145704544,0.226992939983781,0.213405068833102,0.174898448025698,0.144424803121843,0.140279459933373
339,0.44923503724365,0.200188610986799,0.205178843545358,0.199491561253654,0.140279459933373,0.149133866930996
433,0.436084425669404,0.238904240888872,0.238904240888872,0.219672052767678,0.181605650010004,0.160077057692081
201,0.343328438016707,0.196066256873814,0.198109430350217,0.205178843545358,0.140279459933373,0.152982630801945
361,0.399901217123282,0.237166246337142,0.225342219919308,0.183967824035887,0.211875157547888,0.142147774681471
508,0.457641082102348,0.273759486818862,0.229493730258852,0.192741366843982,0.202303599215116,0.140279459933373
514,0.429473753439024,0.191439626593958,0.221274744825972,0.158002143279100,0.160077057692081,0.152982630801945
472,0.420938564569721,0.227823271636467,0.208116557082828,0.198798498578782,0.181025063276694,0.173835068385563
311,0.390256851013871,0.196743303664015,0.159237162188545,0.222081350052879,0.175977245746161,0.160502026996677
320,0.39604956908159,0.165403320798019,0.196066256873814,0.211115838461421,0.140279459933373,0.155619579790919
397,0.41331732873535,0.242414171861771,0.255943411389996,0.211115838461421,0.236301613614802,0.226992939983781
484,0.428527399760189,0.191439626593958,0.198798498578782,0.164480729737195,0.172787005806565,0.167772573247934
455,0.466011361565902,0.246862287018223,0.203733362812729,0.180448444205294,0.160077057692081,0.167772573247934
368,0.40182397040703,0.204454144375473,0.232872971194181,0.165403320798019,0.197424363331222,0.140279459933373
368,0.422838791105066,0.222891426963376,0.245967461561916,0.158002143279100,0.182778757451073,0.140279459933373
511,0.432309844864813,0.218083551882790,0.200889639762023,0.232023448734304,0.140279459933373,0.140279459933373
424,0.397976414823837,0.203733362812729,0.199491561253654,0.196066256873814,0.148143904307162,0.159655442358187
474,0.41331732873535,0.179307075461499,0.174364837136968,0.186394027664835,0.145622826217966,0.160502026996677
415,0.39604956908159,0.198109430350217,0.218876016213984,0.173835068385563,0.140279459933373,0.150839880430613
562,0.415225700022613,0.191439626593958,0.200188610986799,0.218876016213984,0.158002143279100,0.140279459933373
352,0.342342090635241,0.204454144375473,0.247759640188542,0.223704949036996,0.256863984839407,0.140279459933373
334,0.322587416871138,0.187631241909896,0.233725581744281,0.150839880430613,0.222891426963376,0.159237162188545
375,0.513753336846181,0.225342219919308,0.205907447843523,0.185172899926102,0.147178535004063,0.141333283747465
395,0.412362374614871,0.243298519444439,0.23033379664679,0.206639944148685,0.140279459933373,0.168745733831007
526,0.404704249910189,0.254108759679802,0.246862287018223,0.275669606701894,0.379590352485876,0.186394027664835
351,0.394120687044045,0.169237834303805,0.201594638931909,0.187631241909896,0.157597013980819,0.140279459933373
534,0.454843116219575,0.250466494772263,0.205178843545358,0.169237834303805,0.153720720340875,0.151189670120080
506,0.454843116219575,0.234581247743386,0.223704949036996,0.186394027664835,0.140279459933373,0.174898448025698
445,0.441731771836077,0.224521889216861,0.229493730258852,0.226992939983781,0.232023448734304,0.182190212262849
526,0.39218977751084,0.236301613614802,0.202303599215116,0.229493730258852,0.142702524367706,0.143552645462116
662,0.448298759169222,0.216509434133377,0.203733362812729,0.214175622695954,0.156400988328558,0.147178535004063
360,0.457641082102348,0.222891426963376,0.213405068833102,0.167772573247934,0.182778757451073,0.147178535004063
382,0.436084425669404,0.190794809258731,0.200889639762023,0.226992939983781,0.140279459933373,0.140279459933373
416,0.422838791105066,0.185172899926102,0.213405068833102,0.196743303664015,0.147819407725247,0.144131604573628
326,0.408537424783786,0.206639944148685,0.205907447843523,0.179875784505171,0.152982630801945,0.146237238572002
353,0.37179664134119,0.207376318697083,0.198798498578782,0.262430509724191,0.140279459933373,0.140279459933373
608,0.390256851013871,0.23977753355553,0.216509434133377,0.296985336054750,0.418084423539314,0.214175622695954
382,0.40566331506169,0.16634019279706,0.212638240623736,0.140801836156987,0.148801114525785,0.153350162717428
505,0.44923503724365,0.212638240623736,0.211875157547888,0.187010622123131,0.144720505822661,0.156008702799071
487,0.456708871220304,0.233725581744281,0.235439936165745,0.169733635746363,0.173835068385563,0.146548361254107
430,0.446424815327873,0.196743303664015,0.231177046607856,0.172268685450245,0.177624558944457,0.140279459933373
411,0.435141512434088,0.217294683481912,0.208116557082828,0.194724220966719,0.164940248736627,0.140279459933373
576,0.463225147278761,0.200188610986799,0.225342219919308,0.195393227873188,0.156400988328558,0.140279459933373
407,0.423788147113161,0.222891426963376,0.232872971194181,0.182190212262849,0.16634019279706,0.157195124574254
484,0.438910260048710,0.222081350052879,0.199491561253654,0.226992939983781,0.166814026627726,0.173835068385563
426,0.451106215483896,0.208860644258667,0.210360301592275,0.211115838461421,0.140279459933373,0.151542367809210
557,0.429473753439024,0.253194757033311,0.260567046745838,0.185172899926102,0.154850743467635,0.142702524367706
392,0.489087655334828,0.245967461561916,0.212638240623736,0.170233153496669,0.173309128978783,0.154850743467635
304,0.42188893060604,0.209608564537159,0.222891426963376,0.192088479379025,0.150839880430613,0.140279459933373
363,0.420938564569721,0.234581247743386,0.227823271636467,0.199491561253654,0.168745733831007,0.175435913518267
486,0.444549008408857,0.247759640188542,0.218876016213984,0.213405068833102,0.140539522938054,0.140279459933373
531,0.479886604427388,0.222081350052879,0.251373586915138,0.246862287018223,0.311728055196152,0.193398287644562
486,0.465083048709257,0.226992939983781,0.208116557082828,0.196066256873814,0.164024746412181,0.140279459933373
434,0.425685350085428,0.183371292540019,0.205178843545358,0.192741366843982,0.140279459933373,0.161362102255135
594,0.466011361565902,0.245967461561916,0.255024990396885,0.170233153496669,0.150492979148870,0.149469410107982
455,0.447362019176649,0.195393227873188,0.205178843545358,0.190794809258731,0.158410531669826,0.140279459933373
463,0.385415796280043,0.240653643199231,0.237166246337142,0.211115838461421,0.210360301592275,0.174898448025698
429,0.425685350085428,0.199491561253654,0.241532534498303,0.212638240623736,0.148143904307162,0.175435913518267
228,0.352194131843378,0.156008702799071,0.208116557082828,0.188884569174318,0.149133866930996,0.140279459933373
286,0.466011361565902,0.187631241909896,0.177624558944457,0.172268685450245,0.157597013980819,0.160077057692081
442,0.454843116219575,0.214175622695954,0.211115838461421,0.169237834303805,0.140279459933373,0.140279459933373
398,0.431364974573073,0.208116557082828,0.232872971194181,0.183371292540019,0.150492979148870,0.162235816543637
371,0.44923503724365,0.279506090033501,0.283362392853609,0.187631241909896,0.253194757033311,0.214949882112267
191,0.337407372460796,0.159237162188545,0.200188610986799,0.200188610986799,0.140279459933373,0.163123316426449
338,0.367888982200334,0.200889639762023,0.172268685450245,0.175435913518267,0.173309128978783,0.143552645462116
368,0.39218977751084,0.193398287644562,0.194059239855938,0.201594638931909,0.165403320798019,0.146548361254107
219,0.370820382306947,0.236301613614802,0.242414171861771,0.174364837136968,0.168257318749387,0.140279459933373
453,0.419987692000204,0.232023448734304,0.200188610986799,0.221274744825972,0.140279459933373,0.150839880430613
346,0.381534098529382,0.189517281185082,0.170736402643872,0.222891426963376,0.140279459933373,0.148143904307162
312,0.411406907527978,0.140279459933373,0.182190212262849,0.182778757451073,0.142147774681471,0.140279459933373
485,0.407579902497849,0.244185541162083,0.208860644258667,0.23033379664679,0.292100571713878,0.140539522938054
481,0.45297556976512,0.228656878414890,0.216509434133377,0.199491561253654,0.177624558944457,0.140279459933373
460,0.39893907178823,0.194724220966719,0.221274744825972,0.194059239855938,0.152256565618780,0.140279459933373
406,0.425685350085428,0.182778757451073,0.195393227873188,0.224521889216861,0.157597013980819,0.140279459933373
413,0.410450927071570,0.178181472416481,0.216509434133377,0.198798498578782,0.147178535004063,0.148801114525785
383,0.435141512434088,0.228656878414890,0.232872971194181,0.201594638931909,0.206639944148685,0.140279459933373
314,0.353177756395209,0.149469410107982,0.232872971194181,0.165403320798019,0.177071557205383,0.168745733831007
359,0.460435073421994,0.236301613614802,0.254108759679802,0.171754154191287,0.185781454960399,0.148471133452426
357,0.468793774829766,0.209608564537159,0.169733635746363,0.258711437790672,0.140279459933373,0.140279459933373
450,0.440791745314472,0.280468392646033,0.262430509724191,0.250466494772263,0.26336509235663,0.167772573247934
361,0.399901217123282,0.210360301592275,0.245075200706715,0.162235816543637,0.158410531669826,0.153720720340875
503,0.487250452013843,0.248659484023583,0.222891426963376,0.221274744825972,0.182778757451073,0.158822198286243
391,0.436084425669404,0.235439936165745,0.195393227873188,0.161797245314680,0.156400988328558,0.140279459933373
985,0.51920253600366,0.258711437790672,0.246862287018223,0.234581247743386,0.169237834303805,0.140279459933373
392,0.416179118323367,0.195393227873188,0.194059239855938,0.151897993103576,0.155619579790919,0.142147774681471
435,0.440791745314472,0.219672052767678,0.166814026627726,0.217294683481912,0.152618104976752,0.161797245314680
392,0.385415796280043,0.180448444205294,0.188884569174318,0.167291481291287,0.162677834203278,0.140279459933373
457,0.452041119617036,0.222081350052879,0.206639944148685,0.200889639762023,0.176522456496951,0.140279459933373
445,0.447362019176649,0.222081350052879,0.224521889216861,0.238904240888872,0.140279459933373,0.140279459933373
392,0.394120687044045,0.187631241909896,0.209608564537159,0.194059239855938,0.156796455796649,0.140279459933373
364,0.368866547920421,0.191439626593958,0.159655442358187,0.228656878414890,0.145928733232941,0.150492979148870
337,0.426633199381427,0.193398287644562,0.183371292540019,0.178181472416481,0.143840891542185,0.152618104976752
328,0.323575487390111,0.147819407725247,0.160077057692081,0.225342219919308,0.148801114525785,0.169733635746363
406,0.44923503724365,0.229493730258852,0.23977753355553,0.194059239855938,0.291125967010989,0.147819407725247
420,0.416179118323367,0.168257318749387,0.256863984839407,0.149133866930996,0.164480729737195,0.151189670120080
444,0.441731771836077,0.234581247743386,0.208116557082828,0.181605650010004,0.140279459933373,0.140279459933373
478,0.456708871220304,0.209608564537159,0.202303599215116,0.183967824035887,0.153720720340875,0.144131604573628
330,0.350225945404854,0.150492979148870,0.171243398019944,0.175435913518267,0.140279459933373,0.140279459933373
433,0.490005705397473,0.249561781327291,0.233725581744281,0.187010622123131,0.162235816543637,0.140279459933373
402,0.427580548847338,0.208116557082828,0.244185541162083,0.170736402643872,0.202303599215116,0.146548361254107
410,0.435141512434088,0.234581247743386,0.198109430350217,0.215727826366646,0.147819407725247,0.162677834203278
364,0.375697185802696,0.190794809258731,0.231177046607856,0.213405068833102,0.167291481291287,0.140279459933373
307,0.437968797820157,0.198798498578782,0.245967461561916,0.147819407725247,0.150492979148870,0.140279459933373
628,0.483571570595327,0.280468392646033,0.238033800236652,0.228656878414890,0.181605650010004,0.158002143279100
463,0.424736999725661,0.210360301592275,0.182778757451073,0.176522456496951,0.179875784505171,0.165403320798019
413,0.409494432911366,0.178742307944130,0.221274744825972,0.177071557205383,0.177624558944457,0.140279459933373
433,0.448298759169222,0.204454144375473,0.228656878414890,0.176522456496951,0.16634019279706,0.140279459933373
398,0.408537424783786,0.240653643199231,0.218083551882790,0.207376318697083,0.166814026627726,0.140279459933373
404,0.412362374614871,0.185172899926102,0.218083551882790,0.210360301592275,0.167291481291287,0.170233153496669
358,0.384446102799712,0.192088479379025,0.181605650010004,0.203016510694019,0.164940248736627,0.140279459933373
428,0.418084423539314,0.183371292540019,0.177624558944457,0.194059239855938,0.144131604573628,0.158002143279100
794,0.495506422283226,0.245075200706715,0.262430509724191,0.174364837136968,0.183371292540019,0.159655442358187
398,0.439851241970584,0.23033379664679,0.218083551882790,0.194059239855938,0.165403320798019,0.155619579790919
288,0.415225700022613,0.188255890082703,0.161362102255135,0.186394027664835,0.140279459933373,0.140279459933373
484,0.430419611243593,0.211115838461421,0.211115838461421,0.216509434133377,0.140279459933373,0.140279459933373
420,0.404704249910189,0.222081350052879,0.196743303664015,0.156796455796649,0.156008702799071,0.140279459933373
374,0.419036311953547,0.185172899926102,0.228656878414890,0.173309128978783,0.140279459933373,0.142702524367706
391,0.407579902497849,0.198109430350217,0.169237834303805,0.211115838461421,0.140279459933373,0.164024746412181
385,0.434198112267997,0.211875157547888,0.198109430350217,0.182190212262849,0.167772573247934,0.140279459933373
570,0.471572446139952,0.218876016213984,0.23033379664679,0.194724220966719,0.157597013980819,0.140279459933373
311,0.345300444024283,0.179875784505171,0.212638240623736,0.205178843545358,0.172268685450245,0.152982630801945
562,0.453909567952752,0.226165913043895,0.226165913043895,0.197424363331222,0.182190212262849,0.160930368981928
746,0.478964395469008,0.238033800236652,0.251373586915138,0.203733362812729,0.163123316426449,0.150492979148870
318,0.473422844172892,0.200889639762023,0.198109430350217,0.182190212262849,0.148471133452426,0.140279459933373
310,0.328516409471957,0.181025063276694,0.168257318749387,0.387353706987488,0.495506422283226,0.251373586915138
399,0.424736999725661,0.183967824035887,0.210360301592275,0.148143904307162,0.192088479379025,0.178742307944130
390,0.408537424783786,0.208860644258667,0.16634019279706,0.205907447843523,0.16357228121085,0.140279459933373
369,0.418084423539314,0.217294683481912,0.227823271636467,0.190794809258731,0.171754154191287,0.177071557205383
473,0.454843116219575,0.272806580486754,0.237166246337142,0.224521889216861,0.214175622695954,0.214175622695954
317,0.43702685358426,0.185781454960399,0.241532534498303,0.146862120354825,0.149807763529887,0.170736402643872
223,0.330492731245164,0.147178535004063,0.184568357977156,0.152618104976752,0.165869963138432,0.165869963138432
456,0.420938564569721,0.203016510694019,0.216509434133377,0.145928733232941,0.161797245314680,0.154094323280450
521,0.439851241970584,0.214949882112267,0.231177046607856,0.169237834303805,0.192741366843982,0.140279459933373
430,0.420938564569721,0.245967461561916,0.226165913043895,0.200188610986799,0.148801114525785,0.140279459933373
370,0.436084425669404,0.176522456496951,0.199491561253654,0.197424363331222,0.147819407725247,0.147497624383717
472,0.40566331506169,0.214949882112267,0.229493730258852,0.148143904307162,0.185172899926102,0.150839880430613
420,0.370820382306947,0.196743303664015,0.229493730258852,0.172787005806565,0.153350162717428,0.145928733232941
381,0.412362374614871,0.174898448025698,0.195393227873188,0.184568357977156,0.151189670120080,0.140279459933373
347,0.374722731821464,0.178742307944130,0.202303599215116,0.195393227873188,0.147178535004063,0.167291481291287
474,0.468793774829766,0.23033379664679,0.243298519444439,0.194724220966719,0.188884569174318,0.140279459933373
459,0.440791745314472,0.188255890082703,0.200889639762023,0.161362102255135,0.156796455796649,0.140279459933373
537,0.450170855356869,0.207376318697083,0.189517281185082,0.140279459933373,0.140279459933373,0.157195124574254
477,0.445487145704544,0.269010148553487,0.252283020211930,0.203733362812729,0.203733362812729,0.169237834303805
495,0.455776216619560,0.205907447843523,0.206639944148685,0.194059239855938,0.151189670120080,0.140279459933373
464,0.433254223593108,0.197424363331222,0.224521889216861,0.189517281185082,0.140279459933373,0.146548361254107
328,0.424736999725661,0.171243398019944,0.217294683481912,0.140279459933373,0.147178535004063,0.153720720340875
368,0.357108931824631,0.203016510694019,0.218876016213984,0.202303599215116,0.153350162717428,0.141333283747465
505,0.462295554374572,0.23033379664679,0.225342219919308,0.150148946700048,0.190794809258731,0.146862120354825
465,0.418084423539314,0.190794809258731,0.188884569174318,0.218876016213984,0.146862120354825,0.140279459933373
576,0.427580548847338,0.267121556704060,0.232023448734304,0.203016510694019,0.173835068385563,0.143840891542185
451,0.455776216619560,0.223704949036996,0.218083551882790,0.170736402643872,0.172787005806565,0.140279459933373
360,0.417132025922147,0.207376318697083,0.198798498578782,0.168257318749387,0.187631241909896,0.156008702799071
371,0.382505251364152,0.152618104976752,0.204454144375473,0.168745733831007,0.140279459933373,0.170736402643872
541,0.408537424783786,0.226165913043895,0.189517281185082,0.214949882112267,0.144424803121843,0.140279459933373
452,0.445487145704544,0.241532534498303,0.217294683481912,0.221274744825972,0.160502026996677,0.177624558944457
474,0.468793774829766,0.238904240888872,0.220471637257467,0.194059239855938,0.156796455796649,0.16634019279706
176,0.414271770359505,0.204454144375473,0.193398287644562,0.196743303664015,0.182778757451073,0.166814026627726
487,0.453909567952752,0.280468392646033,0.236301613614802,0.255943411389996,0.148801114525785,0.148471133452426
373,0.429473753439024,0.26336509235663,0.236301613614802,0.229493730258852,0.173835068385563,0.150492979148870
338,0.420938564569721,0.225342219919308,0.242414171861771,0.181605650010004,0.182190212262849,0.172268685450245
428,0.423788147113161,0.183967824035887,0.208116557082828,0.202303599215116,0.181025063276694,0.140279459933373
617,0.490005705397473,0.269010148553487,0.209608564537159,0.252283020211930,0.162677834203278,0.152618104976752
653,0.445487145704544,0.226165913043895,0.212638240623736,0.205178843545358,0.153720720340875,0.150839880430613
426,0.431364974573073,0.214949882112267,0.211875157547888,0.152982630801945,0.174898448025698,0.158822198286243
549,0.448298759169222,0.249561781327291,0.255024990396885,0.197424363331222,0.178181472416481,0.172268685450245
449,0.475271623239318,0.255943411389996,0.218083551882790,0.158002143279100,0.207376318697083,0.152982630801945
205,0.414271770359505,0.195393227873188,0.140279459933373,0.388321919900050,0.507381840049532,0.308771540986705
379,0.446424815327873,0.234581247743386,0.229493730258852,0.23033379664679,0.196743303664015,0.158410531669826
356,0.384446102799712,0.188884569174318,0.238904240888872,0.160930368981928,0.140279459933373,0.156008702799071
433,0.422838791105066,0.190154027575454,0.224521889216861,0.187010622123131,0.146548361254107,0.147178535004063
421,0.442671323317129,0.196066256873814,0.233725581744281,0.192088479379025,0.174898448025698,0.158002143279100
445,0.433254223593108,0.271855157449252,0.243298519444439,0.245075200706715,0.238033800236652,0.155233599845476
379,0.44923503724365,0.212638240623736,0.187010622123131,0.235439936165745,0.164940248736627,0.169733635746363
462,0.443610401564419,0.222891426963376,0.189517281185082,0.236301613614802,0.161797245314680,0.156400988328558
388,0.40662186593712,0.200188610986799,0.240653643199231,0.176522456496951,0.140539522938054,0.140279459933373
489,0.462295554374572,0.218876016213984,0.225342219919308,0.226165913043895,0.173309128978783,0.170736402643872
509,0.438910260048710,0.203016510694019,0.181025063276694,0.207376318697083,0.158002143279100,0.174364837136968
391,0.410450927071570,0.176522456496951,0.208860644258667,0.169237834303805,0.184568357977156,0.145622826217966
393,0.417132025922147,0.174898448025698,0.165869963138432,0.173835068385563,0.170233153496669,0.148471133452426
368,0.385415796280043,0.190154027575454,0.210360301592275,0.188255890082703,0.169733635746363,0.16634019279706
419,0.442671323317129,0.234581247743386,0.222891426963376,0.23977753355553,0.208116557082828,0.202303599215116
475,0.397013246974146,0.205907447843523,0.234581247743386,0.200889639762023,0.157597013980819,0.150148946700048
358,0.418084423539314,0.208860644258667,0.187010622123131,0.218083551882790,0.186394027664835,0.172787005806565
460,0.438910260048710,0.226165913043895,0.211875157547888,0.203733362812729,0.140279459933373,0.156400988328558
184,0.293075998312143,0.140279459933373,0.160077057692081,0.222081350052879,0.164024746412181,0.151897993103576
487,0.444549008408857,0.233725581744281,0.240653643199231,0.160077057692081,0.192741366843982,0.154094323280450
543,0.416179118323367,0.229493730258852,0.255024990396885,0.185781454960399,0.157597013980819,0.172268685450245
318,0.411406907527978,0.206639944148685,0.238033800236652,0.165403320798019,0.187631241909896,0.143266847840142
429,0.435141512434088,0.190154027575454,0.187631241909896,0.169733635746363,0.188255890082703,0.140279459933373
468,0.456708871220304,0.253194757033311,0.231177046607856,0.194724220966719,0.164480729737195,0.140279459933373
430,0.39893907178823,0.212638240623736,0.198798498578782,0.236301613614802,0.145928733232941,0.158002143279100
284,0.440791745314472,0.187631241909896,0.205907447843523,0.304834801321944,0.368866547920421,0.164940248736627
330,0.423788147113161,0.175435913518267,0.183371292540019,0.198798498578782,0.140279459933373,0.144720505822661
371,0.40566331506169,0.167291481291287,0.172787005806565,0.204454144375473,0.16357228121085,0.144424803121843
335,0.408537424783786,0.192741366843982,0.208116557082828,0.171754154191287,0.173835068385563,0.145319498566922
513,0.457641082102348,0.198798498578782,0.211115838461421,0.220471637257467,0.16357228121085,0.140279459933373
172,0.314687276192053,0.140279459933373,0.183371292540019,0.199491561253654,0.140279459933373,0.140279459933373
399,0.431364974573073,0.220471637257467,0.190794809258731,0.221274744825972,0.140279459933373,0.169733635746363
447,0.445487145704544,0.204454144375473,0.190794809258731,0.178742307944130,0.179875784505171,0.160502026996677
444,0.44923503724365,0.211115838461421,0.180448444205294,0.205907447843523,0.150839880430613,0.155233599845476
509,0.442671323317129,0.243298519444439,0.267121556704060,0.170233153496669,0.175977245746161,0.142147774681471
419,0.447362019176649,0.215727826366646,0.228656878414890,0.190794809258731,0.146862120354825,0.140279459933373
321,0.422838791105066,0.180448444205294,0.169733635746363,0.179875784505171,0.162677834203278,0.154094323280450
464,0.461365530470573,0.209608564537159,0.205178843545358,0.204454144375473,0.171243398019944,0.160930368981928
359,0.431364974573073,0.234581247743386,0.217294683481912,0.180448444205294,0.140279459933373,0.143552645462116
375,0.409494432911366,0.187010622123131,0.218876016213984,0.160077057692081,0.171754154191287,0.146862120354825
398,0.422838791105066,0.211115838461421,0.205178843545358,0.187010622123131,0.158410531669826,0.140279459933373
332,0.382505251364152,0.156796455796649,0.183967824035887,0.172268685450245,0.155233599845476,0.140279459933373
501,0.41331732873535,0.208116557082828,0.190154027575454,0.221274744825972,0.149807763529887,0.153350162717428
313,0.431364974573073,0.211115838461421,0.215727826366646,0.179875784505171,0.161797245314680,0.140279459933373
386,0.400862850180983,0.203016510694019,0.192741366843982,0.190154027575454,0.157597013980819,0.177624558944457
399,0.442671323317129,0.213405068833102,0.154470991130581,0.242414171861771,0.142423961905656,0.152256565618780
505,0.440791745314472,0.228656878414890,0.229493730258852,0.203733362812729,0.188255890082703,0.145018731380577
483,0.425685350085428,0.218083551882790,0.235439936165745,0.177624558944457,0.165869963138432,0.146862120354825
469,0.42188893060604,0.228656878414890,0.200889639762023,0.194059239855938,0.152618104976752,0.153350162717428
413,0.43702685358426,0.197424363331222,0.195393227873188,0.166814026627726,0.155233599845476,0.140279459933373
377,0.419036311953547,0.206639944148685,0.206639944148685,0.194724220966719,0.169237834303805,0.140279459933373
522,0.438910260048710,0.218876016213984,0.226165913043895,0.203016510694019,0.164024746412181,0.174364837136968
424,0.428527399760189,0.233725581744281,0.238904240888872,0.16357228121085,0.157597013980819,0.168745733831007
548,0.451106215483896,0.241532534498303,0.223704949036996,0.198798498578782,0.140279459933373,0.140279459933373
232,0.415225700022613,0.200188610986799,0.142702524367706,0.198798498578782,0.140279459933373,0.149469410107982
375,0.39604956908159,0.259638241659144,0.284329312589461,0.250466494772263,0.32159942528535,0.170233153496669
438,0.429473753439024,0.200188610986799,0.207376318697083,0.14298348025674,0.174898448025698,0.140279459933373
504,0.495506422283226,0.290152214217331,0.245967461561916,0.249561781327291,0.164940248736627,0.144131604573628
426,0.40566331506169,0.191439626593958,0.234581247743386,0.156400988328558,0.194059239855938,0.16357228121085
437,0.424736999725661,0.217294683481912,0.23033379664679,0.215727826366646,0.156400988328558,0.140279459933373
390,0.400862850180983,0.209608564537159,0.250466494772263,0.173309128978783,0.152256565618780,0.158002143279100
309,0.450170855356869,0.226992939983781,0.193398287644562,0.208116557082828,0.151897993103576,0.154850743467635
413,0.393155485097713,0.194724220966719,0.193398287644562,0.207376318697083,0.164024746412181,0.140279459933373
476,0.441731771836077,0.213405068833102,0.238904240888872,0.210360301592275,0.140279459933373,0.149133866930996
255,0.466939252082330,0.185172899926102,0.243298519444439,0.147497624383717,0.158410531669826,0.140279459933373
418,0.466939252082330,0.207376318697083,0.245967461561916,0.157597013980819,0.148471133452426,0.140279459933373
364,0.37179664134119,0.186394027664835,0.190154027575454,0.200889639762023,0.158410531669826,0.155233599845476
971,0.497337158291481,0.227823271636467,0.219672052767678,0.183371292540019,0.186394027664835,0.140279459933373
435,0.397013246974146,0.212638240623736,0.222891426963376,0.211115838461421,0.140279459933373,0.149469410107982
301,0.391223565654671,0.192741366843982,0.194724220966719,0.214949882112267,0.248659484023583,0.176522456496951
476,0.428527399760189,0.210360301592275,0.190154027575454,0.200889639762023,0.147178535004063,0.149469410107982
818,0.451106215483896,0.310742219942023,0.240653643199231,0.224521889216861,0.194724220966719,0.140279459933373
444,0.418084423539314,0.23033379664679,0.240653643199231,0.176522456496951,0.208860644258667,0.155233599845476
329,0.437968797820157,0.187010622123131,0.199491561253654,0.175435913518267,0.140279459933373,0.150148946700048
411,0.441731771836077,0.238033800236652,0.234581247743386,0.216509434133377,0.144131604573628,0.167291481291287
434,0.422838791105066,0.203016510694019,0.212638240623736,0.214175622695954,0.144720505822661,0.167291481291287
454,0.417132025922147,0.232872971194181,0.234581247743386,0.174364837136968,0.154094323280450,0.145018731380577
442,0.448298759169222,0.248659484023583,0.243298519444439,0.214175622695954,0.147497624383717,0.153350162717428
334,0.366910990862085,0.205907447843523,0.183371292540019,0.275669606701894,0.325551793923222,0.151189670120080
569,0.476195411202944,0.223704949036996,0.220471637257467,0.208116557082828,0.140279459933373,0.153720720340875
390,0.376671178467619,0.191439626593958,0.183371292540019,0.221274744825972,0.140279459933373,0.144720505822661
265,0.340368763820501,0.179875784505171,0.192741366843982,0.325551793923222,0.433254223593108,0.222081350052879
498,0.5390946884908,0.261497815323131,0.274713840722163,0.178181472416481,0.208116557082828,0.145928733232941
607,0.49459052794554,0.225342219919308,0.200188610986799,0.177624558944457,0.140279459933373,0.140279459933373
361,0.453909567952752,0.221274744825972,0.211875157547888,0.196743303664015,0.172268685450245,0.179307075461499
456,0.441731771836077,0.209608564537159,0.167291481291287,0.174364837136968,0.151897993103576,0.140279459933373
374,0.438910260048710,0.204454144375473,0.248659484023583,0.206639944148685,0.142702524367706,0.151897993103576
435,0.428527399760189,0.187631241909896,0.222891426963376,0.198109430350217,0.141333283747465,0.164480729737195
432,0.399901217123282,0.192741366843982,0.222891426963376,0.194724220966719,0.153720720340875,0.169733635746363
410,0.412362374614871,0.203733362812729,0.196743303664015,0.182778757451073,0.147497624383717,0.140279459933373
362,0.39604956908159,0.182778757451073,0.191439626593958,0.182778757451073,0.141873944585676,0.140279459933373
152,0.357108931824631,0.140279459933373,0.208116557082828,0.173835068385563,0.171754154191287,0.145319498566922
407,0.44923503724365,0.23977753355553,0.229493730258852,0.208860644258667,0.170736402643872,0.145018731380577
269,0.431364974573073,0.158410531669826,0.181025063276694,0.194059239855938,0.140279459933373,0.140279459933373
474,0.430419611243593,0.223704949036996,0.212638240623736,0.187010622123131,0.165869963138432,0.140279459933373
444,0.438910260048710,0.246862287018223,0.206639944148685,0.219672052767678,0.140279459933373,0.173309128978783
750,0.533682626160806,0.289179343702615,0.265239772398733,0.194059239855938,0.198798498578782,0.141602453589765
377,0.35612665264182,0.222891426963376,0.210360301592275,0.211875157547888,0.140279459933373,0.187631241909896
368,0.445487145704544,0.194059239855938,0.247759640188542,0.157195124574254,0.161797245314680,0.140279459933373
319,0.40662186593712,0.217294683481912,0.235439936165745,0.158002143279100,0.156796455796649,0.140279459933373
347,0.397976414823837,0.195393227873188,0.200889639762023,0.205178843545358,0.149807763529887,0.173309128978783
364,0.40662186593712,0.183371292540019,0.208116557082828,0.162677834203278,0.164940248736627,0.140279459933373
440,0.426633199381427,0.209608564537159,0.195393227873188,0.140279459933373,0.174898448025698,0.140279459933373
373,0.40182397040703,0.26336509235663,0.26806502014066,0.206639944148685,0.323575487390111,0.191439626593958
465,0.408537424783786,0.199491561253654,0.185172899926102,0.222891426963376,0.140279459933373,0.143552645462116
332,0.404704249910189,0.184568357977156,0.214949882112267,0.16357228121085,0.174898448025698,0.140279459933373
407,0.444549008408857,0.218876016213984,0.219672052767678,0.209608564537159,0.142147774681471,0.152256565618780
440,0.430419611243593,0.209608564537159,0.217294683481912,0.208116557082828,0.160077057692081,0.158822198286243
364,0.45297556976512,0.212638240623736,0.221274744825972,0.156796455796649,0.159655442358187,0.140279459933373
386,0.441731771836077,0.217294683481912,0.221274744825972,0.217294683481912,0.164024746412181,0.170233153496669
561,0.422838791105066,0.208860644258667,0.221274744825972,0.158002143279100,0.149133866930996,0.140279459933373
500,0.437968797820157,0.218876016213984,0.242414171861771,0.140279459933373,0.178181472416481,0.158822198286243
385,0.427580548847338,0.207376318697083,0.211115838461421,0.173835068385563,0.140279459933373,0.147497624383717
330,0.445487145704544,0.248659484023583,0.198798498578782,0.218876016213984,0.200188610986799,0.154850743467635
482,0.462295554374572,0.259638241659144,0.250466494772263,0.190794809258731,0.211115838461421,0.167772573247934
279,0.427580548847338,0.153350162717428,0.192088479379025,0.180448444205294,0.180448444205294,0.155619579790919
407,0.419987692000204,0.200889639762023,0.221274744825972,0.184568357977156,0.162677834203278,0.144131604573628
304,0.463225147278761,0.222891426963376,0.214175622695954,0.176522456496951,0.196743303664015,0.154470991130581
769,0.509203854805391,0.26336509235663,0.242414171861771,0.216509434133377,0.157597013980819,0.140279459933373
541,0.439851241970584,0.238904240888872,0.233725581744281,0.208116557082828,0.196743303664015,0.145018731380577
359,0.366910990862085,0.172268685450245,0.179875784505171,0.185172899926102,0.144720505822661,0.149807763529887
378,0.390256851013871,0.190794809258731,0.208116557082828,0.209608564537159,0.158822198286243,0.159237162188545
480,0.444549008408857,0.222081350052879,0.201594638931909,0.174364837136968,0.172268685450245,0.159237162188545
310,0.438910260048710,0.182778757451073,0.196066256873814,0.185172899926102,0.173835068385563,0.140279459933373
300,0.436084425669404,0.192741366843982,0.199491561253654,0.191439626593958,0.164024746412181,0.143552645462116
434,0.417132025922147,0.207376318697083,0.195393227873188,0.222891426963376,0.140279459933373,0.140279459933373
403,0.471572446139952,0.252283020211930,0.208116557082828,0.217294683481912,0.166814026627726,0.164024746412181
395,0.42188893060604,0.227823271636467,0.212638240623736,0.158002143279100,0.160077057692081,0.181025063276694
476,0.452041119617036,0.188884569174318,0.211115838461421,0.179307075461499,0.171243398019944,0.140279459933373
378,0.465083048709257,0.207376318697083,0.208860644258667,0.196066256873814,0.159237162188545,0.154470991130581
328,0.447362019176649,0.186394027664835,0.23033379664679,0.167291481291287,0.140279459933373,0.140279459933373
460,0.441731771836077,0.210360301592275,0.201594638931909,0.196743303664015,0.170736402643872,0.149133866930996
392,0.424736999725661,0.189517281185082,0.225342219919308,0.140279459933373,0.148801114525785,0.151542367809210
543,0.431364974573073,0.269956905233921,0.247759640188542,0.189517281185082,0.235439936165745,0.23033379664679
525,0.433254223593108,0.228656878414890,0.250466494772263,0.185172899926102,0.157195124574254,0.177071557205383
389,0.414271770359505,0.217294683481912,0.179307075461499,0.200188610986799,0.165869963138432,0.152256565618780
542,0.438910260048710,0.225342219919308,0.207376318697083,0.175435913518267,0.153350162717428,0.140279459933373
562,0.415225700022613,0.229493730258852,0.205907447843523,0.280468392646033,0.390256851013871,0.195393227873188
437,0.403744670601839,0.211875157547888,0.171243398019944,0.225342219919308,0.148143904307162,0.164940248736627
402,0.40182397040703,0.194059239855938,0.223704949036996,0.185172899926102,0.143266847840142,0.140279459933373
310,0.41331732873535,0.206639944148685,0.223704949036996,0.165403320798019,0.149807763529887,0.167772573247934
376,0.409494432911366,0.212638240623736,0.175977245746161,0.229493730258852,0.147819407725247,0.165403320798019
476,0.373747820375976,0.189517281185082,0.193398287644562,0.190154027575454,0.161797245314680,0.140279459933373
765,0.492757675678563,0.26806502014066,0.275669606701894,0.172787005806565,0.165869963138432,0.144131604573628
310,0.40182397040703,0.187010622123131,0.208116557082828,0.167291481291287,0.178742307944130,0.168745733831007
437,0.435141512434088,0.217294683481912,0.227823271636467,0.198798498578782,0.155619579790919,0.151189670120080
481,0.451106215483896,0.194059239855938,0.238033800236652,0.160077057692081,0.145622826217966,0.140279459933373
441,0.458572851358513,0.232023448734304,0.214175622695954,0.195393227873188,0.172268685450245,0.169733635746363
308,0.411406907527978,0.218876016213984,0.185781454960399,0.237166246337142,0.176522456496951,0.16634019279706
434,0.463225147278761,0.217294683481912,0.218083551882790,0.164024746412181,0.140279459933373,0.158822198286243
480,0.435141512434088,0.269956905233921,0.235439936165745,0.198798498578782,0.23033379664679,0.219672052767678
578,0.517387345588464,0.300905518027404,0.314687276192053,0.210360301592275,0.264301525715948,0.165869963138432
395,0.433254223593108,0.208860644258667,0.256863984839407,0.140279459933373,0.177071557205383,0.140279459933373
469,0.442671323317129,0.266179795115631,0.282396577544332,0.218876016213984,0.178742307944130,0.208116557082828
370,0.397976414823837,0.183967824035887,0.211115838461421,0.180448444205294,0.174364837136968,0.140279459933373
520,0.420938564569721,0.219672052767678,0.205907447843523,0.183967824035887,0.152256565618780,0.140279459933373
334,0.40182397040703,0.183967824035887,0.214175622695954,0.147497624383717,0.140279459933373,0.145018731380577
434,0.453909567952752,0.211875157547888,0.216509434133377,0.210360301592275,0.174364837136968,0.140279459933373
525,0.400862850180983,0.205178843545358,0.232872971194181,0.140279459933373,0.191439626593958,0.147178535004063
522,0.458572851358513,0.254108759679802,0.196743303664015,0.233725581744281,0.179875784505171,0.140279459933373
378,0.39893907178823,0.217294683481912,0.179875784505171,0.220471637257467,0.140279459933373,0.143552645462116
346,0.393155485097713,0.190154027575454,0.206639944148685,0.169237834303805,0.178742307944130,0.158410531669826
369,0.369843682925459,0.198109430350217,0.221274744825972,0.200889639762023,0.168257318749387,0.179875784505171
305,0.381534098529382,0.194724220966719,0.204454144375473,0.160930368981928,0.153350162717428,0.140279459933373
406,0.418084423539314,0.209608564537159,0.203733362812729,0.179875784505171,0.158822198286243,0.140279459933373
476,0.428527399760189,0.192088479379025,0.232872971194181,0.192741366843982,0.198798498578782,0.158822198286243
537,0.437968797820157,0.245967461561916,0.226992939983781,0.195393227873188,0.164480729737195,0.149469410107982
357,0.422838791105066,0.223704949036996,0.216509434133377,0.185172899926102,0.200188610986799,0.140279459933373
421,0.425685350085428,0.209608564537159,0.190154027575454,0.195393227873188,0.152256565618780,0.16634019279706
524,0.440791745314472,0.203016510694019,0.225342219919308,0.190154027575454,0.165403320798019,0.170233153496669
386,0.424736999725661,0.208116557082828,0.215727826366646,0.187010622123131,0.158822198286243,0.140279459933373
387,0.431364974573073,0.208116557082828,0.216509434133377,0.172787005806565,0.150839880430613,0.140279459933373
319,0.407579902497849,0.226992939983781,0.205907447843523,0.174898448025698,0.183371292540019,0.140279459933373
308,0.359072414588444,0.156400988328558,0.185172899926102,0.150839880430613,0.160930368981928,0.157597013980819
420,0.423788147113161,0.211875157547888,0.212638240623736,0.184568357977156,0.167772573247934,0.140279459933373
402,0.453909567952752,0.245075200706715,0.235439936165745,0.203733362812729,0.187010622123131,0.188884569174318
432,0.378617765257579,0.185172899926102,0.192088479379025,0.211875157547888,0.142702524367706,0.140279459933373
317,0.32159942528535,0.171754154191287,0.163123316426449,0.175977245746161,0.147497624383717,0.140279459933373
403,0.420938564569721,0.183371292540019,0.222081350052879,0.179875784505171,0.150839880430613,0.140279459933373
364,0.433254223593108,0.191439626593958,0.222891426963376,0.226165913043895,0.207376318697083,0.16357228121085
340,0.419036311953547,0.188884569174318,0.214949882112267,0.178181472416481,0.180448444205294,0.141602453589765
367,0.43702685358426,0.198109430350217,0.216509434133377,0.226992939983781,0.140279459933373,0.159237162188545
565,0.434198112267997,0.23033379664679,0.208860644258667,0.179307075461499,0.157597013980819,0.146548361254107
547,0.483571570595327,0.284329312589461,0.259638241659144,0.205907447843523,0.143552645462116,0.149469410107982
245,0.357108931824631,0.181605650010004,0.151542367809210,0.435141512434088,0.5417972538608,0.300905518027404
475,0.409494432911366,0.218876016213984,0.207376318697083,0.174898448025698,0.168745733831007,0.140279459933373
413,0.386384998416716,0.180448444205294,0.208116557082828,0.140279459933373,0.164940248736627,0.153350162717428
484,0.453909567952752,0.226165913043895,0.254108759679802,0.169733635746363,0.173835068385563,0.156400988328558
463,0.451106215483896,0.23977753355553,0.234581247743386,0.150839880430613,0.160502026996677,0.161362102255135
561,0.440791745314472,0.255024990396885,0.242414171861771,0.190154027575454,0.169237834303805,0.160077057692081
428,0.444549008408857,0.195393227873188,0.212638240623736,0.233725581744281,0.140279459933373,0.167772573247934
424,0.387353706987488,0.209608564537159,0.205178843545358,0.211115838461421,0.163123316426449,0.140279459933373
430,0.410450927071570,0.204454144375473,0.185172899926102,0.164940248736627,0.177624558944457,0.149807763529887
554,0.427580548847338,0.249561781327291,0.219672052767678,0.299924552865763,0.328516409471957,0.149133866930996
357,0.382505251364152,0.226165913043895,0.200889639762023,0.242414171861771,0.140279459933373,0.160077057692081
301,0.428527399760189,0.214175622695954,0.226165913043895,0.167772573247934,0.222891426963376,0.143552645462116
412,0.423788147113161,0.222891426963376,0.210360301592275,0.182778757451073,0.140801836156987,0.140279459933373
412,0.393155485097713,0.181605650010004,0.191439626593958,0.184568357977156,0.156400988328558,0.145018731380577
398,0.378617765257579,0.207376318697083,0.210360301592275,0.187010622123131,0.152256565618780,0.144131604573628
508,0.486331294331022,0.249561781327291,0.229493730258852,0.221274744825972,0.147497624383717,0.140279459933373
340,0.433254223593108,0.185172899926102,0.168257318749387,0.179307075461499,0.187631241909896,0.140279459933373
410,0.426633199381427,0.192088479379025,0.226992939983781,0.151542367809210,0.172268685450245,0.140279459933373
373,0.427580548847338,0.168257318749387,0.207376318697083,0.185781454960399,0.151542367809210,0.162235816543637
369,0.417132025922147,0.218083551882790,0.199491561253654,0.191439626593958,0.152618104976752,0.140279459933373
400,0.412362374614871,0.182190212262849,0.198109430350217,0.182190212262849,0.149807763529887,0.156400988328558
359,0.435141512434088,0.205178843545358,0.219672052767678,0.197424363331222,0.148471133452426,0.140279459933373
717,0.463225147278761,0.237166246337142,0.257786672914962,0.151542367809210,0.140279459933373,0.140279459933373
462,0.387353706987488,0.172268685450245,0.193398287644562,0.240653643199231,0.148143904307162,0.168745733831007
560,0.484491855840873,0.251373586915138,0.243298519444439,0.205907447843523,0.177624558944457,0.150148946700048
458,0.464154311336516,0.222081350052879,0.234581247743386,0.177071557205383,0.156796455796649,0.143266847840142
330,0.353177756395209,0.149133866930996,0.140279459933373,0.198109430350217,0.164480729737195,0.140279459933373
169,0.282396577544332,0.140801836156987,0.190794809258731,0.193398287644562,0.140279459933373,0.153350162717428
386,0.39893907178823,0.259638241659144,0.245075200706715,0.203016510694019,0.148471133452426,0.140279459933373
322,0.461365530470573,0.194059239855938,0.229493730258852,0.141066417195949,0.177071557205383,0.145928733232941
442,0.368866547920421,0.198109430350217,0.205178843545358,0.264301525715948,0.338394673319409,0.143266847840142
472,0.445487145704544,0.216509434133377,0.212638240623736,0.181025063276694,0.164024746412181,0.140279459933373
459,0.433254223593108,0.201594638931909,0.221274744825972,0.179307075461499,0.159655442358187,0.169733635746363
419,0.402784577338547,0.198798498578782,0.183967824035887,0.187631241909896,0.156008702799071,0.167291481291287
481,0.404704249910189,0.192088479379025,0.194724220966719,0.192088479379025,0.150492979148870,0.159237162188545
466,0.462295554374572,0.220471637257467,0.221274744825972,0.209608564537159,0.175977245746161,0.150148946700048
398,0.422838791105066,0.203733362812729,0.205178843545358,0.226992939983781,0.158002143279100,0.140279459933373
247,0.288207386188063,0.140279459933373,0.188884569174318,0.209608564537159,0.313700605163659,0.140279459933373
383,0.374722731821464,0.172787005806565,0.173835068385563,0.198798498578782,0.149807763529887,0.140279459933373
409,0.382505251364152,0.211115838461421,0.237166246337142,0.147178535004063,0.174364837136968,0.140279459933373
399,0.387353706987488,0.168745733831007,0.204454144375473,0.185781454960399,0.185781454960399,0.169733635746363
562,0.464154311336516,0.237166246337142,0.211875157547888,0.197424363331222,0.157597013980819,0.140279459933373
393,0.434198112267997,0.204454144375473,0.203733362812729,0.190154027575454,0.140279459933373,0.140279459933373
560,0.491840713366392,0.307786743279463,0.301887051542692,0.292100571713878,0.252283020211930,0.157597013980819
528,0.465083048709257,0.231177046607856,0.224521889216861,0.229493730258852,0.156400988328558,0.167772573247934
480,0.45297556976512,0.247759640188542,0.201594638931909,0.194724220966719,0.154094323280450,0.145622826217966
354,0.397013246974146,0.184568357977156,0.228656878414890,0.165869963138432,0.173835068385563,0.164480729737195
293,0.354161056920203,0.161797245314680,0.204454144375473,0.194724220966719,0.146862120354825,0.150839880430613
373,0.42188893060604,0.237166246337142,0.214949882112267,0.267121556704060,0.326539995183568,0.156400988328558
413,0.44923503724365,0.229493730258852,0.23977753355553,0.160077057692081,0.183967824035887,0.144720505822661
339,0.42188893060604,0.226992939983781,0.225342219919308,0.211115838461421,0.161797245314680,0.158002143279100
520,0.425685350085428,0.211115838461421,0.211875157547888,0.148471133452426,0.161797245314680,0.157597013980819
233,0.420938564569721,0.207376318697083,0.237166246337142,0.140279459933373,0.165403320798019,0.154850743467635
349,0.439851241970584,0.186394027664835,0.220471637257467,0.187631241909896,0.140279459933373,0.169733635746363
313,0.400862850180983,0.179875784505171,0.189517281185082,0.196743303664015,0.159655442358187,0.140279459933373
929,0.504646384858735,0.266179795115631,0.245075200706715,0.248659484023583,0.159237162188545,0.144720505822661
498,0.447362019176649,0.205178843545358,0.232872971194181,0.154850743467635,0.155619579790919,0.140279459933373
429,0.434198112267997,0.219672052767678,0.23977753355553,0.157597013980819,0.159237162188545,0.158002143279100
447,0.448298759169222,0.214949882112267,0.213405068833102,0.184568357977156,0.150148946700048,0.158002143279100
433,0.441731771836077,0.256863984839407,0.227823271636467,0.214949882112267,0.187010622123131,0.174364837136968
452,0.417132025922147,0.214949882112267,0.234581247743386,0.140279459933373,0.190794809258731,0.140279459933373
467,0.446424815327873,0.189517281185082,0.198109430350217,0.179875784505171,0.143552645462116,0.157195124574254
409,0.382505251364152,0.174364837136968,0.167772573247934,0.178742307944130,0.167772573247934,0.142147774681471
432,0.390256851013871,0.195393227873188,0.200188610986799,0.164480729737195,0.178181472416481,0.140279459933373
280,0.409494432911366,0.180448444205294,0.192741366843982,0.175977245746161,0.140279459933373,0.143266847840142
262,0.382505251364152,0.215727826366646,0.182778757451073,0.155619579790919,0.143266847840142,0.140279459933373
411,0.431364974573073,0.205907447843523,0.199491561253654,0.212638240623736,0.140279459933373,0.141333283747465
379,0.40662186593712,0.192741366843982,0.237166246337142,0.183371292540019,0.140279459933373,0.149469410107982
361,0.384446102799712,0.196743303664015,0.199491561253654,0.209608564537159,0.160077057692081,0.142423961905656
414,0.416179118323367,0.173835068385563,0.202303599215116,0.184568357977156,0.166814026627726,0.140279459933373
342,0.397976414823837,0.192741366843982,0.237166246337142,0.158822198286243,0.140279459933373,0.140279459933373
476,0.419987692000204,0.214949882112267,0.209608564537159,0.183371292540019,0.175977245746161,0.140279459933373
381,0.436084425669404,0.238033800236652,0.248659484023583,0.210360301592275,0.203733362812729,0.181025063276694
416,0.441731771836077,0.235439936165745,0.217294683481912,0.165403320798019,0.16634019279706,0.161797245314680
390,0.39893907178823,0.190794809258731,0.238904240888872,0.169733635746363,0.141873944585676,0.165403320798019
482,0.41331732873535,0.217294683481912,0.227823271636467,0.182778757451073,0.140279459933373,0.140279459933373
500,0.430419611243593,0.26806502014066,0.218083551882790,0.221274744825972,0.172787005806565,0.202303599215116
344,0.441731771836077,0.225342219919308,0.194059239855938,0.235439936165745,0.158002143279100,0.158410531669826
459,0.426633199381427,0.218083551882790,0.180448444205294,0.172268685450245,0.140279459933373,0.140279459933373
575,0.469720411442728,0.214949882112267,0.237166246337142,0.175977245746161,0.140279459933373,0.140279459933373
425,0.44923503724365,0.210360301592275,0.203733362812729,0.222081350052879,0.158002143279100,0.155619579790919
456,0.42188893060604,0.226992939983781,0.226992939983781,0.193398287644562,0.141333283747465,0.16357228121085
427,0.433254223593108,0.204454144375473,0.217294683481912,0.221274744825972,0.140279459933373,0.148471133452426
441,0.416179118323367,0.200889639762023,0.192088479379025,0.231177046607856,0.149469410107982,0.140279459933373
357,0.418084423539314,0.200889639762023,0.187631241909896,0.23033379664679,0.174364837136968,0.173835068385563
767,0.533682626160806,0.326539995183568,0.307786743279463,0.242414171861771,0.172787005806565,0.168257318749387
537,0.423788147113161,0.246862287018223,0.209608564537159,0.222891426963376,0.178742307944130,0.160502026996677
455,0.465083048709257,0.256863984839407,0.245967461561916,0.169733635746363,0.193398287644562,0.176522456496951
379,0.409494432911366,0.168745733831007,0.207376318697083,0.183371292540019,0.140279459933373,0.153720720340875
387,0.436084425669404,0.249561781327291,0.255024990396885,0.218876016213984,0.181025063276694,0.173835068385563
485,0.432309844864813,0.212638240623736,0.204454144375473,0.203733362812729,0.159237162188545,0.154470991130581
448,0.385415796280043,0.208860644258667,0.251373586915138,0.160930368981928,0.164940248736627,0.145928733232941
566,0.412362374614871,0.183371292540019,0.206639944148685,0.160930368981928,0.140279459933373,0.140279459933373
505,0.423788147113161,0.198109430350217,0.205907447843523,0.207376318697083,0.199491561253654,0.153350162717428
372,0.408537424783786,0.208860644258667,0.201594638931909,0.206639944148685,0.140279459933373,0.140279459933373
427,0.463225147278761,0.204454144375473,0.234581247743386,0.178742307944130,0.184568357977156,0.140279459933373
432,0.424736999725661,0.196066256873814,0.202303599215116,0.176522456496951,0.163123316426449,0.143840891542185
468,0.422838791105066,0.185172899926102,0.194724220966719,0.208116557082828,0.160502026996677,0.151897993103576
397,0.419036311953547,0.211115838461421,0.221274744825972,0.140279459933373,0.203733362812729,0.156400988328558
380,0.397013246974146,0.212638240623736,0.224521889216861,0.235439936165745,0.171243398019944,0.181025063276694
378,0.382505251364152,0.177071557205383,0.212638240623736,0.156400988328558,0.140279459933373,0.140279459933373
309,0.426633199381427,0.216509434133377,0.223704949036996,0.168745733831007,0.160077057692081,0.140279459933373
418,0.370820382306947,0.207376318697083,0.210360301592275,0.162677834203278,0.165403320798019,0.161362102255135
435,0.423788147113161,0.198798498578782,0.201594638931909,0.189517281185082,0.14298348025674,0.140279459933373
520,0.451106215483896,0.251373586915138,0.215727826366646,0.16634019279706,0.162235816543637,0.169733635746363
412,0.458572851358513,0.218876016213984,0.233725581744281,0.192741366843982,0.181025063276694,0.164480729737195
485,0.430419611243593,0.227823271636467,0.211115838461421,0.196743303664015,0.145319498566922,0.161362102255135
401,0.426633199381427,0.196066256873814,0.186394027664835,0.251373586915138,0.154470991130581,0.140279459933373
542,0.452041119617036,0.190794809258731,0.221274744825972,0.170736402643872,0.156796455796649,0.141066417195949
456,0.39218977751084,0.206639944148685,0.205178843545358,0.293075998312143,0.378617765257579,0.177624558944457
435,0.435141512434088,0.240653643199231,0.219672052767678,0.176522456496951,0.166814026627726,0.148471133452426
319,0.403744670601839,0.181025063276694,0.212638240623736,0.141602453589765,0.197424363331222,0.140279459933373
474,0.43702685358426,0.235439936165745,0.238904240888872,0.222081350052879,0.156008702799071,0.158410531669826
352,0.391223565654671,0.168745733831007,0.190794809258731,0.168745733831007,0.150839880430613,0.143266847840142
391,0.393155485097713,0.159237162188545,0.252283020211930,0.140279459933373,0.187010622123131,0.140279459933373
524,0.448298759169222,0.220471637257467,0.233725581744281,0.167291481291287,0.162677834203278,0.140279459933373
463,0.426633199381427,0.186394027664835,0.194724220966719,0.218876016213984,0.140279459933373,0.140279459933373
288,0.409494432911366,0.199491561253654,0.189517281185082,0.16634019279706,0.156400988328558,0.161797245314680
229,0.451106215483896,0.151897993103576,0.198109430350217,0.181605650010004,0.178742307944130,0.140279459933373
367,0.431364974573073,0.205178843545358,0.224521889216861,0.168745733831007,0.191439626593958,0.151897993103576
387,0.40182397040703,0.201594638931909,0.218083551882790,0.165869963138432,0.168257318749387,0.156008702799071
400,0.444549008408857,0.240653643199231,0.214949882112267,0.188255890082703,0.168257318749387,0.174898448025698
410,0.444549008408857,0.241532534498303,0.226992939983781,0.195393227873188,0.208860644258667,0.194724220966719
351,0.375697185802696,0.245967461561916,0.204454144375473,0.290152214217331,0.362994878061971,0.177624558944457
485,0.437968797820157,0.214175622695954,0.205178843545358,0.187010622123131,0.181025063276694,0.140279459933373
336,0.369843682925459,0.194059239855938,0.224521889216861,0.162677834203278,0.168257318749387,0.152256565618780
387,0.462295554374572,0.214175622695954,0.224521889216861,0.199491561253654,0.156400988328558,0.141066417195949
284,0.346286080835727,0.146548361254107,0.215727826366646,0.182778757451073,0.140279459933373,0.140279459933373
318,0.439851241970584,0.163123316426449,0.197424363331222,0.160930368981928,0.165869963138432,0.140279459933373
345,0.420938564569721,0.278545025785751,0.236301613614802,0.201594638931909,0.205907447843523,0.162235816543637
403,0.414271770359505,0.195393227873188,0.211115838461421,0.208116557082828,0.171243398019944,0.140279459933373
359,0.391223565654671,0.192088479379025,0.222081350052879,0.164940248736627,0.203016510694019,0.140279459933373
530,0.447362019176649,0.203016510694019,0.226165913043895,0.188884569174318,0.142702524367706,0.161362102255135
500,0.412362374614871,0.206639944148685,0.167772573247934,0.194724220966719,0.160077057692081,0.140279459933373
326,0.418084423539314,0.182778757451073,0.222891426963376,0.140279459933373,0.158410531669826,0.140279459933373
482,0.438910260048710,0.246862287018223,0.196743303664015,0.205178843545358,0.190794809258731,0.164940248736627
577,0.450170855356869,0.220471637257467,0.185172899926102,0.264301525715948,0.292100571713878,0.170233153496669
517,0.477118801080669,0.250466494772263,0.252283020211930,0.203733362812729,0.151897993103576,0.148471133452426
493,0.419036311953547,0.221274744825972,0.251373586915138,0.150839880430613,0.192088479379025,0.142702524367706
333,0.391223565654671,0.185172899926102,0.157597013980819,0.232872971194181,0.140801836156987,0.140279459933373
417,0.420938564569721,0.244185541162083,0.218876016213984,0.236301613614802,0.192088479379025,0.213405068833102
311,0.429473753439024,0.190154027575454,0.173309128978783,0.188884569174318,0.140279459933373,0.140279459933373
547,0.471572446139952,0.222891426963376,0.211115838461421,0.193398287644562,0.150148946700048,0.154470991130581
524,0.469720411442728,0.222891426963376,0.244185541162083,0.174898448025698,0.158002143279100,0.162677834203278
339,0.400862850180983,0.206639944148685,0.208860644258667,0.140279459933373,0.181025063276694,0.140279459933373
434,0.442671323317129,0.315674182764382,0.265239772398733,0.190794809258731,0.200889639762023,0.167291481291287
450,0.439851241970584,0.211115838461421,0.185172899926102,0.198109430350217,0.156796455796649,0.151542367809210
396,0.438910260048710,0.210360301592275,0.246862287018223,0.148143904307162,0.169733635746363,0.152982630801945
473,0.432309844864813,0.244185541162083,0.211875157547888,0.205178843545358,0.178181472416481,0.150492979148870
524,0.43702685358426,0.226165913043895,0.217294683481912,0.215727826366646,0.140279459933373,0.161797245314680
455,0.415225700022613,0.186394027664835,0.225342219919308,0.182190212262849,0.173835068385563,0.140279459933373
288,0.39893907178823,0.233725581744281,0.179307075461499,0.40566331506169,0.492757675678563,0.229493730258852
314,0.450170855356869,0.210360301592275,0.207376318697083,0.188255890082703,0.16357228121085,0.157195124574254
422,0.381534098529382,0.213405068833102,0.214949882112267,0.190794809258731,0.160077057692081,0.164024746412181
401,0.458572851358513,0.234581247743386,0.206639944148685,0.222081350052879,0.157195124574254,0.140279459933373
305,0.458572851358513,0.209608564537159,0.221274744825972,0.185781454960399,0.174898448025698,0.140539522938054
352,0.36005360357005,0.189517281185082,0.211115838461421,0.205907447843523,0.140279459933373,0.165869963138432
424,0.403744670601839,0.199491561253654,0.188884569174318,0.178181472416481,0.164024746412181,0.140279459933373
470,0.439851241970584,0.211875157547888,0.223704949036996,0.202303599215116,0.140279459933373,0.140279459933373
479,0.469720411442728,0.225342219919308,0.236301613614802,0.146237238572002,0.192088479379025,0.140279459933373
218,0.384446102799712,0.164940248736627,0.197424363331222,0.194724220966719,0.196066256873814,0.165869963138432
411,0.431364974573073,0.26336509235663,0.282396577544332,0.181025063276694,0.245967461561916,0.233725581744281
445,0.443610401564419,0.228656878414890,0.237166246337142,0.188255890082703,0.144131604573628,0.149133866930996
527,0.456708871220304,0.244185541162083,0.240653643199231,0.189517281185082,0.173835068385563,0.168257318749387
407,0.404704249910189,0.176522456496951,0.229493730258852,0.190794809258731,0.164480729737195,0.140279459933373
431,0.457641082102348,0.32159942528535,0.287236372741756,0.226992939983781,0.171243398019944,0.140279459933373
468,0.477118801080669,0.233725581744281,0.226992939983781,0.190154027575454,0.150492979148870,0.140279459933373
553,0.444549008408857,0.205178843545358,0.209608564537159,0.218083551882790,0.140279459933373,0.148471133452426
459,0.419036311953547,0.190794809258731,0.223704949036996,0.174364837136968,0.175977245746161,0.146862120354825
340,0.395085382089401,0.197424363331222,0.224521889216861,0.140279459933373,0.204454144375473,0.140279459933373
426,0.456708871220304,0.208860644258667,0.23033379664679,0.16634019279706,0.178181472416481,0.140279459933373
573,0.466939252082330,0.236301613614802,0.219672052767678,0.194724220966719,0.140279459933373,0.140279459933373
538,0.457641082102348,0.238033800236652,0.222081350052879,0.140279459933373,0.171243398019944,0.140279459933373
481,0.42188893060604,0.213405068833102,0.225342219919308,0.186394027664835,0.174364837136968,0.166814026627726
299,0.424736999725661,0.172787005806565,0.223704949036996,0.196743303664015,0.140279459933373,0.140279459933373
414,0.446424815327873,0.233725581744281,0.254108759679802,0.192088479379025,0.196066256873814,0.170233153496669
473,0.438910260048710,0.198798498578782,0.196743303664015,0.204454144375473,0.148471133452426,0.140279459933373
430,0.422838791105066,0.218876016213984,0.198109430350217,0.211115838461421,0.140279459933373,0.140279459933373
452,0.476195411202944,0.200188610986799,0.233725581744281,0.16357228121085,0.180448444205294,0.140279459933373
408,0.431364974573073,0.23033379664679,0.231177046607856,0.171754154191287,0.171754154191287,0.172268685450245
499,0.452041119617036,0.231177046607856,0.216509434133377,0.192088479379025,0.165403320798019,0.162235816543637
702,0.468793774829766,0.257786672914962,0.218876016213984,0.172787005806565,0.140279459933373,0.140279459933373
381,0.40662186593712,0.184568357977156,0.210360301592275,0.178181472416481,0.149469410107982,0.140279459933373
346,0.426633199381427,0.203016510694019,0.196066256873814,0.170736402643872,0.140279459933373,0.140279459933373
560,0.439851241970584,0.245075200706715,0.223704949036996,0.228656878414890,0.178181472416481,0.211875157547888
337,0.416179118323367,0.200188610986799,0.179875784505171,0.179875784505171,0.151897993103576,0.170233153496669
325,0.386384998416716,0.192088479379025,0.187010622123131,0.218876016213984,0.140279459933373,0.140279459933373
515,0.485411763012758,0.296006914761259,0.265239772398733,0.237166246337142,0.188255890082703,0.163123316426449
346,0.446424815327873,0.218083551882790,0.196743303664015,0.171754154191287,0.165869963138432,0.152256565618780
414,0.433254223593108,0.229493730258852,0.232872971194181,0.170233153496669,0.164024746412181,0.150148946700048
354,0.475271623239318,0.203733362812729,0.16357228121085,0.220471637257467,0.146862120354825,0.160502026996677
456,0.43702685358426,0.200889639762023,0.208860644258667,0.192088479379025,0.140279459933373,0.154094323280450
418,0.415225700022613,0.217294683481912,0.210360301592275,0.16634019279706,0.191439626593958,0.140279459933373
201,0.378617765257579,0.193398287644562,0.192741366843982,0.357108931824631,0.49459052794554,0.238033800236652
428,0.469720411442728,0.243298519444439,0.226992939983781,0.169237834303805,0.169237834303805,0.149133866930996
526,0.440791745314472,0.214949882112267,0.253194757033311,0.187010622123131,0.140279459933373,0.14298348025674
468,0.427580548847338,0.227823271636467,0.238904240888872,0.193398287644562,0.140279459933373,0.156400988328558
251,0.370820382306947,0.209608564537159,0.23033379664679,0.198109430350217,0.152618104976752,0.145928733232941
602,0.524641044535778,0.262430509724191,0.250466494772263,0.177071557205383,0.190154027575454,0.140279459933373
424,0.433254223593108,0.195393227873188,0.220471637257467,0.173835068385563,0.161797245314680,0.140279459933373
354,0.382505251364152,0.225342219919308,0.211115838461421,0.225342219919308,0.154850743467635,0.140279459933373
426,0.416179118323367,0.183967824035887,0.218083551882790,0.160077057692081,0.140279459933373,0.168745733831007
260,0.420938564569721,0.205907447843523,0.204454144375473,0.169237834303805,0.162235816543637,0.175977245746161
407,0.422838791105066,0.215727826366646,0.226992939983781,0.213405068833102,0.269956905233921,0.161797245314680
619,0.433254223593108,0.249561781327291,0.224521889216861,0.242414171861771,0.179875784505171,0.177624558944457
455,0.434198112267997,0.201594638931909,0.193398287644562,0.181025063276694,0.169733635746363,0.165869963138432
489,0.437968797820157,0.248659484023583,0.259638241659144,0.175435913518267,0.205178843545358,0.169733635746363
334,0.459504181093247,0.208860644258667,0.229493730258852,0.197424363331222,0.157195124574254,0.140279459933373
469,0.433254223593108,0.222081350052879,0.202303599215116,0.200188610986799,0.205907447843523,0.177071557205383
241,0.388321919900050,0.214175622695954,0.223704949036996,0.194059239855938,0.161797245314680,0.140279459933373
481,0.500080663267207,0.261497815323131,0.249561781327291,0.200188610986799,0.196066256873814,0.152618104976752
472,0.446424815327873,0.252283020211930,0.205907447843523,0.262430509724191,0.336419918223748,0.173835068385563
293,0.411406907527978,0.191439626593958,0.228656878414890,0.140279459933373,0.182190212262849,0.140279459933373
472,0.423788147113161,0.211115838461421,0.232023448734304,0.195393227873188,0.169733635746363,0.156400988328558
403,0.407579902497849,0.175977245746161,0.159237162188545,0.221274744825972,0.157195124574254,0.142423961905656
465,0.414271770359505,0.218083551882790,0.208116557082828,0.177624558944457,0.162677834203278,0.140279459933373
509,0.442671323317129,0.232023448734304,0.244185541162083,0.190154027575454,0.174364837136968,0.149807763529887
373,0.39893907178823,0.162235816543637,0.198798498578782,0.180448444205294,0.173309128978783,0.140279459933373
420,0.412362374614871,0.218083551882790,0.168257318749387,0.197424363331222,0.144424803121843,0.156796455796649
421,0.426633199381427,0.171243398019944,0.235439936165745,0.194059239855938,0.189517281185082,0.151897993103576
1018,0.560654953573793,0.324563618926047,0.267121556704060,0.244185541162083,0.183967824035887,0.163123316426449
336,0.442671323317129,0.179307075461499,0.208860644258667,0.140539522938054,0.173309128978783,0.149133866930996
461,0.437968797820157,0.228656878414890,0.197424363331222,0.214949882112267,0.151542367809210,0.140279459933373
414,0.458572851358513,0.204454144375473,0.212638240623736,0.161362102255135,0.156796455796649,0.140279459933373
435,0.407579902497849,0.203016510694019,0.193398287644562,0.205178843545358,0.140279459933373,0.140279459933373
468,0.430419611243593,0.187010622123131,0.215727826366646,0.167772573247934,0.188255890082703,0.14298348025674
407,0.417132025922147,0.231177046607856,0.231177046607856,0.175435913518267,0.178181472416481,0.169237834303805
514,0.4964219650051,0.269010148553487,0.245075200706715,0.254108759679802,0.150492979148870,0.165869963138432
377,0.459504181093247,0.216509434133377,0.208116557082828,0.174898448025698,0.187631241909896,0.140279459933373
395,0.403744670601839,0.226165913043895,0.214949882112267,0.178181472416481,0.178742307944130,0.178181472416481
458,0.433254223593108,0.231177046607856,0.212638240623736,0.227823271636467,0.140279459933373,0.151189670120080
516,0.432309844864813,0.260567046745838,0.244185541162083,0.197424363331222,0.156008702799071,0.140279459933373
448,0.436084425669404,0.169733635746363,0.221274744825972,0.170233153496669,0.157195124574254,0.140279459933373
343,0.385415796280043,0.200188610986799,0.235439936165745,0.161797245314680,0.172787005806565,0.147178535004063
371,0.427580548847338,0.212638240623736,0.209608564537159,0.179875784505171,0.150839880430613,0.140279459933373
451,0.456708871220304,0.215727826366646,0.208860644258667,0.235439936165745,0.269956905233921,0.149133866930996
277,0.485411763012758,0.211875157547888,0.224521889216861,0.191439626593958,0.177071557205383,0.140279459933373
509,0.472497848634527,0.267121556704060,0.233725581744281,0.209608564537159,0.198109430350217,0.164940248736627
509,0.428527399760189,0.202303599215116,0.250466494772263,0.192088479379025,0.140279459933373,0.146548361254107
429,0.44923503724365,0.23033379664679,0.219672052767678,0.207376318697083,0.156400988328558,0.140279459933373
376,0.463225147278761,0.232872971194181,0.195393227873188,0.199491561253654,0.174364837136968,0.174364837136968
440,0.382505251364152,0.196066256873814,0.189517281185082,0.164480729737195,0.145928733232941,0.140279459933373
288,0.412362374614871,0.176522456496951,0.211115838461421,0.162235816543637,0.199491561253654,0.140279459933373
461,0.428527399760189,0.192741366843982,0.223704949036996,0.158002143279100,0.161362102255135,0.148143904307162
347,0.36005360357005,0.156008702799071,0.178742307944130,0.190154027575454,0.156796455796649,0.140279459933373
288,0.467866722440866,0.190154027575454,0.196743303664015,0.185781454960399,0.140279459933373,0.140279459933373
307,0.415225700022613,0.210360301592275,0.229493730258852,0.164024746412181,0.146862120354825,0.148471133452426
424,0.424736999725661,0.222081350052879,0.182778757451073,0.211115838461421,0.140279459933373,0.160077057692081
420,0.412362374614871,0.217294683481912,0.208116557082828,0.183371292540019,0.193398287644562,0.155619579790919
433,0.438910260048710,0.205178843545358,0.201594638931909,0.215727826366646,0.161362102255135,0.140279459933373
404,0.429473753439024,0.191439626593958,0.204454144375473,0.206639944148685,0.140279459933373,0.140279459933373
235,0.393155485097713,0.210360301592275,0.196743303664015,0.35612665264182,0.488169238277247,0.255943411389996
343,0.453909567952752,0.205907447843523,0.232023448734304,0.158410531669826,0.159655442358187,0.152618104976752
767,0.489087655334828,0.273759486818862,0.219672052767678,0.245075200706715,0.164480729737195,0.181605650010004
510,0.457641082102348,0.207376318697083,0.237166246337142,0.156400988328558,0.156400988328558,0.149469410107982
404,0.411406907527978,0.212638240623736,0.198798498578782,0.217294683481912,0.144720505822661,0.151542367809210
410,0.435141512434088,0.228656878414890,0.223704949036996,0.227823271636467,0.140279459933373,0.166814026627726
591,0.479886604427388,0.23033379664679,0.215727826366646,0.207376318697083,0.164940248736627,0.162677834203278
611,0.453909567952752,0.276626749501763,0.234581247743386,0.201594638931909,0.154094323280450,0.159237162188545
420,0.443610401564419,0.209608564537159,0.228656878414890,0.207376318697083,0.166814026627726,0.145018731380577
847,0.510114381882143,0.281431899695417,0.275669606701894,0.198109430350217,0.240653643199231,0.204454144375473
452,0.408537424783786,0.203016510694019,0.198798498578782,0.179875784505171,0.158002143279100,0.147178535004063
325,0.419987692000204,0.205907447843523,0.215727826366646,0.177071557205383,0.181025063276694,0.140279459933373
399,0.447362019176649,0.233725581744281,0.172268685450245,0.362994878061971,0.447362019176649,0.224521889216861
175,0.373747820375976,0.140801836156987,0.179307075461499,0.205907447843523,0.155233599845476,0.140279459933373
284,0.416179118323367,0.172268685450245,0.181605650010004,0.238033800236652,0.14298348025674,0.155619579790919
530,0.452041119617036,0.220471637257467,0.238033800236652,0.180448444205294,0.180448444205294,0.142702524367706
349,0.434198112267997,0.174364837136968,0.196743303664015,0.198798498578782,0.140801836156987,0.169237834303805
373,0.404704249910189,0.188255890082703,0.220471637257467,0.173309128978783,0.220471637257467,0.161362102255135
607,0.480808424194665,0.265239772398733,0.202303599215116,0.183371292540019,0.155233599845476,0.140279459933373
380,0.420938564569721,0.227823271636467,0.202303599215116,0.172268685450245,0.194059239855938,0.156008702799071
504,0.51920253600366,0.308771540986705,0.244185541162083,0.260567046745838,0.187010622123131,0.140279459933373
331,0.372772455485757,0.175435913518267,0.213405068833102,0.201594638931909,0.150148946700048,0.145928733232941
372,0.397013246974146,0.187631241909896,0.211875157547888,0.200188610986799,0.194059239855938,0.158822198286243
407,0.43702685358426,0.231177046607856,0.238904240888872,0.208116557082828,0.172268685450245,0.147178535004063
499,0.442671323317129,0.247759640188542,0.240653643199231,0.182778757451073,0.162677834203278,0.160930368981928
435,0.425685350085428,0.198798498578782,0.245075200706715,0.152256565618780,0.141066417195949,0.140279459933373
356,0.391223565654671,0.200188610986799,0.174364837136968,0.209608564537159,0.157195124574254,0.149807763529887
370,0.444549008408857,0.210360301592275,0.201594638931909,0.152256565618780,0.161362102255135,0.140279459933373
581,0.42188893060604,0.205178843545358,0.214175622695954,0.162235816543637,0.190794809258731,0.146862120354825
399,0.410450927071570,0.193398287644562,0.174898448025698,0.218083551882790,0.141602453589765,0.140279459933373
282,0.464154311336516,0.259638241659144,0.200889639762023,0.226992939983781,0.143552645462116,0.140279459933373
460,0.431364974573073,0.240653643199231,0.204454144375473,0.195393227873188,0.186394027664835,0.145018731380577
394,0.37179664134119,0.183967824035887,0.188884569174318,0.194724220966719,0.158410531669826,0.140279459933373
554,0.466939252082330,0.214175622695954,0.214949882112267,0.179307075461499,0.150839880430613,0.149807763529887
463,0.43702685358426,0.232872971194181,0.232872971194181,0.215727826366646,0.181025063276694,0.167291481291287
543,0.433254223593108,0.274713840722163,0.269956905233921,0.269010148553487,0.354161056920203,0.218083551882790
442,0.440791745314472,0.211875157547888,0.218083551882790,0.238904240888872,0.154470991130581,0.140279459933373
519,0.417132025922147,0.232023448734304,0.208860644258667,0.208116557082828,0.155233599845476,0.145319498566922
516,0.466011361565902,0.23033379664679,0.243298519444439,0.170233153496669,0.151897993103576,0.154850743467635
399,0.416179118323367,0.215727826366646,0.140279459933373,0.428527399760189,0.536389829011528,0.287236372741756
425,0.422838791105066,0.216509434133377,0.224521889216861,0.178181472416481,0.156796455796649,0.140279459933373
361,0.400862850180983,0.184568357977156,0.200889639762023,0.205907447843523,0.140279459933373,0.140279459933373
460,0.429473753439024,0.199491561253654,0.200889639762023,0.193398287644562,0.151189670120080,0.147178535004063
468,0.462295554374572,0.243298519444439,0.196066256873814,0.212638240623736,0.148471133452426,0.154850743467635
345,0.430419611243593,0.218083551882790,0.214175622695954,0.188255890082703,0.172787005806565,0.16357228121085
539,0.439851241970584,0.200889639762023,0.203733362812729,0.251373586915138,0.192741366843982,0.140279459933373
410,0.458572851358513,0.240653643199231,0.232872971194181,0.222891426963376,0.164480729737195,0.174364837136968
484,0.466011361565902,0.269010148553487,0.237166246337142,0.224521889216861,0.184568357977156,0.160077057692081
380,0.382505251364152,0.209608564537159,0.254108759679802,0.140279459933373,0.142702524367706,0.154850743467635
378,0.435141512434088,0.231177046607856,0.236301613614802,0.292100571713878,0.41331732873535,0.177624558944457
383,0.441731771836077,0.210360301592275,0.211875157547888,0.194724220966719,0.144720505822661,0.143840891542185
387,0.441731771836077,0.204454144375473,0.226165913043895,0.185781454960399,0.183371292540019,0.140279459933373
380,0.364953752682284,0.199491561253654,0.23033379664679,0.168745733831007,0.164480729737195,0.160930368981928
504,0.500080663267207,0.231177046607856,0.250466494772263,0.168257318749387,0.190794809258731,0.140279459933373
263,0.353177756395209,0.179307075461499,0.214175622695954,0.214949882112267,0.208116557082828,0.143266847840142
384,0.429473753439024,0.238904240888872,0.186394027664835,0.178742307944130,0.152982630801945,0.156796455796649
433,0.429473753439024,0.220471637257467,0.198109430350217,0.194724220966719,0.148801114525785,0.140279459933373
500,0.417132025922147,0.203016510694019,0.225342219919308,0.187631241909896,0.141873944585676,0.140279459933373
461,0.416179118323367,0.208116557082828,0.237166246337142,0.140279459933373,0.148471133452426,0.140279459933373
548,0.448298759169222,0.176522456496951,0.211115838461421,0.214175622695954,0.140279459933373,0.148801114525785
284,0.308771540986705,0.179307075461499,0.213405068833102,0.140279459933373,0.181025063276694,0.141066417195949
471,0.436084425669404,0.211875157547888,0.210360301592275,0.170233153496669,0.171754154191287,0.174364837136968
648,0.480808424194665,0.274713840722163,0.255943411389996,0.169237834303805,0.168745733831007,0.140279459933373
306,0.502821101328797,0.223704949036996,0.240653643199231,0.158410531669826,0.189517281185082,0.160502026996677
260,0.408537424783786,0.172268685450245,0.227823271636467,0.244185541162083,0.292100571713878,0.175977245746161
557,0.485411763012758,0.337407372460796,0.265239772398733,0.214949882112267,0.222891426963376,0.159237162188545
554,0.39893907178823,0.243298519444439,0.181605650010004,0.244185541162083,0.199491561253654,0.140279459933373
318,0.397976414823837,0.179875784505171,0.225342219919308,0.189517281185082,0.154094323280450,0.140279459933373
394,0.42188893060604,0.198798498578782,0.181025063276694,0.211115838461421,0.160502026996677,0.150839880430613
579,0.451106215483896,0.229493730258852,0.194059239855938,0.207376318697083,0.140279459933373,0.14298348025674
411,0.420938564569721,0.185172899926102,0.211115838461421,0.165869963138432,0.156796455796649,0.140279459933373
479,0.422838791105066,0.222891426963376,0.203733362812729,0.222081350052879,0.224521889216861,0.150148946700048
425,0.442671323317129,0.240653643199231,0.208116557082828,0.217294683481912,0.150492979148870,0.140279459933373
341,0.422838791105066,0.224521889216861,0.222891426963376,0.208116557082828,0.163123316426449,0.152982630801945
589,0.482650905054512,0.225342219919308,0.242414171861771,0.194724220966719,0.16634019279706,0.144424803121843
371,0.412362374614871,0.232872971194181,0.238904240888872,0.208116557082828,0.174898448025698,0.147178535004063
390,0.36005360357005,0.16357228121085,0.177624558944457,0.199491561253654,0.144131604573628,0.140279459933373
387,0.37179664134119,0.203733362812729,0.214949882112267,0.156008702799071,0.151542367809210,0.151542367809210
535,0.459504181093247,0.234581247743386,0.222081350052879,0.203016510694019,0.144131604573628,0.153350162717428
441,0.434198112267997,0.205178843545358,0.178181472416481,0.200188610986799,0.149133866930996,0.168745733831007
428,0.40182397040703,0.195393227873188,0.218083551882790,0.162677834203278,0.153350162717428,0.148471133452426
388,0.414271770359505,0.177071557205383,0.219672052767678,0.194724220966719,0.173309128978783,0.140279459933373
213,0.301887051542692,0.162677834203278,0.184568357977156,0.196066256873814,0.145319498566922,0.140279459933373
389,0.39604956908159,0.191439626593958,0.196743303664015,0.182190212262849,0.177624558944457,0.145928733232941
373,0.431364974573073,0.202303599215116,0.188255890082703,0.216509434133377,0.140279459933373,0.150148946700048
849,0.506470348170507,0.259638241659144,0.258711437790672,0.151542367809210,0.187631241909896,0.140279459933373
364,0.372772455485757,0.160077057692081,0.179875784505171,0.201594638931909,0.140279459933373,0.140279459933373
431,0.45297556976512,0.227823271636467,0.220471637257467,0.170736402643872,0.183967824035887,0.142423961905656
514,0.490005705397473,0.258711437790672,0.247759640188542,0.232023448734304,0.154470991130581,0.140279459933373
463,0.450170855356869,0.218083551882790,0.232872971194181,0.173309128978783,0.187631241909896,0.140279459933373
400,0.403744670601839,0.194059239855938,0.219672052767678,0.208116557082828,0.164480729737195,0.141066417195949
538,0.439851241970584,0.244185541162083,0.266179795115631,0.186394027664835,0.198798498578782,0.140279459933373
353,0.437968797820157,0.207376318697083,0.253194757033311,0.165403320798019,0.159237162188545,0.14298348025674
178,0.361034414931008,0.185781454960399,0.200188610986799,0.185781454960399,0.150839880430613,0.140279459933373
327,0.393155485097713,0.196066256873814,0.228656878414890,0.16634019279706,0.146862120354825,0.164940248736627
494,0.389289635189169,0.218083551882790,0.219672052767678,0.191439626593958,0.174364837136968,0.176522456496951
962,0.561550463611059,0.280468392646033,0.26336509235663,0.223704949036996,0.182778757451073,0.151897993103576
373,0.381534098529382,0.182190212262849,0.214949882112267,0.153720720340875,0.14298348025674,0.169733635746363
491,0.408537424783786,0.211875157547888,0.216509434133377,0.187010622123131,0.140279459933373,0.140279459933373
454,0.430419611243593,0.228656878414890,0.216509434133377,0.214175622695954,0.171243398019944,0.153350162717428
467,0.428527399760189,0.208860644258667,0.224521889216861,0.171754154191287,0.158002143279100,0.140279459933373
475,0.443610401564419,0.208860644258667,0.254108759679802,0.162235816543637,0.154470991130581,0.140279459933373
354,0.39604956908159,0.201594638931909,0.245967461561916,0.209608564537159,0.225342219919308,0.154094323280450
424,0.422838791105066,0.200889639762023,0.206639944148685,0.183371292540019,0.151897993103576,0.168257318749387
555,0.467866722440866,0.212638240623736,0.217294683481912,0.207376318697083,0.140279459933373,0.140279459933373
359,0.407579902497849,0.186394027664835,0.183371292540019,0.175435913518267,0.153350162717428,0.140279459933373
416,0.40566331506169,0.195393227873188,0.190794809258731,0.238033800236652,0.140279459933373,0.154850743467635
377,0.394120687044045,0.214949882112267,0.208860644258667,0.26336509235663,0.385415796280043,0.167291481291287
498,0.429473753439024,0.204454144375473,0.218083551882790,0.196066256873814,0.156796455796649,0.152982630801945
571,0.445487145704544,0.214175622695954,0.157195124574254,0.288207386188063,0.339381807952053,0.192741366843982
400,0.473422844172892,0.246862287018223,0.180448444205294,0.205178843545358,0.140279459933373,0.140539522938054
506,0.458572851358513,0.255024990396885,0.231177046607856,0.250466494772263,0.164480729737195,0.140279459933373
416,0.412362374614871,0.211115838461421,0.227823271636467,0.288207386188063,0.394120687044045,0.200188610986799
395,0.411406907527978,0.203016510694019,0.201594638931909,0.178742307944130,0.154094323280450,0.140279459933373
423,0.399901217123282,0.253194757033311,0.256863984839407,0.206639944148685,0.176522456496951,0.164480729737195
461,0.451106215483896,0.219672052767678,0.205178843545358,0.215727826366646,0.16357228121085,0.140279459933373
526,0.464154311336516,0.214949882112267,0.228656878414890,0.187631241909896,0.141333283747465,0.165869963138432
890,0.548094589195255,0.296985336054750,0.257786672914962,0.174364837136968,0.217294683481912,0.140279459933373
278,0.383475920330798,0.206639944148685,0.187631241909896,0.196743303664015,0.158002143279100,0.140279459933373
379,0.437968797820157,0.211115838461421,0.213405068833102,0.176522456496951,0.175435913518267,0.140279459933373
308,0.508293008226672,0.212638240623736,0.216509434133377,0.175435913518267,0.166814026627726,0.141066417195949
389,0.388321919900050,0.146862120354825,0.211115838461421,0.210360301592275,0.140279459933373,0.140279459933373
393,0.412362374614871,0.214175622695954,0.210360301592275,0.208860644258667,0.266179795115631,0.173835068385563
381,0.424736999725661,0.223704949036996,0.208860644258667,0.216509434133377,0.140279459933373,0.181025063276694
354,0.352194131843378,0.161797245314680,0.158002143279100,0.149133866930996,0.140279459933373,0.140279459933373
477,0.451106215483896,0.243298519444439,0.251373586915138,0.162677834203278,0.200889639762023,0.160502026996677
444,0.410450927071570,0.188884569174318,0.223704949036996,0.140279459933373,0.213405068833102,0.142702524367706
523,0.435141512434088,0.238033800236652,0.206639944148685,0.161362102255135,0.158822198286243,0.140279459933373
383,0.381534098529382,0.207376318697083,0.192088479379025,0.198798498578782,0.140279459933373,0.151897993103576
225,0.567813168189284,0.227823271636467,0.175977245746161,0.412362374614871,0.53097302992136,0.282396577544332
333,0.404704249910189,0.238033800236652,0.223704949036996,0.389289635189169,0.53097302992136,0.279506090033501
359,0.433254223593108,0.191439626593958,0.194059239855938,0.186394027664835,0.174364837136968,0.140279459933373
476,0.402784577338547,0.209608564537159,0.264301525715948,0.156008702799071,0.152256565618780,0.140279459933373
346,0.373747820375976,0.201594638931909,0.218083551882790,0.156796455796649,0.173309128978783,0.140279459933373
459,0.39218977751084,0.184568357977156,0.206639944148685,0.191439626593958,0.140279459933373,0.141602453589765
526,0.448298759169222,0.23977753355553,0.234581247743386,0.222891426963376,0.161797245314680,0.142702524367706
380,0.39893907178823,0.206639944148685,0.200188610986799,0.185172899926102,0.182778757451073,0.169733635746363
428,0.376671178467619,0.212638240623736,0.215727826366646,0.183967824035887,0.234581247743386,0.151897993103576
672,0.464154311336516,0.226992939983781,0.232872971194181,0.177071557205383,0.169237834303805,0.140279459933373
473,0.430419611243593,0.219672052767678,0.245967461561916,0.176522456496951,0.165869963138432,0.140279459933373
373,0.415225700022613,0.245075200706715,0.226992939983781,0.201594638931909,0.198798498578782,0.152618104976752
645,0.475271623239318,0.253194757033311,0.23977753355553,0.158822198286243,0.173309128978783,0.159237162188545
506,0.457641082102348,0.211115838461421,0.182778757451073,0.211115838461421,0.140279459933373,0.140279459933373
487,0.457641082102348,0.229493730258852,0.23033379664679,0.190794809258731,0.140279459933373,0.140279459933373
445,0.419036311953547,0.223704949036996,0.220471637257467,0.188255890082703,0.152982630801945,0.140279459933373
402,0.407579902497849,0.222081350052879,0.210360301592275,0.202303599215116,0.218083551882790,0.184568357977156
377,0.420938564569721,0.176522456496951,0.243298519444439,0.145928733232941,0.190794809258731,0.147819407725247
535,0.455776216619560,0.245967461561916,0.208860644258667,0.196743303664015,0.164024746412181,0.154850743467635
437,0.44923503724365,0.238033800236652,0.241532534498303,0.212638240623736,0.176522456496951,0.192088479379025
507,0.467866722440866,0.240653643199231,0.218083551882790,0.224521889216861,0.140279459933373,0.155619579790919
438,0.393155485097713,0.165869963138432,0.193398287644562,0.180448444205294,0.144424803121843,0.145622826217966
453,0.41331732873535,0.196066256873814,0.223704949036996,0.201594638931909,0.147497624383717,0.150492979148870
321,0.409494432911366,0.156796455796649,0.177624558944457,0.157597013980819,0.168745733831007,0.140279459933373
527,0.439851241970584,0.234581247743386,0.208860644258667,0.213405068833102,0.140279459933373,0.140279459933373
346,0.426633199381427,0.229493730258852,0.245967461561916,0.140279459933373,0.169237834303805,0.140279459933373
347,0.416179118323367,0.196066256873814,0.202303599215116,0.23977753355553,0.140279459933373,0.140279459933373
289,0.32950458986508,0.173835068385563,0.192741366843982,0.221274744825972,0.140279459933373,0.140279459933373
500,0.42188893060604,0.182190212262849,0.233725581744281,0.140279459933373,0.185781454960399,0.157195124574254
351,0.40566331506169,0.187631241909896,0.196066256873814,0.214175622695954,0.140279459933373,0.182778757451073
529,0.457641082102348,0.227823271636467,0.208860644258667,0.179875784505171,0.167291481291287,0.150839880430613
415,0.439851241970584,0.213405068833102,0.243298519444439,0.165869963138432,0.185781454960399,0.144720505822661
353,0.407579902497849,0.177624558944457,0.216509434133377,0.180448444205294,0.155233599845476,0.156796455796649
464,0.403744670601839,0.214949882112267,0.205907447843523,0.171754154191287,0.174364837136968,0.140279459933373
523,0.43702685358426,0.238033800236652,0.229493730258852,0.203733362812729,0.158002143279100,0.16357228121085
165,0.403744670601839,0.157597013980819,0.220471637257467,0.182190212262849,0.145319498566922,0.142702524367706
152,0.372772455485757,0.144424803121843,0.162677834203278,0.226165913043895,0.140279459933373,0.178742307944130
461,0.476195411202944,0.302869127130412,0.276626749501763,0.254108759679802,0.257786672914962,0.150492979148870
426,0.407579902497849,0.194724220966719,0.178742307944130,0.174364837136968,0.158002143279100,0.171243398019944
460,0.438910260048710,0.190154027575454,0.242414171861771,0.174364837136968,0.259638241659144,0.160502026996677
349,0.412362374614871,0.202303599215116,0.211115838461421,0.197424363331222,0.152256565618780,0.140279459933373
479,0.428527399760189,0.159655442358187,0.215727826366646,0.164024746412181,0.157597013980819,0.150839880430613
469,0.461365530470573,0.249561781327291,0.195393227873188,0.190154027575454,0.153350162717428,0.145018731380577
547,0.448298759169222,0.255024990396885,0.243298519444439,0.235439936165745,0.183371292540019,0.142147774681471
300,0.44923503724365,0.201594638931909,0.171243398019944,0.196066256873814,0.167291481291287,0.140279459933373
423,0.428527399760189,0.218083551882790,0.226165913043895,0.211875157547888,0.14298348025674,0.16357228121085
550,0.548094589195255,0.258711437790672,0.252283020211930,0.238904240888872,0.207376318697083,0.160930368981928
492,0.461365530470573,0.235439936165745,0.253194757033311,0.198798498578782,0.152982630801945,0.182190212262849
339,0.385415796280043,0.179875784505171,0.211115838461421,0.232023448734304,0.146548361254107,0.140279459933373
210,0.295029198942614,0.163123316426449,0.198109430350217,0.179875784505171,0.156008702799071,0.140279459933373
474,0.45297556976512,0.200188610986799,0.195393227873188,0.198798498578782,0.150839880430613,0.140279459933373
455,0.427580548847338,0.222891426963376,0.207376318697083,0.185781454960399,0.149133866930996,0.140279459933373
409,0.436084425669404,0.265239772398733,0.264301525715948,0.209608564537159,0.196066256873814,0.153720720340875
425,0.422838791105066,0.188255890082703,0.227823271636467,0.196066256873814,0.145622826217966,0.140279459933373
573,0.44923503724365,0.232872971194181,0.240653643199231,0.183371292540019,0.153350162717428,0.140279459933373
476,0.422838791105066,0.246862287018223,0.209608564537159,0.208116557082828,0.168745733831007,0.145622826217966
661,0.481729856995562,0.244185541162083,0.232023448734304,0.214949882112267,0.165403320798019,0.155233599845476
504,0.465083048709257,0.224521889216861,0.199491561253654,0.210360301592275,0.160077057692081,0.153720720340875
415,0.362994878061971,0.148471133452426,0.181025063276694,0.192088479379025,0.140279459933373,0.140279459933373
327,0.440791745314472,0.214175622695954,0.214949882112267,0.167772573247934,0.158822198286243,0.140279459933373
436,0.465083048709257,0.211115838461421,0.203016510694019,0.200188610986799,0.177071557205383,0.145319498566922
459,0.452041119617036,0.241532534498303,0.211875157547888,0.243298519444439,0.140279459933373,0.140279459933373
244,0.382505251364152,0.200188610986799,0.240653643199231,0.215727826366646,0.269956905233921,0.152982630801945
452,0.4964219650051,0.219672052767678,0.211875157547888,0.248659484023583,0.162235816543637,0.148143904307162
430,0.411406907527978,0.211875157547888,0.213405068833102,0.188884569174318,0.16634019279706,0.140279459933373
524,0.448298759169222,0.208116557082828,0.260567046745838,0.192741366843982,0.184568357977156,0.140539522938054
415,0.439851241970584,0.232023448734304,0.229493730258852,0.215727826366646,0.144131604573628,0.140279459933373
573,0.431364974573073,0.255024990396885,0.205907447843523,0.187010622123131,0.181605650010004,0.147178535004063
306,0.435141512434088,0.186394027664835,0.195393227873188,0.208116557082828,0.153350162717428,0.165403320798019
442,0.482650905054512,0.219672052767678,0.234581247743386,0.180448444205294,0.173835068385563,0.144131604573628
483,0.463225147278761,0.252283020211930,0.234581247743386,0.193398287644562,0.168745733831007,0.152618104976752
594,0.460435073421994,0.226992939983781,0.23977753355553,0.196743303664015,0.159655442358187,0.156796455796649
331,0.430419611243593,0.224521889216861,0.193398287644562,0.183371292540019,0.162677834203278,0.140279459933373
521,0.399901217123282,0.187631241909896,0.238033800236652,0.196743303664015,0.23977753355553,0.140279459933373
934,0.510114381882143,0.265239772398733,0.281431899695417,0.23033379664679,0.187010622123131,0.160502026996677
480,0.439851241970584,0.225342219919308,0.236301613614802,0.183967824035887,0.160930368981928,0.168257318749387
404,0.434198112267997,0.210360301592275,0.201594638931909,0.223704949036996,0.167772573247934,0.16357228121085
486,0.424736999725661,0.206639944148685,0.23977753355553,0.160930368981928,0.155619579790919,0.157195124574254
387,0.374722731821464,0.189517281185082,0.200188610986799,0.159237162188545,0.170233153496669,0.140279459933373
383,0.376671178467619,0.181605650010004,0.225342219919308,0.147178535004063,0.166814026627726,0.155619579790919
426,0.417132025922147,0.231177046607856,0.208116557082828,0.187010622123131,0.175435913518267,0.154850743467635
439,0.423788147113161,0.194059239855938,0.224521889216861,0.150839880430613,0.170736402643872,0.140279459933373
194,0.419036311953547,0.184568357977156,0.221274744825972,0.378617765257579,0.486331294331022,0.200188610986799
420,0.423788147113161,0.217294683481912,0.245075200706715,0.140279459933373,0.196066256873814,0.169733635746363
408,0.452041119617036,0.217294683481912,0.222891426963376,0.211115838461421,0.151897993103576,0.171754154191287
381,0.437968797820157,0.195393227873188,0.205178843545358,0.211875157547888,0.172268685450245,0.152618104976752
357,0.408537424783786,0.212638240623736,0.213405068833102,0.160077057692081,0.186394027664835,0.154470991130581
365,0.418084423539314,0.203016510694019,0.214949882112267,0.181025063276694,0.140279459933373,0.140279459933373
430,0.416179118323367,0.211875157547888,0.211875157547888,0.150492979148870,0.152256565618780,0.140279459933373
347,0.389289635189169,0.188255890082703,0.218083551882790,0.213405068833102,0.195393227873188,0.185172899926102
556,0.459504181093247,0.253194757033311,0.238904240888872,0.219672052767678,0.203733362812729,0.199491561253654
440,0.464154311336516,0.222081350052879,0.191439626593958,0.203733362812729,0.150148946700048,0.140279459933373
478,0.468793774829766,0.227823271636467,0.207376318697083,0.182190212262849,0.168257318749387,0.140279459933373
431,0.40662186593712,0.205178843545358,0.196743303664015,0.205178843545358,0.159655442358187,0.140279459933373
239,0.357108931824631,0.169733635746363,0.208860644258667,0.169237834303805,0.154470991130581,0.140279459933373
377,0.430419611243593,0.195393227873188,0.215727826366646,0.196743303664015,0.140279459933373,0.174898448025698
290,0.39893907178823,0.205907447843523,0.206639944148685,0.190154027575454,0.158002143279100,0.170736402643872
357,0.411406907527978,0.211115838461421,0.190154027575454,0.208860644258667,0.159237162188545,0.140279459933373
957,0.517387345588464,0.226992939983781,0.232023448734304,0.193398287644562,0.183967824035887,0.152982630801945
229,0.419987692000204,0.285297304030371,0.252283020211930,0.245967461561916,0.275669606701894,0.151542367809210
405,0.399901217123282,0.178742307944130,0.212638240623736,0.205907447843523,0.143840891542185,0.140279459933373
351,0.455776216619560,0.203733362812729,0.215727826366646,0.145622826217966,0.194724220966719,0.14298348025674
394,0.437968797820157,0.198109430350217,0.180448444205294,0.195393227873188,0.170233153496669,0.140279459933373
435,0.433254223593108,0.238033800236652,0.247759640188542,0.188884569174318,0.168257318749387,0.173309128978783
415,0.402784577338547,0.217294683481912,0.234581247743386,0.193398287644562,0.170233153496669,0.159237162188545
292,0.474347434968947,0.224521889216861,0.214175622695954,0.185172899926102,0.178742307944130,0.144424803121843
454,0.444549008408857,0.256863984839407,0.196743303664015,0.224521889216861,0.155619579790919,0.143266847840142
192,0.409494432911366,0.150148946700048,0.206639944148685,0.162235816543637,0.152982630801945,0.140279459933373
621,0.42188893060604,0.217294683481912,0.226165913043895,0.187631241909896,0.149469410107982,0.145319498566922
461,0.451106215483896,0.191439626593958,0.196743303664015,0.191439626593958,0.140279459933373,0.140279459933373
450,0.446424815327873,0.227823271636467,0.23033379664679,0.181025063276694,0.183967824035887,0.145319498566922
327,0.40182397040703,0.154850743467635,0.206639944148685,0.167291481291287,0.140279459933373,0.140279459933373
368,0.419987692000204,0.196743303664015,0.227823271636467,0.180448444205294,0.145319498566922,0.148471133452426
442,0.41331732873535,0.217294683481912,0.214175622695954,0.194059239855938,0.183371292540019,0.156796455796649
448,0.427580548847338,0.222081350052879,0.232872971194181,0.201594638931909,0.201594638931909,0.159655442358187
414,0.441731771836077,0.240653643199231,0.253194757033311,0.152256565618780,0.165403320798019,0.148801114525785
464,0.419036311953547,0.205907447843523,0.227823271636467,0.156008702799071,0.140539522938054,0.140279459933373
503,0.412362374614871,0.199491561253654,0.224521889216861,0.168745733831007,0.154094323280450,0.156400988328558
383,0.40662186593712,0.169733635746363,0.196743303664015,0.199491561253654,0.140279459933373,0.141873944585676
475,0.44923503724365,0.218876016213984,0.201594638931909,0.165869963138432,0.169733635746363,0.151897993103576
437,0.424736999725661,0.190154027575454,0.183371292540019,0.245967461561916,0.140279459933373,0.140279459933373
488,0.39893907178823,0.246862287018223,0.237166246337142,0.259638241659144,0.337407372460796,0.188884569174318
395,0.461365530470573,0.243298519444439,0.245967461561916,0.187010622123131,0.156400988328558,0.140279459933373
374,0.427580548847338,0.210360301592275,0.226165913043895,0.187631241909896,0.151897993103576,0.140279459933373
257,0.400862850180983,0.160502026996677,0.201594638931909,0.164940248736627,0.187010622123131,0.140279459933373
399,0.403744670601839,0.161797245314680,0.213405068833102,0.185172899926102,0.184568357977156,0.140279459933373
449,0.445487145704544,0.194059239855938,0.233725581744281,0.157597013980819,0.157597013980819,0.146237238572002
456,0.438910260048710,0.236301613614802,0.216509434133377,0.225342219919308,0.175435913518267,0.160077057692081
341,0.381534098529382,0.204454144375473,0.214175622695954,0.194059239855938,0.140279459933373,0.140279459933373
405,0.442671323317129,0.192741366843982,0.211115838461421,0.215727826366646,0.140279459933373,0.140279459933373
243,0.293075998312143,0.147819407725247,0.188255890082703,0.201594638931909,0.209608564537159,0.146548361254107
376,0.408537424783786,0.192088479379025,0.226165913043895,0.181605650010004,0.140279459933373,0.140279459933373
556,0.428527399760189,0.232023448734304,0.213405068833102,0.165869963138432,0.209608564537159,0.140279459933373
522,0.490923390673098,0.232023448734304,0.229493730258852,0.161797245314680,0.164024746412181,0.147819407725247
376,0.395085382089401,0.198109430350217,0.221274744825972,0.162235816543637,0.155233599845476,0.140279459933373
322,0.313700605163659,0.154094323280450,0.205178843545358,0.140279459933373,0.189517281185082,0.140279459933373
286,0.397013246974146,0.200188610986799,0.203733362812729,0.179307075461499,0.162235816543637,0.160077057692081
485,0.477118801080669,0.23033379664679,0.189517281185082,0.221274744825972,0.140279459933373,0.159237162188545
478,0.436084425669404,0.235439936165745,0.248659484023583,0.150839880430613,0.145928733232941,0.154850743467635
388,0.457641082102348,0.218083551882790,0.189517281185082,0.222891426963376,0.140279459933373,0.140279459933373
284,0.39218977751084,0.204454144375473,0.209608564537159,0.185781454960399,0.185781454960399,0.144131604573628
433,0.444549008408857,0.248659484023583,0.267121556704060,0.236301613614802,0.178742307944130,0.149133866930996
376,0.420938564569721,0.208860644258667,0.195393227873188,0.192088479379025,0.160502026996677,0.152256565618780
401,0.426633199381427,0.212638240623736,0.206639944148685,0.202303599215116,0.149807763529887,0.152982630801945
569,0.478041795094857,0.258711437790672,0.217294683481912,0.208116557082828,0.174898448025698,0.151897993103576
367,0.455776216619560,0.234581247743386,0.252283020211930,0.146862120354825,0.211115838461421,0.164480729737195
394,0.40182397040703,0.189517281185082,0.174898448025698,0.187631241909896,0.147497624383717,0.164940248736627
355,0.397976414823837,0.222081350052879,0.194059239855938,0.188255890082703,0.176522456496951,0.140279459933373
500,0.455776216619560,0.214175622695954,0.201594638931909,0.206639944148685,0.140279459933373,0.140279459933373
433,0.436084425669404,0.205907447843523,0.199491561253654,0.200889639762023,0.140279459933373,0.154470991130581
709,0.474347434968947,0.241532534498303,0.23977753355553,0.161797245314680,0.169733635746363,0.140279459933373
395,0.419987692000204,0.193398287644562,0.220471637257467,0.174364837136968,0.169733635746363,0.170736402643872
500,0.436084425669404,0.210360301592275,0.218876016213984,0.140279459933373,0.175977245746161,0.146237238572002
348,0.391223565654671,0.193398287644562,0.200188610986799,0.238033800236652,0.140279459933373,0.146862120354825
489,0.450170855356869,0.203016510694019,0.178742307944130,0.178181472416481,0.140279459933373,0.163123316426449
482,0.419987692000204,0.195393227873188,0.223704949036996,0.181025063276694,0.155619579790919,0.158410531669826
448,0.436084425669404,0.231177046607856,0.253194757033311,0.177624558944457,0.175977245746161,0.182190212262849
448,0.408537424783786,0.194059239855938,0.177624558944457,0.216509434133377,0.140279459933373,0.150148946700048
467,0.432309844864813,0.205907447843523,0.224521889216861,0.181025063276694,0.160077057692081,0.140279459933373
558,0.42188893060604,0.228656878414890,0.237166246337142,0.16634019279706,0.189517281185082,0.198798498578782
392,0.36005360357005,0.203016510694019,0.225342219919308,0.177071557205383,0.167291481291287,0.158822198286243
395,0.458572851358513,0.182778757451073,0.201594638931909,0.210360301592275,0.168257318749387,0.140279459933373
370,0.44923503724365,0.214949882112267,0.223704949036996,0.188884569174318,0.183371292540019,0.150839880430613
413,0.439851241970584,0.197424363331222,0.208116557082828,0.167291481291287,0.175435913518267,0.158002143279100
802,0.499166505254691,0.245075200706715,0.250466494772263,0.204454144375473,0.164024746412181,0.140279459933373
422,0.450170855356869,0.226992939983781,0.208116557082828,0.176522456496951,0.188255890082703,0.144720505822661
361,0.42188893060604,0.216509434133377,0.187010622123131,0.183371292540019,0.140279459933373,0.154094323280450
454,0.433254223593108,0.208116557082828,0.211115838461421,0.16634019279706,0.140801836156987,0.140279459933373
285,0.364953752682284,0.198798498578782,0.187010622123131,0.167291481291287,0.16357228121085,0.140279459933373
399,0.402784577338547,0.213405068833102,0.192741366843982,0.202303599215116,0.16634019279706,0.146237238572002
409,0.420938564569721,0.214175622695954,0.151542367809210,0.182190212262849,0.157597013980819,0.148471133452426
677,0.478041795094857,0.254108759679802,0.232023448734304,0.182778757451073,0.190154027575454,0.140279459933373
448,0.426633199381427,0.198109430350217,0.205178843545358,0.188255890082703,0.199491561253654,0.162677834203278
377,0.411406907527978,0.190794809258731,0.194724220966719,0.175977245746161,0.167772573247934,0.155233599845476
383,0.43702685358426,0.212638240623736,0.208860644258667,0.151897993103576,0.189517281185082,0.140279459933373
396,0.477118801080669,0.275669606701894,0.26806502014066,0.204454144375473,0.227823271636467,0.208860644258667
549,0.450170855356869,0.238904240888872,0.198109430350217,0.190794809258731,0.162677834203278,0.149807763529887
492,0.454843116219575,0.233725581744281,0.146548361254107,0.240653643199231,0.140279459933373,0.145319498566922
527,0.479886604427388,0.246862287018223,0.232023448734304,0.190154027575454,0.171243398019944,0.141066417195949
486,0.454843116219575,0.237166246337142,0.203016510694019,0.220471637257467,0.166814026627726,0.140279459933373
498,0.452041119617036,0.248659484023583,0.216509434133377,0.179875784505171,0.170233153496669,0.141602453589765
450,0.419036311953547,0.237166246337142,0.207376318697083,0.208860644258667,0.205907447843523,0.190794809258731
448,0.428527399760189,0.225342219919308,0.208860644258667,0.214175622695954,0.192741366843982,0.167291481291287
382,0.441731771836077,0.197424363331222,0.199491561253654,0.179307075461499,0.185172899926102,0.140279459933373
388,0.441731771836077,0.23033379664679,0.23033379664679,0.185781454960399,0.140279459933373,0.159237162188545
426,0.443610401564419,0.191439626593958,0.218083551882790,0.238904240888872,0.140279459933373,0.154470991130581
462,0.416179118323367,0.194059239855938,0.212638240623736,0.160930368981928,0.146548361254107,0.140279459933373
474,0.511024591546248,0.341355528691973,0.322587416871138,0.269010148553487,0.189517281185082,0.164024746412181
548,0.4964219650051,0.341355528691973,0.301887051542692,0.218876016213984,0.177071557205383,0.180448444205294
480,0.437968797820157,0.213405068833102,0.222081350052879,0.165403320798019,0.185781454960399,0.140279459933373
569,0.454843116219575,0.250466494772263,0.212638240623736,0.221274744825972,0.152618104976752,0.140279459933373
338,0.431364974573073,0.258711437790672,0.238033800236652,0.178742307944130,0.188255890082703,0.145928733232941
346,0.404704249910189,0.212638240623736,0.197424363331222,0.177624558944457,0.177071557205383,0.140279459933373
342,0.419036311953547,0.187631241909896,0.223704949036996,0.151542367809210,0.163123316426449,0.140279459933373
553,0.453909567952752,0.238033800236652,0.225342219919308,0.205907447843523,0.181025063276694,0.140279459933373
380,0.423788147113161,0.178742307944130,0.191439626593958,0.172268685450245,0.162235816543637,0.150839880430613
386,0.395085382089401,0.208860644258667,0.218083551882790,0.154094323280450,0.169237834303805,0.140279459933373
343,0.422838791105066,0.200889639762023,0.183967824035887,0.167291481291287,0.179875784505171,0.171243398019944
488,0.431364974573073,0.208116557082828,0.224521889216861,0.192088479379025,0.165869963138432,0.146862120354825
449,0.441731771836077,0.188884569174318,0.221274744825972,0.194059239855938,0.159655442358187,0.140279459933373
502,0.445487145704544,0.201594638931909,0.172787005806565,0.224521889216861,0.151542367809210,0.140279459933373
390,0.440791745314472,0.172787005806565,0.233725581744281,0.140279459933373,0.160502026996677,0.142147774681471
413,0.423788147113161,0.218876016213984,0.205178843545358,0.206639944148685,0.175977245746161,0.140279459933373
470,0.458572851358513,0.207376318697083,0.211875157547888,0.193398287644562,0.158002143279100,0.140279459933373
455,0.439851241970584,0.226165913043895,0.225342219919308,0.183967824035887,0.200889639762023,0.160077057692081
507,0.434198112267997,0.242414171861771,0.183371292540019,0.179875784505171,0.156796455796649,0.158822198286243
329,0.418084423539314,0.186394027664835,0.175977245746161,0.187010622123131,0.174898448025698,0.140279459933373
434,0.414271770359505,0.204454144375473,0.245967461561916,0.192741366843982,0.159655442358187,0.140279459933373
462,0.39893907178823,0.205178843545358,0.214175622695954,0.193398287644562,0.165869963138432,0.140279459933373
358,0.383475920330798,0.218876016213984,0.173835068385563,0.205907447843523,0.140279459933373,0.14298348025674
381,0.414271770359505,0.246862287018223,0.226165913043895,0.226165913043895,0.254108759679802,0.170233153496669
395,0.486331294331022,0.179307075461499,0.156008702799071,0.409494432911366,0.524641044535778,0.294052217151829
359,0.419987692000204,0.202303599215116,0.245075200706715,0.173309128978783,0.191439626593958,0.181025063276694
431,0.410450927071570,0.146237238572002,0.211115838461421,0.191439626593958,0.145319498566922,0.154470991130581
401,0.425685350085428,0.226165913043895,0.232023448734304,0.183371292540019,0.147819407725247,0.140279459933373
408,0.440791745314472,0.189517281185082,0.203016510694019,0.212638240623736,0.186394027664835,0.158822198286243
513,0.464154311336516,0.241532534498303,0.225342219919308,0.177071557205383,0.180448444205294,0.140279459933373
375,0.428527399760189,0.205907447843523,0.214175622695954,0.208116557082828,0.140279459933373,0.159237162188545
388,0.407579902497849,0.212638240623736,0.205907447843523,0.149133866930996,0.141066417195949,0.140279459933373
502,0.441731771836077,0.206639944148685,0.232872971194181,0.187631241909896,0.140279459933373,0.140279459933373
317,0.417132025922147,0.155233599845476,0.183967824035887,0.178181472416481,0.173309128978783,0.140279459933373
363,0.394120687044045,0.187010622123131,0.225342219919308,0.164480729737195,0.142423961905656,0.160077057692081
462,0.412362374614871,0.205907447843523,0.23033379664679,0.200889639762023,0.154850743467635,0.145928733232941
374,0.425685350085428,0.204454144375473,0.160930368981928,0.200188610986799,0.140539522938054,0.140279459933373
538,0.439851241970584,0.249561781327291,0.234581247743386,0.185781454960399,0.161797245314680,0.184568357977156
417,0.438910260048710,0.222891426963376,0.205178843545358,0.209608564537159,0.149469410107982,0.159237162188545
348,0.380562464597876,0.196066256873814,0.154470991130581,0.197424363331222,0.155233599845476,0.140279459933373
594,0.476195411202944,0.222891426963376,0.233725581744281,0.198109430350217,0.167772573247934,0.155619579790919
354,0.439851241970584,0.187010622123131,0.180448444205294,0.211115838461421,0.140279459933373,0.144131604573628
237,0.482650905054512,0.152982630801945,0.186394027664835,0.201594638931909,0.152256565618780,0.140279459933373
408,0.481729856995562,0.294052217151829,0.297964434643167,0.197424363331222,0.200188610986799,0.140279459933373
364,0.429473753439024,0.187631241909896,0.190794809258731,0.189517281185082,0.156796455796649,0.141873944585676
319,0.40182397040703,0.214175622695954,0.191439626593958,0.237166246337142,0.156796455796649,0.192088479379025
235,0.327528205863718,0.210360301592275,0.197424363331222,0.355144025044986,0.489087655334828,0.222081350052879
472,0.40566331506169,0.187010622123131,0.218876016213984,0.158822198286243,0.159655442358187,0.140279459933373
290,0.40182397040703,0.193398287644562,0.222891426963376,0.197424363331222,0.162235816543637,0.143552645462116
348,0.40662186593712,0.252283020211930,0.208860644258667,0.229493730258852,0.196743303664015,0.220471637257467
409,0.447362019176649,0.245967461561916,0.236301613614802,0.228656878414890,0.185172899926102,0.188884569174318
307,0.402784577338547,0.192088479379025,0.198798498578782,0.195393227873188,0.160930368981928,0.140279459933373
463,0.428527399760189,0.218876016213984,0.202303599215116,0.217294683481912,0.140279459933373,0.140279459933373
331,0.397976414823837,0.198109430350217,0.14298348025674,0.205907447843523,0.172268685450245,0.149807763529887
542,0.451106215483896,0.232872971194181,0.190794809258731,0.222081350052879,0.140279459933373,0.142702524367706
422,0.478041795094857,0.212638240623736,0.215727826366646,0.197424363331222,0.171243398019944,0.164940248736627
449,0.372772455485757,0.177071557205383,0.183967824035887,0.16634019279706,0.140279459933373,0.140279459933373
615,0.481729856995562,0.237166246337142,0.247759640188542,0.216509434133377,0.145018731380577,0.144720505822661
425,0.436084425669404,0.205907447843523,0.218876016213984,0.172787005806565,0.161362102255135,0.140279459933373
365,0.44923503724365,0.187631241909896,0.196066256873814,0.185781454960399,0.141602453589765,0.140279459933373
471,0.455776216619560,0.207376318697083,0.242414171861771,0.154470991130581,0.170736402643872,0.155619579790919
436,0.397976414823837,0.205178843545358,0.232023448734304,0.144131604573628,0.170233153496669,0.169237834303805
422,0.444549008408857,0.240653643199231,0.214949882112267,0.214949882112267,0.157597013980819,0.167772573247934
372,0.43702685358426,0.244185541162083,0.219672052767678,0.180448444205294,0.164024746412181,0.147178535004063
459,0.423788147113161,0.317648619366148,0.272806580486754,0.274713840722163,0.205907447843523,0.155619579790919
455,0.424736999725661,0.198798498578782,0.197424363331222,0.226165913043895,0.165403320798019,0.140279459933373
393,0.419987692000204,0.199491561253654,0.215727826366646,0.211115838461421,0.161797245314680,0.140279459933373
488,0.464154311336516,0.245967461561916,0.244185541162083,0.168257318749387,0.181605650010004,0.178742307944130
407,0.431364974573073,0.199491561253654,0.269956905233921,0.140279459933373,0.203016510694019,0.140279459933373
403,0.417132025922147,0.162677834203278,0.223704949036996,0.200188610986799,0.145018731380577,0.140279459933373
684,0.458572851358513,0.228656878414890,0.188884569174318,0.226992939983781,0.141602453589765,0.147819407725247
391,0.430419611243593,0.225342219919308,0.206639944148685,0.218083551882790,0.144720505822661,0.140539522938054
443,0.453909567952752,0.232023448734304,0.200188610986799,0.205907447843523,0.146862120354825,0.140801836156987
426,0.428527399760189,0.236301613614802,0.225342219919308,0.174898448025698,0.190154027575454,0.150148946700048
352,0.473422844172892,0.199491561253654,0.234581247743386,0.205178843545358,0.145622826217966,0.140279459933373
282,0.40662186593712,0.174364837136968,0.198109430350217,0.179307075461499,0.167291481291287,0.153350162717428
386,0.40182397040703,0.205178843545358,0.232872971194181,0.177071557205383,0.168257318749387,0.151189670120080
273,0.427580548847338,0.200889639762023,0.195393227873188,0.188255890082703,0.195393227873188,0.140279459933373
486,0.472497848634527,0.225342219919308,0.259638241659144,0.189517281185082,0.180448444205294,0.166814026627726
440,0.43702685358426,0.202303599215116,0.174364837136968,0.188884569174318,0.168257318749387,0.140279459933373
545,0.438910260048710,0.194059239855938,0.232872971194181,0.183371292540019,0.186394027664835,0.140279459933373
618,0.463225147278761,0.257786672914962,0.205907447843523,0.193398287644562,0.179307075461499,0.172268685450245
506,0.39604956908159,0.235439936165745,0.196066256873814,0.140279459933373,0.206639944148685,0.160502026996677
261,0.412362374614871,0.162235816543637,0.209608564537159,0.165403320798019,0.155619579790919,0.140279459933373
441,0.404704249910189,0.208116557082828,0.219672052767678,0.188884569174318,0.16634019279706,0.140279459933373
416,0.430419611243593,0.176522456496951,0.208860644258667,0.199491561253654,0.185172899926102,0.140539522938054
377,0.39218977751084,0.187010622123131,0.164024746412181,0.220471637257467,0.140279459933373,0.140279459933373
341,0.462295554374572,0.226992939983781,0.208860644258667,0.208116557082828,0.154470991130581,0.140279459933373
463,0.40182397040703,0.222891426963376,0.252283020211930,0.143840891542185,0.177071557205383,0.158002143279100
404,0.441731771836077,0.229493730258852,0.237166246337142,0.179307075461499,0.141873944585676,0.158410531669826
625,0.492757675678563,0.23033379664679,0.238033800236652,0.203016510694019,0.187010622123131,0.140279459933373
460,0.442671323317129,0.243298519444439,0.23033379664679,0.189517281185082,0.178181472416481,0.151897993103576
489,0.458572851358513,0.26806502014066,0.264301525715948,0.191439626593958,0.185781454960399,0.176522456496951
460,0.441731771836077,0.232023448734304,0.208116557082828,0.212638240623736,0.171754154191287,0.143266847840142
351,0.410450927071570,0.226992939983781,0.221274744825972,0.212638240623736,0.226165913043895,0.204454144375473
557,0.460435073421994,0.252283020211930,0.258711437790672,0.182190212262849,0.154850743467635,0.140279459933373
389,0.442671323317129,0.23977753355553,0.227823271636467,0.196066256873814,0.197424363331222,0.140279459933373
196,0.33543232376894,0.182190212262849,0.187010622123131,0.174364837136968,0.157597013980819,0.150492979148870
358,0.412362374614871,0.181605650010004,0.165403320798019,0.225342219919308,0.140279459933373,0.148143904307162
530,0.470646634478409,0.257786672914962,0.260567046745838,0.169733635746363,0.183967824035887,0.146237238572002
331,0.422838791105066,0.193398287644562,0.189517281185082,0.194724220966719,0.159237162188545,0.16357228121085
378,0.457641082102348,0.203733362812729,0.195393227873188,0.196066256873814,0.145018731380577,0.140279459933373
593,0.464154311336516,0.252283020211930,0.229493730258852,0.185781454960399,0.177071557205383,0.160930368981928
600,0.432309844864813,0.253194757033311,0.198109430350217,0.228656878414890,0.157195124574254,0.140279459933373
349,0.407579902497849,0.164024746412181,0.219672052767678,0.160502026996677,0.151897993103576,0.154850743467635
525,0.466939252082330,0.238033800236652,0.236301613614802,0.214949882112267,0.149133866930996,0.149807763529887
357,0.397013246974146,0.182778757451073,0.202303599215116,0.168257318749387,0.191439626593958,0.140279459933373
367,0.437968797820157,0.217294683481912,0.187631241909896,0.208860644258667,0.140539522938054,0.140279459933373
427,0.422838791105066,0.182190212262849,0.219672052767678,0.182778757451073,0.178181472416481,0.140539522938054
568,0.474347434968947,0.218083551882790,0.23033379664679,0.210360301592275,0.189517281185082,0.140279459933373
501,0.407579902497849,0.241532534498303,0.214175622695954,0.202303599215116,0.172268685450245,0.191439626593958
445,0.414271770359505,0.189517281185082,0.184568357977156,0.177624558944457,0.145018731380577,0.150492979148870
495,0.453909567952752,0.232023448734304,0.208116557082828,0.218876016213984,0.185172899926102,0.140279459933373
301,0.33543232376894,0.172787005806565,0.188884569174318,0.165869963138432,0.151542367809210,0.150839880430613
431,0.410450927071570,0.207376318697083,0.179875784505171,0.211875157547888,0.140279459933373,0.140279459933373
571,0.464154311336516,0.238904240888872,0.227823271636467,0.179307075461499,0.164940248736627,0.151189670120080
475,0.448298759169222,0.23977753355553,0.198109430350217,0.199491561253654,0.157195124574254,0.141066417195949
388,0.416179118323367,0.215727826366646,0.204454144375473,0.171243398019944,0.149133866930996,0.140279459933373
416,0.418084423539314,0.185781454960399,0.191439626593958,0.224521889216861,0.140279459933373,0.152982630801945
482,0.445487145704544,0.250466494772263,0.223704949036996,0.177071557205383,0.174364837136968,0.166814026627726
323,0.40662186593712,0.215727826366646,0.231177046607856,0.154094323280450,0.188884569174318,0.140279459933373
400,0.381534098529382,0.226992939983781,0.233725581744281,0.189517281185082,0.158822198286243,0.158410531669826
512,0.39893907178823,0.198798498578782,0.189517281185082,0.170736402643872,0.140279459933373,0.140801836156987
549,0.454843116219575,0.26336509235663,0.220471637257467,0.194059239855938,0.149807763529887,0.140279459933373
375,0.430419611243593,0.214175622695954,0.237166246337142,0.172268685450245,0.177071557205383,0.140279459933373
349,0.44923503724365,0.192741366843982,0.194724220966719,0.160077057692081,0.151542367809210,0.164940248736627
591,0.474347434968947,0.260567046745838,0.232872971194181,0.181605650010004,0.160930368981928,0.140279459933373
383,0.409494432911366,0.216509434133377,0.226165913043895,0.182778757451073,0.231177046607856,0.141333283747465
832,0.475271623239318,0.223704949036996,0.238033800236652,0.222891426963376,0.173835068385563,0.140279459933373
395,0.407579902497849,0.172268685450245,0.221274744825972,0.168257318749387,0.166814026627726,0.155619579790919
361,0.39604956908159,0.190794809258731,0.196743303664015,0.198109430350217,0.14298348025674,0.145622826217966
437,0.403744670601839,0.187631241909896,0.218083551882790,0.260567046745838,0.354161056920203,0.174364837136968
400,0.379590352485876,0.203733362812729,0.228656878414890,0.178181472416481,0.180448444205294,0.140279459933373
467,0.428527399760189,0.200188610986799,0.194059239855938,0.274713840722163,0.310742219942023,0.183967824035887
461,0.433254223593108,0.214949882112267,0.210360301592275,0.189517281185082,0.179875784505171,0.140279459933373
174,0.369843682925459,0.191439626593958,0.222081350052879,0.205907447843523,0.177071557205383,0.208860644258667
407,0.443610401564419,0.204454144375473,0.194724220966719,0.203016510694019,0.169237834303805,0.147819407725247
368,0.409494432911366,0.173835068385563,0.177071557205383,0.181605650010004,0.154850743467635,0.146237238572002
359,0.489087655334828,0.221274744825972,0.153720720340875,0.205907447843523,0.154094323280450,0.146548361254107
350,0.427580548847338,0.205907447843523,0.209608564537159,0.177624558944457,0.140279459933373,0.150839880430613
451,0.414271770359505,0.214175622695954,0.211875157547888,0.149469410107982,0.211115838461421,0.140539522938054
474,0.439851241970584,0.237166246337142,0.212638240623736,0.185781454960399,0.188884569174318,0.154094323280450
272,0.369843682925459,0.167291481291287,0.165403320798019,0.208860644258667,0.142702524367706,0.146548361254107
508,0.455776216619560,0.242414171861771,0.218876016213984,0.188255890082703,0.151189670120080,0.161362102255135
458,0.445487145704544,0.221274744825972,0.209608564537159,0.153720720340875,0.149807763529887,0.182190212262849
306,0.330492731245164,0.155233599845476,0.181605650010004,0.166814026627726,0.157597013980819,0.147819407725247
486,0.430419611243593,0.208116557082828,0.189517281185082,0.190794809258731,0.150492979148870,0.140279459933373
282,0.419987692000204,0.163123316426449,0.203733362812729,0.189517281185082,0.16357228121085,0.140279459933373
371,0.423788147113161,0.222081350052879,0.210360301592275,0.203733362812729,0.16357228121085,0.147819407725247
297,0.424736999725661,0.232872971194181,0.247759640188542,0.187010622123131,0.32159942528535,0.152982630801945
299,0.425685350085428,0.255943411389996,0.23977753355553,0.154470991130581,0.190154027575454,0.140279459933373
448,0.435141512434088,0.211875157547888,0.211875157547888,0.154094323280450,0.169237834303805,0.156796455796649
550,0.451106215483896,0.229493730258852,0.244185541162083,0.189517281185082,0.181605650010004,0.169733635746363
478,0.478964395469008,0.229493730258852,0.237166246337142,0.194724220966719,0.140279459933373,0.140279459933373
295,0.362014841934518,0.192741366843982,0.209608564537159,0.158410531669826,0.156008702799071,0.16357228121085
293,0.408537424783786,0.179307075461499,0.172268685450245,0.210360301592275,0.162677834203278,0.140279459933373
364,0.358090854945044,0.170233153496669,0.209608564537159,0.260567046745838,0.384446102799712,0.16357228121085
462,0.434198112267997,0.205907447843523,0.207376318697083,0.171754154191287,0.177624558944457,0.140279459933373
547,0.415225700022613,0.199491561253654,0.180448444205294,0.208860644258667,0.140279459933373,0.140279459933373
191,0.355144025044986,0.210360301592275,0.226165913043895,0.220471637257467,0.256863984839407,0.154094323280450
390,0.409494432911366,0.219672052767678,0.216509434133377,0.209608564537159,0.168257318749387,0.140279459933373
440,0.42188893060604,0.200889639762023,0.250466494772263,0.140279459933373,0.178742307944130,0.150148946700048
328,0.340368763820501,0.172787005806565,0.177624558944457,0.245075200706715,0.140279459933373,0.145928733232941
305,0.397976414823837,0.188255890082703,0.213405068833102,0.158410531669826,0.142147774681471,0.150148946700048
371,0.419036311953547,0.190154027575454,0.198109430350217,0.173309128978783,0.140279459933373,0.140279459933373
315,0.435141512434088,0.182190212262849,0.222891426963376,0.165403320798019,0.140279459933373,0.152256565618780
432,0.418084423539314,0.205178843545358,0.203016510694019,0.150839880430613,0.140279459933373,0.141066417195949
435,0.41331732873535,0.222891426963376,0.177624558944457,0.196743303664015,0.169237834303805,0.159237162188545
420,0.428527399760189,0.196743303664015,0.218876016213984,0.154470991130581,0.155619579790919,0.140279459933373
354,0.461365530470573,0.205907447843523,0.250466494772263,0.184568357977156,0.205907447843523,0.144720505822661
485,0.409494432911366,0.190154027575454,0.234581247743386,0.194724220966719,0.158002143279100,0.140279459933373
430,0.417132025922147,0.231177046607856,0.204454144375473,0.164480729737195,0.217294683481912,0.182190212262849
428,0.433254223593108,0.213405068833102,0.238904240888872,0.140279459933373,0.181605650010004,0.140279459933373
560,0.416179118323367,0.240653643199231,0.228656878414890,0.304834801321944,0.409494432911366,0.182190212262849
495,0.497337158291481,0.267121556704060,0.232872971194181,0.217294683481912,0.203733362812729,0.140279459933373
535,0.43702685358426,0.252283020211930,0.220471637257467,0.210360301592275,0.181605650010004,0.155619579790919
484,0.455776216619560,0.205907447843523,0.207376318697083,0.184568357977156,0.184568357977156,0.171754154191287
424,0.40566331506169,0.187010622123131,0.175977245746161,0.215727826366646,0.140279459933373,0.152256565618780
371,0.434198112267997,0.200188610986799,0.194724220966719,0.198109430350217,0.145622826217966,0.140279459933373
498,0.504646384858735,0.232872971194181,0.247759640188542,0.264301525715948,0.140279459933373,0.140279459933373
340,0.431364974573073,0.238904240888872,0.241532534498303,0.184568357977156,0.148143904307162,0.171754154191287
505,0.436084425669404,0.225342219919308,0.213405068833102,0.191439626593958,0.140279459933373,0.140279459933373
457,0.430419611243593,0.231177046607856,0.199491561253654,0.213405068833102,0.140279459933373,0.150492979148870
343,0.407579902497849,0.221274744825972,0.181605650010004,0.211115838461421,0.155233599845476,0.185172899926102
492,0.448298759169222,0.238033800236652,0.216509434133377,0.237166246337142,0.155233599845476,0.140279459933373
444,0.411406907527978,0.187010622123131,0.208860644258667,0.178181472416481,0.170233153496669,0.151897993103576
353,0.390256851013871,0.207376318697083,0.204454144375473,0.174364837136968,0.196066256873814,0.189517281185082
395,0.432309844864813,0.181605650010004,0.170736402643872,0.205178843545358,0.148471133452426,0.140279459933373
379,0.438910260048710,0.229493730258852,0.226992939983781,0.174364837136968,0.167772573247934,0.142423961905656
371,0.427580548847338,0.190154027575454,0.211875157547888,0.186394027664835,0.182778757451073,0.140279459933373
484,0.428527399760189,0.23033379664679,0.237166246337142,0.194059239855938,0.178181472416481,0.164024746412181
396,0.420938564569721,0.200889639762023,0.211115838461421,0.196743303664015,0.145319498566922,0.140279459933373
323,0.442671323317129,0.156008702799071,0.199491561253654,0.188255890082703,0.163123316426449,0.140279459933373
437,0.454843116219575,0.218876016213984,0.192741366843982,0.211115838461421,0.154850743467635,0.147497624383717
537,0.419036311953547,0.211115838461421,0.215727826366646,0.233725581744281,0.149807763529887,0.140279459933373
444,0.41331732873535,0.177071557205383,0.159655442358187,0.190794809258731,0.140279459933373,0.140279459933373
369,0.423788147113161,0.178181472416481,0.200188610986799,0.201594638931909,0.140279459933373,0.153350162717428
333,0.395085382089401,0.199491561253654,0.207376318697083,0.16634019279706,0.155233599845476,0.140279459933373
293,0.40566331506169,0.209608564537159,0.259638241659144,0.140279459933373,0.185172899926102,0.162235816543637
494,0.423788147113161,0.194059239855938,0.186394027664835,0.177071557205383,0.181605650010004,0.140801836156987
435,0.386384998416716,0.204454144375473,0.162677834203278,0.228656878414890,0.179875784505171,0.162677834203278
413,0.40566331506169,0.165403320798019,0.194724220966719,0.214175622695954,0.150148946700048,0.150492979148870
514,0.451106215483896,0.235439936165745,0.206639944148685,0.166814026627726,0.141602453589765,0.140279459933373
499,0.435141512434088,0.211875157547888,0.208116557082828,0.200889639762023,0.140279459933373,0.140279459933373
378,0.435141512434088,0.203016510694019,0.186394027664835,0.249561781327291,0.140279459933373,0.160077057692081
497,0.416179118323367,0.218083551882790,0.238033800236652,0.166814026627726,0.162235816543637,0.140279459933373
419,0.462295554374572,0.232872971194181,0.245075200706715,0.227823271636467,0.161797245314680,0.141873944585676
467,0.40662186593712,0.216509434133377,0.219672052767678,0.163123316426449,0.141066417195949,0.16357228121085
449,0.456708871220304,0.246862287018223,0.217294683481912,0.248659484023583,0.186394027664835,0.144424803121843
420,0.44923503724365,0.227823271636467,0.23033379664679,0.197424363331222,0.177071557205383,0.152618104976752
350,0.430419611243593,0.198109430350217,0.195393227873188,0.198798498578782,0.158410531669826,0.140279459933373
381,0.40182397040703,0.202303599215116,0.206639944148685,0.160930368981928,0.180448444205294,0.170233153496669
439,0.444549008408857,0.209608564537159,0.244185541162083,0.154850743467635,0.146862120354825,0.140279459933373
442,0.432309844864813,0.204454144375473,0.23033379664679,0.170736402643872,0.183371292540019,0.140279459933373
534,0.445487145704544,0.236301613614802,0.241532534498303,0.194059239855938,0.175435913518267,0.140279459933373
399,0.490005705397473,0.265239772398733,0.218876016213984,0.410450927071570,0.535487690890414,0.280468392646033
360,0.420938564569721,0.209608564537159,0.237166246337142,0.181605650010004,0.196066256873814,0.192741366843982
395,0.393155485097713,0.183967824035887,0.228656878414890,0.188884569174318,0.140279459933373,0.160930368981928
421,0.424736999725661,0.175977245746161,0.177624558944457,0.213405068833102,0.147497624383717,0.140279459933373
399,0.40566331506169,0.206639944148685,0.204454144375473,0.215727826366646,0.177624558944457,0.171243398019944
765,0.485411763012758,0.264301525715948,0.240653643199231,0.228656878414890,0.177624558944457,0.189517281185082
367,0.408537424783786,0.206639944148685,0.215727826366646,0.170736402643872,0.190154027575454,0.167291481291287
551,0.462295554374572,0.255024990396885,0.207376318697083,0.214175622695954,0.140801836156987,0.181025063276694
359,0.454843116219575,0.218083551882790,0.223704949036996,0.231177046607856,0.386384998416716,0.188884569174318
571,0.478041795094857,0.257786672914962,0.201594638931909,0.222891426963376,0.174364837136968,0.140279459933373
565,0.474347434968947,0.322587416871138,0.316661303992259,0.286266334773665,0.240653643199231,0.203733362812729
334,0.418084423539314,0.164024746412181,0.191439626593958,0.163123316426449,0.16634019279706,0.140279459933373
428,0.428527399760189,0.202303599215116,0.189517281185082,0.188255890082703,0.172268685450245,0.140279459933373
468,0.424736999725661,0.188884569174318,0.226992939983781,0.174898448025698,0.16357228121085,0.140279459933373
447,0.420938564569721,0.215727826366646,0.222891426963376,0.184568357977156,0.154094323280450,0.140279459933373
401,0.391223565654671,0.154470991130581,0.226992939983781,0.194059239855938,0.152256565618780,0.140279459933373
679,0.549891666487745,0.276626749501763,0.269010148553487,0.224521889216861,0.190794809258731,0.151542367809210
510,0.428527399760189,0.212638240623736,0.200188610986799,0.251373586915138,0.140279459933373,0.140279459933373
336,0.458572851358513,0.214949882112267,0.226992939983781,0.179875784505171,0.169733635746363,0.141873944585676
396,0.404704249910189,0.199491561253654,0.222891426963376,0.175977245746161,0.140279459933373,0.164024746412181
514,0.430419611243593,0.206639944148685,0.193398287644562,0.199491561253654,0.160077057692081,0.140279459933373
496,0.448298759169222,0.211875157547888,0.235439936165745,0.203016510694019,0.142423961905656,0.140279459933373
389,0.466939252082330,0.207376318697083,0.211875157547888,0.215727826366646,0.141066417195949,0.140279459933373
440,0.499166505254691,0.256863984839407,0.261497815323131,0.164480729737195,0.198798498578782,0.140279459933373
404,0.453909567952752,0.205178843545358,0.190794809258731,0.180448444205294,0.148471133452426,0.140279459933373
453,0.465083048709257,0.231177046607856,0.218083551882790,0.224521889216861,0.140279459933373,0.141873944585676
393,0.468793774829766,0.247759640188542,0.243298519444439,0.207376318697083,0.151189670120080,0.146548361254107
349,0.43702685358426,0.204454144375473,0.217294683481912,0.168257318749387,0.180448444205294,0.140539522938054
395,0.409494432911366,0.196743303664015,0.202303599215116,0.196743303664015,0.177071557205383,0.152618104976752
380,0.428527399760189,0.228656878414890,0.255943411389996,0.164024746412181,0.197424363331222,0.180448444205294
429,0.471572446139952,0.234581247743386,0.238904240888872,0.169237834303805,0.185781454960399,0.16357228121085
358,0.42188893060604,0.232023448734304,0.202303599215116,0.203016510694019,0.153720720340875,0.146548361254107
230,0.40662186593712,0.183967824035887,0.23033379664679,0.264301525715948,0.274713840722163,0.140279459933373
487,0.44923503724365,0.206639944148685,0.203016510694019,0.215727826366646,0.140279459933373,0.161362102255135
443,0.445487145704544,0.218876016213984,0.212638240623736,0.183967824035887,0.151542367809210,0.157195124574254
561,0.478964395469008,0.243298519444439,0.209608564537159,0.16634019279706,0.216509434133377,0.140279459933373
457,0.442671323317129,0.298944182722262,0.262430509724191,0.238033800236652,0.168745733831007,0.140279459933373
422,0.455776216619560,0.202303599215116,0.255024990396885,0.198798498578782,0.162677834203278,0.155619579790919
499,0.475271623239318,0.281431899695417,0.267121556704060,0.215727826366646,0.192741366843982,0.170233153496669
393,0.411406907527978,0.224521889216861,0.255024990396885,0.156400988328558,0.163123316426449,0.140279459933373
276,0.442671323317129,0.199491561253654,0.208860644258667,0.205907447843523,0.153350162717428,0.146548361254107
472,0.423788147113161,0.206639944148685,0.214949882112267,0.187010622123131,0.155233599845476,0.140279459933373
436,0.404704249910189,0.188884569174318,0.175435913518267,0.211875157547888,0.160930368981928,0.140279459933373
637,0.566919113760625,0.244185541162083,0.281431899695417,0.238904240888872,0.165869963138432,0.140279459933373
443,0.410450927071570,0.190794809258731,0.214949882112267,0.162677834203278,0.162235816543637,0.154850743467635
422,0.419987692000204,0.243298519444439,0.23033379664679,0.194724220966719,0.153720720340875,0.146548361254107
519,0.412362374614871,0.208116557082828,0.238033800236652,0.156400988328558,0.153720720340875,0.144131604573628
479,0.41331732873535,0.226165913043895,0.232872971194181,0.161797245314680,0.192741366843982,0.156008702799071
402,0.42188893060604,0.218083551882790,0.222081350052879,0.188884569174318,0.159237162188545,0.140279459933373
434,0.431364974573073,0.196743303664015,0.190154027575454,0.183371292540019,0.145928733232941,0.140279459933373
450,0.437968797820157,0.222081350052879,0.232872971194181,0.170233153496669,0.158822198286243,0.149469410107982
380,0.443610401564419,0.240653643199231,0.215727826366646,0.205907447843523,0.188884569174318,0.140279459933373
442,0.445487145704544,0.197424363331222,0.218083551882790,0.184568357977156,0.170736402643872,0.145622826217966
266,0.320611530912211,0.175435913518267,0.185781454960399,0.213405068833102,0.224521889216861,0.144131604573628
591,0.485411763012758,0.227823271636467,0.226165913043895,0.155619579790919,0.190154027575454,0.151189670120080
394,0.416179118323367,0.179307075461499,0.218083551882790,0.164024746412181,0.162235816543637,0.140539522938054
508,0.40182397040703,0.197424363331222,0.218083551882790,0.208860644258667,0.152982630801945,0.140279459933373
498,0.442671323317129,0.208860644258667,0.213405068833102,0.215727826366646,0.144720505822661,0.140279459933373
376,0.42188893060604,0.189517281185082,0.213405068833102,0.218083551882790,0.171754154191287,0.170233153496669
439,0.416179118323367,0.214949882112267,0.200889639762023,0.195393227873188,0.188255890082703,0.149133866930996
410,0.418084423539314,0.223704949036996,0.199491561253654,0.205178843545358,0.144720505822661,0.176522456496951
448,0.443610401564419,0.208116557082828,0.222891426963376,0.166814026627726,0.150839880430613,0.148471133452426
318,0.395085382089401,0.197424363331222,0.208860644258667,0.175977245746161,0.140279459933373,0.173309128978783
452,0.382505251364152,0.182778757451073,0.203733362812729,0.160502026996677,0.150839880430613,0.166814026627726
433,0.41331732873535,0.214175622695954,0.187010622123131,0.189517281185082,0.174898448025698,0.154850743467635
398,0.393155485097713,0.211115838461421,0.196743303664015,0.179875784505171,0.187010622123131,0.169237834303805
450,0.460435073421994,0.210360301592275,0.214949882112267,0.179875784505171,0.169237834303805,0.145622826217966
368,0.40182397040703,0.177071557205383,0.208116557082828,0.181605650010004,0.158002143279100,0.144131604573628
382,0.460435073421994,0.226165913043895,0.215727826366646,0.173835068385563,0.186394027664835,0.150492979148870
402,0.423788147113161,0.207376318697083,0.194059239855938,0.210360301592275,0.157195124574254,0.140279459933373
434,0.445487145704544,0.250466494772263,0.235439936165745,0.211115838461421,0.165403320798019,0.140279459933373
505,0.430419611243593,0.248659484023583,0.217294683481912,0.269956905233921,0.278545025785751,0.149807763529887
361,0.475271623239318,0.203733362812729,0.187010622123131,0.205907447843523,0.148143904307162,0.174364837136968
465,0.450170855356869,0.303851718893881,0.282396577544332,0.218083551882790,0.223704949036996,0.150492979148870
316,0.446424815327873,0.253194757033311,0.271855157449252,0.193398287644562,0.164940248736627,0.161797245314680
482,0.497337158291481,0.252283020211930,0.255024990396885,0.178742307944130,0.185172899926102,0.160502026996677
381,0.454843116219575,0.220471637257467,0.205907447843523,0.185781454960399,0.173309128978783,0.143552645462116
363,0.394120687044045,0.183967824035887,0.222891426963376,0.171243398019944,0.159655442358187,0.168745733831007
503,0.444549008408857,0.214175622695954,0.203016510694019,0.219672052767678,0.183967824035887,0.140279459933373
436,0.44923503724365,0.185781454960399,0.206639944148685,0.192741366843982,0.146237238572002,0.159237162188545
529,0.461365530470573,0.211115838461421,0.186394027664835,0.184568357977156,0.157195124574254,0.162677834203278
469,0.475271623239318,0.223704949036996,0.243298519444439,0.151542367809210,0.184568357977156,0.140279459933373
395,0.437968797820157,0.203016510694019,0.212638240623736,0.165403320798019,0.166814026627726,0.150492979148870
354,0.415225700022613,0.180448444205294,0.189517281185082,0.211115838461421,0.246862287018223,0.151897993103576
463,0.445487145704544,0.222081350052879,0.214175622695954,0.168257318749387,0.164940248736627,0.140279459933373
384,0.383475920330798,0.229493730258852,0.211115838461421,0.221274744825972,0.157597013980819,0.164024746412181
359,0.408537424783786,0.210360301592275,0.250466494772263,0.140279459933373,0.177624558944457,0.173835068385563
445,0.40566331506169,0.200889639762023,0.205907447843523,0.206639944148685,0.143840891542185,0.144131604573628
409,0.416179118323367,0.208116557082828,0.211875157547888,0.168257318749387,0.157597013980819,0.140279459933373
493,0.453909567952752,0.229493730258852,0.233725581744281,0.180448444205294,0.178742307944130,0.142147774681471
453,0.434198112267997,0.213405068833102,0.240653643199231,0.192741366843982,0.205907447843523,0.163123316426449
338,0.39604956908159,0.173309128978783,0.183967824035887,0.167772573247934,0.141066417195949,0.140279459933373
501,0.451106215483896,0.213405068833102,0.213405068833102,0.222081350052879,0.233725581744281,0.160502026996677
472,0.430419611243593,0.246862287018223,0.205907447843523,0.23977753355553,0.150492979148870,0.140279459933373
497,0.455776216619560,0.225342219919308,0.183967824035887,0.209608564537159,0.165869963138432,0.158822198286243
466,0.41331732873535,0.214949882112267,0.222081350052879,0.188255890082703,0.145018731380577,0.140279459933373
337,0.429473753439024,0.196743303664015,0.209608564537159,0.173835068385563,0.173309128978783,0.140279459933373
400,0.40662186593712,0.221274744825972,0.245075200706715,0.162677834203278,0.142423961905656,0.140279459933373
358,0.402784577338547,0.210360301592275,0.175977245746161,0.204454144375473,0.194724220966719,0.172268685450245
597,0.420938564569721,0.235439936165745,0.226992939983781,0.185172899926102,0.161362102255135,0.140279459933373
460,0.404704249910189,0.208116557082828,0.222891426963376,0.188255890082703,0.199491561253654,0.140279459933373
495,0.498252004317859,0.212638240623736,0.236301613614802,0.145622826217966,0.184568357977156,0.149133866930996
572,0.4964219650051,0.265239772398733,0.240653643199231,0.222891426963376,0.153350162717428,0.164940248736627
419,0.431364974573073,0.200188610986799,0.218083551882790,0.155233599845476,0.187631241909896,0.140279459933373
497,0.467866722440866,0.362994878061971,0.347271459448055,0.327528205863718,0.287236372741756,0.196743303664015
451,0.450170855356869,0.226992939983781,0.218083551882790,0.188255890082703,0.153350162717428,0.152256565618780
433,0.40566331506169,0.200188610986799,0.215727826366646,0.148143904307162,0.192088479379025,0.140279459933373
429,0.423788147113161,0.218876016213984,0.226165913043895,0.210360301592275,0.159237162188545,0.172787005806565
464,0.466011361565902,0.276626749501763,0.266179795115631,0.192088479379025,0.151189670120080,0.141333283747465
531,0.444549008408857,0.224521889216861,0.234581247743386,0.184568357977156,0.164940248736627,0.140279459933373
475,0.417132025922147,0.261497815323131,0.259638241659144,0.189517281185082,0.214175622695954,0.152618104976752
358,0.347271459448055,0.164480729737195,0.189517281185082,0.204454144375473,0.160930368981928,0.158002143279100
361,0.497337158291481,0.214175622695954,0.192741366843982,0.216509434133377,0.140279459933373,0.145928733232941
418,0.464154311336516,0.255943411389996,0.234581247743386,0.220471637257467,0.165403320798019,0.171243398019944
459,0.456708871220304,0.251373586915138,0.221274744825972,0.200188610986799,0.143552645462116,0.141873944585676
363,0.407579902497849,0.206639944148685,0.216509434133377,0.157597013980819,0.147178535004063,0.145928733232941
283,0.408537424783786,0.156008702799071,0.157597013980819,0.195393227873188,0.160930368981928,0.140279459933373
354,0.425685350085428,0.188255890082703,0.224521889216861,0.190794809258731,0.155233599845476,0.140279459933373
445,0.419987692000204,0.217294683481912,0.238033800236652,0.140279459933373,0.211875157547888,0.154470991130581
458,0.434198112267997,0.226992939983781,0.194724220966719,0.185781454960399,0.181605650010004,0.140279459933373
495,0.434198112267997,0.222891426963376,0.228656878414890,0.215727826366646,0.170736402643872,0.169733635746363
421,0.426633199381427,0.225342219919308,0.208860644258667,0.206639944148685,0.140279459933373,0.143266847840142
467,0.509203854805391,0.272806580486754,0.242414171861771,0.23033379664679,0.167291481291287,0.164940248736627
529,0.437968797820157,0.216509434133377,0.203733362812729,0.228656878414890,0.149133866930996,0.150839880430613
446,0.431364974573073,0.241532534498303,0.211875157547888,0.152982630801945,0.214175622695954,0.145622826217966
372,0.373747820375976,0.218083551882790,0.223704949036996,0.186394027664835,0.162235816543637,0.140279459933373
498,0.432309844864813,0.245075200706715,0.227823271636467,0.188255890082703,0.160502026996677,0.141873944585676
514,0.427580548847338,0.220471637257467,0.166814026627726,0.212638240623736,0.140279459933373,0.140279459933373
374,0.41331732873535,0.270905253648299,0.253194757033311,0.223704949036996,0.267121556704060,0.207376318697083
386,0.431364974573073,0.211115838461421,0.247759640188542,0.154850743467635,0.197424363331222,0.16357228121085
344,0.364953752682284,0.179875784505171,0.222081350052879,0.187010622123131,0.187010622123131,0.140279459933373
323,0.39604956908159,0.171243398019944,0.179875784505171,0.177624558944457,0.159655442358187,0.140279459933373
400,0.432309844864813,0.199491561253654,0.213405068833102,0.193398287644562,0.156796455796649,0.140279459933373
379,0.407579902497849,0.182778757451073,0.208860644258667,0.162677834203278,0.192088479379025,0.144131604573628
426,0.475271623239318,0.255943411389996,0.227823271636467,0.216509434133377,0.23977753355553,0.181605650010004
174,0.305818349289740,0.197424363331222,0.254108759679802,0.182190212262849,0.225342219919308,0.178181472416481
429,0.417132025922147,0.190794809258731,0.218083551882790,0.169237834303805,0.151542367809210,0.140279459933373
586,0.473422844172892,0.238904240888872,0.213405068833102,0.188255890082703,0.152982630801945,0.140279459933373
513,0.454843116219575,0.240653643199231,0.235439936165745,0.200188610986799,0.250466494772263,0.16634019279706
303,0.386384998416716,0.192088479379025,0.204454144375473,0.214949882112267,0.140279459933373,0.140279459933373
410,0.41331732873535,0.206639944148685,0.194724220966719,0.212638240623736,0.140279459933373,0.143552645462116
608,0.486331294331022,0.243298519444439,0.245075200706715,0.217294683481912,0.188884569174318,0.147497624383717
438,0.463225147278761,0.223704949036996,0.223704949036996,0.151189670120080,0.169237834303805,0.145319498566922
406,0.411406907527978,0.210360301592275,0.222081350052879,0.187631241909896,0.140279459933373,0.154470991130581
400,0.446424815327873,0.259638241659144,0.257786672914962,0.250466494772263,0.167772573247934,0.157597013980819
525,0.452041119617036,0.192741366843982,0.208860644258667,0.193398287644562,0.165869963138432,0.146548361254107
894,0.517387345588464,0.292100571713878,0.246862287018223,0.245075200706715,0.181605650010004,0.140279459933373
420,0.445487145704544,0.234581247743386,0.217294683481912,0.188884569174318,0.140279459933373,0.172268685450245
376,0.424736999725661,0.172787005806565,0.195393227873188,0.193398287644562,0.158410531669826,0.140279459933373
492,0.489087655334828,0.283362392853609,0.26336509235663,0.223704949036996,0.182190212262849,0.140279459933373
383,0.446424815327873,0.214175622695954,0.232872971194181,0.182190212262849,0.16357228121085,0.140279459933373
450,0.40182397040703,0.213405068833102,0.182190212262849,0.226165913043895,0.140279459933373,0.140279459933373
483,0.411406907527978,0.256863984839407,0.227823271636467,0.233725581744281,0.205178843545358,0.141873944585676
578,0.45297556976512,0.249561781327291,0.245075200706715,0.155619579790919,0.170736402643872,0.141333283747465
170,0.324563618926047,0.140279459933373,0.187010622123131,0.178181472416481,0.140279459933373,0.140279459933373
324,0.438910260048710,0.196743303664015,0.222891426963376,0.226165913043895,0.140279459933373,0.151189670120080
389,0.442671323317129,0.222891426963376,0.217294683481912,0.189517281185082,0.181025063276694,0.151897993103576
488,0.420938564569721,0.194724220966719,0.183371292540019,0.167772573247934,0.144424803121843,0.140279459933373
774,0.485411763012758,0.269010148553487,0.270905253648299,0.174364837136968,0.173835068385563,0.140279459933373
394,0.453909567952752,0.240653643199231,0.214175622695954,0.173835068385563,0.160930368981928,0.16357228121085
361,0.400862850180983,0.212638240623736,0.205178843545358,0.192741366843982,0.140279459933373,0.143552645462116
395,0.400862850180983,0.185172899926102,0.217294683481912,0.159655442358187,0.150148946700048,0.162235816543637
443,0.436084425669404,0.231177046607856,0.203733362812729,0.194724220966719,0.165869963138432,0.190154027575454
852,0.492757675678563,0.260567046745838,0.244185541162083,0.200889639762023,0.159237162188545,0.176522456496951
422,0.423788147113161,0.218083551882790,0.223704949036996,0.140539522938054,0.171754154191287,0.143840891542185
439,0.43702685358426,0.203733362812729,0.196066256873814,0.225342219919308,0.145319498566922,0.140279459933373
501,0.439851241970584,0.183371292540019,0.199491561253654,0.214175622695954,0.146237238572002,0.152982630801945
422,0.457641082102348,0.191439626593958,0.236301613614802,0.158822198286243,0.154094323280450,0.140279459933373
386,0.393155485097713,0.174364837136968,0.188255890082703,0.194724220966719,0.140279459933373,0.143840891542185
530,0.440791745314472,0.242414171861771,0.229493730258852,0.226165913043895,0.183967824035887,0.162235816543637
339,0.427580548847338,0.217294683481912,0.196066256873814,0.223704949036996,0.140279459933373,0.148801114525785
430,0.427580548847338,0.258711437790672,0.232872971194181,0.196066256873814,0.204454144375473,0.198798498578782
423,0.374722731821464,0.177624558944457,0.181605650010004,0.208860644258667,0.140279459933373,0.152256565618780
509,0.451106215483896,0.236301613614802,0.205907447843523,0.211875157547888,0.140279459933373,0.145018731380577
438,0.420938564569721,0.193398287644562,0.213405068833102,0.214949882112267,0.152618104976752,0.140279459933373
427,0.426633199381427,0.207376318697083,0.200188610986799,0.213405068833102,0.163123316426449,0.184568357977156
384,0.476195411202944,0.296006914761259,0.283362392853609,0.232023448734304,0.196743303664015,0.187631241909896
360,0.391223565654671,0.192741366843982,0.206639944148685,0.161362102255135,0.140279459933373,0.152618104976752
437,0.407579902497849,0.205907447843523,0.200188610986799,0.196743303664015,0.161362102255135,0.149807763529887
367,0.430419611243593,0.216509434133377,0.222081350052879,0.172787005806565,0.167291481291287,0.150148946700048
467,0.426633199381427,0.232023448734304,0.205907447843523,0.182778757451073,0.147497624383717,0.151542367809210
416,0.429473753439024,0.168257318749387,0.174364837136968,0.159237162188545,0.153720720340875,0.140279459933373
502,0.424736999725661,0.214175622695954,0.198798498578782,0.188255890082703,0.192741366843982,0.150492979148870
289,0.39218977751084,0.213405068833102,0.192088479379025,0.206639944148685,0.182190212262849,0.145928733232941
873,0.501907959152939,0.291125967010989,0.260567046745838,0.218083551882790,0.213405068833102,0.157597013980819
396,0.433254223593108,0.245075200706715,0.247759640188542,0.185781454960399,0.177624558944457,0.164024746412181
570,0.443610401564419,0.224521889216861,0.216509434133377,0.166814026627726,0.174898448025698,0.140279459933373
427,0.404704249910189,0.197424363331222,0.222081350052879,0.164480729737195,0.183371292540019,0.140279459933373
522,0.40566331506169,0.257786672914962,0.266179795115631,0.243298519444439,0.198798498578782,0.140279459933373
395,0.427580548847338,0.191439626593958,0.195393227873188,0.218083551882790,0.150492979148870,0.144720505822661
360,0.418084423539314,0.198109430350217,0.214949882112267,0.175977245746161,0.169733635746363,0.140279459933373
408,0.435141512434088,0.209608564537159,0.207376318697083,0.194724220966719,0.158822198286243,0.140279459933373
311,0.408537424783786,0.203016510694019,0.214175622695954,0.184568357977156,0.164480729737195,0.159237162188545
350,0.454843116219575,0.218876016213984,0.182190212262849,0.229493730258852,0.140279459933373,0.140279459933373
492,0.424736999725661,0.194724220966719,0.231177046607856,0.158002143279100,0.149133866930996,0.140279459933373
414,0.419987692000204,0.192088479379025,0.214949882112267,0.198798498578782,0.140279459933373,0.140539522938054
372,0.378617765257579,0.196743303664015,0.204454144375473,0.181025063276694,0.143266847840142,0.154850743467635
329,0.40662186593712,0.214949882112267,0.198109430350217,0.190794809258731,0.164940248736627,0.140279459933373
607,0.444549008408857,0.248659484023583,0.221274744825972,0.185172899926102,0.183967824035887,0.140279459933373
326,0.419987692000204,0.185781454960399,0.222081350052879,0.174364837136968,0.154470991130581,0.140279459933373
321,0.345300444024283,0.152256565618780,0.187631241909896,0.197424363331222,0.140279459933373,0.143840891542185
461,0.40662186593712,0.208860644258667,0.222081350052879,0.184568357977156,0.162677834203278,0.173835068385563
595,0.493674279807102,0.26336509235663,0.208860644258667,0.201594638931909,0.140279459933373,0.143840891542185
430,0.438910260048710,0.218876016213984,0.245967461561916,0.161797245314680,0.175977245746161,0.140279459933373
319,0.478964395469008,0.213405068833102,0.218876016213984,0.181605650010004,0.147178535004063,0.168745733831007
394,0.439851241970584,0.227823271636467,0.217294683481912,0.196066256873814,0.174364837136968,0.149807763529887
459,0.436084425669404,0.222891426963376,0.225342219919308,0.195393227873188,0.170736402643872,0.140279459933373
359,0.412362374614871,0.228656878414890,0.229493730258852,0.198798498578782,0.181605650010004,0.143552645462116
412,0.40182397040703,0.236301613614802,0.208116557082828,0.203016510694019,0.140279459933373,0.144720505822661
411,0.429473753439024,0.232023448734304,0.222891426963376,0.174898448025698,0.149133866930996,0.140279459933373
522,0.448298759169222,0.226165913043895,0.209608564537159,0.182778757451073,0.187010622123131,0.140279459933373
590,0.457641082102348,0.237166246337142,0.215727826366646,0.182190212262849,0.156008702799071,0.140279459933373
495,0.452041119617036,0.219672052767678,0.212638240623736,0.180448444205294,0.173309128978783,0.157597013980819
463,0.429473753439024,0.217294683481912,0.203733362812729,0.165403320798019,0.171243398019944,0.140279459933373
580,0.488169238277247,0.261497815323131,0.206639944148685,0.208860644258667,0.145018731380577,0.140279459933373
403,0.455776216619560,0.272806580486754,0.214175622695954,0.234581247743386,0.154094323280450,0.140279459933373
565,0.488169238277247,0.255943411389996,0.217294683481912,0.236301613614802,0.187631241909896,0.166814026627726
424,0.470646634478409,0.250466494772263,0.23033379664679,0.200188610986799,0.182190212262849,0.140279459933373
457,0.435141512434088,0.190154027575454,0.207376318697083,0.200889639762023,0.154470991130581,0.140279459933373
383,0.416179118323367,0.222891426963376,0.237166246337142,0.205178843545358,0.165403320798019,0.140279459933373
477,0.439851241970584,0.218083551882790,0.190794809258731,0.178181472416481,0.156400988328558,0.140279459933373
385,0.404704249910189,0.23977753355553,0.232872971194181,0.188255890082703,0.190154027575454,0.159655442358187
388,0.425685350085428,0.227823271636467,0.218083551882790,0.189517281185082,0.156400988328558,0.165403320798019
436,0.425685350085428,0.233725581744281,0.249561781327291,0.225342219919308,0.218083551882790,0.142702524367706
478,0.428527399760189,0.192741366843982,0.198109430350217,0.211875157547888,0.156008702799071,0.150839880430613
492,0.454843116219575,0.235439936165745,0.203733362812729,0.250466494772263,0.156008702799071,0.170736402643872
319,0.434198112267997,0.190154027575454,0.201594638931909,0.185781454960399,0.140279459933373,0.154094323280450
410,0.444549008408857,0.188255890082703,0.187010622123131,0.179875784505171,0.164940248736627,0.156008702799071
417,0.369843682925459,0.16634019279706,0.226992939983781,0.192088479379025,0.178742307944130,0.149133866930996
305,0.410450927071570,0.182190212262849,0.210360301592275,0.184568357977156,0.140279459933373,0.151542367809210
338,0.461365530470573,0.195393227873188,0.227823271636467,0.170233153496669,0.140279459933373,0.140279459933373
456,0.432309844864813,0.195393227873188,0.226992939983781,0.159237162188545,0.171243398019944,0.153350162717428
585,0.485411763012758,0.289179343702615,0.252283020211930,0.214949882112267,0.203016510694019,0.157597013980819
472,0.430419611243593,0.205178843545358,0.235439936165745,0.186394027664835,0.149133866930996,0.171754154191287
239,0.336419918223748,0.155233599845476,0.196743303664015,0.269010148553487,0.404704249910189,0.191439626593958
350,0.417132025922147,0.198109430350217,0.188255890082703,0.240653643199231,0.149133866930996,0.151189670120080
368,0.402784577338547,0.185781454960399,0.208860644258667,0.175977245746161,0.180448444205294,0.140279459933373
372,0.43702685358426,0.200188610986799,0.245075200706715,0.169237834303805,0.210360301592275,0.153720720340875
312,0.426633199381427,0.209608564537159,0.226992939983781,0.160930368981928,0.177071557205383,0.150839880430613
405,0.41331732873535,0.211875157547888,0.216509434133377,0.153720720340875,0.177071557205383,0.140279459933373
461,0.442671323317129,0.214175622695954,0.214175622695954,0.213405068833102,0.149469410107982,0.148143904307162
298,0.397013246974146,0.203016510694019,0.189517281185082,0.198798498578782,0.161362102255135,0.140279459933373
503,0.442671323317129,0.214949882112267,0.219672052767678,0.175977245746161,0.171243398019944,0.167772573247934
416,0.442671323317129,0.217294683481912,0.240653643199231,0.209608564537159,0.160077057692081,0.147819407725247
633,0.498252004317859,0.269956905233921,0.214175622695954,0.202303599215116,0.185172899926102,0.140801836156987
325,0.40182397040703,0.205907447843523,0.238033800236652,0.171243398019944,0.218083551882790,0.160930368981928
674,0.50099448051522,0.248659484023583,0.211875157547888,0.235439936165745,0.172787005806565,0.164480729737195
511,0.442671323317129,0.279506090033501,0.280468392646033,0.183371292540019,0.203016510694019,0.162235816543637
537,0.423788147113161,0.204454144375473,0.215727826366646,0.171243398019944,0.207376318697083,0.140279459933373
532,0.446424815327873,0.261497815323131,0.195393227873188,0.211115838461421,0.149133866930996,0.165869963138432
419,0.426633199381427,0.206639944148685,0.229493730258852,0.181605650010004,0.182190212262849,0.160077057692081
447,0.436084425669404,0.189517281185082,0.190154027575454,0.175435913518267,0.173835068385563,0.140279459933373
400,0.402784577338547,0.218083551882790,0.202303599215116,0.151189670120080,0.189517281185082,0.140279459933373
533,0.451106215483896,0.211115838461421,0.196066256873814,0.175435913518267,0.176522456496951,0.140279459933373
544,0.419036311953547,0.199491561253654,0.226165913043895,0.201594638931909,0.166814026627726,0.177624558944457
382,0.391223565654671,0.174898448025698,0.222891426963376,0.184568357977156,0.140279459933373,0.140279459933373
429,0.427580548847338,0.213405068833102,0.210360301592275,0.188884569174318,0.182190212262849,0.148471133452426
354,0.435141512434088,0.182778757451073,0.209608564537159,0.219672052767678,0.296985336054750,0.157597013980819
449,0.42188893060604,0.209608564537159,0.198109430350217,0.214175622695954,0.177071557205383,0.169237834303805
312,0.450170855356869,0.194724220966719,0.211875157547888,0.218083551882790,0.228656878414890,0.172787005806565
359,0.473422844172892,0.204454144375473,0.199491561253654,0.174364837136968,0.140279459933373,0.140279459933373
473,0.463225147278761,0.264301525715948,0.231177046607856,0.206639944148685,0.140279459933373,0.150492979148870
396,0.410450927071570,0.200889639762023,0.238904240888872,0.140279459933373,0.197424363331222,0.140279459933373
505,0.437968797820157,0.256863984839407,0.225342219919308,0.214949882112267,0.143552645462116,0.140279459933373
406,0.385415796280043,0.204454144375473,0.210360301592275,0.216509434133377,0.16357228121085,0.140279459933373
466,0.43702685358426,0.218876016213984,0.208860644258667,0.185781454960399,0.165869963138432,0.154850743467635
410,0.39893907178823,0.183371292540019,0.205907447843523,0.159237162188545,0.162235816543637,0.168257318749387
407,0.455776216619560,0.221274744825972,0.224521889216861,0.154850743467635,0.170736402643872,0.147178535004063
411,0.42188893060604,0.190794809258731,0.196743303664015,0.179307075461499,0.173309128978783,0.156796455796649
501,0.437968797820157,0.236301613614802,0.23033379664679,0.246862287018223,0.187010622123131,0.140279459933373
434,0.41331732873535,0.232872971194181,0.220471637257467,0.142702524367706,0.173309128978783,0.143552645462116
472,0.439851241970584,0.206639944148685,0.265239772398733,0.146548361254107,0.153720720340875,0.163123316426449
426,0.486331294331022,0.23033379664679,0.236301613614802,0.175435913518267,0.140279459933373,0.140279459933373
404,0.430419611243593,0.221274744825972,0.193398287644562,0.210360301592275,0.164940248736627,0.140279459933373
324,0.382505251364152,0.173835068385563,0.193398287644562,0.189517281185082,0.146548361254107,0.140279459933373
379,0.41331732873535,0.197424363331222,0.188884569174318,0.218083551882790,0.167291481291287,0.164480729737195
404,0.385415796280043,0.204454144375473,0.187631241909896,0.176522456496951,0.164940248736627,0.140279459933373
299,0.418084423539314,0.203016510694019,0.190154027575454,0.173835068385563,0.176522456496951,0.171243398019944
521,0.442671323317129,0.229493730258852,0.232872971194181,0.16357228121085,0.143840891542185,0.140279459933373
492,0.431364974573073,0.226992939983781,0.255024990396885,0.150148946700048,0.193398287644562,0.147178535004063
541,0.508293008226672,0.232023448734304,0.219672052767678,0.195393227873188,0.165403320798019,0.140279459933373
454,0.424736999725661,0.203016510694019,0.238033800236652,0.191439626593958,0.154850743467635,0.140279459933373
431,0.480808424194665,0.219672052767678,0.193398287644562,0.178742307944130,0.140279459933373,0.140279459933373
320,0.388321919900050,0.194059239855938,0.240653643199231,0.152618104976752,0.140279459933373,0.140279459933373
499,0.422838791105066,0.245967461561916,0.214949882112267,0.205178843545358,0.173309128978783,0.170233153496669
351,0.381534098529382,0.205907447843523,0.200188610986799,0.201594638931909,0.147819407725247,0.181025063276694
342,0.397976414823837,0.208116557082828,0.198798498578782,0.158002143279100,0.161362102255135,0.148801114525785
492,0.4964219650051,0.316661303992259,0.288207386188063,0.209608564537159,0.219672052767678,0.174364837136968
461,0.418084423539314,0.218083551882790,0.185172899926102,0.187010622123131,0.152256565618780,0.140279459933373
420,0.433254223593108,0.245075200706715,0.198798498578782,0.191439626593958,0.158822198286243,0.166814026627726
390,0.39218977751084,0.227823271636467,0.223704949036996,0.168257318749387,0.197424363331222,0.162677834203278
392,0.408537424783786,0.233725581744281,0.209608564537159,0.227823271636467,0.156796455796649,0.148471133452426
549,0.457641082102348,0.221274744825972,0.203016510694019,0.163123316426449,0.169237834303805,0.140279459933373
401,0.433254223593108,0.255943411389996,0.23977753355553,0.215727826366646,0.200188610986799,0.201594638931909
366,0.387353706987488,0.156796455796649,0.160930368981928,0.198109430350217,0.144720505822661,0.140279459933373
478,0.465083048709257,0.257786672914962,0.220471637257467,0.177071557205383,0.176522456496951,0.158002143279100
240,0.425685350085428,0.228656878414890,0.204454144375473,0.265239772398733,0.362014841934518,0.150839880430613
495,0.483571570595327,0.319623752397046,0.293075998312143,0.209608564537159,0.227823271636467,0.140279459933373
374,0.384446102799712,0.169237834303805,0.191439626593958,0.145018731380577,0.184568357977156,0.141602453589765
502,0.465083048709257,0.229493730258852,0.228656878414890,0.183371292540019,0.141602453589765,0.162235816543637
333,0.490005705397473,0.244185541162083,0.253194757033311,0.181025063276694,0.150839880430613,0.143552645462116
413,0.353177756395209,0.181605650010004,0.196066256873814,0.182778757451073,0.223704949036996,0.140279459933373
378,0.412362374614871,0.189517281185082,0.157597013980819,0.249561781327291,0.175977245746161,0.173309128978783
452,0.438910260048710,0.23033379664679,0.211875157547888,0.217294683481912,0.16357228121085,0.143840891542185
382,0.461365530470573,0.247759640188542,0.249561781327291,0.249561781327291,0.336419918223748,0.179875784505171
336,0.394120687044045,0.176522456496951,0.185172899926102,0.181025063276694,0.156796455796649,0.151189670120080
307,0.42188893060604,0.181025063276694,0.182190212262849,0.151897993103576,0.155233599845476,0.140279459933373
562,0.463225147278761,0.258711437790672,0.178742307944130,0.255024990396885,0.200188610986799,0.169733635746363
408,0.444549008408857,0.220471637257467,0.182778757451073,0.200188610986799,0.167291481291287,0.144424803121843
459,0.471572446139952,0.203016510694019,0.211875157547888,0.140279459933373,0.156400988328558,0.149133866930996
439,0.414271770359505,0.208116557082828,0.231177046607856,0.201594638931909,0.143266847840142,0.149133866930996
402,0.399901217123282,0.209608564537159,0.219672052767678,0.172268685450245,0.163123316426449,0.140279459933373
460,0.443610401564419,0.195393227873188,0.198798498578782,0.179307075461499,0.140279459933373,0.156008702799071
466,0.454843116219575,0.181025063276694,0.178181472416481,0.183967824035887,0.140279459933373,0.164024746412181
470,0.466939252082330,0.281431899695417,0.253194757033311,0.211115838461421,0.173835068385563,0.140279459933373
271,0.463225147278761,0.213405068833102,0.226165913043895,0.203733362812729,0.149469410107982,0.147819407725247
423,0.433254223593108,0.211875157547888,0.222081350052879,0.203733362812729,0.140279459933373,0.140279459933373
263,0.410450927071570,0.205178843545358,0.198798498578782,0.220471637257467,0.154850743467635,0.140279459933373
336,0.339381807952053,0.187010622123131,0.197424363331222,0.178181472416481,0.16357228121085,0.150492979148870
434,0.444549008408857,0.214175622695954,0.222891426963376,0.196066256873814,0.144424803121843,0.163123316426449
467,0.443610401564419,0.236301613614802,0.264301525715948,0.145319498566922,0.158822198286243,0.140279459933373
387,0.429473753439024,0.232872971194181,0.226165913043895,0.217294683481912,0.168745733831007,0.179307075461499
428,0.458572851358513,0.196743303664015,0.190154027575454,0.193398287644562,0.150148946700048,0.140539522938054
424,0.373747820375976,0.207376318697083,0.214175622695954,0.250466494772263,0.296006914761259,0.149807763529887
368,0.341355528691973,0.169733635746363,0.209608564537159,0.176522456496951,0.201594638931909,0.185781454960399
408,0.415225700022613,0.173835068385563,0.182778757451073,0.198798498578782,0.144720505822661,0.140279459933373
530,0.436084425669404,0.203016510694019,0.221274744825972,0.197424363331222,0.140279459933373,0.141333283747465
476,0.385415796280043,0.183967824035887,0.200889639762023,0.232872971194181,0.162677834203278,0.151897993103576
494,0.437968797820157,0.205178843545358,0.207376318697083,0.198109430350217,0.149807763529887,0.143840891542185
335,0.428527399760189,0.175435913518267,0.201594638931909,0.231177046607856,0.147497624383717,0.160502026996677
412,0.400862850180983,0.181605650010004,0.210360301592275,0.198109430350217,0.154094323280450,0.140279459933373
362,0.42188893060604,0.209608564537159,0.222891426963376,0.161797245314680,0.190794809258731,0.147819407725247
421,0.440791745314472,0.193398287644562,0.245075200706715,0.166814026627726,0.155619579790919,0.147178535004063
455,0.414271770359505,0.194059239855938,0.257786672914962,0.140279459933373,0.190154027575454,0.140279459933373
348,0.407579902497849,0.205907447843523,0.217294683481912,0.190794809258731,0.167772573247934,0.140279459933373
385,0.40566331506169,0.244185541162083,0.223704949036996,0.211115838461421,0.218083551882790,0.181605650010004
426,0.418084423539314,0.216509434133377,0.220471637257467,0.173309128978783,0.167772573247934,0.146237238572002
458,0.428527399760189,0.235439936165745,0.232872971194181,0.152256565618780,0.205907447843523,0.157597013980819
466,0.442671323317129,0.222891426963376,0.211875157547888,0.187010622123131,0.146548361254107,0.193398287644562
457,0.427580548847338,0.197424363331222,0.205907447843523,0.194724220966719,0.140279459933373,0.141066417195949
411,0.443610401564419,0.194724220966719,0.222081350052879,0.149469410107982,0.152618104976752,0.150492979148870
251,0.341355528691973,0.155233599845476,0.217294683481912,0.152982630801945,0.186394027664835,0.172787005806565
446,0.414271770359505,0.179875784505171,0.226165913043895,0.167291481291287,0.183967824035887,0.140279459933373
561,0.426633199381427,0.206639944148685,0.205907447843523,0.177624558944457,0.183371292540019,0.140279459933373
442,0.422838791105066,0.232872971194181,0.214175622695954,0.205178843545358,0.174898448025698,0.179307075461499
530,0.464154311336516,0.240653643199231,0.222891426963376,0.150492979148870,0.166814026627726,0.140279459933373
386,0.379590352485876,0.177071557205383,0.206639944148685,0.173835068385563,0.179307075461499,0.142702524367706
410,0.411406907527978,0.203016510694019,0.232023448734304,0.150148946700048,0.191439626593958,0.142702524367706
401,0.409494432911366,0.190794809258731,0.255024990396885,0.140279459933373,0.205178843545358,0.170736402643872
529,0.41331732873535,0.23977753355553,0.196743303664015,0.216509434133377,0.150148946700048,0.166814026627726
467,0.435141512434088,0.220471637257467,0.241532534498303,0.174364837136968,0.176522456496951,0.142702524367706
425,0.446424815327873,0.219672052767678,0.188884569174318,0.250466494772263,0.160930368981928,0.171243398019944
507,0.446424815327873,0.224521889216861,0.229493730258852,0.175435913518267,0.167772573247934,0.140279459933373
396,0.437968797820157,0.189517281185082,0.234581247743386,0.192741366843982,0.185781454960399,0.156400988328558
313,0.409494432911366,0.218083551882790,0.164940248736627,0.238904240888872,0.207376318697083,0.151189670120080
390,0.416179118323367,0.203016510694019,0.222891426963376,0.225342219919308,0.144720505822661,0.16634019279706
450,0.399901217123282,0.194059239855938,0.219672052767678,0.190154027575454,0.140279459933373,0.140279459933373
368,0.40566331506169,0.197424363331222,0.212638240623736,0.229493730258852,0.200188610986799,0.192088479379025
428,0.428527399760189,0.183967824035887,0.205907447843523,0.187010622123131,0.141602453589765,0.146237238572002
219,0.399901217123282,0.214949882112267,0.214175622695954,0.308771540986705,0.389289635189169,0.175435913518267
324,0.347271459448055,0.164024746412181,0.181605650010004,0.163123316426449,0.140539522938054,0.140279459933373
473,0.453909567952752,0.248659484023583,0.269010148553487,0.169237834303805,0.175435913518267,0.183371292540019
325,0.444549008408857,0.240653643199231,0.196743303664015,0.390256851013871,0.517387345588464,0.273759486818862
434,0.443610401564419,0.237166246337142,0.182778757451073,0.206639944148685,0.167291481291287,0.140279459933373
369,0.466011361565902,0.241532534498303,0.181025063276694,0.218083551882790,0.162677834203278,0.156008702799071
398,0.423788147113161,0.207376318697083,0.235439936165745,0.203733362812729,0.140279459933373,0.157195124574254
469,0.450170855356869,0.23033379664679,0.225342219919308,0.164940248736627,0.221274744825972,0.160930368981928
495,0.448298759169222,0.237166246337142,0.196743303664015,0.142423961905656,0.145928733232941,0.160077057692081
477,0.432309844864813,0.201594638931909,0.193398287644562,0.177071557205383,0.142147774681471,0.156796455796649
285,0.420938564569721,0.183371292540019,0.218083551882790,0.155619579790919,0.152618104976752,0.140279459933373
422,0.39604956908159,0.210360301592275,0.221274744825972,0.170736402643872,0.180448444205294,0.161362102255135
736,0.461365530470573,0.218876016213984,0.207376318697083,0.195393227873188,0.157597013980819,0.140279459933373
238,0.433254223593108,0.192088479379025,0.208860644258667,0.168745733831007,0.140279459933373,0.146237238572002
559,0.470646634478409,0.224521889216861,0.205178843545358,0.221274744825972,0.152256565618780,0.141066417195949
395,0.380562464597876,0.153720720340875,0.209608564537159,0.187631241909896,0.150148946700048,0.140279459933373
431,0.470646634478409,0.248659484023583,0.242414171861771,0.198109430350217,0.208116557082828,0.145319498566922
568,0.464154311336516,0.232023448734304,0.210360301592275,0.244185541162083,0.140279459933373,0.140279459933373
487,0.423788147113161,0.225342219919308,0.190794809258731,0.194059239855938,0.149469410107982,0.162677834203278
313,0.428527399760189,0.210360301592275,0.233725581744281,0.211115838461421,0.156008702799071,0.157597013980819
527,0.466939252082330,0.276626749501763,0.222081350052879,0.221274744825972,0.152982630801945,0.141333283747465
411,0.430419611243593,0.232023448734304,0.202303599215116,0.190794809258731,0.177624558944457,0.173835068385563
451,0.469720411442728,0.242414171861771,0.254108759679802,0.161797245314680,0.140279459933373,0.140279459933373
526,0.434198112267997,0.236301613614802,0.207376318697083,0.222891426963376,0.140279459933373,0.167291481291287
259,0.359072414588444,0.218876016213984,0.213405068833102,0.215727826366646,0.236301613614802,0.140279459933373
426,0.430419611243593,0.215727826366646,0.256863984839407,0.143266847840142,0.166814026627726,0.140279459933373
257,0.354161056920203,0.172268685450245,0.179875784505171,0.187010622123131,0.163123316426449,0.140279459933373
288,0.470646634478409,0.16634019279706,0.182778757451073,0.190154027575454,0.160502026996677,0.149469410107982
424,0.436084425669404,0.204454144375473,0.200188610986799,0.200889639762023,0.158822198286243,0.161797245314680
453,0.436084425669404,0.226992939983781,0.238033800236652,0.154094323280450,0.156008702799071,0.140279459933373
340,0.447362019176649,0.202303599215116,0.243298519444439,0.162235816543637,0.174898448025698,0.156796455796649
381,0.414271770359505,0.194724220966719,0.215727826366646,0.173835068385563,0.159655442358187,0.140279459933373
169,0.277585234113443,0.169733635746363,0.166814026627726,0.214949882112267,0.140279459933373,0.154470991130581
441,0.479886604427388,0.269956905233921,0.277585234113443,0.187010622123131,0.188255890082703,0.140279459933373
464,0.458572851358513,0.206639944148685,0.154094323280450,0.184568357977156,0.140279459933373,0.145622826217966
837,0.487250452013843,0.269956905233921,0.220471637257467,0.209608564537159,0.140279459933373,0.140279459933373
505,0.459504181093247,0.249561781327291,0.249561781327291,0.188884569174318,0.23033379664679,0.210360301592275
474,0.437968797820157,0.192741366843982,0.210360301592275,0.158002143279100,0.215727826366646,0.140279459933373
414,0.397976414823837,0.211115838461421,0.179875784505171,0.193398287644562,0.164940248736627,0.140279459933373
468,0.466939252082330,0.243298519444439,0.238033800236652,0.205907447843523,0.176522456496951,0.140279459933373
340,0.363974517009122,0.186394027664835,0.177624558944457,0.214175622695954,0.140279459933373,0.164940248736627
319,0.439851241970584,0.182778757451073,0.198109430350217,0.172268685450245,0.184568357977156,0.140279459933373
396,0.443610401564419,0.199491561253654,0.232872971194181,0.178742307944130,0.160077057692081,0.169237834303805
410,0.407579902497849,0.197424363331222,0.210360301592275,0.155233599845476,0.176522456496951,0.156008702799071
312,0.459504181093247,0.245075200706715,0.238033800236652,0.206639944148685,0.165403320798019,0.14298348025674
311,0.437968797820157,0.220471637257467,0.207376318697083,0.210360301592275,0.164024746412181,0.179875784505171
412,0.407579902497849,0.214949882112267,0.234581247743386,0.172787005806565,0.156400988328558,0.140279459933373
478,0.452041119617036,0.228656878414890,0.251373586915138,0.152256565618780,0.180448444205294,0.196066256873814
522,0.512844066957349,0.288207386188063,0.286266334773665,0.232023448734304,0.182190212262849,0.169237834303805
412,0.391223565654671,0.177624558944457,0.232872971194181,0.149133866930996,0.151897993103576,0.142702524367706
470,0.416179118323367,0.207376318697083,0.238904240888872,0.175435913518267,0.144424803121843,0.140279459933373
416,0.352194131843378,0.203016510694019,0.190794809258731,0.241532534498303,0.294052217151829,0.140279459933373
446,0.43702685358426,0.240653643199231,0.223704949036996,0.201594638931909,0.140279459933373,0.140279459933373
344,0.429473753439024,0.174364837136968,0.199491561253654,0.158410531669826,0.150492979148870,0.140279459933373
444,0.455776216619560,0.225342219919308,0.231177046607856,0.149807763529887,0.150492979148870,0.140279459933373
547,0.432309844864813,0.222081350052879,0.206639944148685,0.200889639762023,0.140279459933373,0.140279459933373
482,0.457641082102348,0.243298519444439,0.204454144375473,0.156796455796649,0.153720720340875,0.156796455796649
370,0.417132025922147,0.185781454960399,0.214175622695954,0.225342219919308,0.140279459933373,0.140279459933373
481,0.451106215483896,0.232023448734304,0.238904240888872,0.158002143279100,0.182190212262849,0.148143904307162
500,0.460435073421994,0.211115838461421,0.243298519444439,0.188884569174318,0.149469410107982,0.148143904307162
518,0.395085382089401,0.190794809258731,0.208860644258667,0.187010622123131,0.171243398019944,0.141066417195949
437,0.435141512434088,0.199491561253654,0.247759640188542,0.141602453589765,0.178181472416481,0.164940248736627
381,0.41331732873535,0.197424363331222,0.188255890082703,0.178181472416481,0.171243398019944,0.143266847840142
357,0.410450927071570,0.187010622123131,0.188255890082703,0.181605650010004,0.150492979148870,0.140279459933373
374,0.426633199381427,0.198798498578782,0.229493730258852,0.170736402643872,0.146548361254107,0.143840891542185
567,0.470646634478409,0.234581247743386,0.231177046607856,0.166814026627726,0.190794809258731,0.167291481291287
420,0.427580548847338,0.188255890082703,0.189517281185082,0.213405068833102,0.220471637257467,0.144720505822661
329,0.419036311953547,0.190154027575454,0.205178843545358,0.193398287644562,0.188884569174318,0.159237162188545
599,0.457641082102348,0.256863984839407,0.183371292540019,0.205907447843523,0.185172899926102,0.152982630801945
410,0.410450927071570,0.216509434133377,0.205178843545358,0.176522456496951,0.148471133452426,0.159655442358187
279,0.420938564569721,0.165869963138432,0.210360301592275,0.198109430350217,0.141873944585676,0.142702524367706
481,0.42188893060604,0.237166246337142,0.237166246337142,0.208860644258667,0.176522456496951,0.145928733232941
519,0.451106215483896,0.222891426963376,0.238033800236652,0.192741366843982,0.182778757451073,0.140279459933373
631,0.511024591546248,0.311728055196152,0.285297304030371,0.247759640188542,0.208116557082828,0.140279459933373
480,0.43702685358426,0.237166246337142,0.23977753355553,0.203733362812729,0.153350162717428,0.145018731380577
321,0.422838791105066,0.214949882112267,0.218876016213984,0.211875157547888,0.156008702799071,0.150148946700048
394,0.490005705397473,0.274713840722163,0.244185541162083,0.247759640188542,0.165403320798019,0.172268685450245
413,0.423788147113161,0.227823271636467,0.214175622695954,0.187010622123131,0.155233599845476,0.161797245314680
392,0.404704249910189,0.181605650010004,0.174364837136968,0.215727826366646,0.140279459933373,0.140279459933373
244,0.444549008408857,0.192741366843982,0.212638240623736,0.140279459933373,0.16634019279706,0.148801114525785
433,0.41331732873535,0.183967824035887,0.195393227873188,0.216509434133377,0.159237162188545,0.145319498566922
300,0.39218977751084,0.266179795115631,0.202303599215116,0.279506090033501,0.249561781327291,0.163123316426449
479,0.417132025922147,0.194059239855938,0.235439936165745,0.179875784505171,0.140279459933373,0.147497624383717
403,0.433254223593108,0.232023448734304,0.208116557082828,0.193398287644562,0.180448444205294,0.167772573247934
428,0.426633199381427,0.198798498578782,0.23033379664679,0.188255890082703,0.144424803121843,0.151542367809210
447,0.448298759169222,0.236301613614802,0.255024990396885,0.197424363331222,0.164940248736627,0.147497624383717
456,0.427580548847338,0.214949882112267,0.221274744825972,0.163123316426449,0.171754154191287,0.145622826217966
393,0.41331732873535,0.210360301592275,0.243298519444439,0.154094323280450,0.188884569174318,0.141602453589765
336,0.379590352485876,0.198109430350217,0.188255890082703,0.238904240888872,0.300905518027404,0.158002143279100
394,0.412362374614871,0.216509434133377,0.181025063276694,0.232023448734304,0.140279459933373,0.158410531669826
514,0.478964395469008,0.242414171861771,0.247759640188542,0.224521889216861,0.172787005806565,0.173309128978783
495,0.431364974573073,0.220471637257467,0.211115838461421,0.188884569174318,0.152618104976752,0.14298348025674
471,0.445487145704544,0.256863984839407,0.226992939983781,0.208860644258667,0.271855157449252,0.140279459933373
382,0.40566331506169,0.192741366843982,0.215727826366646,0.162677834203278,0.187631241909896,0.140279459933373
302,0.44923503724365,0.188255890082703,0.190154027575454,0.192088479379025,0.174364837136968,0.158002143279100
422,0.465083048709257,0.203733362812729,0.246862287018223,0.147497624383717,0.160930368981928,0.155619579790919
321,0.479886604427388,0.380562464597876,0.316661303992259,0.337407372460796,0.326539995183568,0.172268685450245
314,0.399901217123282,0.183967824035887,0.199491561253654,0.178742307944130,0.164940248736627,0.146862120354825
427,0.395085382089401,0.202303599215116,0.207376318697083,0.188255890082703,0.171243398019944,0.150839880430613
464,0.443610401564419,0.211875157547888,0.205178843545358,0.157597013980819,0.171754154191287,0.157195124574254
204,0.40182397040703,0.166814026627726,0.168257318749387,0.384446102799712,0.510114381882143,0.270905253648299
456,0.458572851358513,0.241532534498303,0.235439936165745,0.208116557082828,0.181605650010004,0.177071557205383
333,0.370820382306947,0.198109430350217,0.232023448734304,0.262430509724191,0.348256569656263,0.169733635746363
585,0.516479299936916,0.246862287018223,0.260567046745838,0.203733362812729,0.194724220966719,0.144131604573628
351,0.382505251364152,0.182778757451073,0.214949882112267,0.152618104976752,0.157195124574254,0.16357228121085
471,0.403744670601839,0.220471637257467,0.221274744825972,0.196066256873814,0.251373586915138,0.140279459933373
466,0.439851241970584,0.229493730258852,0.229493730258852,0.218876016213984,0.140279459933373,0.149133866930996
366,0.419036311953547,0.181025063276694,0.243298519444439,0.195393227873188,0.187010622123131,0.165869963138432
432,0.448298759169222,0.222081350052879,0.215727826366646,0.167291481291287,0.187010622123131,0.140279459933373
431,0.468793774829766,0.214949882112267,0.191439626593958,0.214175622695954,0.168745733831007,0.147497624383717
488,0.415225700022613,0.226165913043895,0.235439936165745,0.154094323280450,0.164940248736627,0.156008702799071
449,0.443610401564419,0.228656878414890,0.172268685450245,0.221274744825972,0.172787005806565,0.151897993103576
590,0.450170855356869,0.247759640188542,0.264301525715948,0.226992939983781,0.183371292540019,0.173835068385563
408,0.420938564569721,0.198798498578782,0.185172899926102,0.194059239855938,0.159655442358187,0.140279459933373
433,0.428527399760189,0.199491561253654,0.218876016213984,0.157195124574254,0.140279459933373,0.162235816543637
537,0.457641082102348,0.224521889216861,0.235439936165745,0.184568357977156,0.152618104976752,0.151897993103576
402,0.433254223593108,0.199491561253654,0.234581247743386,0.140279459933373,0.188255890082703,0.140279459933373
468,0.451106215483896,0.26336509235663,0.218876016213984,0.194059239855938,0.177071557205383,0.156008702799071
389,0.388321919900050,0.222081350052879,0.205907447843523,0.271855157449252,0.354161056920203,0.170233153496669
407,0.448298759169222,0.212638240623736,0.211115838461421,0.174364837136968,0.154850743467635,0.140279459933373
378,0.377644706128292,0.182778757451073,0.194724220966719,0.154850743467635,0.167772573247934,0.151897993103576
384,0.400862850180983,0.235439936165745,0.243298519444439,0.253194757033311,0.290152214217331,0.194059239855938
362,0.412362374614871,0.183371292540019,0.198109430350217,0.298944182722262,0.408537424783786,0.205907447843523
257,0.466011361565902,0.236301613614802,0.203016510694019,0.229493730258852,0.191439626593958,0.140279459933373
609,0.5390946884908,0.275669606701894,0.255024990396885,0.256863984839407,0.147819407725247,0.172787005806565
340,0.420938564569721,0.178181472416481,0.199491561253654,0.172268685450245,0.166814026627726,0.140279459933373
435,0.465083048709257,0.211115838461421,0.203016510694019,0.172268685450245,0.188884569174318,0.140279459933373
412,0.458572851358513,0.245075200706715,0.219672052767678,0.194059239855938,0.149807763529887,0.144131604573628
510,0.440791745314472,0.235439936165745,0.208116557082828,0.177624558944457,0.188255890082703,0.140539522938054
457,0.43702685358426,0.221274744825972,0.238904240888872,0.167772573247934,0.178742307944130,0.140279459933373
542,0.463225147278761,0.203016510694019,0.183967824035887,0.196066256873814,0.152256565618780,0.140279459933373
454,0.426633199381427,0.190794809258731,0.233725581744281,0.176522456496951,0.141873944585676,0.144424803121843
318,0.40182397040703,0.211875157547888,0.214175622695954,0.170233153496669,0.196066256873814,0.140279459933373
372,0.433254223593108,0.222891426963376,0.202303599215116,0.205907447843523,0.156400988328558,0.185172899926102
397,0.410450927071570,0.192088479379025,0.198109430350217,0.175435913518267,0.159237162188545,0.183967824035887
364,0.422838791105066,0.184568357977156,0.202303599215116,0.172268685450245,0.150492979148870,0.140279459933373
442,0.412362374614871,0.234581247743386,0.178742307944130,0.191439626593958,0.176522456496951,0.179307075461499
422,0.461365530470573,0.241532534498303,0.237166246337142,0.187631241909896,0.182190212262849,0.143266847840142
367,0.379590352485876,0.202303599215116,0.206639944148685,0.185172899926102,0.177624558944457,0.160502026996677
464,0.443610401564419,0.237166246337142,0.207376318697083,0.183967824035887,0.143266847840142,0.154470991130581
457,0.414271770359505,0.234581247743386,0.180448444205294,0.198109430350217,0.178181472416481,0.140279459933373
378,0.411406907527978,0.203733362812729,0.225342219919308,0.175977245746161,0.162235816543637,0.141873944585676
493,0.437968797820157,0.200188610986799,0.211115838461421,0.189517281185082,0.151189670120080,0.164480729737195
368,0.374722731821464,0.186394027664835,0.177071557205383,0.190794809258731,0.142423961905656,0.150492979148870
423,0.393155485097713,0.196743303664015,0.211115838461421,0.218083551882790,0.166814026627726,0.184568357977156
282,0.355144025044986,0.148801114525785,0.209608564537159,0.188884569174318,0.154850743467635,0.16634019279706
841,0.533682626160806,0.303851718893881,0.278545025785751,0.183371292540019,0.198109430350217,0.140279459933373
383,0.375697185802696,0.183967824035887,0.158822198286243,0.168257318749387,0.174364837136968,0.140279459933373
700,0.498252004317859,0.282396577544332,0.271855157449252,0.145622826217966,0.206639944148685,0.140279459933373
545,0.539995796104345,0.243298519444439,0.220471637257467,0.199491561253654,0.164024746412181,0.140279459933373
433,0.397976414823837,0.208860644258667,0.197424363331222,0.183371292540019,0.161362102255135,0.140279459933373
547,0.435141512434088,0.211875157547888,0.255943411389996,0.193398287644562,0.140279459933373,0.146862120354825
405,0.422838791105066,0.182190212262849,0.234581247743386,0.188884569174318,0.162677834203278,0.16357228121085
523,0.458572851358513,0.238033800236652,0.220471637257467,0.167291481291287,0.159237162188545,0.140279459933373
445,0.409494432911366,0.237166246337142,0.233725581744281,0.224521889216861,0.162235816543637,0.165869963138432
383,0.402784577338547,0.183967824035887,0.181605650010004,0.211875157547888,0.158410531669826,0.145319498566922
490,0.435141512434088,0.208860644258667,0.232872971194181,0.192088479379025,0.196743303664015,0.157597013980819
425,0.423788147113161,0.267121556704060,0.234581247743386,0.255943411389996,0.171754154191287,0.140279459933373
421,0.471572446139952,0.245075200706715,0.238033800236652,0.165403320798019,0.178742307944130,0.140279459933373
418,0.490923390673098,0.221274744825972,0.23977753355553,0.182778757451073,0.148801114525785,0.149133866930996
711,0.426633199381427,0.266179795115631,0.194059239855938,0.260567046745838,0.207376318697083,0.168257318749387
379,0.460435073421994,0.233725581744281,0.227823271636467,0.198798498578782,0.196743303664015,0.157597013980819
448,0.390256851013871,0.214175622695954,0.219672052767678,0.197424363331222,0.168745733831007,0.140279459933373
390,0.410450927071570,0.204454144375473,0.214949882112267,0.214175622695954,0.140279459933373,0.154470991130581
452,0.39604956908159,0.227823271636467,0.231177046607856,0.177624558944457,0.164024746412181,0.167772573247934
324,0.339381807952053,0.173835068385563,0.192088479379025,0.147497624383717,0.142423961905656,0.165403320798019
438,0.448298759169222,0.222891426963376,0.220471637257467,0.198798498578782,0.144720505822661,0.144424803121843
404,0.41331732873535,0.185172899926102,0.216509434133377,0.172787005806565,0.155233599845476,0.155619579790919
311,0.35612665264182,0.196743303664015,0.218876016213984,0.156796455796649,0.178181472416481,0.143840891542185
482,0.409494432911366,0.203016510694019,0.178742307944130,0.209608564537159,0.156796455796649,0.150839880430613
423,0.478964395469008,0.254108759679802,0.234581247743386,0.224521889216861,0.191439626593958,0.182778757451073
195,0.420938564569721,0.200188610986799,0.174898448025698,0.320611530912211,0.416179118323367,0.197424363331222
374,0.384446102799712,0.194059239855938,0.196066256873814,0.182190212262849,0.180448444205294,0.143840891542185
437,0.443610401564419,0.243298519444439,0.226992939983781,0.218083551882790,0.147178535004063,0.141066417195949
459,0.448298759169222,0.233725581744281,0.254108759679802,0.192088479379025,0.176522456496951,0.163123316426449
385,0.49459052794554,0.266179795115631,0.238904240888872,0.264301525715948,0.155619579790919,0.140279459933373
455,0.463225147278761,0.250466494772263,0.224521889216861,0.179875784505171,0.150492979148870,0.140279459933373
483,0.463225147278761,0.240653643199231,0.237166246337142,0.171243398019944,0.186394027664835,0.140279459933373
439,0.438910260048710,0.211875157547888,0.226992939983781,0.195393227873188,0.140279459933373,0.147819407725247
321,0.458572851358513,0.208116557082828,0.204454144375473,0.156400988328558,0.144131604573628,0.140279459933373
456,0.414271770359505,0.200889639762023,0.240653643199231,0.164024746412181,0.170233153496669,0.140279459933373
483,0.466939252082330,0.231177046607856,0.265239772398733,0.214949882112267,0.182190212262849,0.190794809258731
448,0.394120687044045,0.172268685450245,0.188255890082703,0.176522456496951,0.16634019279706,0.140279459933373
226,0.314687276192053,0.169237834303805,0.180448444205294,0.208860644258667,0.214175622695954,0.174364837136968
393,0.451106215483896,0.227823271636467,0.250466494772263,0.181025063276694,0.175435913518267,0.140279459933373
425,0.426633199381427,0.226992939983781,0.212638240623736,0.178181472416481,0.198109430350217,0.173309128978783
345,0.378617765257579,0.159237162188545,0.213405068833102,0.162677834203278,0.172268685450245,0.154470991130581
443,0.409494432911366,0.184568357977156,0.232872971194181,0.187631241909896,0.140279459933373,0.140279459933373
533,0.457641082102348,0.212638240623736,0.164940248736627,0.192088479379025,0.177071557205383,0.140279459933373
331,0.366910990862085,0.192741366843982,0.226992939983781,0.191439626593958,0.287236372741756,0.140279459933373
372,0.408537424783786,0.246862287018223,0.248659484023583,0.179307075461499,0.207376318697083,0.171754154191287
361,0.447362019176649,0.204454144375473,0.228656878414890,0.148801114525785,0.191439626593958,0.159237162188545
243,0.313700605163659,0.178742307944130,0.210360301592275,0.156008702799071,0.227823271636467,0.140279459933373
318,0.492757675678563,0.222891426963376,0.200889639762023,0.214949882112267,0.148471133452426,0.174898448025698
286,0.412362374614871,0.208860644258667,0.195393227873188,0.175435913518267,0.148143904307162,0.140279459933373
530,0.440791745314472,0.232023448734304,0.211875157547888,0.158822198286243,0.16357228121085,0.140279459933373
396,0.377644706128292,0.192088479379025,0.204454144375473,0.210360301592275,0.140279459933373,0.166814026627726
455,0.473422844172892,0.228656878414890,0.206639944148685,0.205178843545358,0.140279459933373,0.167772573247934
453,0.415225700022613,0.201594638931909,0.161362102255135,0.232023448734304,0.140279459933373,0.140279459933373
501,0.437968797820157,0.26336509235663,0.229493730258852,0.216509434133377,0.188255890082703,0.140279459933373
436,0.39893907178823,0.198798498578782,0.223704949036996,0.208860644258667,0.146237238572002,0.141602453589765
472,0.456708871220304,0.227823271636467,0.214949882112267,0.227823271636467,0.146548361254107,0.169237834303805
351,0.383475920330798,0.154094323280450,0.171243398019944,0.163123316426449,0.140279459933373,0.171754154191287
371,0.40662186593712,0.201594638931909,0.194059239855938,0.194724220966719,0.161362102255135,0.140279459933373
436,0.415225700022613,0.23033379664679,0.232023448734304,0.178181472416481,0.155619579790919,0.140279459933373
317,0.369843682925459,0.190794809258731,0.168257318749387,0.208116557082828,0.159237162188545,0.140279459933373
347,0.352194131843378,0.211875157547888,0.194724220966719,0.237166246337142,0.140279459933373,0.167291481291287
398,0.506470348170507,0.252283020211930,0.244185541162083,0.226992939983781,0.169237834303805,0.140279459933373
370,0.347271459448055,0.194724220966719,0.194059239855938,0.184568357977156,0.177624558944457,0.140279459933373
585,0.446424815327873,0.222081350052879,0.194724220966719,0.227823271636467,0.176522456496951,0.140279459933373
364,0.411406907527978,0.188884569174318,0.203016510694019,0.187631241909896,0.158410531669826,0.140279459933373
518,0.45297556976512,0.204454144375473,0.190154027575454,0.209608564537159,0.140279459933373,0.154850743467635
445,0.419987692000204,0.198109430350217,0.194724220966719,0.185781454960399,0.171754154191287,0.140279459933373
593,0.423788147113161,0.214949882112267,0.205907447843523,0.245967461561916,0.254108759679802,0.167772573247934
378,0.40182397040703,0.183967824035887,0.213405068833102,0.210360301592275,0.140279459933373,0.143840891542185
421,0.428527399760189,0.237166246337142,0.258711437790672,0.177624558944457,0.174898448025698,0.153350162717428
388,0.428527399760189,0.217294683481912,0.238904240888872,0.174898448025698,0.158002143279100,0.140279459933373
426,0.427580548847338,0.183371292540019,0.238904240888872,0.164480729737195,0.193398287644562,0.152982630801945
377,0.364953752682284,0.182190212262849,0.231177046607856,0.281431899695417,0.372772455485757,0.148801114525785
444,0.452041119617036,0.232872971194181,0.190154027575454,0.232023448734304,0.158822198286243,0.141333283747465
408,0.427580548847338,0.211115838461421,0.246862287018223,0.185781454960399,0.150148946700048,0.140279459933373
364,0.40662186593712,0.187010622123131,0.188884569174318,0.170736402643872,0.167772573247934,0.140279459933373
373,0.399901217123282,0.232023448734304,0.214175622695954,0.218876016213984,0.158410531669826,0.165403320798019
455,0.440791745314472,0.198798498578782,0.173309128978783,0.177624558944457,0.160077057692081,0.140279459933373
442,0.438910260048710,0.193398287644562,0.209608564537159,0.169733635746363,0.154094323280450,0.140279459933373
392,0.376671178467619,0.169237834303805,0.199491561253654,0.186394027664835,0.167772573247934,0.160077057692081
526,0.481729856995562,0.243298519444439,0.198798498578782,0.238033800236652,0.166814026627726,0.167291481291287
400,0.416179118323367,0.216509434133377,0.223704949036996,0.165869963138432,0.164940248736627,0.140279459933373
516,0.514662297605807,0.299924552865763,0.283362392853609,0.241532534498303,0.214175622695954,0.149133866930996
569,0.465083048709257,0.210360301592275,0.218876016213984,0.174898448025698,0.178181472416481,0.140279459933373
368,0.433254223593108,0.232023448734304,0.200188610986799,0.225342219919308,0.140279459933373,0.140279459933373
325,0.41331732873535,0.212638240623736,0.216509434133377,0.212638240623736,0.144424803121843,0.156400988328558
454,0.410450927071570,0.181605650010004,0.232872971194181,0.143840891542185,0.142702524367706,0.140279459933373
577,0.457641082102348,0.241532534498303,0.192088479379025,0.187631241909896,0.140279459933373,0.144424803121843
502,0.437968797820157,0.185172899926102,0.218083551882790,0.187010622123131,0.143840891542185,0.140279459933373
533,0.462295554374572,0.23977753355553,0.221274744825972,0.196066256873814,0.177624558944457,0.141602453589765
359,0.397976414823837,0.206639944148685,0.208860644258667,0.225342219919308,0.168257318749387,0.175435913518267
470,0.452041119617036,0.222081350052879,0.232023448734304,0.184568357977156,0.158002143279100,0.140279459933373
443,0.474347434968947,0.245967461561916,0.197424363331222,0.231177046607856,0.151189670120080,0.146862120354825
399,0.422838791105066,0.205178843545358,0.248659484023583,0.183371292540019,0.140539522938054,0.146237238572002
539,0.451106215483896,0.234581247743386,0.227823271636467,0.192088479379025,0.156796455796649,0.173835068385563
381,0.415225700022613,0.193398287644562,0.209608564537159,0.165403320798019,0.151542367809210,0.140279459933373
521,0.434198112267997,0.226992939983781,0.195393227873188,0.208860644258667,0.147178535004063,0.146237238572002
358,0.393155485097713,0.190794809258731,0.243298519444439,0.140279459933373,0.177624558944457,0.140279459933373
386,0.428527399760189,0.170736402643872,0.183371292540019,0.194059239855938,0.140279459933373,0.149807763529887
330,0.416179118323367,0.210360301592275,0.204454144375473,0.175435913518267,0.192088479379025,0.145319498566922
370,0.39218977751084,0.218876016213984,0.194059239855938,0.188255890082703,0.224521889216861,0.141873944585676
536,0.432309844864813,0.232023448734304,0.23977753355553,0.207376318697083,0.162677834203278,0.162235816543637
437,0.432309844864813,0.206639944148685,0.185172899926102,0.165403320798019,0.200889639762023,0.140279459933373
351,0.419987692000204,0.202303599215116,0.188255890082703,0.213405068833102,0.140539522938054,0.140279459933373
448,0.419036311953547,0.209608564537159,0.190794809258731,0.175977245746161,0.140279459933373,0.140279459933373
394,0.39893907178823,0.199491561253654,0.179307075461499,0.195393227873188,0.142423961905656,0.140279459933373
885,0.513753336846181,0.295029198942614,0.248659484023583,0.183371292540019,0.218083551882790,0.186394027664835
552,0.459504181093247,0.222081350052879,0.208116557082828,0.194724220966719,0.183371292540019,0.173309128978783
357,0.478041795094857,0.208860644258667,0.231177046607856,0.140279459933373,0.164024746412181,0.152618104976752
384,0.395085382089401,0.188255890082703,0.23033379664679,0.175977245746161,0.140279459933373,0.146862120354825
481,0.440791745314472,0.232023448734304,0.218876016213984,0.209608564537159,0.151189670120080,0.155233599845476
422,0.41331732873535,0.192088479379025,0.214949882112267,0.209608564537159,0.140279459933373,0.141066417195949
174,0.281431899695417,0.150839880430613,0.184568357977156,0.190154027575454,0.140279459933373,0.141602453589765
453,0.473422844172892,0.237166246337142,0.233725581744281,0.208116557082828,0.140279459933373,0.140279459933373
290,0.304834801321944,0.146548361254107,0.176522456496951,0.209608564537159,0.179307075461499,0.16357228121085
279,0.417132025922147,0.206639944148685,0.192088479379025,0.169237834303805,0.159237162188545,0.140279459933373
342,0.408537424783786,0.245075200706715,0.257786672914962,0.212638240623736,0.189517281185082,0.240653643199231
510,0.448298759169222,0.211115838461421,0.232872971194181,0.214949882112267,0.14298348025674,0.167772573247934
357,0.436084425669404,0.212638240623736,0.205178843545358,0.194724220966719,0.176522456496951,0.160502026996677
968,0.547195695509664,0.298944182722262,0.260567046745838,0.217294683481912,0.156008702799071,0.140279459933373
505,0.404704249910189,0.196743303664015,0.195393227873188,0.182778757451073,0.140279459933373,0.140279459933373
536,0.452041119617036,0.255943411389996,0.238904240888872,0.215727826366646,0.141602453589765,0.163123316426449
399,0.414271770359505,0.221274744825972,0.219672052767678,0.156400988328558,0.190794809258731,0.187631241909896
339,0.408537424783786,0.269010148553487,0.195393227873188,0.419036311953547,0.548993245617665,0.296985336054750
479,0.432309844864813,0.225342219919308,0.208116557082828,0.190794809258731,0.148801114525785,0.140279459933373
375,0.425685350085428,0.194059239855938,0.197424363331222,0.177071557205383,0.168745733831007,0.140279459933373
304,0.394120687044045,0.194059239855938,0.194059239855938,0.195393227873188,0.157597013980819,0.140279459933373
461,0.42188893060604,0.23977753355553,0.228656878414890,0.180448444205294,0.177071557205383,0.140279459933373
380,0.389289635189169,0.216509434133377,0.216509434133377,0.219672052767678,0.196066256873814,0.187631241909896
493,0.459504181093247,0.223704949036996,0.234581247743386,0.208116557082828,0.153350162717428,0.140279459933373
466,0.443610401564419,0.221274744825972,0.195393227873188,0.172268685450245,0.159655442358187,0.153350162717428
363,0.378617765257579,0.180448444205294,0.207376318697083,0.198798498578782,0.142423961905656,0.159655442358187
387,0.420938564569721,0.224521889216861,0.23033379664679,0.222081350052879,0.174898448025698,0.150148946700048
481,0.429473753439024,0.192741366843982,0.214949882112267,0.194724220966719,0.160502026996677,0.140279459933373
358,0.409494432911366,0.222891426963376,0.232023448734304,0.173309128978783,0.169733635746363,0.142423961905656
352,0.363974517009122,0.175977245746161,0.206639944148685,0.171243398019944,0.149807763529887,0.159655442358187
278,0.488169238277247,0.240653643199231,0.215727826366646,0.208116557082828,0.205907447843523,0.148143904307162
371,0.418084423539314,0.154850743467635,0.168257318749387,0.192741366843982,0.141602453589765,0.140279459933373
383,0.461365530470573,0.214949882112267,0.181025063276694,0.193398287644562,0.140279459933373,0.141333283747465
435,0.422838791105066,0.220471637257467,0.200889639762023,0.190154027575454,0.155233599845476,0.151897993103576
305,0.408537424783786,0.208116557082828,0.140279459933373,0.43702685358426,0.547195695509664,0.300905518027404
304,0.390256851013871,0.189517281185082,0.226992939983781,0.140279459933373,0.167772573247934,0.169733635746363
398,0.42188893060604,0.207376318697083,0.235439936165745,0.167772573247934,0.170736402643872,0.152982630801945
491,0.45297556976512,0.226165913043895,0.238904240888872,0.171754154191287,0.169237834303805,0.146237238572002
397,0.395085382089401,0.198109430350217,0.222081350052879,0.185781454960399,0.16357228121085,0.187631241909896
429,0.40662186593712,0.169733635746363,0.188884569174318,0.209608564537159,0.140279459933373,0.154850743467635
407,0.434198112267997,0.218876016213984,0.191439626593958,0.191439626593958,0.154850743467635,0.154850743467635
457,0.44923503724365,0.221274744825972,0.204454144375473,0.156008702799071,0.166814026627726,0.165403320798019
444,0.467866722440866,0.245075200706715,0.203016510694019,0.205907447843523,0.188884569174318,0.143840891542185
385,0.466011361565902,0.214949882112267,0.214175622695954,0.140279459933373,0.173309128978783,0.143266847840142
507,0.430419611243593,0.203733362812729,0.221274744825972,0.188255890082703,0.169733635746363,0.140279459933373
393,0.39604956908159,0.229493730258852,0.184568357977156,0.173309128978783,0.160930368981928,0.158410531669826
390,0.450170855356869,0.231177046607856,0.236301613614802,0.188884569174318,0.141873944585676,0.150148946700048
435,0.434198112267997,0.231177046607856,0.226992939983781,0.167772573247934,0.177071557205383,0.140279459933373
354,0.414271770359505,0.247759640188542,0.232023448734304,0.183967824035887,0.185172899926102,0.168257318749387
334,0.423788147113161,0.229493730258852,0.236301613614802,0.154470991130581,0.179307075461499,0.140279459933373
429,0.451106215483896,0.222891426963376,0.194059239855938,0.200889639762023,0.173835068385563,0.143840891542185
419,0.429473753439024,0.191439626593958,0.228656878414890,0.188255890082703,0.140279459933373,0.140279459933373
453,0.44923503724365,0.223704949036996,0.227823271636467,0.165403320798019,0.160502026996677,0.140279459933373
310,0.368866547920421,0.175977245746161,0.203733362812729,0.153350162717428,0.175977245746161,0.142423961905656
448,0.431364974573073,0.231177046607856,0.200889639762023,0.203016510694019,0.154094323280450,0.158822198286243
354,0.428527399760189,0.175977245746161,0.206639944148685,0.158822198286243,0.167291481291287,0.165403320798019
349,0.419987692000204,0.210360301592275,0.211115838461421,0.193398287644562,0.146237238572002,0.153720720340875
545,0.465083048709257,0.256863984839407,0.238904240888872,0.156796455796649,0.140279459933373,0.147178535004063
460,0.397976414823837,0.235439936165745,0.226992939983781,0.217294683481912,0.182778757451073,0.150492979148870
419,0.410450927071570,0.214175622695954,0.232872971194181,0.158002143279100,0.197424363331222,0.152982630801945
418,0.40182397040703,0.194059239855938,0.222081350052879,0.167772573247934,0.178181472416481,0.151542367809210
376,0.353177756395209,0.16634019279706,0.197424363331222,0.167291481291287,0.177624558944457,0.156796455796649
445,0.442671323317129,0.214949882112267,0.243298519444439,0.158822198286243,0.174898448025698,0.181025063276694
500,0.465083048709257,0.205178843545358,0.255943411389996,0.173309128978783,0.140279459933373,0.150148946700048
468,0.429473753439024,0.229493730258852,0.229493730258852,0.191439626593958,0.16634019279706,0.140279459933373
216,0.357108931824631,0.242414171861771,0.234581247743386,0.222891426963376,0.343328438016707,0.211875157547888
456,0.429473753439024,0.234581247743386,0.197424363331222,0.211875157547888,0.210360301592275,0.151542367809210
424,0.422838791105066,0.198798498578782,0.214175622695954,0.158002143279100,0.164024746412181,0.160077057692081
398,0.450170855356869,0.226165913043895,0.219672052767678,0.192741366843982,0.152982630801945,0.164024746412181
445,0.441731771836077,0.213405068833102,0.222081350052879,0.183371292540019,0.16357228121085,0.157597013980819
333,0.416179118323367,0.206639944148685,0.152618104976752,0.222891426963376,0.140279459933373,0.147178535004063
426,0.424736999725661,0.218876016213984,0.23977753355553,0.178742307944130,0.143266847840142,0.140279459933373
486,0.450170855356869,0.232872971194181,0.243298519444439,0.188884569174318,0.156008702799071,0.144720505822661
295,0.372772455485757,0.187631241909896,0.191439626593958,0.192088479379025,0.183371292540019,0.161797245314680
477,0.452041119617036,0.218083551882790,0.225342219919308,0.181025063276694,0.146237238572002,0.164480729737195
376,0.412362374614871,0.183371292540019,0.212638240623736,0.177624558944457,0.175977245746161,0.140279459933373
373,0.415225700022613,0.200889639762023,0.201594638931909,0.204454144375473,0.140279459933373,0.140279459933373
491,0.399901217123282,0.189517281185082,0.227823271636467,0.164024746412181,0.179875784505171,0.140279459933373
499,0.44923503724365,0.219672052767678,0.201594638931909,0.174898448025698,0.151897993103576,0.146548361254107
309,0.419987692000204,0.144131604573628,0.200188610986799,0.179875784505171,0.164940248736627,0.140279459933373
360,0.393155485097713,0.207376318697083,0.238033800236652,0.195393227873188,0.158410531669826,0.172268685450245
603,0.459504181093247,0.232872971194181,0.244185541162083,0.180448444205294,0.179307075461499,0.150839880430613
490,0.441731771836077,0.269010148553487,0.237166246337142,0.233725581744281,0.175977245746161,0.158410531669826
339,0.423788147113161,0.178742307944130,0.173309128978783,0.181605650010004,0.140279459933373,0.158410531669826
419,0.420938564569721,0.178181472416481,0.185781454960399,0.184568357977156,0.140279459933373,0.140279459933373
415,0.457641082102348,0.234581247743386,0.237166246337142,0.188255890082703,0.170233153496669,0.172268685450245
384,0.416179118323367,0.192088479379025,0.231177046607856,0.178742307944130,0.187631241909896,0.146862120354825
386,0.424736999725661,0.202303599215116,0.237166246337142,0.168745733831007,0.157195124574254,0.140279459933373
287,0.414271770359505,0.217294683481912,0.179307075461499,0.237166246337142,0.152982630801945,0.184568357977156
500,0.458572851358513,0.223704949036996,0.218083551882790,0.189517281185082,0.153350162717428,0.144131604573628
338,0.445487145704544,0.210360301592275,0.188255890082703,0.158410531669826,0.172268685450245,0.140279459933373
427,0.419036311953547,0.227823271636467,0.199491561253654,0.155233599845476,0.173835068385563,0.140279459933373
426,0.437968797820157,0.203016510694019,0.232872971194181,0.181605650010004,0.140279459933373,0.148143904307162
469,0.451106215483896,0.214175622695954,0.181025063276694,0.210360301592275,0.156008702799071,0.141066417195949
365,0.395085382089401,0.168745733831007,0.213405068833102,0.158410531669826,0.156400988328558,0.150839880430613
405,0.495506422283226,0.314687276192053,0.283362392853609,0.227823271636467,0.208116557082828,0.160502026996677
428,0.448298759169222,0.205178843545358,0.187010622123131,0.182778757451073,0.140279459933373,0.140279459933373
501,0.436084425669404,0.192088479379025,0.208860644258667,0.188255890082703,0.187010622123131,0.148471133452426
379,0.420938564569721,0.206639944148685,0.211115838461421,0.180448444205294,0.154850743467635,0.161362102255135
371,0.362994878061971,0.172787005806565,0.220471637257467,0.144424803121843,0.181605650010004,0.140279459933373
858,0.523735350546028,0.26806502014066,0.211115838461421,0.225342219919308,0.235439936165745,0.152256565618780
482,0.444549008408857,0.200889639762023,0.194059239855938,0.167772573247934,0.186394027664835,0.140279459933373
399,0.418084423539314,0.222081350052879,0.170233153496669,0.222081350052879,0.142423961905656,0.140279459933373
590,0.470646634478409,0.224521889216861,0.205907447843523,0.214949882112267,0.170736402643872,0.140279459933373
402,0.400862850180983,0.212638240623736,0.221274744825972,0.193398287644562,0.170233153496669,0.156400988328558
366,0.418084423539314,0.208116557082828,0.222081350052879,0.177071557205383,0.147178535004063,0.152982630801945
919,0.503733909185275,0.291125967010989,0.245075200706715,0.23977753355553,0.264301525715948,0.164024746412181
518,0.436084425669404,0.218876016213984,0.205178843545358,0.183967824035887,0.140279459933373,0.152618104976752
333,0.432309844864813,0.207376318697083,0.224521889216861,0.173835068385563,0.150148946700048,0.165869963138432
392,0.454843116219575,0.190154027575454,0.217294683481912,0.165403320798019,0.163123316426449,0.140279459933373
569,0.435141512434088,0.267121556704060,0.234581247743386,0.194059239855938,0.194724220966719,0.140279459933373
389,0.443610401564419,0.252283020211930,0.217294683481912,0.196743303664015,0.185172899926102,0.152618104976752
368,0.409494432911366,0.182778757451073,0.170233153496669,0.197424363331222,0.149133866930996,0.151189670120080
413,0.429473753439024,0.211875157547888,0.231177046607856,0.177071557205383,0.183967824035887,0.159655442358187
404,0.419036311953547,0.199491561253654,0.185172899926102,0.225342219919308,0.151189670120080,0.140279459933373
390,0.399901217123282,0.177071557205383,0.189517281185082,0.179307075461499,0.140279459933373,0.140279459933373
383,0.391223565654671,0.198109430350217,0.218083551882790,0.187631241909896,0.170233153496669,0.172787005806565
442,0.425685350085428,0.200889639762023,0.213405068833102,0.162235816543637,0.151189670120080,0.140279459933373
457,0.40182397040703,0.214175622695954,0.220471637257467,0.173309128978783,0.158002143279100,0.140279459933373
585,0.467866722440866,0.266179795115631,0.253194757033311,0.232872971194181,0.203016510694019,0.205907447843523
871,0.509203854805391,0.258711437790672,0.218876016213984,0.272806580486754,0.182190212262849,0.159237162188545
503,0.430419611243593,0.207376318697083,0.194724220966719,0.192741366843982,0.164480729737195,0.156400988328558
385,0.457641082102348,0.235439936165745,0.241532534498303,0.172787005806565,0.140279459933373,0.147178535004063
314,0.42188893060604,0.180448444205294,0.185172899926102,0.16357228121085,0.168745733831007,0.149133866930996
472,0.443610401564419,0.214175622695954,0.227823271636467,0.165403320798019,0.160930368981928,0.158002143279100
279,0.40566331506169,0.190794809258731,0.214175622695954,0.157195124574254,0.192741366843982,0.140279459933373
429,0.451106215483896,0.245075200706715,0.191439626593958,0.214949882112267,0.149133866930996,0.146862120354825
453,0.441731771836077,0.185172899926102,0.251373586915138,0.154850743467635,0.157597013980819,0.140279459933373
354,0.458572851358513,0.185781454960399,0.198798498578782,0.231177046607856,0.145319498566922,0.168745733831007
481,0.440791745314472,0.188255890082703,0.178742307944130,0.193398287644562,0.169733635746363,0.140279459933373
353,0.376671178467619,0.209608564537159,0.240653643199231,0.179307075461499,0.166814026627726,0.210360301592275
378,0.453909567952752,0.202303599215116,0.231177046607856,0.203733362812729,0.158410531669826,0.140279459933373
433,0.415225700022613,0.203733362812729,0.205907447843523,0.181605650010004,0.170736402643872,0.143840891542185
695,0.498252004317859,0.271855157449252,0.280468392646033,0.185172899926102,0.218876016213984,0.179307075461499
351,0.45297556976512,0.202303599215116,0.271855157449252,0.168745733831007,0.206639944148685,0.173309128978783
413,0.430419611243593,0.221274744825972,0.175977245746161,0.204454144375473,0.156796455796649,0.143840891542185
404,0.444549008408857,0.182190212262849,0.169733635746363,0.203733362812729,0.140279459933373,0.140279459933373
406,0.420938564569721,0.217294683481912,0.206639944148685,0.195393227873188,0.162235816543637,0.169733635746363
531,0.403744670601839,0.175435913518267,0.217294683481912,0.16357228121085,0.151542367809210,0.140279459933373
403,0.454843116219575,0.23033379664679,0.23033379664679,0.210360301592275,0.169733635746363,0.160930368981928
533,0.439851241970584,0.271855157449252,0.224521889216861,0.246862287018223,0.177624558944457,0.168257318749387
493,0.450170855356869,0.233725581744281,0.225342219919308,0.164940248736627,0.208116557082828,0.181605650010004
295,0.40662186593712,0.195393227873188,0.185781454960399,0.196743303664015,0.140279459933373,0.163123316426449
388,0.394120687044045,0.246862287018223,0.251373586915138,0.223704949036996,0.166814026627726,0.151189670120080
375,0.440791745314472,0.185781454960399,0.189517281185082,0.193398287644562,0.164480729737195,0.167291481291287
417,0.468793774829766,0.257786672914962,0.247759640188542,0.192741366843982,0.201594638931909,0.182190212262849
413,0.440791745314472,0.277585234113443,0.275669606701894,0.298944182722262,0.441731771836077,0.229493730258852
442,0.441731771836077,0.218083551882790,0.223704949036996,0.206639944148685,0.140279459933373,0.158822198286243
394,0.448298759169222,0.221274744825972,0.203733362812729,0.185172899926102,0.172787005806565,0.140279459933373
436,0.451106215483896,0.222081350052879,0.206639944148685,0.211115838461421,0.156400988328558,0.146862120354825
834,0.509203854805391,0.281431899695417,0.271855157449252,0.215727826366646,0.198109430350217,0.140279459933373
541,0.481729856995562,0.244185541162083,0.228656878414890,0.222081350052879,0.158822198286243,0.177624558944457
513,0.466939252082330,0.245075200706715,0.252283020211930,0.201594638931909,0.193398287644562,0.148471133452426
310,0.493674279807102,0.213405068833102,0.172787005806565,0.226992939983781,0.148801114525785,0.145018731380577
525,0.450170855356869,0.35612665264182,0.339381807952053,0.237166246337142,0.269010148553487,0.175977245746161
387,0.402784577338547,0.217294683481912,0.228656878414890,0.222081350052879,0.205907447843523,0.163123316426449
372,0.436084425669404,0.217294683481912,0.194059239855938,0.210360301592275,0.140279459933373,0.140279459933373
364,0.397013246974146,0.181025063276694,0.185781454960399,0.192741366843982,0.170233153496669,0.150839880430613
472,0.423788147113161,0.240653643199231,0.280468392646033,0.141602453589765,0.177624558944457,0.151189670120080
386,0.425685350085428,0.196743303664015,0.211875157547888,0.172268685450245,0.167291481291287,0.140279459933373
453,0.447362019176649,0.220471637257467,0.212638240623736,0.226165913043895,0.151189670120080,0.178742307944130
607,0.51193448587976,0.262430509724191,0.220471637257467,0.427580548847338,0.532779695838002,0.308771540986705
338,0.402784577338547,0.211115838461421,0.205178843545358,0.160077057692081,0.163123316426449,0.140279459933373
364,0.39604956908159,0.194059239855938,0.223704949036996,0.216509434133377,0.142702524367706,0.140539522938054
432,0.424736999725661,0.217294683481912,0.196743303664015,0.210360301592275,0.164480729737195,0.140279459933373
539,0.448298759169222,0.257786672914962,0.220471637257467,0.202303599215116,0.173835068385563,0.175435913518267
329,0.39893907178823,0.209608564537159,0.210360301592275,0.220471637257467,0.147178535004063,0.151189670120080
211,0.315674182764382,0.140279459933373,0.197424363331222,0.152256565618780,0.164940248736627,0.162235816543637
510,0.419987692000204,0.156796455796649,0.174364837136968,0.187631241909896,0.179307075461499,0.140279459933373
332,0.385415796280043,0.193398287644562,0.208860644258667,0.172787005806565,0.158002143279100,0.140279459933373
376,0.407579902497849,0.214175622695954,0.224521889216861,0.172268685450245,0.140801836156987,0.142147774681471
288,0.39604956908159,0.182190212262849,0.201594638931909,0.258711437790672,0.374722731821464,0.162677834203278
416,0.464154311336516,0.205907447843523,0.194724220966719,0.212638240623736,0.145622826217966,0.140279459933373
595,0.440791745314472,0.240653643199231,0.235439936165745,0.187631241909896,0.152618104976752,0.171243398019944
351,0.410450927071570,0.238033800236652,0.242414171861771,0.208116557082828,0.207376318697083,0.140279459933373
455,0.394120687044045,0.216509434133377,0.248659484023583,0.140279459933373,0.220471637257467,0.162235816543637
317,0.408537424783786,0.204454144375473,0.235439936165745,0.158002143279100,0.177624558944457,0.152256565618780
400,0.433254223593108,0.222081350052879,0.23033379664679,0.207376318697083,0.157597013980819,0.143266847840142
324,0.379590352485876,0.170736402643872,0.186394027664835,0.210360301592275,0.156796455796649,0.142147774681471
479,0.434198112267997,0.198798498578782,0.233725581744281,0.140279459933373,0.174898448025698,0.140279459933373
445,0.415225700022613,0.203016510694019,0.197424363331222,0.201594638931909,0.162235816543637,0.140279459933373
518,0.506470348170507,0.295029198942614,0.274713840722163,0.227823271636467,0.177071557205383,0.145319498566922
432,0.419036311953547,0.205178843545358,0.212638240623736,0.211115838461421,0.140279459933373,0.140279459933373
414,0.42188893060604,0.210360301592275,0.194059239855938,0.197424363331222,0.140279459933373,0.140279459933373
385,0.395085382089401,0.205907447843523,0.249561781327291,0.162235816543637,0.168257318749387,0.140279459933373
459,0.417132025922147,0.173309128978783,0.190794809258731,0.184568357977156,0.162677834203278,0.140279459933373
343,0.374722731821464,0.170736402643872,0.183371292540019,0.191439626593958,0.179307075461499,0.159655442358187
398,0.425685350085428,0.205907447843523,0.224521889216861,0.219672052767678,0.157195124574254,0.159237162188545
411,0.460435073421994,0.267121556704060,0.255943411389996,0.216509434133377,0.181605650010004,0.16357228121085
520,0.448298759169222,0.229493730258852,0.190794809258731,0.220471637257467,0.142423961905656,0.160930368981928
416,0.42188893060604,0.192741366843982,0.192088479379025,0.181025063276694,0.162235816543637,0.140279459933373
389,0.394120687044045,0.222891426963376,0.219672052767678,0.212638240623736,0.231177046607856,0.156400988328558
551,0.491840713366392,0.248659484023583,0.254108759679802,0.186394027664835,0.157597013980819,0.162235816543637
419,0.419036311953547,0.243298519444439,0.206639944148685,0.212638240623736,0.144131604573628,0.152982630801945
427,0.443610401564419,0.241532534498303,0.200188610986799,0.203016510694019,0.144131604573628,0.143840891542185
382,0.423788147113161,0.187631241909896,0.198798498578782,0.190794809258731,0.192088479379025,0.147178535004063
413,0.411406907527978,0.201594638931909,0.192741366843982,0.172268685450245,0.156008702799071,0.140279459933373
489,0.438910260048710,0.251373586915138,0.265239772398733,0.186394027664835,0.152982630801945,0.140279459933373
540,0.448298759169222,0.231177046607856,0.185781454960399,0.208116557082828,0.173835068385563,0.150492979148870
354,0.458572851358513,0.211875157547888,0.226165913043895,0.221274744825972,0.140279459933373,0.156008702799071
475,0.450170855356869,0.215727826366646,0.218083551882790,0.186394027664835,0.145018731380577,0.178181472416481
437,0.416179118323367,0.242414171861771,0.216509434133377,0.232872971194181,0.170233153496669,0.168745733831007
693,0.464154311336516,0.276626749501763,0.238904240888872,0.169733635746363,0.187631241909896,0.140279459933373
260,0.420938564569721,0.203016510694019,0.23977753355553,0.190154027575454,0.177071557205383,0.199491561253654
470,0.447362019176649,0.219672052767678,0.188884569174318,0.172787005806565,0.165869963138432,0.140279459933373
379,0.42188893060604,0.207376318697083,0.214949882112267,0.165869963138432,0.177624558944457,0.140279459933373
355,0.397013246974146,0.193398287644562,0.231177046607856,0.187631241909896,0.161362102255135,0.145622826217966
459,0.43702685358426,0.214175622695954,0.220471637257467,0.149133866930996,0.182778757451073,0.140279459933373
303,0.407579902497849,0.195393227873188,0.231177046607856,0.140279459933373,0.177071557205383,0.140279459933373
329,0.370820382306947,0.169237834303805,0.202303599215116,0.171754154191287,0.164024746412181,0.156008702799071
390,0.416179118323367,0.167291481291287,0.185172899926102,0.195393227873188,0.164480729737195,0.140279459933373
474,0.436084425669404,0.211875157547888,0.217294683481912,0.237166246337142,0.140801836156987,0.170736402643872
361,0.40182397040703,0.195393227873188,0.203016510694019,0.206639944148685,0.170736402643872,0.140279459933373
296,0.378617765257579,0.224521889216861,0.208116557082828,0.179875784505171,0.172268685450245,0.142147774681471
363,0.442671323317129,0.208116557082828,0.177071557205383,0.170736402643872,0.182190212262849,0.154850743467635
370,0.426633199381427,0.226992939983781,0.185172899926102,0.221274744825972,0.140279459933373,0.140279459933373
454,0.422838791105066,0.222081350052879,0.219672052767678,0.177624558944457,0.156008702799071,0.160077057692081
442,0.460435073421994,0.23977753355553,0.238033800236652,0.216509434133377,0.181605650010004,0.146548361254107
355,0.432309844864813,0.226165913043895,0.214175622695954,0.205178843545358,0.160502026996677,0.151189670120080
432,0.465083048709257,0.206639944148685,0.257786672914962,0.187010622123131,0.151897993103576,0.140279459933373
323,0.389289635189169,0.221274744825972,0.23033379664679,0.194059239855938,0.187631241909896,0.182778757451073
346,0.471572446139952,0.214949882112267,0.228656878414890,0.194059239855938,0.174898448025698,0.150492979148870
451,0.459504181093247,0.246862287018223,0.234581247743386,0.218083551882790,0.170736402643872,0.173835068385563
282,0.386384998416716,0.205178843545358,0.177624558944457,0.207376318697083,0.164024746412181,0.140279459933373
352,0.399901217123282,0.187631241909896,0.208116557082828,0.194724220966719,0.140279459933373,0.164024746412181
462,0.446424815327873,0.240653643199231,0.235439936165745,0.161362102255135,0.158822198286243,0.156400988328558
295,0.317648619366148,0.203733362812729,0.151897993103576,0.39218977751084,0.526451579334568,0.306802338059224
370,0.404704249910189,0.175977245746161,0.236301613614802,0.156796455796649,0.169237834303805,0.151189670120080
561,0.438910260048710,0.214175622695954,0.205907447843523,0.178742307944130,0.155619579790919,0.177624558944457
434,0.39893907178823,0.225342219919308,0.203016510694019,0.225342219919308,0.140279459933373,0.147819407725247
336,0.366910990862085,0.185172899926102,0.199491561253654,0.196066256873814,0.140279459933373,0.145319498566922
467,0.403744670601839,0.192741366843982,0.192741366843982,0.245967461561916,0.26336509235663,0.176522456496951
387,0.414271770359505,0.212638240623736,0.229493730258852,0.197424363331222,0.172787005806565,0.147819407725247
352,0.367888982200334,0.168745733831007,0.209608564537159,0.162235816543637,0.187010622123131,0.144720505822661
303,0.460435073421994,0.193398287644562,0.220471637257467,0.169733635746363,0.176522456496951,0.149133866930996
439,0.432309844864813,0.251373586915138,0.180448444205294,0.234581247743386,0.159237162188545,0.148471133452426
428,0.397013246974146,0.202303599215116,0.213405068833102,0.189517281185082,0.165869963138432,0.140539522938054
335,0.425685350085428,0.309756707604237,0.255943411389996,0.214949882112267,0.205178843545358,0.160502026996677
488,0.407579902497849,0.267121556704060,0.203016510694019,0.201594638931909,0.163123316426449,0.155619579790919
576,0.456708871220304,0.226165913043895,0.208116557082828,0.219672052767678,0.178181472416481,0.154470991130581
488,0.402784577338547,0.315674182764382,0.229493730258852,0.302869127130412,0.374722731821464,0.217294683481912
442,0.452041119617036,0.206639944148685,0.181025063276694,0.221274744825972,0.181025063276694,0.140279459933373
599,0.427580548847338,0.291125967010989,0.295029198942614,0.211875157547888,0.237166246337142,0.147497624383717
426,0.437968797820157,0.209608564537159,0.236301613614802,0.150839880430613,0.182778757451073,0.158410531669826
422,0.492757675678563,0.212638240623736,0.221274744825972,0.157597013980819,0.153350162717428,0.140279459933373
312,0.394120687044045,0.200188610986799,0.216509434133377,0.195393227873188,0.181605650010004,0.157597013980819
544,0.483571570595327,0.222891426963376,0.208860644258667,0.200188610986799,0.141066417195949,0.155619579790919
451,0.424736999725661,0.186394027664835,0.166814026627726,0.211875157547888,0.155619579790919,0.142423961905656
382,0.428527399760189,0.208116557082828,0.190154027575454,0.226165913043895,0.192088479379025,0.140279459933373
202,0.387353706987488,0.193398287644562,0.218083551882790,0.314687276192053,0.39893907178823,0.208116557082828
322,0.416179118323367,0.232023448734304,0.173835068385563,0.225342219919308,0.141333283747465,0.160930368981928
353,0.402784577338547,0.215727826366646,0.190794809258731,0.231177046607856,0.163123316426449,0.151897993103576
275,0.375697185802696,0.163123316426449,0.171243398019944,0.205178843545358,0.140279459933373,0.158822198286243
400,0.407579902497849,0.217294683481912,0.221274744825972,0.188884569174318,0.165869963138432,0.158002143279100
548,0.480808424194665,0.249561781327291,0.225342219919308,0.179875784505171,0.160930368981928,0.154470991130581
380,0.395085382089401,0.168257318749387,0.218083551882790,0.174898448025698,0.151189670120080,0.140279459933373
507,0.470646634478409,0.222891426963376,0.231177046607856,0.148801114525785,0.200188610986799,0.140279459933373
155,0.341355528691973,0.145018731380577,0.202303599215116,0.181605650010004,0.140279459933373,0.140279459933373
306,0.471572446139952,0.244185541162083,0.212638240623736,0.168745733831007,0.159237162188545,0.146548361254107
502,0.447362019176649,0.220471637257467,0.211115838461421,0.173309128978783,0.157195124574254,0.154094323280450
456,0.4964219650051,0.250466494772263,0.226992939983781,0.206639944148685,0.181025063276694,0.166814026627726
379,0.435141512434088,0.222081350052879,0.214949882112267,0.152618104976752,0.178742307944130,0.140279459933373
380,0.417132025922147,0.214175622695954,0.189517281185082,0.187631241909896,0.174898448025698,0.150492979148870
354,0.433254223593108,0.221274744825972,0.229493730258852,0.173835068385563,0.156008702799071,0.153350162717428
431,0.423788147113161,0.209608564537159,0.222081350052879,0.210360301592275,0.140279459933373,0.140279459933373
384,0.397976414823837,0.218083551882790,0.219672052767678,0.181605650010004,0.199491561253654,0.167772573247934
383,0.358090854945044,0.140279459933373,0.173835068385563,0.197424363331222,0.140279459933373,0.140279459933373
465,0.373747820375976,0.170736402643872,0.205907447843523,0.260567046745838,0.311728055196152,0.147497624383717
306,0.476195411202944,0.238904240888872,0.247759640188542,0.202303599215116,0.186394027664835,0.143552645462116
328,0.435141512434088,0.212638240623736,0.226165913043895,0.16634019279706,0.192088479379025,0.189517281185082
329,0.419036311953547,0.194059239855938,0.200188610986799,0.196743303664015,0.147178535004063,0.144720505822661
373,0.442671323317129,0.215727826366646,0.196743303664015,0.188884569174318,0.152618104976752,0.140279459933373
333,0.388321919900050,0.185172899926102,0.220471637257467,0.177071557205383,0.145018731380577,0.152256565618780
314,0.476195411202944,0.255024990396885,0.190794809258731,0.225342219919308,0.157195124574254,0.144131604573628
512,0.51193448587976,0.296985336054750,0.277585234113443,0.244185541162083,0.141602453589765,0.160077057692081
504,0.479886604427388,0.245075200706715,0.228656878414890,0.187010622123131,0.172268685450245,0.158822198286243
394,0.429473753439024,0.198798498578782,0.205178843545358,0.185781454960399,0.156796455796649,0.150148946700048
557,0.460435073421994,0.214949882112267,0.203733362812729,0.224521889216861,0.140279459933373,0.140279459933373
623,0.451106215483896,0.267121556704060,0.200889639762023,0.224521889216861,0.142702524367706,0.145928733232941
555,0.444549008408857,0.206639944148685,0.208116557082828,0.179875784505171,0.173309128978783,0.151542367809210
439,0.448298759169222,0.220471637257467,0.238033800236652,0.213405068833102,0.16357228121085,0.141873944585676
324,0.400862850180983,0.150839880430613,0.205907447843523,0.161362102255135,0.156400988328558,0.155619579790919
437,0.435141512434088,0.214949882112267,0.201594638931909,0.183371292540019,0.140279459933373,0.140279459933373
322,0.455776216619560,0.196743303664015,0.199491561253654,0.200188610986799,0.152256565618780,0.161362102255135
538,0.460435073421994,0.214949882112267,0.238033800236652,0.205907447843523,0.165403320798019,0.146548361254107
483,0.441731771836077,0.214949882112267,0.185781454960399,0.220471637257467,0.140279459933373,0.140279459933373
549,0.490923390673098,0.285297304030371,0.256863984839407,0.192741366843982,0.213405068833102,0.169237834303805
816,0.478041795094857,0.275669606701894,0.235439936165745,0.203733362812729,0.207376318697083,0.182190212262849
364,0.418084423539314,0.208860644258667,0.234581247743386,0.168745733831007,0.170736402643872,0.140279459933373
337,0.359072414588444,0.154850743467635,0.205178843545358,0.175435913518267,0.183967824035887,0.144424803121843
539,0.430419611243593,0.246862287018223,0.242414171861771,0.194724220966719,0.228656878414890,0.140279459933373
207,0.395085382089401,0.178742307944130,0.172787005806565,0.32950458986508,0.447362019176649,0.235439936165745
378,0.451106215483896,0.23033379664679,0.218083551882790,0.164024746412181,0.182778757451073,0.140279459933373
536,0.447362019176649,0.226165913043895,0.211875157547888,0.191439626593958,0.181025063276694,0.154470991130581
397,0.42188893060604,0.215727826366646,0.217294683481912,0.156796455796649,0.172787005806565,0.150839880430613
410,0.412362374614871,0.191439626593958,0.203733362812729,0.217294683481912,0.163123316426449,0.140279459933373
344,0.425685350085428,0.198798498578782,0.200188610986799,0.185172899926102,0.155233599845476,0.142423961905656
395,0.451106215483896,0.200889639762023,0.220471637257467,0.200889639762023,0.194724220966719,0.140279459933373
559,0.408537424783786,0.216509434133377,0.221274744825972,0.296006914761259,0.375697185802696,0.182778757451073
329,0.400862850180983,0.16634019279706,0.186394027664835,0.162235816543637,0.175435913518267,0.140279459933373
330,0.374722731821464,0.170233153496669,0.187010622123131,0.178181472416481,0.176522456496951,0.140801836156987
322,0.422838791105066,0.220471637257467,0.197424363331222,0.169237834303805,0.188255890082703,0.153720720340875
513,0.484491855840873,0.240653643199231,0.262430509724191,0.151542367809210,0.183967824035887,0.154470991130581
388,0.420938564569721,0.192088479379025,0.191439626593958,0.191439626593958,0.155233599845476,0.140279459933373
970,0.487250452013843,0.269010148553487,0.281431899695417,0.205178843545358,0.208860644258667,0.145928733232941
412,0.440791745314472,0.201594638931909,0.218083551882790,0.182778757451073,0.175435913518267,0.140279459933373
465,0.412362374614871,0.260567046745838,0.234581247743386,0.157195124574254,0.169237834303805,0.173835068385563
445,0.444549008408857,0.23977753355553,0.222891426963376,0.208860644258667,0.140279459933373,0.157195124574254
433,0.461365530470573,0.200889639762023,0.243298519444439,0.140279459933373,0.16634019279706,0.140279459933373
335,0.397976414823837,0.192088479379025,0.178181472416481,0.206639944148685,0.140279459933373,0.174364837136968
440,0.40662186593712,0.211875157547888,0.220471637257467,0.186394027664835,0.182190212262849,0.141333283747465
439,0.458572851358513,0.218083551882790,0.186394027664835,0.223704949036996,0.140279459933373,0.140279459933373
537,0.423788147113161,0.211875157547888,0.199491561253654,0.218876016213984,0.14298348025674,0.163123316426449
422,0.429473753439024,0.198109430350217,0.196066256873814,0.205907447843523,0.140279459933373,0.147497624383717
503,0.438910260048710,0.187631241909896,0.194724220966719,0.205178843545358,0.140279459933373,0.140279459933373
411,0.386384998416716,0.190794809258731,0.237166246337142,0.187010622123131,0.167291481291287,0.154094323280450
344,0.430419611243593,0.213405068833102,0.205178843545358,0.188255890082703,0.185781454960399,0.140279459933373
322,0.40662186593712,0.215727826366646,0.213405068833102,0.187010622123131,0.140279459933373,0.175435913518267
465,0.435141512434088,0.23033379664679,0.208116557082828,0.196743303664015,0.145622826217966,0.145319498566922
459,0.437968797820157,0.245967461561916,0.218083551882790,0.185781454960399,0.168745733831007,0.147819407725247
423,0.44923503724365,0.213405068833102,0.197424363331222,0.211115838461421,0.155619579790919,0.150492979148870
372,0.443610401564419,0.232872971194181,0.218876016213984,0.151542367809210,0.145018731380577,0.140279459933373
447,0.429473753439024,0.193398287644562,0.208860644258667,0.226165913043895,0.149133866930996,0.175977245746161
423,0.427580548847338,0.199491561253654,0.195393227873188,0.154850743467635,0.166814026627726,0.161797245314680
521,0.462295554374572,0.228656878414890,0.245075200706715,0.192088479379025,0.205907447843523,0.140279459933373
461,0.437968797820157,0.26336509235663,0.200889639762023,0.192741366843982,0.174898448025698,0.150839880430613
420,0.408537424783786,0.216509434133377,0.226992939983781,0.193398287644562,0.151897993103576,0.171754154191287
465,0.404704249910189,0.207376318697083,0.207376318697083,0.200188610986799,0.185781454960399,0.146548361254107
467,0.455776216619560,0.240653643199231,0.190154027575454,0.179307075461499,0.182778757451073,0.159237162188545
427,0.417132025922147,0.215727826366646,0.216509434133377,0.148471133452426,0.188255890082703,0.153720720340875
441,0.409494432911366,0.201594638931909,0.183967824035887,0.203733362812729,0.155619579790919,0.160077057692081
443,0.433254223593108,0.202303599215116,0.198109430350217,0.193398287644562,0.158002143279100,0.140279459933373
485,0.424736999725661,0.226992939983781,0.205178843545358,0.205907447843523,0.150839880430613,0.143840891542185
368,0.431364974573073,0.192088479379025,0.144424803121843,0.225342219919308,0.140279459933373,0.140279459933373
448,0.40662186593712,0.222081350052879,0.204454144375473,0.234581247743386,0.174364837136968,0.167772573247934
592,0.453909567952752,0.250466494772263,0.192741366843982,0.208116557082828,0.196743303664015,0.140279459933373
339,0.43702685358426,0.188884569174318,0.206639944148685,0.169733635746363,0.153720720340875,0.143840891542185
391,0.425685350085428,0.161362102255135,0.200188610986799,0.208860644258667,0.140279459933373,0.158410531669826
467,0.45297556976512,0.283362392853609,0.261497815323131,0.205907447843523,0.152618104976752,0.172268685450245
354,0.432309844864813,0.199491561253654,0.210360301592275,0.187631241909896,0.140539522938054,0.156400988328558
461,0.39893907178823,0.206639944148685,0.245967461561916,0.181605650010004,0.145622826217966,0.140279459933373
396,0.454843116219575,0.205907447843523,0.238033800236652,0.194724220966719,0.143552645462116,0.151542367809210
405,0.431364974573073,0.252283020211930,0.275669606701894,0.248659484023583,0.167772573247934,0.140279459933373
493,0.419987692000204,0.244185541162083,0.23033379664679,0.209608564537159,0.211115838461421,0.16634019279706
170,0.256863984839407,0.140279459933373,0.194724220966719,0.181605650010004,0.167772573247934,0.148143904307162
392,0.478964395469008,0.196743303664015,0.208860644258667,0.158002143279100,0.151542367809210,0.140279459933373
350,0.349241401529061,0.182778757451073,0.193398287644562,0.187010622123131,0.148471133452426,0.143552645462116
448,0.455776216619560,0.231177046607856,0.212638240623736,0.201594638931909,0.140279459933373,0.160077057692081
342,0.493674279807102,0.26336509235663,0.255024990396885,0.225342219919308,0.256863984839407,0.140279459933373
355,0.429473753439024,0.211115838461421,0.209608564537159,0.194724220966719,0.157597013980819,0.140279459933373
439,0.423788147113161,0.233725581744281,0.205178843545358,0.167291481291287,0.189517281185082,0.140279459933373
426,0.400862850180983,0.188884569174318,0.211115838461421,0.218083551882790,0.167291481291287,0.188255890082703
401,0.42188893060604,0.247759640188542,0.199491561253654,0.247759640188542,0.140279459933373,0.142423961905656
430,0.433254223593108,0.211875157547888,0.166814026627726,0.245075200706715,0.140279459933373,0.161362102255135
432,0.408537424783786,0.198109430350217,0.210360301592275,0.183967824035887,0.171243398019944,0.144424803121843
344,0.376671178467619,0.178742307944130,0.196743303664015,0.207376318697083,0.148471133452426,0.150148946700048
363,0.438910260048710,0.193398287644562,0.215727826366646,0.183371292540019,0.149469410107982,0.140279459933373
494,0.49459052794554,0.297964434643167,0.270905253648299,0.255943411389996,0.161362102255135,0.140279459933373
532,0.391223565654671,0.210360301592275,0.232872971194181,0.173835068385563,0.143266847840142,0.140279459933373
295,0.408537424783786,0.204454144375473,0.191439626593958,0.192741366843982,0.164480729737195,0.140279459933373
312,0.39604956908159,0.210360301592275,0.207376318697083,0.209608564537159,0.227823271636467,0.158822198286243
464,0.423788147113161,0.211115838461421,0.214175622695954,0.194059239855938,0.176522456496951,0.140279459933373
477,0.452041119617036,0.178742307944130,0.223704949036996,0.157597013980819,0.170233153496669,0.140279459933373
523,0.442671323317129,0.217294683481912,0.237166246337142,0.189517281185082,0.173309128978783,0.149807763529887
425,0.422838791105066,0.205178843545358,0.223704949036996,0.152256565618780,0.149807763529887,0.140279459933373
411,0.478041795094857,0.219672052767678,0.269010148553487,0.140279459933373,0.187631241909896,0.140279459933373
366,0.372772455485757,0.205178843545358,0.212638240623736,0.224521889216861,0.140279459933373,0.140279459933373
369,0.425685350085428,0.198109430350217,0.203733362812729,0.237166246337142,0.163123316426449,0.140279459933373
357,0.422838791105066,0.227823271636467,0.190154027575454,0.214949882112267,0.140279459933373,0.146862120354825
420,0.40182397040703,0.208860644258667,0.254108759679802,0.152618104976752,0.200188610986799,0.159237162188545
409,0.377644706128292,0.178742307944130,0.150492979148870,0.187010622123131,0.153350162717428,0.140279459933373
378,0.430419611243593,0.218083551882790,0.238033800236652,0.211115838461421,0.154850743467635,0.160930368981928
517,0.450170855356869,0.204454144375473,0.216509434133377,0.196066256873814,0.140279459933373,0.177071557205383
470,0.431364974573073,0.235439936165745,0.225342219919308,0.176522456496951,0.170233153496669,0.151897993103576
413,0.404704249910189,0.194724220966719,0.178742307944130,0.206639944148685,0.140279459933373,0.140279459933373
521,0.43702685358426,0.222081350052879,0.226165913043895,0.216509434133377,0.140279459933373,0.142423961905656
390,0.402784577338547,0.211115838461421,0.212638240623736,0.197424363331222,0.150148946700048,0.140279459933373
451,0.441731771836077,0.251373586915138,0.241532534498303,0.177624558944457,0.205907447843523,0.140279459933373
487,0.439851241970584,0.205178843545358,0.234581247743386,0.140279459933373,0.191439626593958,0.140279459933373
418,0.457641082102348,0.237166246337142,0.254108759679802,0.178742307944130,0.174364837136968,0.145928733232941
353,0.425685350085428,0.234581247743386,0.205907447843523,0.205907447843523,0.140279459933373,0.154470991130581
927,0.523735350546028,0.282396577544332,0.289179343702615,0.232023448734304,0.155619579790919,0.185172899926102
498,0.459504181093247,0.217294683481912,0.221274744825972,0.200188610986799,0.226992939983781,0.140279459933373
361,0.391223565654671,0.193398287644562,0.178742307944130,0.179307075461499,0.151542367809210,0.140279459933373
316,0.387353706987488,0.178181472416481,0.155619579790919,0.214949882112267,0.140279459933373,0.147819407725247
299,0.345300444024283,0.167291481291287,0.186394027664835,0.187631241909896,0.149469410107982,0.146862120354825
280,0.363974517009122,0.165869963138432,0.194724220966719,0.196066256873814,0.170736402643872,0.180448444205294
743,0.540896650628897,0.325551793923222,0.301887051542692,0.242414171861771,0.200188610986799,0.143840891542185
305,0.419987692000204,0.209608564537159,0.224521889216861,0.140279459933373,0.170233153496669,0.140279459933373
393,0.419987692000204,0.205907447843523,0.256863984839407,0.16357228121085,0.198798498578782,0.173309128978783
416,0.359072414588444,0.169733635746363,0.152982630801945,0.192088479379025,0.179875784505171,0.145018731380577
348,0.37179664134119,0.187631241909896,0.190154027575454,0.255024990396885,0.140539522938054,0.151542367809210
381,0.442671323317129,0.192741366843982,0.231177046607856,0.200188610986799,0.140279459933373,0.143840891542185
387,0.432309844864813,0.193398287644562,0.219672052767678,0.147178535004063,0.16357228121085,0.150839880430613
253,0.439851241970584,0.238904240888872,0.204454144375473,0.314687276192053,0.411406907527978,0.160502026996677
476,0.456708871220304,0.213405068833102,0.199491561253654,0.182778757451073,0.140279459933373,0.140279459933373
281,0.374722731821464,0.169733635746363,0.187631241909896,0.200889639762023,0.162235816543637,0.140279459933373
390,0.469720411442728,0.238904240888872,0.243298519444439,0.140279459933373,0.183371292540019,0.140279459933373
592,0.450170855356869,0.249561781327291,0.279506090033501,0.154850743467635,0.186394027664835,0.148801114525785
400,0.450170855356869,0.218876016213984,0.211115838461421,0.175977245746161,0.140279459933373,0.140279459933373
479,0.420938564569721,0.241532534498303,0.204454144375473,0.207376318697083,0.156400988328558,0.172787005806565
499,0.454843116219575,0.217294683481912,0.238904240888872,0.164940248736627,0.188884569174318,0.182778757451073
328,0.403744670601839,0.206639944148685,0.198798498578782,0.194724220966719,0.182778757451073,0.188255890082703
381,0.378617765257579,0.208860644258667,0.185172899926102,0.222081350052879,0.32950458986508,0.140279459933373
375,0.397976414823837,0.185172899926102,0.205907447843523,0.172268685450245,0.140279459933373,0.165403320798019
440,0.42188893060604,0.204454144375473,0.235439936165745,0.190794809258731,0.183967824035887,0.162677834203278
246,0.419987692000204,0.189517281185082,0.214175622695954,0.162677834203278,0.151542367809210,0.154094323280450
273,0.444549008408857,0.191439626593958,0.216509434133377,0.182190212262849,0.170736402643872,0.147178535004063
529,0.418084423539314,0.221274744825972,0.180448444205294,0.225342219919308,0.220471637257467,0.154094323280450
370,0.340368763820501,0.193398287644562,0.182190212262849,0.214175622695954,0.149469410107982,0.143552645462116
334,0.430419611243593,0.196743303664015,0.240653643199231,0.140279459933373,0.164940248736627,0.140279459933373
421,0.389289635189169,0.193398287644562,0.198798498578782,0.164024746412181,0.156008702799071,0.142147774681471
486,0.450170855356869,0.240653643199231,0.226165913043895,0.191439626593958,0.172787005806565,0.16634019279706
366,0.366910990862085,0.200889639762023,0.224521889216861,0.252283020211930,0.350225945404854,0.165403320798019
817,0.490005705397473,0.242414171861771,0.226165913043895,0.236301613614802,0.147497624383717,0.159237162188545
604,0.484491855840873,0.255943411389996,0.266179795115631,0.194059239855938,0.152256565618780,0.140279459933373
414,0.484491855840873,0.235439936165745,0.217294683481912,0.215727826366646,0.151542367809210,0.174364837136968
421,0.381534098529382,0.179875784505171,0.187631241909896,0.178181472416481,0.148143904307162,0.169237834303805
343,0.410450927071570,0.228656878414890,0.211875157547888,0.212638240623736,0.155619579790919,0.175977245746161
570,0.451106215483896,0.218083551882790,0.194059239855938,0.202303599215116,0.140279459933373,0.140279459933373
378,0.414271770359505,0.181605650010004,0.195393227873188,0.196743303664015,0.151189670120080,0.16634019279706
452,0.39218977751084,0.200188610986799,0.182778757451073,0.201594638931909,0.159655442358187,0.148471133452426
166,0.302869127130412,0.182778757451073,0.200188610986799,0.166814026627726,0.186394027664835,0.151189670120080
357,0.424736999725661,0.180448444205294,0.229493730258852,0.171754154191287,0.169237834303805,0.152618104976752
437,0.424736999725661,0.199491561253654,0.210360301592275,0.140279459933373,0.182778757451073,0.156400988328558
351,0.433254223593108,0.178742307944130,0.190794809258731,0.224521889216861,0.140279459933373,0.145622826217966
279,0.402784577338547,0.175977245746161,0.232872971194181,0.190154027575454,0.168257318749387,0.143266847840142
480,0.456708871220304,0.214175622695954,0.164024746412181,0.276626749501763,0.140279459933373,0.140279459933373
465,0.420938564569721,0.313700605163659,0.221274744825972,0.243298519444439,0.208860644258667,0.171243398019944
301,0.420938564569721,0.188884569174318,0.218876016213984,0.169237834303805,0.143266847840142,0.140279459933373
378,0.420938564569721,0.219672052767678,0.194059239855938,0.234581247743386,0.140279459933373,0.147497624383717
737,0.547195695509664,0.251373586915138,0.256863984839407,0.303851718893881,0.407579902497849,0.166814026627726
440,0.480808424194665,0.270905253648299,0.282396577544332,0.222891426963376,0.178181472416481,0.144720505822661
513,0.459504181093247,0.229493730258852,0.23977753355553,0.175977245746161,0.169733635746363,0.140279459933373
437,0.439851241970584,0.224521889216861,0.231177046607856,0.212638240623736,0.157195124574254,0.153720720340875
471,0.414271770359505,0.192088479379025,0.185781454960399,0.177624558944457,0.152256565618780,0.147497624383717
514,0.423788147113161,0.222081350052879,0.226165913043895,0.188255890082703,0.166814026627726,0.160930368981928
406,0.40662186593712,0.222891426963376,0.210360301592275,0.211115838461421,0.168257318749387,0.149133866930996
462,0.427580548847338,0.220471637257467,0.227823271636467,0.203016510694019,0.161362102255135,0.140279459933373
486,0.412362374614871,0.209608564537159,0.196066256873814,0.208116557082828,0.180448444205294,0.177071557205383
320,0.39604956908159,0.167772573247934,0.235439936165745,0.158822198286243,0.144720505822661,0.170233153496669
393,0.402784577338547,0.209608564537159,0.205907447843523,0.217294683481912,0.140279459933373,0.140279459933373
330,0.418084423539314,0.210360301592275,0.203733362812729,0.192088479379025,0.158410531669826,0.141873944585676
247,0.378617765257579,0.155619579790919,0.208116557082828,0.168745733831007,0.140279459933373,0.140279459933373
361,0.42188893060604,0.210360301592275,0.210360301592275,0.222081350052879,0.150148946700048,0.164940248736627
821,0.493674279807102,0.249561781327291,0.255943411389996,0.197424363331222,0.289179343702615,0.200889639762023
491,0.414271770359505,0.244185541162083,0.238033800236652,0.179875784505171,0.171243398019944,0.145319498566922
485,0.437968797820157,0.210360301592275,0.208116557082828,0.228656878414890,0.235439936165745,0.144720505822661
533,0.447362019176649,0.226165913043895,0.238033800236652,0.208116557082828,0.198798498578782,0.158822198286243
444,0.418084423539314,0.170736402643872,0.195393227873188,0.190154027575454,0.155233599845476,0.140279459933373
441,0.442671323317129,0.238033800236652,0.222891426963376,0.205907447843523,0.16357228121085,0.145018731380577
371,0.395085382089401,0.165869963138432,0.204454144375473,0.156796455796649,0.194059239855938,0.140279459933373
424,0.454843116219575,0.232023448734304,0.211875157547888,0.224521889216861,0.158410531669826,0.140279459933373
424,0.439851241970584,0.215727826366646,0.208860644258667,0.184568357977156,0.154470991130581,0.140279459933373
496,0.516479299936916,0.200889639762023,0.205178843545358,0.185172899926102,0.169237834303805,0.140279459933373
406,0.451106215483896,0.206639944148685,0.217294683481912,0.189517281185082,0.150148946700048,0.147819407725247
389,0.369843682925459,0.185781454960399,0.16634019279706,0.156400988328558,0.185781454960399,0.140279459933373
345,0.426633199381427,0.225342219919308,0.223704949036996,0.185781454960399,0.172787005806565,0.173309128978783
385,0.436084425669404,0.207376318697083,0.215727826366646,0.189517281185082,0.154470991130581,0.145928733232941
506,0.443610401564419,0.250466494772263,0.206639944148685,0.227823271636467,0.185781454960399,0.140279459933373
343,0.394120687044045,0.208116557082828,0.200188610986799,0.183967824035887,0.164480729737195,0.142423961905656
386,0.436084425669404,0.198798498578782,0.224521889216861,0.158822198286243,0.178181472416481,0.147497624383717
377,0.464154311336516,0.245967461561916,0.240653643199231,0.181025063276694,0.205178843545358,0.142147774681471
439,0.402784577338547,0.200889639762023,0.171754154191287,0.205178843545358,0.171754154191287,0.165869963138432
409,0.465083048709257,0.281431899695417,0.201594638931909,0.383475920330798,0.502821101328797,0.251373586915138
343,0.407579902497849,0.181605650010004,0.23033379664679,0.191439626593958,0.140279459933373,0.140279459933373
406,0.409494432911366,0.207376318697083,0.220471637257467,0.198109430350217,0.153720720340875,0.157195124574254
264,0.433254223593108,0.187010622123131,0.203016510694019,0.211875157547888,0.140279459933373,0.140539522938054
379,0.41331732873535,0.198109430350217,0.218876016213984,0.221274744825972,0.156400988328558,0.140279459933373
477,0.448298759169222,0.200188610986799,0.170233153496669,0.193398287644562,0.157195124574254,0.140279459933373
329,0.363974517009122,0.213405068833102,0.194724220966719,0.261497815323131,0.140279459933373,0.157195124574254
434,0.42188893060604,0.221274744825972,0.240653643199231,0.167291481291287,0.177624558944457,0.140539522938054
390,0.415225700022613,0.192088479379025,0.209608564537159,0.187631241909896,0.159655442358187,0.143552645462116
345,0.432309844864813,0.165403320798019,0.178742307944130,0.164480729737195,0.143840891542185,0.140279459933373
502,0.43702685358426,0.23977753355553,0.245075200706715,0.153350162717428,0.16357228121085,0.163123316426449
448,0.409494432911366,0.221274744825972,0.245967461561916,0.181025063276694,0.161362102255135,0.154094323280450
398,0.40182397040703,0.192741366843982,0.175435913518267,0.214949882112267,0.147497624383717,0.157195124574254
475,0.443610401564419,0.207376318697083,0.207376318697083,0.181605650010004,0.175435913518267,0.162677834203278
401,0.431364974573073,0.204454144375473,0.171243398019944,0.191439626593958,0.160502026996677,0.140279459933373
539,0.478964395469008,0.253194757033311,0.253194757033311,0.209608564537159,0.197424363331222,0.192741366843982
310,0.359072414588444,0.151189670120080,0.207376318697083,0.170736402643872,0.143840891542185,0.149469410107982
390,0.450170855356869,0.211115838461421,0.194059239855938,0.200188610986799,0.170233153496669,0.144424803121843
445,0.426633199381427,0.216509434133377,0.214175622695954,0.184568357977156,0.158410531669826,0.140279459933373
330,0.451106215483896,0.193398287644562,0.248659484023583,0.162235816543637,0.214175622695954,0.140279459933373
649,0.463225147278761,0.255943411389996,0.209608564537159,0.242414171861771,0.162677834203278,0.151542367809210
429,0.446424815327873,0.240653643199231,0.244185541162083,0.204454144375473,0.170736402643872,0.149469410107982
905,0.500080663267207,0.266179795115631,0.267121556704060,0.235439936165745,0.201594638931909,0.140279459933373
324,0.370820382306947,0.188884569174318,0.211115838461421,0.147819407725247,0.162677834203278,0.140279459933373
578,0.517387345588464,0.296006914761259,0.244185541162083,0.218876016213984,0.154094323280450,0.140279459933373
477,0.428527399760189,0.223704949036996,0.244185541162083,0.179875784505171,0.198798498578782,0.163123316426449
420,0.43702685358426,0.224521889216861,0.222081350052879,0.164940248736627,0.165869963138432,0.166814026627726
389,0.429473753439024,0.211875157547888,0.188255890082703,0.182778757451073,0.152982630801945,0.140279459933373
394,0.363974517009122,0.173309128978783,0.179875784505171,0.196066256873814,0.182190212262849,0.148143904307162
469,0.435141512434088,0.227823271636467,0.207376318697083,0.213405068833102,0.158410531669826,0.140279459933373
395,0.457641082102348,0.222081350052879,0.215727826366646,0.192741366843982,0.192741366843982,0.192741366843982
367,0.407579902497849,0.185781454960399,0.209608564537159,0.185781454960399,0.152982630801945,0.143840891542185
255,0.626439652176295,0.404704249910189,0.370820382306947,0.333456768437105,0.278545025785751,0.173835068385563
375,0.433254223593108,0.198109430350217,0.233725581744281,0.197424363331222,0.250466494772263,0.178181472416481
344,0.378617765257579,0.170736402643872,0.182778757451073,0.184568357977156,0.198798498578782,0.147497624383717
439,0.426633199381427,0.209608564537159,0.220471637257467,0.187010622123131,0.147497624383717,0.140279459933373
409,0.439851241970584,0.211875157547888,0.203733362812729,0.176522456496951,0.157597013980819,0.140279459933373
357,0.433254223593108,0.170736402643872,0.196066256873814,0.165869963138432,0.156008702799071,0.140279459933373
459,0.418084423539314,0.236301613614802,0.194724220966719,0.202303599215116,0.192741366843982,0.186394027664835
412,0.415225700022613,0.232023448734304,0.216509434133377,0.199491561253654,0.140279459933373,0.150492979148870
386,0.409494432911366,0.199491561253654,0.150492979148870,0.198109430350217,0.162235816543637,0.164940248736627
761,0.596324170558622,0.290152214217331,0.201594638931909,0.277585234113443,0.179875784505171,0.165869963138432
417,0.422838791105066,0.223704949036996,0.189517281185082,0.199491561253654,0.164480729737195,0.140279459933373
378,0.435141512434088,0.258711437790672,0.231177046607856,0.224521889216861,0.231177046607856,0.236301613614802
389,0.412362374614871,0.232023448734304,0.264301525715948,0.215727826366646,0.181025063276694,0.140279459933373
514,0.432309844864813,0.232023448734304,0.203733362812729,0.199491561253654,0.140279459933373,0.140279459933373
257,0.361034414931008,0.198109430350217,0.207376318697083,0.183371292540019,0.151542367809210,0.181605650010004
319,0.437968797820157,0.168257318749387,0.205178843545358,0.189517281185082,0.140279459933373,0.140279459933373
526,0.500080663267207,0.249561781327291,0.232872971194181,0.200889639762023,0.211115838461421,0.140279459933373
371,0.45297556976512,0.214175622695954,0.202303599215116,0.207376318697083,0.143840891542185,0.140279459933373
434,0.429473753439024,0.243298519444439,0.172787005806565,0.211115838461421,0.197424363331222,0.140279459933373
431,0.40566331506169,0.217294683481912,0.206639944148685,0.282396577544332,0.332468835480985,0.211875157547888
294,0.432309844864813,0.177071557205383,0.141066417195949,0.363974517009122,0.490923390673098,0.227823271636467
209,0.395085382089401,0.209608564537159,0.210360301592275,0.214175622695954,0.151542367809210,0.157597013980819
587,0.431364974573073,0.218083551882790,0.245967461561916,0.189517281185082,0.148471133452426,0.140279459933373
462,0.443610401564419,0.245967461561916,0.249561781327291,0.237166246337142,0.213405068833102,0.220471637257467
422,0.410450927071570,0.227823271636467,0.197424363331222,0.205907447843523,0.165869963138432,0.179307075461499
557,0.548993245617665,0.231177046607856,0.23033379664679,0.246862287018223,0.193398287644562,0.140279459933373
588,0.483571570595327,0.267121556704060,0.219672052767678,0.201594638931909,0.179875784505171,0.140279459933373
331,0.387353706987488,0.217294683481912,0.217294683481912,0.173835068385563,0.179875784505171,0.169733635746363
428,0.420938564569721,0.280468392646033,0.267121556704060,0.326539995183568,0.40566331506169,0.184568357977156
197,0.366910990862085,0.211875157547888,0.222081350052879,0.226992939983781,0.310742219942023,0.189517281185082
340,0.391223565654671,0.193398287644562,0.153350162717428,0.182190212262849,0.167772573247934,0.151189670120080
294,0.469720411442728,0.153350162717428,0.200889639762023,0.172268685450245,0.167772573247934,0.156796455796649
394,0.419987692000204,0.205178843545358,0.226165913043895,0.194724220966719,0.165869963138432,0.153720720340875
363,0.43702685358426,0.202303599215116,0.216509434133377,0.198109430350217,0.145018731380577,0.155619579790919
515,0.472497848634527,0.232023448734304,0.257786672914962,0.140279459933373,0.168257318749387,0.140279459933373
330,0.419036311953547,0.245967461561916,0.235439936165745,0.198109430350217,0.173835068385563,0.162677834203278
585,0.491840713366392,0.262430509724191,0.23977753355553,0.200188610986799,0.200188610986799,0.161797245314680
582,0.477118801080669,0.267121556704060,0.204454144375473,0.205907447843523,0.150492979148870,0.165403320798019
534,0.503733909185275,0.253194757033311,0.218083551882790,0.164940248736627,0.164480729737195,0.144131604573628
523,0.45297556976512,0.224521889216861,0.238033800236652,0.234581247743386,0.182190212262849,0.158822198286243
359,0.39218977751084,0.173309128978783,0.184568357977156,0.180448444205294,0.162235816543637,0.140279459933373
580,0.469720411442728,0.26336509235663,0.273759486818862,0.140279459933373,0.172787005806565,0.163123316426449
520,0.414271770359505,0.218083551882790,0.224521889216861,0.214175622695954,0.161362102255135,0.140279459933373
457,0.490005705397473,0.231177046607856,0.178742307944130,0.205907447843523,0.175977245746161,0.140279459933373
360,0.460435073421994,0.210360301592275,0.216509434133377,0.205178843545358,0.140279459933373,0.157597013980819
504,0.422838791105066,0.207376318697083,0.220471637257467,0.173309128978783,0.191439626593958,0.145319498566922
417,0.480808424194665,0.216509434133377,0.23977753355553,0.211115838461421,0.140279459933373,0.155619579790919
180,0.382505251364152,0.175435913518267,0.195393227873188,0.370820382306947,0.491840713366392,0.214175622695954
182,0.302869127130412,0.161362102255135,0.218083551882790,0.170736402643872,0.140279459933373,0.140279459933373
217,0.347271459448055,0.156796455796649,0.183967824035887,0.177624558944457,0.166814026627726,0.140279459933373
409,0.433254223593108,0.208116557082828,0.172268685450245,0.225342219919308,0.161797245314680,0.140279459933373
494,0.464154311336516,0.216509434133377,0.221274744825972,0.269956905233921,0.305818349289740,0.158410531669826
481,0.412362374614871,0.207376318697083,0.256863984839407,0.179307075461499,0.158822198286243,0.145018731380577
346,0.40566331506169,0.208860644258667,0.217294683481912,0.172787005806565,0.177624558944457,0.153350162717428
433,0.40566331506169,0.218083551882790,0.241532534498303,0.187010622123131,0.146237238572002,0.162677834203278
434,0.428527399760189,0.225342219919308,0.229493730258852,0.16634019279706,0.162235816543637,0.140279459933373
391,0.420938564569721,0.261497815323131,0.237166246337142,0.198798498578782,0.157195124574254,0.140279459933373
408,0.447362019176649,0.237166246337142,0.209608564537159,0.207376318697083,0.173309128978783,0.172268685450245
479,0.459504181093247,0.179875784505171,0.227823271636467,0.191439626593958,0.171754154191287,0.172268685450245
467,0.45297556976512,0.26336509235663,0.237166246337142,0.23977753355553,0.229493730258852,0.23977753355553
344,0.373747820375976,0.218083551882790,0.211875157547888,0.161797245314680,0.153350162717428,0.150492979148870
405,0.400862850180983,0.188255890082703,0.199491561253654,0.175435913518267,0.170233153496669,0.157597013980819
431,0.419036311953547,0.218876016213984,0.175977245746161,0.186394027664835,0.175435913518267,0.172787005806565
321,0.450170855356869,0.231177046607856,0.261497815323131,0.169237834303805,0.191439626593958,0.151897993103576
404,0.404704249910189,0.210360301592275,0.222891426963376,0.200889639762023,0.156008702799071,0.179307075461499
302,0.380562464597876,0.187010622123131,0.163123316426449,0.204454144375473,0.161797245314680,0.140279459933373
399,0.447362019176649,0.206639944148685,0.169733635746363,0.179875784505171,0.184568357977156,0.140279459933373
364,0.479886604427388,0.227823271636467,0.218876016213984,0.167772573247934,0.181025063276694,0.155233599845476
444,0.40566331506169,0.255943411389996,0.198109430350217,0.208116557082828,0.174364837136968,0.185781454960399
489,0.417132025922147,0.218083551882790,0.213405068833102,0.190154027575454,0.154094323280450,0.157597013980819
401,0.424736999725661,0.188884569174318,0.193398287644562,0.209608564537159,0.140279459933373,0.164024746412181
419,0.447362019176649,0.228656878414890,0.207376318697083,0.179307075461499,0.149469410107982,0.145319498566922
432,0.429473753439024,0.221274744825972,0.209608564537159,0.225342219919308,0.158822198286243,0.140279459933373
437,0.442671323317129,0.217294683481912,0.188255890082703,0.221274744825972,0.148471133452426,0.140279459933373
427,0.432309844864813,0.218876016213984,0.213405068833102,0.174898448025698,0.170736402643872,0.158822198286243
351,0.430419611243593,0.192741366843982,0.235439936165745,0.140279459933373,0.188884569174318,0.161797245314680
426,0.486331294331022,0.260567046745838,0.240653643199231,0.205907447843523,0.150839880430613,0.172268685450245
573,0.461365530470573,0.249561781327291,0.229493730258852,0.187631241909896,0.178181472416481,0.140279459933373
580,0.477118801080669,0.249561781327291,0.204454144375473,0.208116557082828,0.177071557205383,0.140279459933373
328,0.434198112267997,0.201594638931909,0.224521889216861,0.194724220966719,0.147819407725247,0.140279459933373
449,0.444549008408857,0.211875157547888,0.181605650010004,0.208116557082828,0.140279459933373,0.140279459933373
332,0.416179118323367,0.204454144375473,0.207376318697083,0.190794809258731,0.150148946700048,0.140279459933373
411,0.411406907527978,0.207376318697083,0.190794809258731,0.204454144375473,0.155233599845476,0.149807763529887
510,0.465083048709257,0.215727826366646,0.232872971194181,0.180448444205294,0.163123316426449,0.140279459933373
475,0.435141512434088,0.197424363331222,0.233725581744281,0.181605650010004,0.151542367809210,0.140279459933373
426,0.424736999725661,0.198798498578782,0.211875157547888,0.172268685450245,0.158410531669826,0.177071557205383
476,0.431364974573073,0.242414171861771,0.180448444205294,0.198798498578782,0.153720720340875,0.140279459933373
450,0.426633199381427,0.210360301592275,0.203733362812729,0.208116557082828,0.165403320798019,0.140279459933373
341,0.419036311953547,0.186394027664835,0.223704949036996,0.162235816543637,0.149469410107982,0.140279459933373
369,0.384446102799712,0.190154027575454,0.179307075461499,0.205907447843523,0.140279459933373,0.140279459933373
376,0.378617765257579,0.206639944148685,0.194724220966719,0.149469410107982,0.164940248736627,0.140279459933373
510,0.431364974573073,0.222081350052879,0.218876016213984,0.202303599215116,0.146862120354825,0.144720505822661
346,0.420938564569721,0.200889639762023,0.201594638931909,0.198798498578782,0.143552645462116,0.169733635746363
474,0.415225700022613,0.219672052767678,0.221274744825972,0.170233153496669,0.161797245314680,0.140279459933373
436,0.438910260048710,0.214949882112267,0.223704949036996,0.166814026627726,0.158002143279100,0.145018731380577
333,0.389289635189169,0.205178843545358,0.179307075461499,0.212638240623736,0.140279459933373,0.146862120354825
335,0.400862850180983,0.178181472416481,0.205178843545358,0.180448444205294,0.176522456496951,0.147819407725247
635,0.466011361565902,0.257786672914962,0.23033379664679,0.204454144375473,0.289179343702615,0.163123316426449
486,0.422838791105066,0.208116557082828,0.211875157547888,0.165869963138432,0.140279459933373,0.157597013980819
879,0.491840713366392,0.290152214217331,0.232023448734304,0.210360301592275,0.159237162188545,0.140801836156987
428,0.377644706128292,0.204454144375473,0.188255890082703,0.222891426963376,0.173835068385563,0.148471133452426
427,0.426633199381427,0.231177046607856,0.201594638931909,0.202303599215116,0.174364837136968,0.154094323280450
472,0.446424815327873,0.241532534498303,0.226992939983781,0.156008702799071,0.154850743467635,0.168745733831007
769,0.505558530479263,0.272806580486754,0.240653643199231,0.188884569174318,0.171243398019944,0.154094323280450
385,0.40566331506169,0.208860644258667,0.217294683481912,0.222081350052879,0.140279459933373,0.169237834303805
465,0.428527399760189,0.185781454960399,0.226165913043895,0.179875784505171,0.177071557205383,0.140279459933373
254,0.433254223593108,0.210360301592275,0.203733362812729,0.168257318749387,0.144424803121843,0.140279459933373
403,0.40662186593712,0.214949882112267,0.190794809258731,0.216509434133377,0.16357228121085,0.140279459933373
336,0.436084425669404,0.231177046607856,0.214949882112267,0.177624558944457,0.159237162188545,0.150492979148870
409,0.43702685358426,0.190154027575454,0.217294683481912,0.215727826366646,0.141333283747465,0.140279459933373
425,0.42188893060604,0.197424363331222,0.197424363331222,0.195393227873188,0.140279459933373,0.183371292540019
445,0.412362374614871,0.187010622123131,0.241532534498303,0.171243398019944,0.140279459933373,0.140279459933373
289,0.448298759169222,0.235439936165745,0.217294683481912,0.203733362812729,0.140279459933373,0.140279459933373
307,0.419987692000204,0.190154027575454,0.207376318697083,0.150492979148870,0.155233599845476,0.141333283747465
480,0.45297556976512,0.241532534498303,0.206639944148685,0.173835068385563,0.163123316426449,0.157597013980819
523,0.419987692000204,0.204454144375473,0.202303599215116,0.179875784505171,0.161362102255135,0.150839880430613
478,0.493674279807102,0.238033800236652,0.23033379664679,0.178742307944130,0.177624558944457,0.140279459933373
346,0.489087655334828,0.250466494772263,0.225342219919308,0.192741366843982,0.145319498566922,0.150839880430613
614,0.448298759169222,0.261497815323131,0.193398287644562,0.226992939983781,0.140279459933373,0.159655442358187
441,0.434198112267997,0.221274744825972,0.213405068833102,0.167772573247934,0.196066256873814,0.182778757451073
357,0.423788147113161,0.192088479379025,0.173309128978783,0.215727826366646,0.172787005806565,0.140279459933373
627,0.503733909185275,0.251373586915138,0.218083551882790,0.186394027664835,0.193398287644562,0.150839880430613
403,0.419987692000204,0.201594638931909,0.241532534498303,0.175977245746161,0.155619579790919,0.149469410107982
392,0.402784577338547,0.181605650010004,0.145018731380577,0.205178843545358,0.152618104976752,0.159237162188545
200,0.402784577338547,0.210360301592275,0.197424363331222,0.349241401529061,0.497337158291481,0.246862287018223
283,0.390256851013871,0.238033800236652,0.202303599215116,0.214175622695954,0.140279459933373,0.140279459933373
372,0.44923503724365,0.222891426963376,0.238904240888872,0.238904240888872,0.145928733232941,0.155233599845476
369,0.40662186593712,0.197424363331222,0.217294683481912,0.161797245314680,0.162677834203278,0.164024746412181
389,0.39218977751084,0.23033379664679,0.241532534498303,0.183967824035887,0.152256565618780,0.150492979148870
307,0.414271770359505,0.169733635746363,0.214949882112267,0.177624558944457,0.174364837136968,0.140279459933373
339,0.400862850180983,0.222891426963376,0.202303599215116,0.196743303664015,0.159237162188545,0.140801836156987
453,0.509203854805391,0.218876016213984,0.221274744825972,0.215727826366646,0.162235816543637,0.149469410107982
459,0.461365530470573,0.213405068833102,0.193398287644562,0.201594638931909,0.162677834203278,0.140279459933373
313,0.287236372741756,0.181605650010004,0.196066256873814,0.169733635746363,0.164940248736627,0.159655442358187
439,0.447362019176649,0.235439936165745,0.232872971194181,0.211875157547888,0.155619579790919,0.182778757451073
390,0.478041795094857,0.241532534498303,0.229493730258852,0.182190212262849,0.143840891542185,0.144720505822661
278,0.419036311953547,0.222081350052879,0.160077057692081,0.387353706987488,0.498252004317859,0.254108759679802
333,0.422838791105066,0.210360301592275,0.219672052767678,0.152982630801945,0.198109430350217,0.140279459933373
356,0.419987692000204,0.213405068833102,0.223704949036996,0.171754154191287,0.181605650010004,0.156400988328558
568,0.465083048709257,0.238033800236652,0.222891426963376,0.210360301592275,0.181605650010004,0.140279459933373
484,0.397976414823837,0.234581247743386,0.205178843545358,0.200188610986799,0.168257318749387,0.161362102255135
437,0.40182397040703,0.173835068385563,0.194059239855938,0.210360301592275,0.140279459933373,0.140279459933373
379,0.445487145704544,0.200889639762023,0.176522456496951,0.202303599215116,0.155233599845476,0.158410531669826
509,0.450170855356869,0.235439936165745,0.208116557082828,0.210360301592275,0.154850743467635,0.16357228121085
585,0.435141512434088,0.213405068833102,0.226165913043895,0.192088479379025,0.173309128978783,0.151189670120080
462,0.460435073421994,0.221274744825972,0.190154027575454,0.188884569174318,0.143840891542185,0.140279459933373
281,0.41331732873535,0.209608564537159,0.224521889216861,0.290152214217331,0.414271770359505,0.224521889216861
684,0.481729856995562,0.193398287644562,0.232023448734304,0.157597013980819,0.148801114525785,0.154470991130581
394,0.411406907527978,0.208860644258667,0.238033800236652,0.165869963138432,0.154470991130581,0.140801836156987
415,0.41331732873535,0.200188610986799,0.231177046607856,0.140279459933373,0.164024746412181,0.140279459933373
492,0.436084425669404,0.201594638931909,0.192741366843982,0.191439626593958,0.156796455796649,0.140279459933373
433,0.422838791105066,0.231177046607856,0.232872971194181,0.190794809258731,0.159237162188545,0.183967824035887
398,0.416179118323367,0.202303599215116,0.229493730258852,0.181025063276694,0.215727826366646,0.146862120354825
317,0.39893907178823,0.226165913043895,0.231177046607856,0.271855157449252,0.382505251364152,0.206639944148685
497,0.422838791105066,0.242414171861771,0.237166246337142,0.191439626593958,0.200889639762023,0.140279459933373
581,0.428527399760189,0.223704949036996,0.214175622695954,0.185172899926102,0.140279459933373,0.149807763529887
492,0.395085382089401,0.232872971194181,0.237166246337142,0.194724220966719,0.197424363331222,0.174898448025698
400,0.453909567952752,0.209608564537159,0.234581247743386,0.193398287644562,0.169237834303805,0.167772573247934
187,0.414271770359505,0.198798498578782,0.200889639762023,0.351210191887716,0.498252004317859,0.257786672914962
451,0.42188893060604,0.205907447843523,0.171243398019944,0.216509434133377,0.154094323280450,0.140279459933373
420,0.428527399760189,0.211115838461421,0.201594638931909,0.193398287644562,0.172787005806565,0.171243398019944
434,0.420938564569721,0.208116557082828,0.243298519444439,0.140279459933373,0.203016510694019,0.16357228121085
346,0.40566331506169,0.179307075461499,0.203733362812729,0.188884569174318,0.147819407725247,0.149807763529887
567,0.463225147278761,0.23977753355553,0.180448444205294,0.226992939983781,0.154850743467635,0.140279459933373
387,0.378617765257579,0.194724220966719,0.157597013980819,0.201594638931909,0.164480729737195,0.164480729737195
511,0.442671323317129,0.196066256873814,0.190794809258731,0.216509434133377,0.146548361254107,0.140279459933373
425,0.388321919900050,0.202303599215116,0.205907447843523,0.200188610986799,0.152256565618780,0.146548361254107
419,0.427580548847338,0.231177046607856,0.228656878414890,0.181025063276694,0.160502026996677,0.140279459933373
413,0.418084423539314,0.199491561253654,0.220471637257467,0.188255890082703,0.179307075461499,0.147819407725247
492,0.440791745314472,0.220471637257467,0.222891426963376,0.179875784505171,0.185172899926102,0.188255890082703
471,0.427580548847338,0.217294683481912,0.224521889216861,0.197424363331222,0.141602453589765,0.140279459933373
407,0.402784577338547,0.200188610986799,0.194724220966719,0.160077057692081,0.167291481291287,0.140279459933373
521,0.442671323317129,0.247759640188542,0.210360301592275,0.238033800236652,0.154470991130581,0.164024746412181
458,0.435141512434088,0.227823271636467,0.237166246337142,0.171754154191287,0.164940248736627,0.140279459933373
508,0.424736999725661,0.243298519444439,0.201594638931909,0.222891426963376,0.140279459933373,0.157597013980819
810,0.520109684798944,0.293075998312143,0.247759640188542,0.219672052767678,0.175435913518267,0.140279459933373
523,0.436084425669404,0.226992939983781,0.207376318697083,0.215727826366646,0.193398287644562,0.154850743467635
459,0.43702685358426,0.198798498578782,0.200188610986799,0.211115838461421,0.144131604573628,0.160930368981928
571,0.447362019176649,0.238033800236652,0.187631241909896,0.225342219919308,0.160930368981928,0.140279459933373
467,0.447362019176649,0.285297304030371,0.256863984839407,0.211115838461421,0.232023448734304,0.219672052767678
458,0.428527399760189,0.216509434133377,0.210360301592275,0.196743303664015,0.14298348025674,0.140279459933373
316,0.423788147113161,0.190794809258731,0.203733362812729,0.206639944148685,0.140279459933373,0.140279459933373
330,0.419036311953547,0.171754154191287,0.190154027575454,0.168745733831007,0.169733635746363,0.145319498566922
276,0.366910990862085,0.162677834203278,0.214175622695954,0.157195124574254,0.177071557205383,0.140279459933373
437,0.420938564569721,0.217294683481912,0.198798498578782,0.182190212262849,0.140279459933373,0.140279459933373
474,0.430419611243593,0.237166246337142,0.238033800236652,0.211115838461421,0.176522456496951,0.140279459933373
341,0.477118801080669,0.202303599215116,0.218876016213984,0.152618104976752,0.156008702799071,0.166814026627726
495,0.451106215483896,0.222081350052879,0.211875157547888,0.203733362812729,0.153720720340875,0.141333283747465
408,0.453909567952752,0.23033379664679,0.190794809258731,0.247759640188542,0.140279459933373,0.151542367809210
455,0.465083048709257,0.222891426963376,0.241532534498303,0.187631241909896,0.140279459933373,0.150492979148870
974,0.516479299936916,0.286266334773665,0.280468392646033,0.160502026996677,0.209608564537159,0.200889639762023
186,0.330492731245164,0.159237162188545,0.208860644258667,0.165403320798019,0.172787005806565,0.140279459933373
374,0.39604956908159,0.194059239855938,0.185172899926102,0.23977753355553,0.196066256873814,0.143840891542185
536,0.441731771836077,0.256863984839407,0.234581247743386,0.196066256873814,0.157597013980819,0.188884569174318
548,0.453909567952752,0.243298519444439,0.226165913043895,0.197424363331222,0.198109430350217,0.140279459933373
378,0.400862850180983,0.210360301592275,0.254108759679802,0.208860644258667,0.162235816543637,0.146548361254107
551,0.458572851358513,0.240653643199231,0.238904240888872,0.183967824035887,0.149807763529887,0.140279459933373
413,0.374722731821464,0.186394027664835,0.213405068833102,0.190154027575454,0.140279459933373,0.140279459933373
382,0.393155485097713,0.211115838461421,0.197424363331222,0.194724220966719,0.167772573247934,0.144131604573628
431,0.39604956908159,0.190154027575454,0.225342219919308,0.182778757451073,0.146548361254107,0.140279459933373
501,0.420938564569721,0.195393227873188,0.181025063276694,0.183371292540019,0.160077057692081,0.160077057692081
424,0.415225700022613,0.197424363331222,0.200889639762023,0.188884569174318,0.172787005806565,0.150148946700048
385,0.423788147113161,0.206639944148685,0.219672052767678,0.180448444205294,0.149469410107982,0.158822198286243
559,0.473422844172892,0.275669606701894,0.269010148553487,0.208116557082828,0.161797245314680,0.16634019279706
505,0.445487145704544,0.189517281185082,0.227823271636467,0.194724220966719,0.154850743467635,0.171754154191287
340,0.359072414588444,0.166814026627726,0.201594638931909,0.164480729737195,0.147819407725247,0.170736402643872
517,0.434198112267997,0.205907447843523,0.236301613614802,0.179875784505171,0.147497624383717,0.140279459933373
293,0.435141512434088,0.198109430350217,0.219672052767678,0.155233599845476,0.165869963138432,0.140279459933373
483,0.416179118323367,0.201594638931909,0.241532534498303,0.196066256873814,0.158410531669826,0.140279459933373
574,0.461365530470573,0.294052217151829,0.271855157449252,0.258711437790672,0.193398287644562,0.143552645462116
412,0.429473753439024,0.205178843545358,0.255024990396885,0.140279459933373,0.169733635746363,0.140279459933373
282,0.419036311953547,0.203016510694019,0.226165913043895,0.159655442358187,0.140279459933373,0.168745733831007
336,0.373747820375976,0.168745733831007,0.203016510694019,0.320611530912211,0.414271770359505,0.198798498578782
480,0.427580548847338,0.23033379664679,0.241532534498303,0.186394027664835,0.171754154191287,0.140279459933373
387,0.353177756395209,0.170233153496669,0.172787005806565,0.197424363331222,0.147178535004063,0.181605650010004
392,0.381534098529382,0.191439626593958,0.211875157547888,0.140279459933373,0.169733635746363,0.146237238572002
322,0.417132025922147,0.157195124574254,0.170233153496669,0.194724220966719,0.154850743467635,0.140279459933373
364,0.374722731821464,0.198109430350217,0.222891426963376,0.192741366843982,0.166814026627726,0.140279459933373
332,0.388321919900050,0.192088479379025,0.208116557082828,0.183967824035887,0.167291481291287,0.163123316426449
541,0.447362019176649,0.283362392853609,0.301887051542692,0.249561781327291,0.226165913043895,0.156400988328558
355,0.407579902497849,0.178742307944130,0.236301613614802,0.164024746412181,0.150148946700048,0.140279459933373
337,0.419987692000204,0.163123316426449,0.190154027575454,0.190794809258731,0.156796455796649,0.157597013980819
501,0.456708871220304,0.200889639762023,0.203733362812729,0.187631241909896,0.144424803121843,0.140279459933373
417,0.425685350085428,0.181025063276694,0.235439936165745,0.170736402643872,0.150839880430613,0.141873944585676
506,0.450170855356869,0.206639944148685,0.216509434133377,0.158822198286243,0.158822198286243,0.147497624383717
294,0.404704249910189,0.208860644258667,0.182190212262849,0.205178843545358,0.142702524367706,0.140279459933373
275,0.438910260048710,0.199491561253654,0.220471637257467,0.165869963138432,0.172787005806565,0.163123316426449
408,0.408537424783786,0.210360301592275,0.203016510694019,0.201594638931909,0.178181472416481,0.140279459933373
391,0.409494432911366,0.172787005806565,0.196066256873814,0.190154027575454,0.156008702799071,0.140279459933373
306,0.384446102799712,0.196743303664015,0.187631241909896,0.205178843545358,0.140279459933373,0.145319498566922
390,0.424736999725661,0.196066256873814,0.224521889216861,0.170736402643872,0.155233599845476,0.147819407725247
422,0.39893907178823,0.218083551882790,0.194724220966719,0.223704949036996,0.191439626593958,0.181025063276694
435,0.397013246974146,0.227823271636467,0.222891426963376,0.186394027664835,0.175435913518267,0.159655442358187
467,0.460435073421994,0.252283020211930,0.195393227873188,0.214175622695954,0.151897993103576,0.143840891542185
519,0.456708871220304,0.277585234113443,0.185781454960399,0.224521889216861,0.140279459933373,0.152256565618780
351,0.419987692000204,0.177624558944457,0.209608564537159,0.170736402643872,0.154470991130581,0.140279459933373
470,0.475271623239318,0.232872971194181,0.219672052767678,0.164940248736627,0.164024746412181,0.140279459933373
264,0.395085382089401,0.209608564537159,0.214949882112267,0.229493730258852,0.147497624383717,0.169733635746363
384,0.452041119617036,0.233725581744281,0.170233153496669,0.205178843545358,0.188884569174318,0.154850743467635
348,0.433254223593108,0.205178843545358,0.241532534498303,0.176522456496951,0.140279459933373,0.140279459933373
331,0.416179118323367,0.210360301592275,0.210360301592275,0.160077057692081,0.176522456496951,0.140279459933373
310,0.386384998416716,0.272806580486754,0.259638241659144,0.285297304030371,0.211115838461421,0.179875784505171
331,0.386384998416716,0.181025063276694,0.190154027575454,0.167772573247934,0.156008702799071,0.140279459933373
379,0.382505251364152,0.196066256873814,0.226165913043895,0.284329312589461,0.423788147113161,0.180448444205294
551,0.450170855356869,0.246862287018223,0.281431899695417,0.159655442358187,0.197424363331222,0.164024746412181
342,0.458572851358513,0.179307075461499,0.191439626593958,0.172787005806565,0.140801836156987,0.143840891542185
444,0.440791745314472,0.23033379664679,0.232872971194181,0.16357228121085,0.168257318749387,0.150839880430613
522,0.456708871220304,0.23977753355553,0.250466494772263,0.196066256873814,0.191439626593958,0.140279459933373
274,0.462295554374572,0.192088479379025,0.180448444205294,0.174364837136968,0.16634019279706,0.140279459933373
581,0.475271623239318,0.262430509724191,0.194059239855938,0.232023448734304,0.169237834303805,0.170233153496669
344,0.40182397040703,0.205907447843523,0.200889639762023,0.188884569174318,0.140279459933373,0.140279459933373
425,0.390256851013871,0.181605650010004,0.208116557082828,0.179307075461499,0.157597013980819,0.147819407725247
366,0.408537424783786,0.213405068833102,0.218876016213984,0.170736402643872,0.174364837136968,0.140279459933373
523,0.440791745314472,0.238904240888872,0.255024990396885,0.168257318749387,0.165869963138432,0.162235816543637
383,0.472497848634527,0.226992939983781,0.185172899926102,0.208116557082828,0.162677834203278,0.152982630801945
565,0.446424815327873,0.226165913043895,0.240653643199231,0.23033379664679,0.198798498578782,0.168745733831007
473,0.445487145704544,0.202303599215116,0.190794809258731,0.229493730258852,0.151897993103576,0.158002143279100
350,0.397976414823837,0.189517281185082,0.196066256873814,0.219672052767678,0.140279459933373,0.145018731380577
453,0.440791745314472,0.224521889216861,0.205178843545358,0.206639944148685,0.164024746412181,0.140279459933373
414,0.432309844864813,0.205178843545358,0.208860644258667,0.208860644258667,0.156008702799071,0.145622826217966
467,0.452041119617036,0.238033800236652,0.183967824035887,0.198798498578782,0.170233153496669,0.166814026627726
483,0.422838791105066,0.217294683481912,0.210360301592275,0.178742307944130,0.146862120354825,0.140279459933373
392,0.440791745314472,0.222891426963376,0.204454144375473,0.222891426963376,0.140279459933373,0.154094323280450
354,0.474347434968947,0.203016510694019,0.183967824035887,0.198798498578782,0.140279459933373,0.150839880430613
481,0.416179118323367,0.23033379664679,0.244185541162083,0.184568357977156,0.199491561253654,0.164940248736627
456,0.420938564569721,0.218876016213984,0.248659484023583,0.204454144375473,0.149469410107982,0.158002143279100
476,0.492757675678563,0.255024990396885,0.252283020211930,0.175435913518267,0.193398287644562,0.158410531669826
689,0.57585075439854,0.313700605163659,0.311728055196152,0.256863984839407,0.216509434133377,0.158822198286243
335,0.420938564569721,0.187010622123131,0.191439626593958,0.208116557082828,0.140279459933373,0.162235816543637
524,0.445487145704544,0.255943411389996,0.201594638931909,0.180448444205294,0.157195124574254,0.158002143279100
424,0.417132025922147,0.23033379664679,0.200889639762023,0.226165913043895,0.153720720340875,0.151189670120080
387,0.424736999725661,0.187631241909896,0.196066256873814,0.211115838461421,0.152618104976752,0.145622826217966
376,0.423788147113161,0.204454144375473,0.227823271636467,0.180448444205294,0.196743303664015,0.170233153496669
435,0.41331732873535,0.234581247743386,0.226992939983781,0.212638240623736,0.200889639762023,0.142147774681471
435,0.438910260048710,0.235439936165745,0.228656878414890,0.152618104976752,0.203733362812729,0.148471133452426
564,0.477118801080669,0.278545025785751,0.286266334773665,0.234581247743386,0.173309128978783,0.145622826217966
428,0.407579902497849,0.176522456496951,0.187010622123131,0.196743303664015,0.153350162717428,0.152618104976752
440,0.447362019176649,0.214949882112267,0.207376318697083,0.216509434133377,0.156796455796649,0.158002143279100
408,0.464154311336516,0.237166246337142,0.23033379664679,0.186394027664835,0.177624558944457,0.140279459933373
324,0.395085382089401,0.191439626593958,0.218876016213984,0.187631241909896,0.179875784505171,0.169733635746363
472,0.456708871220304,0.234581247743386,0.252283020211930,0.193398287644562,0.181025063276694,0.157597013980819
490,0.472497848634527,0.237166246337142,0.218083551882790,0.179307075461499,0.194724220966719,0.140279459933373
369,0.441731771836077,0.161362102255135,0.219672052767678,0.222891426963376,0.140279459933373,0.149807763529887
518,0.452041119617036,0.212638240623736,0.219672052767678,0.196743303664015,0.140279459933373,0.140279459933373
327,0.419036311953547,0.199491561253654,0.198109430350217,0.175977245746161,0.140279459933373,0.140279459933373
425,0.455776216619560,0.242414171861771,0.212638240623736,0.250466494772263,0.207376318697083,0.181025063276694
376,0.404704249910189,0.170736402643872,0.185781454960399,0.187631241909896,0.154850743467635,0.140279459933373
393,0.41331732873535,0.196066256873814,0.198798498578782,0.151542367809210,0.165403320798019,0.147819407725247
393,0.438910260048710,0.23033379664679,0.240653643199231,0.165403320798019,0.183371292540019,0.147819407725247
426,0.415225700022613,0.201594638931909,0.209608564537159,0.227823271636467,0.140279459933373,0.154850743467635
426,0.428527399760189,0.201594638931909,0.171754154191287,0.219672052767678,0.144720505822661,0.156400988328558
484,0.464154311336516,0.229493730258852,0.173309128978783,0.176522456496951,0.16357228121085,0.140279459933373
475,0.422838791105066,0.208860644258667,0.250466494772263,0.146237238572002,0.156796455796649,0.140279459933373
463,0.366910990862085,0.194724220966719,0.221274744825972,0.168745733831007,0.209608564537159,0.140279459933373
449,0.362014841934518,0.191439626593958,0.244185541162083,0.166814026627726,0.170736402643872,0.155619579790919
346,0.40182397040703,0.180448444205294,0.228656878414890,0.191439626593958,0.140279459933373,0.142702524367706
456,0.447362019176649,0.213405068833102,0.193398287644562,0.193398287644562,0.166814026627726,0.140279459933373
374,0.452041119617036,0.226992939983781,0.191439626593958,0.171754154191287,0.184568357977156,0.140279459933373
288,0.44923503724365,0.186394027664835,0.208860644258667,0.211115838461421,0.140279459933373,0.140279459933373
280,0.44923503724365,0.212638240623736,0.236301613614802,0.177624558944457,0.207376318697083,0.164940248736627
582,0.466939252082330,0.272806580486754,0.224521889216861,0.192741366843982,0.179875784505171,0.141602453589765
389,0.470646634478409,0.298944182722262,0.298944182722262,0.224521889216861,0.182190212262849,0.156796455796649
397,0.465083048709257,0.225342219919308,0.203733362812729,0.140279459933373,0.173835068385563,0.140279459933373
324,0.422838791105066,0.238904240888872,0.23033379664679,0.183371292540019,0.185781454960399,0.182190212262849
295,0.36005360357005,0.175435913518267,0.184568357977156,0.26806502014066,0.382505251364152,0.225342219919308
428,0.458572851358513,0.237166246337142,0.211875157547888,0.214949882112267,0.149807763529887,0.160930368981928
445,0.471572446139952,0.235439936165745,0.203016510694019,0.200188610986799,0.162677834203278,0.166814026627726
535,0.537291706764252,0.272806580486754,0.220471637257467,0.224521889216861,0.170736402643872,0.140279459933373
359,0.409494432911366,0.238904240888872,0.219672052767678,0.195393227873188,0.148471133452426,0.168257318749387
349,0.416179118323367,0.175435913518267,0.204454144375473,0.185172899926102,0.16357228121085,0.140279459933373
481,0.472497848634527,0.23977753355553,0.248659484023583,0.179307075461499,0.228656878414890,0.164024746412181
379,0.402784577338547,0.165869963138432,0.170233153496669,0.201594638931909,0.140279459933373,0.152982630801945
454,0.425685350085428,0.228656878414890,0.209608564537159,0.229493730258852,0.26336509235663,0.178742307944130
510,0.434198112267997,0.238904240888872,0.175977245746161,0.227823271636467,0.155233599845476,0.154094323280450
435,0.452041119617036,0.281431899695417,0.247759640188542,0.208860644258667,0.207376318697083,0.227823271636467
479,0.467866722440866,0.247759640188542,0.231177046607856,0.166814026627726,0.212638240623736,0.140279459933373
388,0.437968797820157,0.169733635746363,0.209608564537159,0.206639944148685,0.145622826217966,0.152256565618780
370,0.359072414588444,0.184568357977156,0.196743303664015,0.171243398019944,0.145622826217966,0.160502026996677
331,0.355144025044986,0.140279459933373,0.200188610986799,0.173835068385563,0.155619579790919,0.140279459933373
405,0.448298759169222,0.228656878414890,0.233725581744281,0.215727826366646,0.151542367809210,0.16357228121085
498,0.42188893060604,0.252283020211930,0.226992939983781,0.189517281185082,0.174364837136968,0.142702524367706
376,0.444549008408857,0.236301613614802,0.202303599215116,0.215727826366646,0.143552645462116,0.149133866930996
421,0.429473753439024,0.213405068833102,0.208860644258667,0.162677834203278,0.190794809258731,0.140279459933373
444,0.441731771836077,0.192741366843982,0.216509434133377,0.188255890082703,0.140279459933373,0.141873944585676
548,0.458572851358513,0.236301613614802,0.205178843545358,0.202303599215116,0.149133866930996,0.172787005806565
400,0.415225700022613,0.205178843545358,0.181025063276694,0.205907447843523,0.156400988328558,0.16634019279706
382,0.422838791105066,0.203733362812729,0.221274744825972,0.143840891542185,0.155233599845476,0.141873944585676
348,0.40566331506169,0.174364837136968,0.200889639762023,0.190154027575454,0.160077057692081,0.140279459933373
360,0.395085382089401,0.200188610986799,0.168745733831007,0.196066256873814,0.16634019279706,0.148143904307162
601,0.481729856995562,0.247759640188542,0.253194757033311,0.206639944148685,0.165403320798019,0.157597013980819
452,0.481729856995562,0.266179795115631,0.218083551882790,0.201594638931909,0.185172899926102,0.179307075461499
394,0.408537424783786,0.177624558944457,0.222891426963376,0.166814026627726,0.173309128978783,0.140279459933373
366,0.369843682925459,0.208116557082828,0.226992939983781,0.201594638931909,0.148801114525785,0.145622826217966
348,0.422838791105066,0.192088479379025,0.181605650010004,0.181605650010004,0.151189670120080,0.140279459933373
293,0.373747820375976,0.193398287644562,0.165869963138432,0.219672052767678,0.154850743467635,0.167772573247934
204,0.345300444024283,0.175977245746161,0.187631241909896,0.201594638931909,0.140279459933373,0.161797245314680
470,0.385415796280043,0.218083551882790,0.231177046607856,0.181025063276694,0.188884569174318,0.157195124574254
366,0.403744670601839,0.170233153496669,0.211115838461421,0.155233599845476,0.160502026996677,0.140279459933373
639,0.443610401564419,0.254108759679802,0.237166246337142,0.243298519444439,0.140279459933373,0.140279459933373
476,0.42188893060604,0.221274744825972,0.237166246337142,0.140279459933373,0.196066256873814,0.140279459933373
414,0.39604956908159,0.244185541162083,0.184568357977156,0.207376318697083,0.166814026627726,0.169733635746363
489,0.432309844864813,0.205907447843523,0.194059239855938,0.221274744825972,0.153720720340875,0.140279459933373
891,0.499166505254691,0.248659484023583,0.235439936165745,0.158410531669826,0.152256565618780,0.148801114525785
346,0.40662186593712,0.175977245746161,0.192088479379025,0.190154027575454,0.180448444205294,0.150839880430613
353,0.40662186593712,0.217294683481912,0.182190212262849,0.170736402643872,0.197424363331222,0.168745733831007
339,0.454843116219575,0.208860644258667,0.211875157547888,0.194059239855938,0.146548361254107,0.167291481291287
324,0.40182397040703,0.222081350052879,0.202303599215116,0.235439936165745,0.161797245314680,0.140279459933373
426,0.399901217123282,0.198109430350217,0.208116557082828,0.177624558944457,0.175435913518267,0.140279459933373
410,0.432309844864813,0.174898448025698,0.202303599215116,0.186394027664835,0.140279459933373,0.145018731380577
880,0.533682626160806,0.284329312589461,0.271855157449252,0.194724220966719,0.211115838461421,0.140279459933373
351,0.410450927071570,0.188884569174318,0.200889639762023,0.179875784505171,0.140279459933373,0.150839880430613
335,0.40662186593712,0.192741366843982,0.214949882112267,0.171754154191287,0.172787005806565,0.141873944585676
463,0.464154311336516,0.226992939983781,0.190794809258731,0.188884569174318,0.140279459933373,0.170736402643872
452,0.436084425669404,0.219672052767678,0.231177046607856,0.198109430350217,0.162235816543637,0.140279459933373
556,0.438910260048710,0.208860644258667,0.227823271636467,0.179875784505171,0.171243398019944,0.158822198286243
493,0.430419611243593,0.242414171861771,0.211115838461421,0.177071557205383,0.187631241909896,0.160077057692081
396,0.455776216619560,0.243298519444439,0.231177046607856,0.183371292540019,0.174898448025698,0.140279459933373
439,0.410450927071570,0.184568357977156,0.179875784505171,0.196066256873814,0.140279459933373,0.168257318749387
378,0.409494432911366,0.197424363331222,0.178742307944130,0.194724220966719,0.161362102255135,0.140279459933373
474,0.373747820375976,0.205178843545358,0.196066256873814,0.170233153496669,0.151897993103576,0.156400988328558
371,0.362014841934518,0.172787005806565,0.222891426963376,0.218876016213984,0.202303599215116,0.140279459933373
368,0.411406907527978,0.181025063276694,0.199491561253654,0.211875157547888,0.177624558944457,0.154470991130581
412,0.450170855356869,0.192741366843982,0.226992939983781,0.153720720340875,0.204454144375473,0.140279459933373
561,0.457641082102348,0.218083551882790,0.212638240623736,0.172787005806565,0.140279459933373,0.140279459933373
412,0.378617765257579,0.175977245746161,0.192741366843982,0.23033379664679,0.140279459933373,0.140279459933373
375,0.422838791105066,0.217294683481912,0.222081350052879,0.204454144375473,0.147497624383717,0.140279459933373
430,0.410450927071570,0.190794809258731,0.199491561253654,0.179307075461499,0.151189670120080,0.163123316426449
438,0.418084423539314,0.218083551882790,0.194059239855938,0.200188610986799,0.154470991130581,0.177071557205383
415,0.475271623239318,0.238904240888872,0.221274744825972,0.204454144375473,0.187010622123131,0.170736402643872
424,0.435141512434088,0.208116557082828,0.220471637257467,0.156008702799071,0.154470991130581,0.176522456496951
351,0.39893907178823,0.192088479379025,0.222081350052879,0.181025063276694,0.164480729737195,0.140539522938054
335,0.41331732873535,0.193398287644562,0.194724220966719,0.214949882112267,0.161362102255135,0.140279459933373
374,0.394120687044045,0.208116557082828,0.216509434133377,0.196066256873814,0.164024746412181,0.156008702799071
554,0.430419611243593,0.218083551882790,0.218876016213984,0.198109430350217,0.175977245746161,0.140279459933373
189,0.267121556704060,0.152982630801945,0.206639944148685,0.144720505822661,0.175435913518267,0.161797245314680
301,0.437968797820157,0.218876016213984,0.218876016213984,0.172268685450245,0.157597013980819,0.151897993103576
369,0.417132025922147,0.207376318697083,0.214175622695954,0.187010622123131,0.141333283747465,0.169237834303805
391,0.430419611243593,0.178742307944130,0.223704949036996,0.185172899926102,0.171754154191287,0.143840891542185
337,0.330492731245164,0.165869963138432,0.198798498578782,0.161362102255135,0.188884569174318,0.140279459933373
335,0.409494432911366,0.173309128978783,0.210360301592275,0.183371292540019,0.141066417195949,0.187010622123131
448,0.454843116219575,0.264301525715948,0.223704949036996,0.218083551882790,0.176522456496951,0.165869963138432
415,0.434198112267997,0.196743303664015,0.231177046607856,0.163123316426449,0.143840891542185,0.140279459933373
459,0.428527399760189,0.248659484023583,0.188255890082703,0.191439626593958,0.145622826217966,0.161362102255135
508,0.409494432911366,0.202303599215116,0.195393227873188,0.169733635746363,0.214949882112267,0.145928733232941
363,0.43702685358426,0.175977245746161,0.205178843545358,0.175977245746161,0.187631241909896,0.140279459933373
387,0.426633199381427,0.192088479379025,0.185781454960399,0.213405068833102,0.143552645462116,0.140279459933373
297,0.415225700022613,0.170736402643872,0.210360301592275,0.181025063276694,0.140279459933373,0.140279459933373
455,0.40566331506169,0.219672052767678,0.250466494772263,0.226165913043895,0.328516409471957,0.187010622123131
527,0.390256851013871,0.210360301592275,0.180448444205294,0.187631241909896,0.140801836156987,0.140279459933373
323,0.386384998416716,0.172268685450245,0.180448444205294,0.181025063276694,0.150839880430613,0.166814026627726
418,0.43702685358426,0.206639944148685,0.235439936165745,0.172268685450245,0.161797245314680,0.140279459933373
391,0.407579902497849,0.179307075461499,0.194059239855938,0.188255890082703,0.147819407725247,0.145622826217966
485,0.422838791105066,0.256863984839407,0.225342219919308,0.23977753355553,0.152618104976752,0.140279459933373
294,0.363974517009122,0.23033379664679,0.26336509235663,0.183967824035887,0.211875157547888,0.209608564537159
674,0.475271623239318,0.208116557082828,0.226165913043895,0.159655442358187,0.168257318749387,0.140279459933373
474,0.404704249910189,0.190154027575454,0.198798498578782,0.185781454960399,0.159655442358187,0.140279459933373
362,0.400862850180983,0.193398287644562,0.185172899926102,0.203733362812729,0.141066417195949,0.140279459933373
383,0.411406907527978,0.195393227873188,0.219672052767678,0.178742307944130,0.144424803121843,0.140279459933373
176,0.376671178467619,0.140279459933373,0.196066256873814,0.191439626593958,0.152256565618780,0.155233599845476
402,0.404704249910189,0.190154027575454,0.215727826366646,0.184568357977156,0.152256565618780,0.140279459933373
496,0.433254223593108,0.232023448734304,0.255024990396885,0.190794809258731,0.146548361254107,0.145018731380577
403,0.341355528691973,0.210360301592275,0.201594638931909,0.232023448734304,0.259638241659144,0.143552645462116
397,0.427580548847338,0.170736402643872,0.196066256873814,0.171754154191287,0.184568357977156,0.168745733831007
389,0.445487145704544,0.214175622695954,0.188255890082703,0.182778757451073,0.145622826217966,0.159237162188545
312,0.451106215483896,0.209608564537159,0.231177046607856,0.180448444205294,0.156796455796649,0.157597013980819
345,0.426633199381427,0.171754154191287,0.168745733831007,0.200889639762023,0.156796455796649,0.140279459933373
399,0.444549008408857,0.222891426963376,0.221274744825972,0.176522456496951,0.179875784505171,0.164480729737195
403,0.357108931824631,0.213405068833102,0.200188610986799,0.193398287644562,0.140279459933373,0.155619579790919
486,0.426633199381427,0.208860644258667,0.232872971194181,0.163123316426449,0.182778757451073,0.141066417195949
992,0.513753336846181,0.286266334773665,0.259638241659144,0.264301525715948,0.330492731245164,0.183967824035887
389,0.476195411202944,0.301887051542692,0.259638241659144,0.211115838461421,0.220471637257467,0.148143904307162
384,0.404704249910189,0.202303599215116,0.204454144375473,0.200889639762023,0.140279459933373,0.151897993103576
386,0.458572851358513,0.197424363331222,0.195393227873188,0.255024990396885,0.140279459933373,0.150492979148870
375,0.403744670601839,0.191439626593958,0.228656878414890,0.193398287644562,0.164480729737195,0.179875784505171
450,0.432309844864813,0.193398287644562,0.214949882112267,0.209608564537159,0.140279459933373,0.140279459933373
531,0.453909567952752,0.222081350052879,0.215727826366646,0.212638240623736,0.213405068833102,0.140279459933373
361,0.375697185802696,0.194724220966719,0.207376318697083,0.218876016213984,0.154850743467635,0.140279459933373
310,0.415225700022613,0.225342219919308,0.209608564537159,0.184568357977156,0.193398287644562,0.160930368981928
163,0.283362392853609,0.168257318749387,0.188255890082703,0.176522456496951,0.185172899926102,0.145018731380577
573,0.472497848634527,0.226165913043895,0.229493730258852,0.174898448025698,0.156008702799071,0.140279459933373
532,0.442671323317129,0.222081350052879,0.179307075461499,0.210360301592275,0.157195124574254,0.154850743467635
350,0.417132025922147,0.226165913043895,0.196743303664015,0.419987692000204,0.546296562840502,0.306802338059224
411,0.409494432911366,0.178181472416481,0.211875157547888,0.204454144375473,0.144131604573628,0.149807763529887
444,0.427580548847338,0.213405068833102,0.214175622695954,0.206639944148685,0.140279459933373,0.162677834203278
329,0.419987692000204,0.190154027575454,0.205907447843523,0.147819407725247,0.149133866930996,0.140279459933373
477,0.440791745314472,0.247759640188542,0.256863984839407,0.175977245746161,0.190154027575454,0.140279459933373
364,0.417132025922147,0.200188610986799,0.198109430350217,0.170736402643872,0.196066256873814,0.178181472416481
364,0.45297556976512,0.23977753355553,0.220471637257467,0.193398287644562,0.140279459933373,0.170233153496669
377,0.438910260048710,0.205907447843523,0.193398287644562,0.192741366843982,0.153350162717428,0.140279459933373
549,0.53097302992136,0.273759486818862,0.251373586915138,0.206639944148685,0.205178843545358,0.152982630801945
413,0.433254223593108,0.200889639762023,0.215727826366646,0.220471637257467,0.151542367809210,0.140279459933373
859,0.490005705397473,0.264301525715948,0.217294683481912,0.232023448734304,0.165403320798019,0.164024746412181
455,0.429473753439024,0.211875157547888,0.227823271636467,0.179875784505171,0.209608564537159,0.140279459933373
460,0.501907959152939,0.275669606701894,0.280468392646033,0.158002143279100,0.208116557082828,0.140279459933373
352,0.441731771836077,0.218876016213984,0.235439936165745,0.187631241909896,0.153720720340875,0.180448444205294
400,0.416179118323367,0.206639944148685,0.216509434133377,0.214949882112267,0.170736402643872,0.140279459933373
409,0.417132025922147,0.194059239855938,0.189517281185082,0.205907447843523,0.167291481291287,0.149133866930996
449,0.40566331506169,0.199491561253654,0.188884569174318,0.209608564537159,0.232023448734304,0.141066417195949
429,0.435141512434088,0.206639944148685,0.248659484023583,0.140279459933373,0.172787005806565,0.151189670120080
300,0.319623752397046,0.16634019279706,0.198109430350217,0.185781454960399,0.167291481291287,0.140279459933373
363,0.382505251364152,0.223704949036996,0.228656878414890,0.171243398019944,0.208860644258667,0.208860644258667
358,0.40182397040703,0.194059239855938,0.213405068833102,0.168745733831007,0.150148946700048,0.14298348025674
359,0.404704249910189,0.170736402643872,0.195393227873188,0.195393227873188,0.164480729737195,0.192088479379025
465,0.459504181093247,0.214175622695954,0.203016510694019,0.169237834303805,0.181605650010004,0.164940248736627
461,0.471572446139952,0.198109430350217,0.237166246337142,0.184568357977156,0.151542367809210,0.140279459933373
519,0.43702685358426,0.217294683481912,0.184568357977156,0.227823271636467,0.145319498566922,0.140279459933373
424,0.409494432911366,0.200188610986799,0.209608564537159,0.170736402643872,0.196743303664015,0.154470991130581
431,0.464154311336516,0.222081350052879,0.211115838461421,0.211875157547888,0.140279459933373,0.154470991130581
452,0.411406907527978,0.204454144375473,0.175435913518267,0.194724220966719,0.147178535004063,0.140279459933373
415,0.386384998416716,0.209608564537159,0.214175622695954,0.200889639762023,0.155619579790919,0.140279459933373
389,0.420938564569721,0.214949882112267,0.204454144375473,0.172268685450245,0.155619579790919,0.140279459933373
373,0.476195411202944,0.220471637257467,0.244185541162083,0.181025063276694,0.168257318749387,0.159237162188545
586,0.455776216619560,0.227823271636467,0.245967461561916,0.190794809258731,0.188884569174318,0.140279459933373
469,0.362994878061971,0.234581247743386,0.243298519444439,0.197424363331222,0.191439626593958,0.161362102255135
243,0.294052217151829,0.165403320798019,0.192088479379025,0.162235816543637,0.180448444205294,0.140279459933373
366,0.424736999725661,0.195393227873188,0.196066256873814,0.205907447843523,0.140279459933373,0.160930368981928
649,0.485411763012758,0.260567046745838,0.248659484023583,0.238904240888872,0.270905253648299,0.164480729737195
447,0.468793774829766,0.236301613614802,0.200188610986799,0.153350162717428,0.185781454960399,0.146237238572002
346,0.441731771836077,0.214949882112267,0.238033800236652,0.167772573247934,0.177071557205383,0.145319498566922
416,0.425685350085428,0.204454144375473,0.183967824035887,0.164940248736627,0.147178535004063,0.158410531669826
460,0.453909567952752,0.23033379664679,0.246862287018223,0.140279459933373,0.189517281185082,0.156796455796649
414,0.438910260048710,0.199491561253654,0.249561781327291,0.182778757451073,0.199491561253654,0.170233153496669
418,0.414271770359505,0.205178843545358,0.226165913043895,0.226992939983781,0.168257318749387,0.141873944585676
545,0.419036311953547,0.199491561253654,0.181605650010004,0.212638240623736,0.198109430350217,0.140279459933373
317,0.369843682925459,0.190794809258731,0.190794809258731,0.403744670601839,0.521016538660012,0.254108759679802
572,0.442671323317129,0.208116557082828,0.215727826366646,0.161797245314680,0.198109430350217,0.140279459933373
388,0.427580548847338,0.232023448734304,0.223704949036996,0.148471133452426,0.185172899926102,0.147178535004063
469,0.432309844864813,0.233725581744281,0.188884569174318,0.175435913518267,0.194059239855938,0.140279459933373
428,0.410450927071570,0.222891426963376,0.255024990396885,0.209608564537159,0.184568357977156,0.147497624383717
299,0.367888982200334,0.190794809258731,0.178181472416481,0.200889639762023,0.171243398019944,0.172268685450245
360,0.42188893060604,0.203733362812729,0.208860644258667,0.219672052767678,0.140279459933373,0.155619579790919
314,0.414271770359505,0.158822198286243,0.164480729737195,0.365932579194558,0.473422844172892,0.240653643199231
445,0.433254223593108,0.203733362812729,0.209608564537159,0.152618104976752,0.163123316426449,0.140279459933373
660,0.477118801080669,0.241532534498303,0.245075200706715,0.196743303664015,0.152618104976752,0.152982630801945
413,0.418084423539314,0.218876016213984,0.189517281185082,0.189517281185082,0.168745733831007,0.140279459933373
438,0.432309844864813,0.203733362812729,0.207376318697083,0.189517281185082,0.154850743467635,0.140279459933373
402,0.441731771836077,0.216509434133377,0.215727826366646,0.171243398019944,0.172268685450245,0.140279459933373
403,0.400862850180983,0.225342219919308,0.228656878414890,0.187010622123131,0.205907447843523,0.188255890082703
420,0.420938564569721,0.194059239855938,0.197424363331222,0.209608564537159,0.152618104976752,0.140279459933373
448,0.44923503724365,0.206639944148685,0.208860644258667,0.214949882112267,0.140279459933373,0.140279459933373
363,0.418084423539314,0.203733362812729,0.216509434133377,0.151189670120080,0.178742307944130,0.142147774681471
491,0.419036311953547,0.210360301592275,0.215727826366646,0.187010622123131,0.144720505822661,0.145928733232941
376,0.417132025922147,0.181025063276694,0.236301613614802,0.144720505822661,0.146548361254107,0.150839880430613
426,0.403744670601839,0.225342219919308,0.226992939983781,0.140279459933373,0.196066256873814,0.145018731380577
362,0.444549008408857,0.233725581744281,0.216509434133377,0.196743303664015,0.154850743467635,0.157597013980819
435,0.418084423539314,0.244185541162083,0.232023448734304,0.167291481291287,0.196743303664015,0.145018731380577
475,0.428527399760189,0.197424363331222,0.170233153496669,0.200889639762023,0.183371292540019,0.154470991130581
486,0.39604956908159,0.213405068833102,0.192088479379025,0.193398287644562,0.172787005806565,0.140279459933373
345,0.460435073421994,0.214175622695954,0.244185541162083,0.175435913518267,0.210360301592275,0.178742307944130
497,0.418084423539314,0.175977245746161,0.238033800236652,0.187010622123131,0.16634019279706,0.140279459933373
453,0.426633199381427,0.224521889216861,0.185781454960399,0.203016510694019,0.154470991130581,0.164940248736627
580,0.461365530470573,0.233725581744281,0.157195124574254,0.232872971194181,0.16357228121085,0.140279459933373
612,0.483571570595327,0.240653643199231,0.231177046607856,0.164024746412181,0.164480729737195,0.140279459933373
462,0.441731771836077,0.260567046745838,0.23977753355553,0.175977245746161,0.233725581744281,0.188884569174318
470,0.448298759169222,0.238904240888872,0.247759640188542,0.188884569174318,0.140279459933373,0.162677834203278
444,0.480808424194665,0.276626749501763,0.242414171861771,0.266179795115631,0.318636108753548,0.150148946700048
382,0.426633199381427,0.205178843545358,0.241532534498303,0.202303599215116,0.185781454960399,0.140279459933373
410,0.375697185802696,0.183371292540019,0.225342219919308,0.250466494772263,0.334444602573969,0.140279459933373
396,0.439851241970584,0.198798498578782,0.208860644258667,0.178742307944130,0.156008702799071,0.140279459933373
510,0.427580548847338,0.185781454960399,0.200889639762023,0.194724220966719,0.145018731380577,0.140279459933373
709,0.490923390673098,0.23977753355553,0.261497815323131,0.180448444205294,0.148471133452426,0.16634019279706
450,0.411406907527978,0.249561781327291,0.211115838461421,0.178742307944130,0.185781454960399,0.186394027664835
499,0.461365530470573,0.309756707604237,0.272806580486754,0.245967461561916,0.225342219919308,0.171754154191287
364,0.448298759169222,0.200889639762023,0.203016510694019,0.196066256873814,0.153720720340875,0.144424803121843
425,0.397976414823837,0.193398287644562,0.226165913043895,0.160502026996677,0.154094323280450,0.140279459933373
443,0.441731771836077,0.243298519444439,0.226165913043895,0.182778757451073,0.173309128978783,0.188884569174318
453,0.420938564569721,0.211115838461421,0.219672052767678,0.246862287018223,0.295029198942614,0.146548361254107
462,0.464154311336516,0.26806502014066,0.198798498578782,0.233725581744281,0.140279459933373,0.148471133452426
355,0.373747820375976,0.174364837136968,0.206639944148685,0.208116557082828,0.152256565618780,0.140279459933373
506,0.454843116219575,0.214949882112267,0.248659484023583,0.172787005806565,0.154850743467635,0.140279459933373
500,0.427580548847338,0.227823271636467,0.210360301592275,0.203733362812729,0.173835068385563,0.164024746412181
408,0.439851241970584,0.220471637257467,0.223704949036996,0.154094323280450,0.172787005806565,0.140279459933373
354,0.343328438016707,0.174898448025698,0.197424363331222,0.143266847840142,0.171243398019944,0.149807763529887
433,0.448298759169222,0.224521889216861,0.217294683481912,0.194724220966719,0.140279459933373,0.159655442358187
151,0.294052217151829,0.179307075461499,0.240653643199231,0.174898448025698,0.194724220966719,0.165403320798019
476,0.540896650628897,0.255024990396885,0.290152214217331,0.205178843545358,0.210360301592275,0.159655442358187
371,0.411406907527978,0.220471637257467,0.171243398019944,0.250466494772263,0.149469410107982,0.180448444205294
575,0.461365530470573,0.236301613614802,0.215727826366646,0.185172899926102,0.153350162717428,0.148143904307162
405,0.416179118323367,0.173835068385563,0.204454144375473,0.201594638931909,0.145928733232941,0.168745733831007
410,0.465083048709257,0.245967461561916,0.240653643199231,0.267121556704060,0.148471133452426,0.140279459933373
425,0.430419611243593,0.192088479379025,0.204454144375473,0.182190212262849,0.164940248736627,0.145018731380577
377,0.403744670601839,0.212638240623736,0.218876016213984,0.185172899926102,0.196743303664015,0.167772573247934
360,0.390256851013871,0.198798498578782,0.218083551882790,0.182778757451073,0.145319498566922,0.140279459933373
440,0.419987692000204,0.205178843545358,0.200188610986799,0.185172899926102,0.176522456496951,0.140279459933373
368,0.423788147113161,0.258711437790672,0.206639944148685,0.307786743279463,0.389289635189169,0.211115838461421
374,0.407579902497849,0.199491561253654,0.203733362812729,0.215727826366646,0.140279459933373,0.159655442358187
397,0.429473753439024,0.258711437790672,0.245967461561916,0.211115838461421,0.198798498578782,0.196743303664015
380,0.464154311336516,0.224521889216861,0.201594638931909,0.232023448734304,0.140279459933373,0.140279459933373
196,0.208860644258667,0.147178535004063,0.179875784505171,0.190794809258731,0.188255890082703,0.160077057692081
364,0.366910990862085,0.178742307944130,0.211115838461421,0.181025063276694,0.140279459933373,0.140279459933373
476,0.452041119617036,0.222891426963376,0.236301613614802,0.250466494772263,0.275669606701894,0.166814026627726
412,0.472497848634527,0.205178843545358,0.182190212262849,0.207376318697083,0.159655442358187,0.140279459933373
757,0.493674279807102,0.243298519444439,0.209608564537159,0.232872971194181,0.140801836156987,0.140279459933373
344,0.379590352485876,0.178181472416481,0.209608564537159,0.158002143279100,0.149469410107982,0.140279459933373
423,0.40662186593712,0.178742307944130,0.214175622695954,0.170736402643872,0.141602453589765,0.152256565618780
409,0.383475920330798,0.209608564537159,0.200889639762023,0.192088479379025,0.140279459933373,0.140279459933373
375,0.462295554374572,0.246862287018223,0.23033379664679,0.181605650010004,0.172787005806565,0.140539522938054
399,0.386384998416716,0.194059239855938,0.187010622123131,0.189517281185082,0.167772573247934,0.140279459933373
490,0.441731771836077,0.194059239855938,0.154470991130581,0.241532534498303,0.140279459933373,0.140279459933373
552,0.456708871220304,0.26806502014066,0.229493730258852,0.185172899926102,0.172268685450245,0.169237834303805
380,0.349241401529061,0.189517281185082,0.205907447843523,0.202303599215116,0.174364837136968,0.144720505822661
310,0.428527399760189,0.199491561253654,0.224521889216861,0.158002143279100,0.142423961905656,0.140279459933373
323,0.40566331506169,0.200188610986799,0.182778757451073,0.205907447843523,0.140279459933373,0.147819407725247
735,0.51193448587976,0.298944182722262,0.297964434643167,0.270905253648299,0.214949882112267,0.145319498566922
355,0.460435073421994,0.222891426963376,0.212638240623736,0.226165913043895,0.150492979148870,0.151897993103576
376,0.417132025922147,0.215727826366646,0.197424363331222,0.204454144375473,0.150839880430613,0.156400988328558
512,0.473422844172892,0.235439936165745,0.218876016213984,0.140279459933373,0.173835068385563,0.152256565618780
369,0.414271770359505,0.226992939983781,0.168745733831007,0.166814026627726,0.174898448025698,0.146548361254107
327,0.420938564569721,0.195393227873188,0.23977753355553,0.140279459933373,0.173835068385563,0.140279459933373
353,0.42188893060604,0.216509434133377,0.241532534498303,0.222891426963376,0.269956905233921,0.148471133452426
503,0.453909567952752,0.266179795115631,0.264301525715948,0.182190212262849,0.167772573247934,0.179307075461499
411,0.439851241970584,0.219672052767678,0.205178843545358,0.210360301592275,0.177624558944457,0.152256565618780
400,0.366910990862085,0.209608564537159,0.228656878414890,0.173309128978783,0.187631241909896,0.147178535004063
235,0.472497848634527,0.252283020211930,0.251373586915138,0.227823271636467,0.178181472416481,0.154094323280450
344,0.390256851013871,0.192741366843982,0.222081350052879,0.185781454960399,0.186394027664835,0.152618104976752
434,0.423788147113161,0.227823271636467,0.210360301592275,0.185781454960399,0.16634019279706,0.140279459933373
402,0.424736999725661,0.210360301592275,0.212638240623736,0.196066256873814,0.143840891542185,0.145018731380577
434,0.411406907527978,0.191439626593958,0.200889639762023,0.214949882112267,0.140279459933373,0.147497624383717
662,0.481729856995562,0.26806502014066,0.214949882112267,0.255943411389996,0.232023448734304,0.157597013980819
293,0.369843682925459,0.154470991130581,0.205178843545358,0.166814026627726,0.156796455796649,0.159237162188545
550,0.448298759169222,0.220471637257467,0.215727826366646,0.208860644258667,0.145319498566922,0.140279459933373
466,0.434198112267997,0.215727826366646,0.205178843545358,0.160930368981928,0.173309128978783,0.151897993103576
441,0.412362374614871,0.195393227873188,0.197424363331222,0.221274744825972,0.176522456496951,0.140279459933373
359,0.419036311953547,0.213405068833102,0.231177046607856,0.155233599845476,0.172787005806565,0.140279459933373
561,0.44923503724365,0.214175622695954,0.174898448025698,0.182190212262849,0.144424803121843,0.143552645462116
308,0.330492731245164,0.161362102255135,0.147819407725247,0.194059239855938,0.192088479379025,0.168745733831007
625,0.478041795094857,0.271855157449252,0.253194757033311,0.228656878414890,0.168745733831007,0.155619579790919
381,0.403744670601839,0.193398287644562,0.232023448734304,0.165403320798019,0.145622826217966,0.140279459933373
427,0.387353706987488,0.187010622123131,0.202303599215116,0.181025063276694,0.140279459933373,0.140279459933373
381,0.475271623239318,0.212638240623736,0.231177046607856,0.170736402643872,0.144131604573628,0.140279459933373
398,0.378617765257579,0.225342219919308,0.185172899926102,0.187010622123131,0.154850743467635,0.155619579790919
391,0.403744670601839,0.192741366843982,0.182778757451073,0.210360301592275,0.143266847840142,0.140279459933373
334,0.403744670601839,0.231177046607856,0.212638240623736,0.204454144375473,0.171754154191287,0.160077057692081
405,0.427580548847338,0.226165913043895,0.171243398019944,0.218083551882790,0.16634019279706,0.140279459933373
619,0.467866722440866,0.245075200706715,0.220471637257467,0.214949882112267,0.154850743467635,0.140279459933373
365,0.380562464597876,0.167772573247934,0.224521889216861,0.240653643199231,0.205178843545358,0.140279459933373
504,0.457641082102348,0.246862287018223,0.216509434133377,0.214175622695954,0.183967824035887,0.176522456496951
600,0.471572446139952,0.221274744825972,0.205178843545358,0.188884569174318,0.140279459933373,0.151897993103576
317,0.403744670601839,0.173309128978783,0.186394027664835,0.196743303664015,0.140279459933373,0.140279459933373
445,0.417132025922147,0.228656878414890,0.248659484023583,0.187631241909896,0.209608564537159,0.179875784505171
354,0.445487145704544,0.194059239855938,0.252283020211930,0.140279459933373,0.168745733831007,0.140279459933373
497,0.423788147113161,0.215727826366646,0.234581247743386,0.140279459933373,0.143840891542185,0.155619579790919
403,0.390256851013871,0.200889639762023,0.209608564537159,0.227823271636467,0.140279459933373,0.144131604573628
394,0.428527399760189,0.220471637257467,0.216509434133377,0.200889639762023,0.180448444205294,0.145928733232941
435,0.40566331506169,0.176522456496951,0.232023448734304,0.140279459933373,0.188884569174318,0.148143904307162
532,0.447362019176649,0.23033379664679,0.233725581744281,0.203016510694019,0.173835068385563,0.140279459933373
498,0.432309844864813,0.180448444205294,0.182190212262849,0.226165913043895,0.140279459933373,0.140279459933373
393,0.399901217123282,0.232023448734304,0.235439936165745,0.154470991130581,0.180448444205294,0.153350162717428
387,0.393155485097713,0.179307075461499,0.236301613614802,0.144424803121843,0.182190212262849,0.140279459933373
445,0.448298759169222,0.219672052767678,0.187010622123131,0.238904240888872,0.140801836156987,0.140279459933373
358,0.403744670601839,0.202303599215116,0.198798498578782,0.212638240623736,0.158410531669826,0.147819407725247
478,0.41331732873535,0.179307075461499,0.220471637257467,0.182778757451073,0.160077057692081,0.161362102255135
258,0.453909567952752,0.208860644258667,0.232023448734304,0.192741366843982,0.140279459933373,0.155619579790919
406,0.416179118323367,0.227823271636467,0.244185541162083,0.199491561253654,0.149133866930996,0.143266847840142
648,0.498252004317859,0.235439936165745,0.208860644258667,0.222891426963376,0.159655442358187,0.140279459933373
529,0.426633199381427,0.209608564537159,0.250466494772263,0.152618104976752,0.154850743467635,0.148143904307162
211,0.390256851013871,0.203016510694019,0.156796455796649,0.369843682925459,0.483571570595327,0.259638241659144
433,0.445487145704544,0.188255890082703,0.181025063276694,0.207376318697083,0.140279459933373,0.153350162717428
385,0.417132025922147,0.185172899926102,0.204454144375473,0.206639944148685,0.140279459933373,0.156796455796649
450,0.434198112267997,0.218876016213984,0.246862287018223,0.194059239855938,0.144424803121843,0.159237162188545
449,0.436084425669404,0.236301613614802,0.224521889216861,0.203733362812729,0.153350162717428,0.14298348025674
623,0.486331294331022,0.289179343702615,0.278545025785751,0.194059239855938,0.195393227873188,0.164480729737195
953,0.517387345588464,0.216509434133377,0.211875157547888,0.238033800236652,0.140279459933373,0.140279459933373
308,0.436084425669404,0.247759640188542,0.231177046607856,0.197424363331222,0.149133866930996,0.190154027575454
422,0.460435073421994,0.238904240888872,0.222081350052879,0.232023448734304,0.238033800236652,0.140279459933373
440,0.436084425669404,0.210360301592275,0.232872971194181,0.167772573247934,0.185781454960399,0.148471133452426
478,0.427580548847338,0.205907447843523,0.229493730258852,0.208860644258667,0.173835068385563,0.160930368981928
403,0.408537424783786,0.177071557205383,0.223704949036996,0.169733635746363,0.153350162717428,0.140279459933373
390,0.423788147113161,0.222891426963376,0.188255890082703,0.200188610986799,0.140279459933373,0.140279459933373
291,0.437968797820157,0.213405068833102,0.216509434133377,0.188884569174318,0.170233153496669,0.159655442358187
814,0.50099448051522,0.255024990396885,0.259638241659144,0.160502026996677,0.247759640188542,0.148143904307162
517,0.502821101328797,0.294052217151829,0.285297304030371,0.226165913043895,0.187631241909896,0.154094323280450
351,0.417132025922147,0.207376318697083,0.204454144375473,0.226165913043895,0.164024746412181,0.140279459933373
321,0.419036311953547,0.214949882112267,0.168745733831007,0.218876016213984,0.187631241909896,0.171243398019944
314,0.36005360357005,0.205907447843523,0.212638240623736,0.187631241909896,0.194059239855938,0.140279459933373
289,0.369843682925459,0.208860644258667,0.181025063276694,0.238033800236652,0.167291481291287,0.156400988328558
459,0.455776216619560,0.234581247743386,0.245967461561916,0.181605650010004,0.179875784505171,0.160077057692081
288,0.402784577338547,0.218083551882790,0.244185541162083,0.166814026627726,0.169733635746363,0.178742307944130
378,0.411406907527978,0.200889639762023,0.185172899926102,0.210360301592275,0.158822198286243,0.140279459933373
356,0.432309844864813,0.205178843545358,0.204454144375473,0.208116557082828,0.170736402643872,0.140279459933373
528,0.437968797820157,0.245075200706715,0.212638240623736,0.170736402643872,0.159237162188545,0.140279459933373
381,0.390256851013871,0.211875157547888,0.222891426963376,0.178742307944130,0.174898448025698,0.147178535004063
436,0.40182397040703,0.207376318697083,0.216509434133377,0.182190212262849,0.164940248736627,0.158410531669826
404,0.456708871220304,0.233725581744281,0.245967461561916,0.173835068385563,0.181605650010004,0.147178535004063
513,0.460435073421994,0.198798498578782,0.245075200706715,0.153720720340875,0.157195124574254,0.140279459933373
581,0.375697185802696,0.244185541162083,0.159655442358187,0.311728055196152,0.347271459448055,0.146862120354825
891,0.509203854805391,0.289179343702615,0.244185541162083,0.219672052767678,0.182778757451073,0.140279459933373
458,0.447362019176649,0.232872971194181,0.234581247743386,0.201594638931909,0.193398287644562,0.146548361254107
387,0.412362374614871,0.185781454960399,0.207376318697083,0.192088479379025,0.173835068385563,0.154470991130581
413,0.412362374614871,0.219672052767678,0.232023448734304,0.186394027664835,0.182778757451073,0.140279459933373
390,0.40662186593712,0.213405068833102,0.222081350052879,0.159237162188545,0.146237238572002,0.140539522938054
371,0.389289635189169,0.198798498578782,0.211875157547888,0.184568357977156,0.165403320798019,0.177624558944457
382,0.419036311953547,0.208860644258667,0.195393227873188,0.177071557205383,0.150839880430613,0.141602453589765
344,0.436084425669404,0.252283020211930,0.238904240888872,0.203733362812729,0.194724220966719,0.140279459933373
359,0.435141512434088,0.190794809258731,0.14298348025674,0.225342219919308,0.143266847840142,0.158822198286243
434,0.393155485097713,0.16357228121085,0.247759640188542,0.16634019279706,0.171243398019944,0.140279459933373
444,0.399901217123282,0.218876016213984,0.216509434133377,0.140279459933373,0.185781454960399,0.148471133452426
331,0.39604956908159,0.177624558944457,0.194724220966719,0.224521889216861,0.140279459933373,0.140279459933373
393,0.450170855356869,0.235439936165745,0.194724220966719,0.180448444205294,0.179307075461499,0.182190212262849
249,0.433254223593108,0.223704949036996,0.211875157547888,0.194059239855938,0.305818349289740,0.190154027575454
884,0.526451579334568,0.277585234113443,0.248659484023583,0.227823271636467,0.179875784505171,0.140279459933373
400,0.415225700022613,0.212638240623736,0.194724220966719,0.191439626593958,0.171243398019944,0.152618104976752
460,0.447362019176649,0.253194757033311,0.208116557082828,0.200188610986799,0.187631241909896,0.159655442358187
508,0.450170855356869,0.240653643199231,0.214175622695954,0.244185541162083,0.155233599845476,0.147497624383717
463,0.426633199381427,0.164940248736627,0.196066256873814,0.175977245746161,0.195393227873188,0.140279459933373
525,0.423788147113161,0.213405068833102,0.234581247743386,0.182778757451073,0.165403320798019,0.140279459933373
381,0.455776216619560,0.226992939983781,0.245967461561916,0.162677834203278,0.172268685450245,0.141333283747465
380,0.423788147113161,0.193398287644562,0.219672052767678,0.223704949036996,0.164940248736627,0.140279459933373
453,0.423788147113161,0.205178843545358,0.241532534498303,0.169733635746363,0.152256565618780,0.140279459933373
412,0.407579902497849,0.190794809258731,0.200889639762023,0.181605650010004,0.174898448025698,0.140279459933373
476,0.380562464597876,0.195393227873188,0.218083551882790,0.184568357977156,0.156400988328558,0.140279459933373
455,0.459504181093247,0.26806502014066,0.224521889216861,0.205907447843523,0.182190212262849,0.143840891542185
444,0.434198112267997,0.205178843545358,0.190154027575454,0.175435913518267,0.140279459933373,0.149469410107982
299,0.40182397040703,0.214949882112267,0.237166246337142,0.205907447843523,0.173835068385563,0.152256565618780
440,0.41331732873535,0.223704949036996,0.213405068833102,0.201594638931909,0.140279459933373,0.144424803121843
453,0.422838791105066,0.208116557082828,0.161362102255135,0.232023448734304,0.140279459933373,0.140279459933373
377,0.402784577338547,0.183371292540019,0.151897993103576,0.220471637257467,0.140279459933373,0.140279459933373
507,0.412362374614871,0.210360301592275,0.189517281185082,0.185781454960399,0.179875784505171,0.16357228121085
418,0.423788147113161,0.190154027575454,0.229493730258852,0.196743303664015,0.140279459933373,0.140279459933373
431,0.439851241970584,0.221274744825972,0.224521889216861,0.205178843545358,0.161362102255135,0.162677834203278
313,0.426633199381427,0.190794809258731,0.209608564537159,0.216509434133377,0.147178535004063,0.141602453589765
348,0.451106215483896,0.202303599215116,0.218876016213984,0.157597013980819,0.172268685450245,0.140279459933373
375,0.381534098529382,0.189517281185082,0.215727826366646,0.200889639762023,0.146548361254107,0.149807763529887
392,0.397976414823837,0.199491561253654,0.257786672914962,0.184568357977156,0.186394027664835,0.175435913518267
297,0.353177756395209,0.150148946700048,0.218083551882790,0.186394027664835,0.153720720340875,0.156400988328558
356,0.39218977751084,0.171754154191287,0.181025063276694,0.203016510694019,0.140279459933373,0.154850743467635
401,0.407579902497849,0.187631241909896,0.192741366843982,0.215727826366646,0.150492979148870,0.169733635746363
416,0.448298759169222,0.201594638931909,0.222891426963376,0.185781454960399,0.178742307944130,0.140279459933373
427,0.458572851358513,0.200188610986799,0.213405068833102,0.204454144375473,0.179875784505171,0.140279459933373
465,0.420938564569721,0.222891426963376,0.216509434133377,0.203016510694019,0.175435913518267,0.157195124574254
367,0.462295554374572,0.246862287018223,0.247759640188542,0.196066256873814,0.175435913518267,0.166814026627726
392,0.418084423539314,0.191439626593958,0.220471637257467,0.158822198286243,0.182190212262849,0.149133866930996
580,0.509203854805391,0.296006914761259,0.291125967010989,0.226992939983781,0.228656878414890,0.235439936165745
470,0.439851241970584,0.200188610986799,0.195393227873188,0.219672052767678,0.140279459933373,0.140279459933373
395,0.40566331506169,0.198798498578782,0.197424363331222,0.211875157547888,0.150492979148870,0.152982630801945
297,0.425685350085428,0.187010622123131,0.162677834203278,0.342342090635241,0.438910260048710,0.218083551882790
363,0.404704249910189,0.237166246337142,0.233725581744281,0.171243398019944,0.172787005806565,0.140279459933373
532,0.440791745314472,0.236301613614802,0.214949882112267,0.199491561253654,0.173835068385563,0.155233599845476
553,0.439851241970584,0.243298519444439,0.194724220966719,0.259638241659144,0.255024990396885,0.159655442358187
205,0.422838791105066,0.198798498578782,0.232023448734304,0.173309128978783,0.150492979148870,0.140279459933373
269,0.377644706128292,0.177071557205383,0.188884569174318,0.187010622123131,0.151189670120080,0.150839880430613
449,0.446424815327873,0.210360301592275,0.223704949036996,0.179307075461499,0.174898448025698,0.142423961905656
389,0.471572446139952,0.245075200706715,0.211875157547888,0.233725581744281,0.160077057692081,0.163123316426449
403,0.436084425669404,0.200188610986799,0.199491561253654,0.194059239855938,0.140279459933373,0.142702524367706
363,0.399901217123282,0.191439626593958,0.209608564537159,0.16634019279706,0.164024746412181,0.140279459933373
348,0.395085382089401,0.198798498578782,0.244185541162083,0.150839880430613,0.149807763529887,0.167772573247934
463,0.466011361565902,0.26806502014066,0.294052217151829,0.223704949036996,0.216509434133377,0.140279459933373
445,0.446424815327873,0.205907447843523,0.211875157547888,0.198109430350217,0.146862120354825,0.147497624383717
465,0.458572851358513,0.255024990396885,0.234581247743386,0.250466494772263,0.204454144375473,0.222081350052879
457,0.440791745314472,0.196066256873814,0.23033379664679,0.200889639762023,0.140279459933373,0.161362102255135
458,0.415225700022613,0.222891426963376,0.212638240623736,0.207376318697083,0.140279459933373,0.183371292540019
525,0.457641082102348,0.226992939983781,0.232023448734304,0.184568357977156,0.182190212262849,0.151542367809210
411,0.439851241970584,0.255943411389996,0.267121556704060,0.185781454960399,0.236301613614802,0.237166246337142
310,0.43702685358426,0.177071557205383,0.191439626593958,0.173835068385563,0.140279459933373,0.146548361254107
309,0.39893907178823,0.181605650010004,0.181025063276694,0.203733362812729,0.140279459933373,0.140279459933373
386,0.420938564569721,0.203016510694019,0.174364837136968,0.216509434133377,0.164024746412181,0.140279459933373
345,0.362014841934518,0.185172899926102,0.194059239855938,0.163123316426449,0.151897993103576,0.161362102255135
300,0.447362019176649,0.208860644258667,0.236301613614802,0.173835068385563,0.205178843545358,0.183967824035887
422,0.44923503724365,0.172787005806565,0.218083551882790,0.209608564537159,0.154470991130581,0.153350162717428
437,0.440791745314472,0.260567046745838,0.236301613614802,0.258711437790672,0.156008702799071,0.156008702799071
489,0.428527399760189,0.249561781327291,0.238904240888872,0.207376318697083,0.196743303664015,0.179307075461499
439,0.434198112267997,0.198798498578782,0.205907447843523,0.187010622123131,0.141873944585676,0.140279459933373
490,0.454843116219575,0.244185541162083,0.218876016213984,0.169733635746363,0.153720720340875,0.140279459933373
485,0.464154311336516,0.258711437790672,0.292100571713878,0.162677834203278,0.216509434133377,0.143266847840142
425,0.414271770359505,0.192088479379025,0.203733362812729,0.224521889216861,0.140279459933373,0.140279459933373
372,0.460435073421994,0.215727826366646,0.190154027575454,0.188255890082703,0.149133866930996,0.140539522938054
794,0.508293008226672,0.288207386188063,0.236301613614802,0.211115838461421,0.16634019279706,0.140279459933373
547,0.427580548847338,0.238904240888872,0.214175622695954,0.205907447843523,0.163123316426449,0.140279459933373
425,0.40662186593712,0.198798498578782,0.192088479379025,0.187631241909896,0.172787005806565,0.140279459933373
381,0.410450927071570,0.212638240623736,0.251373586915138,0.140279459933373,0.179307075461499,0.140279459933373
456,0.445487145704544,0.201594638931909,0.197424363331222,0.176522456496951,0.145622826217966,0.140279459933373
530,0.456708871220304,0.233725581744281,0.213405068833102,0.181025063276694,0.186394027664835,0.165403320798019
401,0.43702685358426,0.186394027664835,0.182778757451073,0.210360301592275,0.140279459933373,0.140279459933373
373,0.472497848634527,0.259638241659144,0.237166246337142,0.165403320798019,0.150148946700048,0.173309128978783
427,0.422838791105066,0.185172899926102,0.214949882112267,0.163123316426449,0.161797245314680,0.140801836156987
446,0.419987692000204,0.23033379664679,0.205907447843523,0.182778757451073,0.159237162188545,0.148801114525785
387,0.426633199381427,0.187631241909896,0.186394027664835,0.207376318697083,0.152618104976752,0.140279459933373
449,0.436084425669404,0.238033800236652,0.219672052767678,0.208116557082828,0.172787005806565,0.158410531669826
264,0.379590352485876,0.194724220966719,0.176522456496951,0.346286080835727,0.456708871220304,0.194059239855938
376,0.395085382089401,0.218876016213984,0.246862287018223,0.140279459933373,0.214175622695954,0.169733635746363
301,0.408537424783786,0.210360301592275,0.253194757033311,0.205907447843523,0.153720720340875,0.176522456496951
435,0.420938564569721,0.243298519444439,0.221274744825972,0.185781454960399,0.150492979148870,0.140279459933373
278,0.361034414931008,0.194724220966719,0.189517281185082,0.225342219919308,0.157195124574254,0.165403320798019
456,0.412362374614871,0.208860644258667,0.212638240623736,0.185781454960399,0.161797245314680,0.169733635746363
379,0.44923503724365,0.190794809258731,0.196743303664015,0.181025063276694,0.169733635746363,0.162235816543637
326,0.437968797820157,0.218876016213984,0.279506090033501,0.154094323280450,0.181605650010004,0.181605650010004
450,0.428527399760189,0.214175622695954,0.244185541162083,0.143840891542185,0.155619579790919,0.151542367809210
460,0.467866722440866,0.221274744825972,0.186394027664835,0.16357228121085,0.176522456496951,0.156400988328558
387,0.402784577338547,0.23033379664679,0.196743303664015,0.175977245746161,0.169237834303805,0.154094323280450
306,0.403744670601839,0.200188610986799,0.232023448734304,0.177624558944457,0.157597013980819,0.140279459933373
422,0.419036311953547,0.218876016213984,0.182778757451073,0.204454144375473,0.178742307944130,0.140279459933373
343,0.389289635189169,0.182778757451073,0.16634019279706,0.221274744825972,0.147497624383717,0.140279459933373
387,0.378617765257579,0.188884569174318,0.224521889216861,0.209608564537159,0.151189670120080,0.140279459933373
389,0.453909567952752,0.243298519444439,0.209608564537159,0.192741366843982,0.152618104976752,0.154470991130581
261,0.316661303992259,0.156400988328558,0.202303599215116,0.185172899926102,0.193398287644562,0.140279459933373
339,0.419036311953547,0.190794809258731,0.222081350052879,0.166814026627726,0.149133866930996,0.140279459933373
376,0.444549008408857,0.233725581744281,0.208860644258667,0.196743303664015,0.169237834303805,0.166814026627726
414,0.417132025922147,0.174898448025698,0.181605650010004,0.192741366843982,0.154470991130581,0.145622826217966
343,0.471572446139952,0.183371292540019,0.240653643199231,0.140279459933373,0.151189670120080,0.140279459933373
261,0.435141512434088,0.181605650010004,0.182778757451073,0.188884569174318,0.151542367809210,0.140279459933373
464,0.414271770359505,0.23977753355553,0.219672052767678,0.178181472416481,0.205907447843523,0.145018731380577
465,0.460435073421994,0.218876016213984,0.207376318697083,0.205178843545358,0.140279459933373,0.140279459933373
364,0.427580548847338,0.246862287018223,0.254108759679802,0.234581247743386,0.150148946700048,0.193398287644562
471,0.445487145704544,0.200889639762023,0.213405068833102,0.191439626593958,0.154470991130581,0.150839880430613
429,0.427580548847338,0.206639944148685,0.218876016213984,0.194059239855938,0.14298348025674,0.140279459933373
376,0.455776216619560,0.220471637257467,0.223704949036996,0.208116557082828,0.149469410107982,0.151897993103576
324,0.408537424783786,0.214175622695954,0.242414171861771,0.184568357977156,0.220471637257467,0.198798498578782
396,0.419036311953547,0.198798498578782,0.226992939983781,0.166814026627726,0.194724220966719,0.14298348025674
425,0.432309844864813,0.177624558944457,0.188884569174318,0.194724220966719,0.143840891542185,0.170736402643872
438,0.419987692000204,0.203016510694019,0.208860644258667,0.166814026627726,0.168257318749387,0.151189670120080
416,0.419036311953547,0.201594638931909,0.182778757451073,0.184568357977156,0.148801114525785,0.140279459933373
435,0.42188893060604,0.222081350052879,0.23033379664679,0.151897993103576,0.169733635746363,0.155619579790919
369,0.415225700022613,0.168745733831007,0.206639944148685,0.194059239855938,0.156008702799071,0.140279459933373
417,0.446424815327873,0.222891426963376,0.195393227873188,0.170233153496669,0.150839880430613,0.159655442358187
368,0.39893907178823,0.164024746412181,0.182778757451073,0.224521889216861,0.149133866930996,0.140279459933373
388,0.444549008408857,0.187010622123131,0.203733362812729,0.220471637257467,0.154850743467635,0.162235816543637
458,0.476195411202944,0.211115838461421,0.211875157547888,0.204454144375473,0.169733635746363,0.149469410107982
287,0.339381807952053,0.190154027575454,0.190154027575454,0.188884569174318,0.140279459933373,0.140279459933373
311,0.380562464597876,0.185781454960399,0.222081350052879,0.168257318749387,0.142702524367706,0.158822198286243
407,0.43702685358426,0.245967461561916,0.248659484023583,0.218876016213984,0.170233153496669,0.181605650010004
448,0.453909567952752,0.246862287018223,0.204454144375473,0.234581247743386,0.140279459933373,0.146237238572002
230,0.419987692000204,0.177624558944457,0.181605650010004,0.195393227873188,0.172268685450245,0.140279459933373
340,0.423788147113161,0.196066256873814,0.194724220966719,0.171243398019944,0.164940248736627,0.177624558944457
438,0.423788147113161,0.209608564537159,0.207376318697083,0.219672052767678,0.152618104976752,0.140279459933373
364,0.380562464597876,0.205178843545358,0.187010622123131,0.188255890082703,0.155619579790919,0.152618104976752
423,0.411406907527978,0.234581247743386,0.215727826366646,0.165403320798019,0.187010622123131,0.151542367809210
385,0.466011361565902,0.171243398019944,0.194724220966719,0.202303599215116,0.163123316426449,0.157597013980819
357,0.390256851013871,0.191439626593958,0.162677834203278,0.220471637257467,0.194059239855938,0.168745733831007
478,0.434198112267997,0.205178843545358,0.183371292540019,0.232872971194181,0.152982630801945,0.150492979148870
399,0.456708871220304,0.219672052767678,0.226165913043895,0.208860644258667,0.170233153496669,0.156400988328558
686,0.439851241970584,0.215727826366646,0.208116557082828,0.182778757451073,0.181025063276694,0.162677834203278
498,0.435141512434088,0.212638240623736,0.216509434133377,0.181605650010004,0.156796455796649,0.184568357977156
357,0.410450927071570,0.192088479379025,0.217294683481912,0.185172899926102,0.154470991130581,0.140279459933373
324,0.477118801080669,0.179307075461499,0.202303599215116,0.275669606701894,0.391223565654671,0.196066256873814
406,0.369843682925459,0.220471637257467,0.173835068385563,0.218083551882790,0.155619579790919,0.170736402643872
407,0.415225700022613,0.198798498578782,0.199491561253654,0.164480729737195,0.147497624383717,0.140279459933373
442,0.452041119617036,0.196066256873814,0.202303599215116,0.172268685450245,0.164024746412181,0.149807763529887
444,0.426633199381427,0.216509434133377,0.219672052767678,0.187010622123131,0.177071557205383,0.156796455796649
459,0.391223565654671,0.201594638931909,0.229493730258852,0.143552645462116,0.198798498578782,0.179307075461499
528,0.485411763012758,0.313700605163659,0.262430509724191,0.255943411389996,0.174898448025698,0.140279459933373
350,0.441731771836077,0.180448444205294,0.188884569174318,0.200889639762023,0.140279459933373,0.143266847840142
344,0.355144025044986,0.174898448025698,0.203733362812729,0.183967824035887,0.167772573247934,0.140279459933373
333,0.39604956908159,0.204454144375473,0.222081350052879,0.154470991130581,0.179875784505171,0.150148946700048
471,0.420938564569721,0.198798498578782,0.211875157547888,0.203733362812729,0.145319498566922,0.143266847840142
254,0.447362019176649,0.200188610986799,0.190154027575454,0.174364837136968,0.162677834203278,0.159655442358187
412,0.409494432911366,0.227823271636467,0.238904240888872,0.212638240623736,0.174898448025698,0.148801114525785
433,0.430419611243593,0.171754154191287,0.211875157547888,0.206639944148685,0.140279459933373,0.146548361254107
564,0.436084425669404,0.216509434133377,0.197424363331222,0.203016510694019,0.161362102255135,0.140279459933373
300,0.443610401564419,0.226992939983781,0.240653643199231,0.173835068385563,0.176522456496951,0.157195124574254
416,0.409494432911366,0.229493730258852,0.241532534498303,0.146862120354825,0.186394027664835,0.140279459933373
447,0.464154311336516,0.228656878414890,0.213405068833102,0.206639944148685,0.160502026996677,0.172268685450245
340,0.400862850180983,0.184568357977156,0.226992939983781,0.140279459933373,0.181025063276694,0.156008702799071
440,0.423788147113161,0.187631241909896,0.181605650010004,0.165403320798019,0.192741366843982,0.140279459933373
463,0.434198112267997,0.224521889216861,0.197424363331222,0.183371292540019,0.191439626593958,0.149807763529887
351,0.36005360357005,0.210360301592275,0.196743303664015,0.226165913043895,0.148471133452426,0.162677834203278
417,0.402784577338547,0.199491561253654,0.203016510694019,0.190154027575454,0.158002143279100,0.145622826217966
377,0.418084423539314,0.195393227873188,0.226165913043895,0.167772573247934,0.162235816543637,0.147819407725247
447,0.407579902497849,0.238033800236652,0.214175622695954,0.194059239855938,0.141602453589765,0.140539522938054
288,0.383475920330798,0.168257318749387,0.221274744825972,0.203016510694019,0.140279459933373,0.149807763529887
318,0.323575487390111,0.144720505822661,0.192088479379025,0.209608564537159,0.140279459933373,0.140279459933373
306,0.422838791105066,0.245075200706715,0.224521889216861,0.233725581744281,0.245967461561916,0.225342219919308
339,0.404704249910189,0.185172899926102,0.142423961905656,0.208860644258667,0.174898448025698,0.149807763529887
311,0.435141512434088,0.181605650010004,0.197424363331222,0.164480729737195,0.173309128978783,0.144131604573628
917,0.511024591546248,0.252283020211930,0.226992939983781,0.218876016213984,0.208860644258667,0.154094323280450
566,0.509203854805391,0.278545025785751,0.237166246337142,0.246862287018223,0.140279459933373,0.159237162188545
438,0.404704249910189,0.218876016213984,0.212638240623736,0.190154027575454,0.145928733232941,0.140279459933373
433,0.403744670601839,0.158410531669826,0.174898448025698,0.214175622695954,0.140801836156987,0.140279459933373
400,0.444549008408857,0.236301613614802,0.214175622695954,0.193398287644562,0.140279459933373,0.157597013980819
340,0.459504181093247,0.223704949036996,0.210360301592275,0.207376318697083,0.165403320798019,0.148471133452426
535,0.466011361565902,0.236301613614802,0.206639944148685,0.211115838461421,0.140279459933373,0.140279459933373
492,0.443610401564419,0.216509434133377,0.185172899926102,0.195393227873188,0.188255890082703,0.141602453589765
344,0.387353706987488,0.150492979148870,0.214949882112267,0.164024746412181,0.165869963138432,0.148143904307162
597,0.468793774829766,0.322587416871138,0.285297304030371,0.291125967010989,0.250466494772263,0.147497624383717
416,0.428527399760189,0.200889639762023,0.200889639762023,0.222891426963376,0.141066417195949,0.166814026627726
447,0.436084425669404,0.231177046607856,0.217294683481912,0.183371292540019,0.154470991130581,0.140279459933373
207,0.336419918223748,0.155619579790919,0.188255890082703,0.200188610986799,0.168257318749387,0.140279459933373
405,0.370820382306947,0.190154027575454,0.196743303664015,0.182778757451073,0.158410531669826,0.140279459933373
326,0.334444602573969,0.154470991130581,0.156400988328558,0.188884569174318,0.140279459933373,0.171754154191287
337,0.446424815327873,0.194724220966719,0.176522456496951,0.217294683481912,0.161362102255135,0.156008702799071
168,0.435141512434088,0.209608564537159,0.200188610986799,0.33543232376894,0.482650905054512,0.242414171861771
216,0.330492731245164,0.161797245314680,0.183967824035887,0.190794809258731,0.150492979148870,0.140279459933373
458,0.454843116219575,0.256863984839407,0.237166246337142,0.200889639762023,0.177071557205383,0.140279459933373
525,0.471572446139952,0.26336509235663,0.269010148553487,0.197424363331222,0.205178843545358,0.181605650010004
241,0.298944182722262,0.200889639762023,0.170736402643872,0.215727826366646,0.185781454960399,0.155233599845476
416,0.437968797820157,0.208116557082828,0.211115838461421,0.183371292540019,0.169237834303805,0.156008702799071
431,0.427580548847338,0.185172899926102,0.243298519444439,0.148471133452426,0.171754154191287,0.164024746412181
297,0.431364974573073,0.208116557082828,0.213405068833102,0.229493730258852,0.152982630801945,0.185172899926102
575,0.439851241970584,0.23977753355553,0.195393227873188,0.160502026996677,0.187631241909896,0.140279459933373
384,0.370820382306947,0.205907447843523,0.165869963138432,0.194059239855938,0.181025063276694,0.162235816543637
346,0.379590352485876,0.198798498578782,0.181025063276694,0.196066256873814,0.154094323280450,0.156796455796649
413,0.39218977751084,0.200889639762023,0.202303599215116,0.247759640188542,0.240653643199231,0.148801114525785
474,0.429473753439024,0.185172899926102,0.190794809258731,0.238033800236652,0.168745733831007,0.154094323280450
344,0.429473753439024,0.205907447843523,0.211115838461421,0.190794809258731,0.153720720340875,0.140279459933373
591,0.460435073421994,0.269010148553487,0.223704949036996,0.199491561253654,0.172268685450245,0.166814026627726
388,0.414271770359505,0.168745733831007,0.188255890082703,0.163123316426449,0.140279459933373,0.140279459933373
397,0.466011361565902,0.215727826366646,0.194724220966719,0.186394027664835,0.177071557205383,0.162235816543637
287,0.429473753439024,0.187631241909896,0.172787005806565,0.213405068833102,0.150148946700048,0.152618104976752
460,0.440791745314472,0.26806502014066,0.257786672914962,0.203733362812729,0.196066256873814,0.181605650010004
296,0.420938564569721,0.23033379664679,0.251373586915138,0.176522456496951,0.200188610986799,0.221274744825972
380,0.397013246974146,0.199491561253654,0.242414171861771,0.162235816543637,0.144720505822661,0.140279459933373
467,0.441731771836077,0.217294683481912,0.220471637257467,0.194059239855938,0.164940248736627,0.145622826217966
384,0.440791745314472,0.236301613614802,0.238904240888872,0.185781454960399,0.192741366843982,0.146862120354825
180,0.32159942528535,0.140279459933373,0.174364837136968,0.212638240623736,0.140279459933373,0.152256565618780
414,0.420938564569721,0.182778757451073,0.221274744825972,0.175977245746161,0.167772573247934,0.140801836156987
399,0.436084425669404,0.205907447843523,0.217294683481912,0.210360301592275,0.182778757451073,0.151189670120080
365,0.441731771836077,0.240653643199231,0.226992939983781,0.205907447843523,0.185781454960399,0.174898448025698
571,0.461365530470573,0.23033379664679,0.212638240623736,0.196743303664015,0.167772573247934,0.144131604573628
339,0.40566331506169,0.222891426963376,0.212638240623736,0.181605650010004,0.159655442358187,0.158002143279100
539,0.453909567952752,0.212638240623736,0.183371292540019,0.213405068833102,0.154470991130581,0.140279459933373
323,0.381534098529382,0.194059239855938,0.200889639762023,0.145018731380577,0.158002143279100,0.14298348025674
340,0.409494432911366,0.179307075461499,0.252283020211930,0.164940248736627,0.173309128978783,0.140279459933373
372,0.408537424783786,0.200188610986799,0.208860644258667,0.220471637257467,0.140279459933373,0.140801836156987
312,0.454843116219575,0.188255890082703,0.196066256873814,0.198109430350217,0.149133866930996,0.165403320798019
369,0.40182397040703,0.216509434133377,0.237166246337142,0.184568357977156,0.186394027664835,0.157195124574254
438,0.44923503724365,0.232872971194181,0.185781454960399,0.203733362812729,0.140279459933373,0.140279459933373
483,0.463225147278761,0.23977753355553,0.255943411389996,0.173835068385563,0.198798498578782,0.140279459933373
423,0.432309844864813,0.224521889216861,0.210360301592275,0.234581247743386,0.140279459933373,0.197424363331222
397,0.369843682925459,0.200889639762023,0.192088479379025,0.150839880430613,0.182190212262849,0.157195124574254
409,0.410450927071570,0.205907447843523,0.214175622695954,0.187010622123131,0.140279459933373,0.154850743467635
214,0.40662186593712,0.226165913043895,0.141333283747465,0.358090854945044,0.490005705397473,0.250466494772263
388,0.472497848634527,0.238033800236652,0.261497815323131,0.179875784505171,0.194059239855938,0.154094323280450
350,0.425685350085428,0.174364837136968,0.174364837136968,0.255943411389996,0.171754154191287,0.175977245746161
401,0.408537424783786,0.227823271636467,0.231177046607856,0.193398287644562,0.160930368981928,0.140279459933373
487,0.461365530470573,0.241532534498303,0.232023448734304,0.156796455796649,0.160930368981928,0.140279459933373
520,0.430419611243593,0.222081350052879,0.223704949036996,0.208116557082828,0.140279459933373,0.144131604573628
392,0.381534098529382,0.168257318749387,0.205178843545358,0.194724220966719,0.149469410107982,0.140279459933373
534,0.394120687044045,0.205907447843523,0.232023448734304,0.155233599845476,0.182778757451073,0.140279459933373
498,0.475271623239318,0.218083551882790,0.214175622695954,0.150492979148870,0.155619579790919,0.140279459933373
382,0.40566331506169,0.194059239855938,0.205178843545358,0.218876016213984,0.140279459933373,0.140279459933373
429,0.428527399760189,0.206639944148685,0.208116557082828,0.148801114525785,0.140279459933373,0.144720505822661
993,0.542697607586951,0.303851718893881,0.309756707604237,0.174898448025698,0.247759640188542,0.177624558944457
412,0.423788147113161,0.218876016213984,0.225342219919308,0.165403320798019,0.183967824035887,0.189517281185082
317,0.388321919900050,0.196066256873814,0.214949882112267,0.188255890082703,0.187631241909896,0.140279459933373
367,0.415225700022613,0.190794809258731,0.183967824035887,0.211115838461421,0.149469410107982,0.147819407725247
351,0.39218977751084,0.215727826366646,0.170233153496669,0.193398287644562,0.198109430350217,0.162677834203278
519,0.483571570595327,0.325551793923222,0.307786743279463,0.164940248736627,0.265239772398733,0.156400988328558
446,0.422838791105066,0.202303599215116,0.225342219919308,0.187631241909896,0.160502026996677,0.164480729737195
361,0.445487145704544,0.168745733831007,0.180448444205294,0.172787005806565,0.158002143279100,0.153720720340875
414,0.439851241970584,0.217294683481912,0.204454144375473,0.181605650010004,0.160502026996677,0.144424803121843
535,0.468793774829766,0.220471637257467,0.232872971194181,0.182190212262849,0.140279459933373,0.144720505822661
383,0.424736999725661,0.177071557205383,0.186394027664835,0.175435913518267,0.154470991130581,0.165869963138432
713,0.457641082102348,0.284329312589461,0.251373586915138,0.236301613614802,0.209608564537159,0.140279459933373
527,0.446424815327873,0.238904240888872,0.195393227873188,0.216509434133377,0.140279459933373,0.140279459933373
333,0.399901217123282,0.198109430350217,0.175435913518267,0.208116557082828,0.149807763529887,0.16357228121085
395,0.467866722440866,0.254108759679802,0.259638241659144,0.203016510694019,0.188255890082703,0.163123316426449
333,0.359072414588444,0.219672052767678,0.226992939983781,0.269010148553487,0.39893907178823,0.183371292540019
418,0.403744670601839,0.223704949036996,0.208860644258667,0.198109430350217,0.159237162188545,0.16634019279706
360,0.422838791105066,0.218083551882790,0.232023448734304,0.162677834203278,0.194724220966719,0.140279459933373
359,0.416179118323367,0.208860644258667,0.246862287018223,0.181025063276694,0.185781454960399,0.183967824035887
449,0.478041795094857,0.26806502014066,0.241532534498303,0.232023448734304,0.221274744825972,0.191439626593958
475,0.441731771836077,0.214175622695954,0.233725581744281,0.214949882112267,0.167772573247934,0.156008702799071
392,0.462295554374572,0.179307075461499,0.215727826366646,0.168745733831007,0.146548361254107,0.151897993103576
411,0.407579902497849,0.190154027575454,0.215727826366646,0.178181472416481,0.148143904307162,0.140279459933373
484,0.441731771836077,0.206639944148685,0.231177046607856,0.194059239855938,0.164024746412181,0.140279459933373
371,0.433254223593108,0.202303599215116,0.226992939983781,0.167291481291287,0.177624558944457,0.140279459933373
437,0.465083048709257,0.221274744825972,0.222891426963376,0.184568357977156,0.177624558944457,0.140279459933373
424,0.426633199381427,0.215727826366646,0.195393227873188,0.222891426963376,0.152618104976752,0.141873944585676
410,0.42188893060604,0.196743303664015,0.238033800236652,0.185172899926102,0.189517281185082,0.156008702799071
461,0.444549008408857,0.235439936165745,0.236301613614802,0.195393227873188,0.158410531669826,0.160502026996677
373,0.438910260048710,0.214175622695954,0.229493730258852,0.194724220966719,0.179307075461499,0.140279459933373
390,0.407579902497849,0.202303599215116,0.195393227873188,0.190794809258731,0.152618104976752,0.161797245314680
412,0.345300444024283,0.182778757451073,0.160077057692081,0.182190212262849,0.160930368981928,0.152618104976752
441,0.394120687044045,0.265239772398733,0.262430509724191,0.238904240888872,0.270905253648299,0.177071557205383
437,0.403744670601839,0.213405068833102,0.194059239855938,0.180448444205294,0.175977245746161,0.140279459933373
519,0.57763477259731,0.301887051542692,0.304834801321944,0.266179795115631,0.208860644258667,0.183967824035887
502,0.434198112267997,0.233725581744281,0.215727826366646,0.222081350052879,0.159655442358187,0.140279459933373
450,0.450170855356869,0.205907447843523,0.238904240888872,0.181025063276694,0.148143904307162,0.140279459933373
408,0.408537424783786,0.206639944148685,0.201594638931909,0.191439626593958,0.140279459933373,0.140801836156987
464,0.431364974573073,0.200188610986799,0.218083551882790,0.201594638931909,0.175435913518267,0.142423961905656
371,0.420938564569721,0.194059239855938,0.200188610986799,0.208860644258667,0.191439626593958,0.14298348025674
349,0.331480818156256,0.164940248736627,0.194059239855938,0.181025063276694,0.141066417195949,0.140279459933373
508,0.458572851358513,0.232872971194181,0.232872971194181,0.158822198286243,0.187010622123131,0.168257318749387
403,0.468793774829766,0.234581247743386,0.242414171861771,0.209608564537159,0.203016510694019,0.149469410107982
373,0.427580548847338,0.223704949036996,0.191439626593958,0.167291481291287,0.179875784505171,0.141602453589765
493,0.41331732873535,0.198798498578782,0.209608564537159,0.214949882112267,0.140279459933373,0.144424803121843
499,0.475271623239318,0.215727826366646,0.253194757033311,0.172787005806565,0.194059239855938,0.146548361254107
336,0.428527399760189,0.213405068833102,0.211115838461421,0.202303599215116,0.140279459933373,0.145622826217966
412,0.442671323317129,0.246862287018223,0.212638240623736,0.160502026996677,0.178181472416481,0.140279459933373
502,0.431364974573073,0.179307075461499,0.214175622695954,0.175435913518267,0.152618104976752,0.140279459933373
489,0.443610401564419,0.240653643199231,0.205178843545358,0.209608564537159,0.174898448025698,0.146548361254107
317,0.41331732873535,0.226165913043895,0.245075200706715,0.16357228121085,0.270905253648299,0.175977245746161
401,0.435141512434088,0.218083551882790,0.206639944148685,0.143266847840142,0.161797245314680,0.154094323280450
298,0.433254223593108,0.190154027575454,0.202303599215116,0.175435913518267,0.155619579790919,0.160502026996677
429,0.424736999725661,0.175977245746161,0.232023448734304,0.140279459933373,0.179875784505171,0.140279459933373
399,0.363974517009122,0.185172899926102,0.160077057692081,0.192088479379025,0.158410531669826,0.144720505822661
563,0.467866722440866,0.254108759679802,0.246862287018223,0.181025063276694,0.186394027664835,0.167772573247934
378,0.425685350085428,0.225342219919308,0.211875157547888,0.167772573247934,0.183967824035887,0.140279459933373
396,0.439851241970584,0.209608564537159,0.231177046607856,0.158822198286243,0.140279459933373,0.148801114525785
488,0.441731771836077,0.223704949036996,0.208116557082828,0.194059239855938,0.150148946700048,0.149133866930996
459,0.419987692000204,0.188884569174318,0.205178843545358,0.168257318749387,0.182778757451073,0.161362102255135
316,0.438910260048710,0.204454144375473,0.207376318697083,0.211875157547888,0.153720720340875,0.142423961905656
410,0.469720411442728,0.232023448734304,0.226165913043895,0.213405068833102,0.169237834303805,0.144424803121843
609,0.436084425669404,0.211115838461421,0.185172899926102,0.188255890082703,0.177624558944457,0.140279459933373
411,0.434198112267997,0.206639944148685,0.172787005806565,0.218083551882790,0.144131604573628,0.140279459933373
426,0.42188893060604,0.197424363331222,0.242414171861771,0.163123316426449,0.154094323280450,0.140279459933373
380,0.457641082102348,0.242414171861771,0.214949882112267,0.185172899926102,0.140279459933373,0.140279459933373
404,0.465083048709257,0.245075200706715,0.194059239855938,0.217294683481912,0.174364837136968,0.155619579790919
629,0.487250452013843,0.245075200706715,0.255024990396885,0.190154027575454,0.172787005806565,0.177624558944457
484,0.485411763012758,0.232023448734304,0.243298519444439,0.173835068385563,0.160930368981928,0.140279459933373
425,0.422838791105066,0.202303599215116,0.204454144375473,0.200188610986799,0.182190212262849,0.140279459933373
547,0.419987692000204,0.231177046607856,0.185172899926102,0.35612665264182,0.446424815327873,0.208860644258667
521,0.411406907527978,0.193398287644562,0.173835068385563,0.202303599215116,0.158002143279100,0.158002143279100
375,0.393155485097713,0.194059239855938,0.229493730258852,0.145928733232941,0.172787005806565,0.140279459933373
349,0.376671178467619,0.222081350052879,0.210360301592275,0.222891426963376,0.187010622123131,0.14298348025674
483,0.438910260048710,0.196066256873814,0.168257318749387,0.194059239855938,0.140279459933373,0.140279459933373
255,0.412362374614871,0.198798498578782,0.222081350052879,0.205907447843523,0.181605650010004,0.157195124574254
424,0.437968797820157,0.216509434133377,0.236301613614802,0.146862120354825,0.164480729737195,0.146237238572002
353,0.442671323317129,0.198109430350217,0.208116557082828,0.208860644258667,0.165403320798019,0.140279459933373
371,0.412362374614871,0.194724220966719,0.192741366843982,0.203016510694019,0.155233599845476,0.140279459933373
592,0.444549008408857,0.226165913043895,0.208116557082828,0.215727826366646,0.160930368981928,0.140279459933373
338,0.395085382089401,0.205907447843523,0.241532534498303,0.156008702799071,0.203016510694019,0.183967824035887
361,0.43702685358426,0.199491561253654,0.200889639762023,0.187010622123131,0.148471133452426,0.140279459933373
952,0.527356424038935,0.298944182722262,0.245075200706715,0.235439936165745,0.167772573247934,0.146548361254107
361,0.45297556976512,0.231177046607856,0.200188610986799,0.179307075461499,0.159237162188545,0.152256565618780
371,0.395085382089401,0.222081350052879,0.235439936165745,0.198109430350217,0.174898448025698,0.152982630801945
435,0.433254223593108,0.226165913043895,0.234581247743386,0.212638240623736,0.187631241909896,0.140279459933373
601,0.446424815327873,0.246862287018223,0.219672052767678,0.216509434133377,0.140279459933373,0.147497624383717
479,0.40182397040703,0.225342219919308,0.204454144375473,0.174364837136968,0.186394027664835,0.140279459933373
467,0.428527399760189,0.214175622695954,0.246862287018223,0.173309128978783,0.163123316426449,0.140279459933373
541,0.471572446139952,0.225342219919308,0.165869963138432,0.203016510694019,0.162677834203278,0.140279459933373
466,0.464154311336516,0.249561781327291,0.209608564537159,0.232872971194181,0.171243398019944,0.154850743467635
437,0.490923390673098,0.233725581744281,0.234581247743386,0.206639944148685,0.164024746412181,0.181605650010004
733,0.548094589195255,0.325551793923222,0.284329312589461,0.252283020211930,0.218083551882790,0.169237834303805
278,0.457641082102348,0.196066256873814,0.208860644258667,0.218083551882790,0.162235816543637,0.161362102255135
540,0.480808424194665,0.209608564537159,0.211875157547888,0.190154027575454,0.178742307944130,0.140279459933373
434,0.451106215483896,0.205907447843523,0.207376318697083,0.145319498566922,0.140279459933373,0.146548361254107
495,0.408537424783786,0.200188610986799,0.199491561253654,0.183967824035887,0.140279459933373,0.156400988328558
474,0.428527399760189,0.217294683481912,0.238904240888872,0.211875157547888,0.140279459933373,0.160077057692081
391,0.407579902497849,0.194059239855938,0.181025063276694,0.204454144375473,0.160502026996677,0.140279459933373
449,0.439851241970584,0.262430509724191,0.238904240888872,0.186394027664835,0.203733362812729,0.140279459933373
609,0.457641082102348,0.250466494772263,0.252283020211930,0.197424363331222,0.146237238572002,0.152256565618780
633,0.516479299936916,0.258711437790672,0.252283020211930,0.190794809258731,0.205178843545358,0.178181472416481
424,0.417132025922147,0.209608564537159,0.198109430350217,0.152256565618780,0.187631241909896,0.140279459933373
451,0.433254223593108,0.214175622695954,0.188255890082703,0.155233599845476,0.175977245746161,0.140279459933373
464,0.43702685358426,0.232023448734304,0.253194757033311,0.190154027575454,0.140279459933373,0.148471133452426
349,0.40566331506169,0.183371292540019,0.224521889216861,0.179875784505171,0.154094323280450,0.140279459933373
635,0.466011361565902,0.237166246337142,0.208860644258667,0.218083551882790,0.143266847840142,0.148471133452426
496,0.456708871220304,0.243298519444439,0.253194757033311,0.205178843545358,0.144424803121843,0.147497624383717
446,0.467866722440866,0.225342219919308,0.190794809258731,0.205178843545358,0.153720720340875,0.148143904307162
340,0.40182397040703,0.194724220966719,0.215727826366646,0.160502026996677,0.145928733232941,0.147497624383717
515,0.463225147278761,0.224521889216861,0.207376318697083,0.222891426963376,0.155619579790919,0.140279459933373
436,0.470646634478409,0.215727826366646,0.233725581744281,0.140279459933373,0.196743303664015,0.140279459933373
475,0.463225147278761,0.265239772398733,0.237166246337142,0.227823271636467,0.161797245314680,0.140279459933373
474,0.447362019176649,0.185781454960399,0.225342219919308,0.188255890082703,0.152982630801945,0.145928733232941
458,0.443610401564419,0.212638240623736,0.234581247743386,0.207376318697083,0.151897993103576,0.146862120354825
447,0.457641082102348,0.196743303664015,0.210360301592275,0.225342219919308,0.140279459933373,0.154094323280450
338,0.339381807952053,0.177624558944457,0.172268685450245,0.217294683481912,0.164480729737195,0.152982630801945
397,0.393155485097713,0.193398287644562,0.190154027575454,0.187631241909896,0.151189670120080,0.140279459933373
391,0.380562464597876,0.178742307944130,0.207376318697083,0.216509434133377,0.154470991130581,0.140279459933373
374,0.433254223593108,0.224521889216861,0.207376318697083,0.191439626593958,0.145018731380577,0.145319498566922
373,0.438910260048710,0.222081350052879,0.225342219919308,0.205907447843523,0.177624558944457,0.147819407725247
363,0.388321919900050,0.203733362812729,0.218083551882790,0.185172899926102,0.158410531669826,0.169237834303805
393,0.44923503724365,0.23033379664679,0.227823271636467,0.183967824035887,0.144424803121843,0.169733635746363
406,0.466939252082330,0.218083551882790,0.183371292540019,0.191439626593958,0.140279459933373,0.155233599845476
452,0.423788147113161,0.23033379664679,0.257786672914962,0.182778757451073,0.158410531669826,0.166814026627726
387,0.470646634478409,0.208860644258667,0.197424363331222,0.172787005806565,0.162235816543637,0.140279459933373
416,0.463225147278761,0.233725581744281,0.205178843545358,0.16357228121085,0.204454144375473,0.147819407725247
495,0.45297556976512,0.217294683481912,0.237166246337142,0.178742307944130,0.200188610986799,0.140539522938054
489,0.41331732873535,0.202303599215116,0.219672052767678,0.194724220966719,0.178181472416481,0.140279459933373
454,0.44923503724365,0.189517281185082,0.208860644258667,0.192088479379025,0.175977245746161,0.140279459933373
431,0.468793774829766,0.213405068833102,0.192088479379025,0.241532534498303,0.271855157449252,0.160502026996677
188,0.51920253600366,0.140279459933373,0.172787005806565,0.223704949036996,0.171243398019944,0.160930368981928
474,0.460435073421994,0.247759640188542,0.247759640188542,0.200889639762023,0.192741366843982,0.187631241909896
264,0.349241401529061,0.168745733831007,0.216509434133377,0.178742307944130,0.171243398019944,0.150492979148870
767,0.527356424038935,0.288207386188063,0.237166246337142,0.201594638931909,0.173835068385563,0.178181472416481
368,0.43702685358426,0.181025063276694,0.212638240623736,0.173835068385563,0.171754154191287,0.140279459933373
423,0.434198112267997,0.206639944148685,0.203733362812729,0.200188610986799,0.140279459933373,0.140279459933373
340,0.457641082102348,0.238033800236652,0.238904240888872,0.191439626593958,0.182190212262849,0.161362102255135
547,0.455776216619560,0.207376318697083,0.246862287018223,0.178742307944130,0.150148946700048,0.16357228121085
452,0.458572851358513,0.219672052767678,0.238033800236652,0.169237834303805,0.140279459933373,0.151542367809210
342,0.414271770359505,0.194059239855938,0.246862287018223,0.170736402643872,0.169237834303805,0.147819407725247
370,0.402784577338547,0.201594638931909,0.201594638931909,0.198109430350217,0.140279459933373,0.160077057692081
551,0.466011361565902,0.241532534498303,0.211115838461421,0.223704949036996,0.182190212262849,0.176522456496951
431,0.411406907527978,0.213405068833102,0.198109430350217,0.179875784505171,0.169237834303805,0.143266847840142
322,0.373747820375976,0.224521889216861,0.200188610986799,0.179307075461499,0.188255890082703,0.170233153496669
365,0.417132025922147,0.218876016213984,0.186394027664835,0.222891426963376,0.234581247743386,0.152256565618780
375,0.395085382089401,0.175435913518267,0.211875157547888,0.166814026627726,0.170233153496669,0.147497624383717
480,0.427580548847338,0.223704949036996,0.203733362812729,0.203733362812729,0.140279459933373,0.140279459933373
427,0.40566331506169,0.205907447843523,0.208860644258667,0.238033800236652,0.140279459933373,0.140279459933373
306,0.345300444024283,0.175435913518267,0.201594638931909,0.211115838461421,0.145018731380577,0.158822198286243
623,0.439851241970584,0.205178843545358,0.209608564537159,0.226165913043895,0.341355528691973,0.167291481291287
436,0.42188893060604,0.187631241909896,0.23033379664679,0.172787005806565,0.159655442358187,0.140279459933373
480,0.417132025922147,0.196066256873814,0.216509434133377,0.178181472416481,0.156796455796649,0.140279459933373
385,0.410450927071570,0.245075200706715,0.221274744825972,0.218083551882790,0.208116557082828,0.212638240623736
419,0.458572851358513,0.210360301592275,0.226165913043895,0.174364837136968,0.142423961905656,0.152982630801945
298,0.377644706128292,0.167291481291287,0.194059239855938,0.152256565618780,0.157195124574254,0.151189670120080
356,0.39893907178823,0.232872971194181,0.231177046607856,0.190794809258731,0.148471133452426,0.150148946700048
483,0.441731771836077,0.190794809258731,0.207376318697083,0.181605650010004,0.140279459933373,0.145319498566922
579,0.454843116219575,0.231177046607856,0.251373586915138,0.203016510694019,0.172787005806565,0.160930368981928
440,0.42188893060604,0.219672052767678,0.227823271636467,0.173835068385563,0.175435913518267,0.148471133452426
362,0.397013246974146,0.205907447843523,0.234581247743386,0.155619579790919,0.149133866930996,0.140279459933373
360,0.432309844864813,0.198798498578782,0.218876016213984,0.170233153496669,0.175977245746161,0.157195124574254
261,0.363974517009122,0.148471133452426,0.205907447843523,0.154850743467635,0.140279459933373,0.161797245314680
366,0.414271770359505,0.205178843545358,0.223704949036996,0.158822198286243,0.160502026996677,0.160502026996677
433,0.450170855356869,0.218083551882790,0.208860644258667,0.210360301592275,0.168745733831007,0.140279459933373
350,0.425685350085428,0.202303599215116,0.147819407725247,0.218083551882790,0.145319498566922,0.165403320798019
600,0.468793774829766,0.219672052767678,0.235439936165745,0.200889639762023,0.162235816543637,0.162235816543637
320,0.387353706987488,0.185172899926102,0.235439936165745,0.140801836156987,0.154470991130581,0.155233599845476
466,0.420938564569721,0.204454144375473,0.198798498578782,0.215727826366646,0.153350162717428,0.140279459933373
519,0.467866722440866,0.255943411389996,0.23977753355553,0.197424363331222,0.159655442358187,0.150839880430613
443,0.439851241970584,0.204454144375473,0.237166246337142,0.184568357977156,0.179875784505171,0.146862120354825
365,0.432309844864813,0.203733362812729,0.199491561253654,0.170736402643872,0.174898448025698,0.153350162717428
374,0.415225700022613,0.193398287644562,0.222081350052879,0.158410531669826,0.140279459933373,0.164024746412181
429,0.439851241970584,0.211875157547888,0.227823271636467,0.192741366843982,0.173309128978783,0.164940248736627
432,0.435141512434088,0.238033800236652,0.253194757033311,0.213405068833102,0.149807763529887,0.161362102255135
431,0.415225700022613,0.190794809258731,0.223704949036996,0.152618104976752,0.151542367809210,0.140279459933373
483,0.447362019176649,0.215727826366646,0.192088479379025,0.215727826366646,0.154094323280450,0.140279459933373
404,0.442671323317129,0.176522456496951,0.245967461561916,0.165403320798019,0.169237834303805,0.149469410107982
469,0.428527399760189,0.192741366843982,0.231177046607856,0.154850743467635,0.156008702799071,0.140279459933373
407,0.40566331506169,0.214949882112267,0.226992939983781,0.182190212262849,0.162677834203278,0.140279459933373
475,0.42188893060604,0.197424363331222,0.200889639762023,0.210360301592275,0.140279459933373,0.140279459933373
534,0.43702685358426,0.203016510694019,0.235439936165745,0.160930368981928,0.158822198286243,0.140801836156987
396,0.426633199381427,0.220471637257467,0.205178843545358,0.202303599215116,0.184568357977156,0.160077057692081
521,0.444549008408857,0.213405068833102,0.231177046607856,0.180448444205294,0.155233599845476,0.140279459933373
337,0.374722731821464,0.181605650010004,0.193398287644562,0.175977245746161,0.200889639762023,0.176522456496951
359,0.39218977751084,0.222891426963376,0.251373586915138,0.198798498578782,0.200188610986799,0.174898448025698
350,0.411406907527978,0.167772573247934,0.219672052767678,0.140279459933373,0.162677834203278,0.140279459933373
401,0.437968797820157,0.192088479379025,0.222891426963376,0.144131604573628,0.140279459933373,0.140279459933373
427,0.420938564569721,0.207376318697083,0.238904240888872,0.181605650010004,0.178181472416481,0.140279459933373
399,0.513753336846181,0.237166246337142,0.205907447843523,0.164940248736627,0.151542367809210,0.143266847840142
391,0.443610401564419,0.236301613614802,0.225342219919308,0.218876016213984,0.192088479379025,0.150492979148870
379,0.414271770359505,0.190794809258731,0.208860644258667,0.211875157547888,0.152982630801945,0.140279459933373
441,0.480808424194665,0.277585234113443,0.247759640188542,0.238033800236652,0.168745733831007,0.140279459933373
283,0.415225700022613,0.237166246337142,0.238904240888872,0.156400988328558,0.197424363331222,0.155619579790919
451,0.429473753439024,0.195393227873188,0.216509434133377,0.182190212262849,0.160502026996677,0.140279459933373
492,0.429473753439024,0.23033379664679,0.225342219919308,0.222891426963376,0.142147774681471,0.171754154191287
379,0.466011361565902,0.215727826366646,0.235439936165745,0.196743303664015,0.177071557205383,0.140279459933373
357,0.397013246974146,0.260567046745838,0.226992939983781,0.210360301592275,0.192088479379025,0.166814026627726
353,0.477118801080669,0.226165913043895,0.225342219919308,0.178181472416481,0.154094323280450,0.144424803121843
406,0.448298759169222,0.190154027575454,0.185781454960399,0.222081350052879,0.140279459933373,0.140279459933373
393,0.451106215483896,0.229493730258852,0.208116557082828,0.207376318697083,0.204454144375473,0.140279459933373
432,0.383475920330798,0.196743303664015,0.227823271636467,0.16634019279706,0.157597013980819,0.140279459933373
960,0.524641044535778,0.271855157449252,0.211875157547888,0.233725581744281,0.255024990396885,0.140279459933373
405,0.418084423539314,0.23033379664679,0.234581247743386,0.216509434133377,0.204454144375473,0.150148946700048
394,0.387353706987488,0.156008702799071,0.235439936165745,0.147497624383717,0.157195124574254,0.153350162717428
540,0.430419611243593,0.217294683481912,0.222081350052879,0.173835068385563,0.190794809258731,0.211115838461421
480,0.416179118323367,0.204454144375473,0.217294683481912,0.150492979148870,0.172787005806565,0.149133866930996
404,0.447362019176649,0.259638241659144,0.248659484023583,0.228656878414890,0.191439626593958,0.159237162188545
804,0.556174158820723,0.276626749501763,0.253194757033311,0.232023448734304,0.203733362812729,0.150492979148870
333,0.420938564569721,0.200188610986799,0.200889639762023,0.193398287644562,0.178181472416481,0.161797245314680
402,0.437968797820157,0.222891426963376,0.255024990396885,0.229493730258852,0.185172899926102,0.172787005806565
263,0.442671323317129,0.234581247743386,0.218083551882790,0.236301613614802,0.158410531669826,0.189517281185082
365,0.40566331506169,0.226165913043895,0.214175622695954,0.200188610986799,0.181605650010004,0.187010622123131
437,0.435141512434088,0.220471637257467,0.194059239855938,0.207376318697083,0.154470991130581,0.155619579790919
398,0.442671323317129,0.185781454960399,0.235439936165745,0.168745733831007,0.161797245314680,0.159237162188545
384,0.362994878061971,0.156400988328558,0.207376318697083,0.203733362812729,0.151897993103576,0.149469410107982
386,0.459504181093247,0.220471637257467,0.245967461561916,0.140279459933373,0.196743303664015,0.149133866930996
396,0.423788147113161,0.228656878414890,0.222891426963376,0.165403320798019,0.158410531669826,0.140279459933373
418,0.423788147113161,0.207376318697083,0.198109430350217,0.185172899926102,0.179307075461499,0.140279459933373
387,0.403744670601839,0.233725581744281,0.240653643199231,0.150148946700048,0.231177046607856,0.185172899926102
592,0.508293008226672,0.238904240888872,0.231177046607856,0.187010622123131,0.160502026996677,0.140279459933373
560,0.441731771836077,0.232872971194181,0.203733362812729,0.203733362812729,0.158410531669826,0.158822198286243
404,0.40566331506169,0.177071557205383,0.205178843545358,0.178742307944130,0.158822198286243,0.140279459933373
487,0.477118801080669,0.245967461561916,0.216509434133377,0.185172899926102,0.174364837136968,0.146237238572002
400,0.429473753439024,0.185172899926102,0.208860644258667,0.160930368981928,0.163123316426449,0.140279459933373
386,0.40662186593712,0.187010622123131,0.176522456496951,0.205907447843523,0.148471133452426,0.149469410107982
419,0.458572851358513,0.244185541162083,0.250466494772263,0.182778757451073,0.168745733831007,0.140279459933373
441,0.432309844864813,0.216509434133377,0.229493730258852,0.187010622123131,0.172787005806565,0.168257318749387
509,0.388321919900050,0.226165913043895,0.187010622123131,0.179875784505171,0.152982630801945,0.140279459933373
426,0.410450927071570,0.203733362812729,0.218876016213984,0.189517281185082,0.177071557205383,0.161362102255135
472,0.436084425669404,0.246862287018223,0.246862287018223,0.178181472416481,0.164940248736627,0.145319498566922
472,0.464154311336516,0.265239772398733,0.220471637257467,0.208116557082828,0.161797245314680,0.140279459933373
438,0.45297556976512,0.26336509235663,0.240653643199231,0.203733362812729,0.226165913043895,0.159655442358187
414,0.400862850180983,0.205178843545358,0.185781454960399,0.160502026996677,0.168745733831007,0.140539522938054
402,0.445487145704544,0.277585234113443,0.282396577544332,0.140279459933373,0.210360301592275,0.140279459933373
461,0.443610401564419,0.211115838461421,0.206639944148685,0.170233153496669,0.153720720340875,0.160502026996677
499,0.468793774829766,0.222891426963376,0.242414171861771,0.204454144375473,0.179875784505171,0.167291481291287
330,0.420938564569721,0.260567046745838,0.232023448734304,0.451106215483896,0.561550463611059,0.308771540986705
616,0.442671323317129,0.264301525715948,0.214175622695954,0.212638240623736,0.149469410107982,0.167772573247934
453,0.425685350085428,0.205907447843523,0.245967461561916,0.151542367809210,0.188255890082703,0.146548361254107
387,0.469720411442728,0.190154027575454,0.213405068833102,0.218876016213984,0.140279459933373,0.150839880430613
378,0.433254223593108,0.192088479379025,0.208116557082828,0.194059239855938,0.141602453589765,0.156796455796649
874,0.486331294331022,0.296985336054750,0.259638241659144,0.224521889216861,0.168257318749387,0.144720505822661
379,0.399901217123282,0.175977245746161,0.187631241909896,0.208860644258667,0.146237238572002,0.140279459933373
509,0.477118801080669,0.242414171861771,0.232023448734304,0.175977245746161,0.221274744825972,0.157195124574254
328,0.436084425669404,0.243298519444439,0.186394027664835,0.217294683481912,0.170233153496669,0.173835068385563
596,0.515570951288053,0.250466494772263,0.254108759679802,0.245967461561916,0.168745733831007,0.158002143279100
420,0.400862850180983,0.211875157547888,0.203016510694019,0.158002143279100,0.172268685450245,0.187010622123131
384,0.408537424783786,0.233725581744281,0.221274744825972,0.244185541162083,0.182190212262849,0.185172899926102
548,0.460435073421994,0.226992939983781,0.243298519444439,0.140279459933373,0.164024746412181,0.140279459933373
495,0.440791745314472,0.219672052767678,0.226992939983781,0.172787005806565,0.183967824035887,0.140279459933373
621,0.428527399760189,0.221274744825972,0.226992939983781,0.200889639762023,0.154094323280450,0.145928733232941
455,0.431364974573073,0.238033800236652,0.207376318697083,0.174364837136968,0.189517281185082,0.172268685450245
440,0.420938564569721,0.202303599215116,0.210360301592275,0.192088479379025,0.140279459933373,0.174364837136968
445,0.419036311953547,0.245967461561916,0.231177046607856,0.185781454960399,0.213405068833102,0.206639944148685
464,0.42188893060604,0.236301613614802,0.216509434133377,0.226992939983781,0.189517281185082,0.165403320798019
381,0.404704249910189,0.178742307944130,0.211875157547888,0.175435913518267,0.168745733831007,0.140279459933373
384,0.433254223593108,0.183371292540019,0.203016510694019,0.16634019279706,0.164024746412181,0.182778757451073
439,0.415225700022613,0.177624558944457,0.154094323280450,0.196743303664015,0.140279459933373,0.158002143279100
518,0.486331294331022,0.232023448734304,0.245075200706715,0.222891426963376,0.166814026627726,0.150839880430613
374,0.411406907527978,0.190154027575454,0.206639944148685,0.202303599215116,0.140279459933373,0.205907447843523
277,0.349241401529061,0.147497624383717,0.192088479379025,0.367888982200334,0.490923390673098,0.225342219919308
472,0.444549008408857,0.241532534498303,0.214175622695954,0.187631241909896,0.164480729737195,0.160502026996677
385,0.387353706987488,0.165403320798019,0.205178843545358,0.147819407725247,0.168257318749387,0.140279459933373
445,0.461365530470573,0.290152214217331,0.279506090033501,0.193398287644562,0.196066256873814,0.141873944585676
508,0.433254223593108,0.218876016213984,0.222081350052879,0.155619579790919,0.184568357977156,0.154470991130581
406,0.411406907527978,0.188884569174318,0.248659484023583,0.193398287644562,0.175435913518267,0.152256565618780
419,0.39604956908159,0.191439626593958,0.190154027575454,0.186394027664835,0.153720720340875,0.143552645462116
273,0.450170855356869,0.179875784505171,0.235439936165745,0.192741366843982,0.143266847840142,0.140279459933373
420,0.451106215483896,0.23033379664679,0.23033379664679,0.181025063276694,0.186394027664835,0.154850743467635
536,0.45297556976512,0.226992939983781,0.218083551882790,0.173309128978783,0.141602453589765,0.164024746412181
345,0.433254223593108,0.208860644258667,0.198109430350217,0.208860644258667,0.168745733831007,0.140279459933373
312,0.436084425669404,0.192088479379025,0.190794809258731,0.188255890082703,0.156796455796649,0.164024746412181
563,0.436084425669404,0.189517281185082,0.235439936165745,0.141873944585676,0.159237162188545,0.165403320798019
411,0.453909567952752,0.140279459933373,0.204454144375473,0.16634019279706,0.140279459933373,0.140279459933373
299,0.419987692000204,0.227823271636467,0.198798498578782,0.228656878414890,0.150492979148870,0.170736402643872
383,0.382505251364152,0.212638240623736,0.185781454960399,0.181605650010004,0.198109430350217,0.178742307944130
385,0.419036311953547,0.200889639762023,0.187631241909896,0.172787005806565,0.16357228121085,0.140279459933373
377,0.40662186593712,0.179307075461499,0.223704949036996,0.261497815323131,0.325551793923222,0.197424363331222
480,0.425685350085428,0.228656878414890,0.200889639762023,0.212638240623736,0.159655442358187,0.175435913518267
355,0.440791745314472,0.206639944148685,0.226992939983781,0.206639944148685,0.152982630801945,0.143266847840142
394,0.423788147113161,0.172268685450245,0.172268685450245,0.189517281185082,0.148471133452426,0.153350162717428
503,0.397976414823837,0.213405068833102,0.206639944148685,0.205907447843523,0.160502026996677,0.140279459933373
727,0.498252004317859,0.284329312589461,0.248659484023583,0.208116557082828,0.212638240623736,0.211875157547888
592,0.473422844172892,0.240653643199231,0.245967461561916,0.200889639762023,0.194724220966719,0.156008702799071
458,0.436084425669404,0.235439936165745,0.238904240888872,0.150839880430613,0.181605650010004,0.141873944585676
361,0.408537424783786,0.188255890082703,0.209608564537159,0.160502026996677,0.154094323280450,0.160930368981928
325,0.40182397040703,0.173309128978783,0.210360301592275,0.178742307944130,0.160502026996677,0.140279459933373
505,0.42188893060604,0.226992939983781,0.214175622695954,0.206639944148685,0.296985336054750,0.140279459933373
440,0.415225700022613,0.238033800236652,0.217294683481912,0.208860644258667,0.172268685450245,0.150492979148870
370,0.382505251364152,0.187631241909896,0.203016510694019,0.206639944148685,0.155233599845476,0.166814026627726
587,0.43702685358426,0.233725581744281,0.206639944148685,0.215727826366646,0.170233153496669,0.140279459933373
472,0.430419611243593,0.229493730258852,0.231177046607856,0.211115838461421,0.194059239855938,0.140279459933373
378,0.433254223593108,0.242414171861771,0.158822198286243,0.227823271636467,0.140279459933373,0.157195124574254
406,0.416179118323367,0.210360301592275,0.192088479379025,0.196066256873814,0.148471133452426,0.140279459933373
305,0.475271623239318,0.211875157547888,0.221274744825972,0.186394027664835,0.188255890082703,0.146862120354825
427,0.435141512434088,0.232023448734304,0.220471637257467,0.164024746412181,0.140279459933373,0.140279459933373
343,0.417132025922147,0.204454144375473,0.208860644258667,0.172268685450245,0.149133866930996,0.162235816543637
522,0.479886604427388,0.273759486818862,0.264301525715948,0.177624558944457,0.211115838461421,0.205907447843523
397,0.41331732873535,0.208860644258667,0.242414171861771,0.165403320798019,0.176522456496951,0.148471133452426
355,0.410450927071570,0.190794809258731,0.223704949036996,0.165403320798019,0.191439626593958,0.167291481291287
399,0.452041119617036,0.226165913043895,0.23977753355553,0.140279459933373,0.209608564537159,0.140279459933373
810,0.517387345588464,0.265239772398733,0.269956905233921,0.159655442358187,0.220471637257467,0.140279459933373
479,0.417132025922147,0.181025063276694,0.178181472416481,0.218876016213984,0.140279459933373,0.144131604573628
309,0.358090854945044,0.198109430350217,0.225342219919308,0.235439936165745,0.297964434643167,0.194059239855938
360,0.446424815327873,0.214949882112267,0.240653643199231,0.198109430350217,0.170736402643872,0.147497624383717
284,0.344314559496454,0.159655442358187,0.188255890082703,0.176522456496951,0.147178535004063,0.162677834203278
463,0.448298759169222,0.237166246337142,0.275669606701894,0.200188610986799,0.248659484023583,0.160077057692081
449,0.386384998416716,0.246862287018223,0.236301613614802,0.196066256873814,0.194059239855938,0.14298348025674
425,0.430419611243593,0.237166246337142,0.245967461561916,0.175977245746161,0.148143904307162,0.154094323280450
423,0.411406907527978,0.232023448734304,0.231177046607856,0.208860644258667,0.149469410107982,0.146862120354825
248,0.404704249910189,0.200889639762023,0.169237834303805,0.179307075461499,0.140279459933373,0.186394027664835
542,0.461365530470573,0.240653643199231,0.228656878414890,0.217294683481912,0.179875784505171,0.157195124574254
483,0.457641082102348,0.284329312589461,0.264301525715948,0.168745733831007,0.23033379664679,0.200889639762023
452,0.504646384858735,0.234581247743386,0.185172899926102,0.217294683481912,0.189517281185082,0.140279459933373
619,0.480808424194665,0.227823271636467,0.218083551882790,0.189517281185082,0.146548361254107,0.147497624383717
292,0.375697185802696,0.178181472416481,0.206639944148685,0.149133866930996,0.177624558944457,0.144424803121843
520,0.444549008408857,0.226165913043895,0.241532534498303,0.16634019279706,0.181605650010004,0.140279459933373
619,0.571387382661058,0.290152214217331,0.315674182764382,0.211115838461421,0.23033379664679,0.141333283747465
487,0.424736999725661,0.216509434133377,0.238904240888872,0.151897993103576,0.172787005806565,0.158410531669826
406,0.412362374614871,0.194059239855938,0.200889639762023,0.165403320798019,0.187010622123131,0.146548361254107
483,0.432309844864813,0.203733362812729,0.244185541162083,0.16634019279706,0.191439626593958,0.154850743467635
425,0.431364974573073,0.228656878414890,0.213405068833102,0.188884569174318,0.140279459933373,0.143266847840142
478,0.456708871220304,0.276626749501763,0.210360301592275,0.190794809258731,0.181605650010004,0.140279459933373
362,0.400862850180983,0.185172899926102,0.226992939983781,0.162677834203278,0.165403320798019,0.158410531669826
391,0.407579902497849,0.179875784505171,0.156008702799071,0.235439936165745,0.144720505822661,0.140279459933373
425,0.431364974573073,0.223704949036996,0.214949882112267,0.241532534498303,0.168257318749387,0.140279459933373
405,0.414271770359505,0.172787005806565,0.200188610986799,0.181025063276694,0.168745733831007,0.140279459933373
363,0.415225700022613,0.180448444205294,0.185781454960399,0.208860644258667,0.147497624383717,0.140279459933373
460,0.429473753439024,0.179307075461499,0.208860644258667,0.165869963138432,0.167291481291287,0.140279459933373
412,0.418084423539314,0.199491561253654,0.228656878414890,0.194724220966719,0.149133866930996,0.140279459933373
343,0.464154311336516,0.191439626593958,0.208116557082828,0.187631241909896,0.175435913518267,0.140279459933373
550,0.445487145704544,0.237166246337142,0.232872971194181,0.192741366843982,0.159237162188545,0.141066417195949
444,0.466939252082330,0.23977753355553,0.222081350052879,0.224521889216861,0.156796455796649,0.140279459933373
450,0.418084423539314,0.210360301592275,0.208860644258667,0.159237162188545,0.175977245746161,0.140279459933373
380,0.368866547920421,0.184568357977156,0.202303599215116,0.199491561253654,0.166814026627726,0.140279459933373
162,0.294052217151829,0.174364837136968,0.150148946700048,0.187631241909896,0.146548361254107,0.140279459933373
367,0.420938564569721,0.187631241909896,0.191439626593958,0.208116557082828,0.178181472416481,0.140279459933373
410,0.407579902497849,0.243298519444439,0.233725581744281,0.237166246337142,0.16357228121085,0.194724220966719
442,0.415225700022613,0.219672052767678,0.254108759679802,0.158822198286243,0.171754154191287,0.16634019279706
476,0.454843116219575,0.253194757033311,0.233725581744281,0.178181472416481,0.182778757451073,0.144424803121843
341,0.402784577338547,0.172268685450245,0.194724220966719,0.177071557205383,0.155619579790919,0.158410531669826
437,0.426633199381427,0.257786672914962,0.221274744825972,0.215727826366646,0.170736402643872,0.140279459933373
567,0.462295554374572,0.260567046745838,0.244185541162083,0.198798498578782,0.191439626593958,0.140279459933373
381,0.467866722440866,0.235439936165745,0.250466494772263,0.194724220966719,0.187010622123131,0.183371292540019
545,0.490923390673098,0.232872971194181,0.187010622123131,0.222891426963376,0.140279459933373,0.150492979148870
391,0.42188893060604,0.209608564537159,0.251373586915138,0.192088479379025,0.186394027664835,0.158822198286243
424,0.428527399760189,0.204454144375473,0.202303599215116,0.170233153496669,0.140279459933373,0.175977245746161
628,0.499166505254691,0.253194757033311,0.259638241659144,0.169733635746363,0.177071557205383,0.147178535004063
317,0.419036311953547,0.211875157547888,0.178742307944130,0.207376318697083,0.154470991130581,0.151897993103576
393,0.369843682925459,0.206639944148685,0.221274744825972,0.229493730258852,0.140279459933373,0.149133866930996
706,0.468793774829766,0.245075200706715,0.191439626593958,0.347271459448055,0.444549008408857,0.207376318697083
484,0.435141512434088,0.246862287018223,0.252283020211930,0.213405068833102,0.187631241909896,0.152982630801945
367,0.451106215483896,0.217294683481912,0.218876016213984,0.201594638931909,0.177071557205383,0.148471133452426
283,0.43702685358426,0.216509434133377,0.216509434133377,0.213405068833102,0.140279459933373,0.149133866930996
550,0.442671323317129,0.225342219919308,0.192088479379025,0.196743303664015,0.146548361254107,0.164940248736627
362,0.35612665264182,0.187631241909896,0.180448444205294,0.164480729737195,0.156796455796649,0.145928733232941
419,0.420938564569721,0.190154027575454,0.227823271636467,0.155233599845476,0.154470991130581,0.140279459933373
290,0.379590352485876,0.214949882112267,0.208116557082828,0.164940248736627,0.160930368981928,0.140279459933373
505,0.42188893060604,0.224521889216861,0.215727826366646,0.158822198286243,0.192088479379025,0.162235816543637
379,0.458572851358513,0.254108759679802,0.222891426963376,0.156400988328558,0.200889639762023,0.153720720340875
499,0.416179118323367,0.193398287644562,0.23033379664679,0.176522456496951,0.149469410107982,0.140279459933373
409,0.423788147113161,0.205178843545358,0.232023448734304,0.196066256873814,0.158410531669826,0.140279459933373
363,0.403744670601839,0.192741366843982,0.195393227873188,0.179307075461499,0.16357228121085,0.147497624383717
388,0.376671178467619,0.177071557205383,0.160502026996677,0.178742307944130,0.157195124574254,0.140279459933373
492,0.461365530470573,0.254108759679802,0.211115838461421,0.190794809258731,0.187010622123131,0.159237162188545
482,0.429473753439024,0.205907447843523,0.220471637257467,0.158822198286243,0.164940248736627,0.166814026627726
480,0.430419611243593,0.227823271636467,0.211115838461421,0.202303599215116,0.180448444205294,0.144720505822661
466,0.471572446139952,0.251373586915138,0.251373586915138,0.208116557082828,0.210360301592275,0.144720505822661
326,0.438910260048710,0.220471637257467,0.187010622123131,0.221274744825972,0.148143904307162,0.154094323280450
426,0.461365530470573,0.220471637257467,0.208116557082828,0.172787005806565,0.155233599845476,0.140279459933373
409,0.439851241970584,0.194059239855938,0.210360301592275,0.178742307944130,0.203016510694019,0.167291481291287
388,0.395085382089401,0.171754154191287,0.232872971194181,0.147178535004063,0.163123316426449,0.148471133452426
481,0.423788147113161,0.250466494772263,0.214175622695954,0.193398287644562,0.186394027664835,0.198798498578782
455,0.411406907527978,0.258711437790672,0.262430509724191,0.195393227873188,0.214175622695954,0.211115838461421
443,0.437968797820157,0.219672052767678,0.185781454960399,0.211115838461421,0.16357228121085,0.144720505822661
529,0.424736999725661,0.188884569174318,0.233725581744281,0.184568357977156,0.159237162188545,0.140279459933373
341,0.374722731821464,0.172787005806565,0.210360301592275,0.152982630801945,0.152982630801945,0.140279459933373
552,0.45297556976512,0.252283020211930,0.245075200706715,0.190154027575454,0.176522456496951,0.140279459933373
349,0.393155485097713,0.193398287644562,0.223704949036996,0.205907447843523,0.172787005806565,0.140279459933373
450,0.415225700022613,0.214175622695954,0.168257318749387,0.185781454960399,0.169237834303805,0.157597013980819
417,0.434198112267997,0.227823271636467,0.209608564537159,0.187010622123131,0.157195124574254,0.164940248736627
483,0.439851241970584,0.236301613614802,0.255943411389996,0.174898448025698,0.174898448025698,0.161362102255135
488,0.41331732873535,0.211875157547888,0.202303599215116,0.211875157547888,0.154850743467635,0.140279459933373
371,0.438910260048710,0.237166246337142,0.235439936165745,0.205178843545358,0.188255890082703,0.201594638931909
496,0.42188893060604,0.208860644258667,0.198798498578782,0.203733362812729,0.160077057692081,0.140279459933373
416,0.452041119617036,0.236301613614802,0.234581247743386,0.182778757451073,0.194059239855938,0.161797245314680
380,0.446424815327873,0.190794809258731,0.202303599215116,0.173309128978783,0.140279459933373,0.140279459933373
327,0.416179118323367,0.174364837136968,0.191439626593958,0.187631241909896,0.156796455796649,0.150492979148870
329,0.412362374614871,0.200889639762023,0.191439626593958,0.221274744825972,0.158002143279100,0.141602453589765
388,0.411406907527978,0.202303599215116,0.193398287644562,0.185781454960399,0.167291481291287,0.148143904307162
425,0.459504181093247,0.253194757033311,0.23977753355553,0.215727826366646,0.179307075461499,0.160502026996677
441,0.460435073421994,0.223704949036996,0.241532534498303,0.156796455796649,0.164940248736627,0.151189670120080
481,0.437968797820157,0.23977753355553,0.214175622695954,0.176522456496951,0.178742307944130,0.140279459933373
425,0.448298759169222,0.215727826366646,0.234581247743386,0.206639944148685,0.144424803121843,0.143552645462116
266,0.453909567952752,0.191439626593958,0.212638240623736,0.174364837136968,0.175977245746161,0.150492979148870
446,0.420938564569721,0.219672052767678,0.218876016213984,0.171243398019944,0.153720720340875,0.141333283747465
273,0.440791745314472,0.198109430350217,0.172268685450245,0.23977753355553,0.156400988328558,0.170736402643872
427,0.462295554374572,0.218083551882790,0.221274744825972,0.179307075461499,0.142147774681471,0.140279459933373
383,0.357108931824631,0.203733362812729,0.23033379664679,0.214175622695954,0.285297304030371,0.183371292540019
997,0.528260989528785,0.255943411389996,0.258711437790672,0.196743303664015,0.175435913518267,0.160930368981928
380,0.464154311336516,0.232872971194181,0.257786672914962,0.181605650010004,0.172268685450245,0.147819407725247
393,0.395085382089401,0.195393227873188,0.156008702799071,0.218083551882790,0.156400988328558,0.140279459933373
437,0.414271770359505,0.26806502014066,0.241532534498303,0.178181472416481,0.159237162188545,0.140279459933373
538,0.475271623239318,0.213405068833102,0.188884569174318,0.181025063276694,0.154470991130581,0.155619579790919
401,0.435141512434088,0.183967824035887,0.184568357977156,0.165869963138432,0.150492979148870,0.140279459933373
559,0.432309844864813,0.23977753355553,0.224521889216861,0.222081350052879,0.178181472416481,0.148143904307162
476,0.428527399760189,0.214175622695954,0.188255890082703,0.174364837136968,0.150492979148870,0.140279459933373
411,0.404704249910189,0.212638240623736,0.218083551882790,0.189517281185082,0.181025063276694,0.162235816543637
470,0.434198112267997,0.242414171861771,0.252283020211930,0.192741366843982,0.170233153496669,0.154094323280450
489,0.419987692000204,0.238904240888872,0.248659484023583,0.169237834303805,0.174898448025698,0.140279459933373
485,0.410450927071570,0.257786672914962,0.270905253648299,0.177624558944457,0.182778757451073,0.172787005806565
796,0.490923390673098,0.251373586915138,0.220471637257467,0.211115838461421,0.149807763529887,0.153350162717428
365,0.419987692000204,0.193398287644562,0.229493730258852,0.187010622123131,0.175977245746161,0.164480729737195
403,0.41331732873535,0.218083551882790,0.183967824035887,0.211875157547888,0.140279459933373,0.16357228121085
436,0.437968797820157,0.246862287018223,0.222081350052879,0.195393227873188,0.164024746412181,0.167291481291287
409,0.438910260048710,0.194724220966719,0.214949882112267,0.174364837136968,0.142423961905656,0.140279459933373
470,0.450170855356869,0.243298519444439,0.264301525715948,0.143840891542185,0.157597013980819,0.172787005806565
416,0.430419611243593,0.232872971194181,0.238033800236652,0.168745733831007,0.194059239855938,0.177624558944457
485,0.44923503724365,0.207376318697083,0.182778757451073,0.23033379664679,0.140279459933373,0.140279459933373
426,0.433254223593108,0.203733362812729,0.218083551882790,0.183967824035887,0.155619579790919,0.140279459933373
469,0.451106215483896,0.233725581744281,0.243298519444439,0.155619579790919,0.166814026627726,0.147497624383717
472,0.39604956908159,0.201594638931909,0.216509434133377,0.158410531669826,0.168745733831007,0.152982630801945
377,0.410450927071570,0.200188610986799,0.203733362812729,0.208116557082828,0.140279459933373,0.140279459933373
339,0.361034414931008,0.176522456496951,0.202303599215116,0.202303599215116,0.146548361254107,0.140279459933373
445,0.447362019176649,0.232023448734304,0.214949882112267,0.218876016213984,0.172268685450245,0.161362102255135
324,0.446424815327873,0.218876016213984,0.229493730258852,0.204454144375473,0.170233153496669,0.164480729737195
290,0.43702685358426,0.200889639762023,0.222081350052879,0.157195124574254,0.162677834203278,0.148471133452426
620,0.442671323317129,0.269010148553487,0.261497815323131,0.197424363331222,0.203016510694019,0.151542367809210
309,0.409494432911366,0.204454144375473,0.210360301592275,0.169733635746363,0.169733635746363,0.167291481291287
323,0.375697185802696,0.211115838461421,0.229493730258852,0.183967824035887,0.217294683481912,0.166814026627726
517,0.424736999725661,0.201594638931909,0.204454144375473,0.165869963138432,0.140279459933373,0.140279459933373
365,0.433254223593108,0.217294683481912,0.214175622695954,0.168745733831007,0.163123316426449,0.150839880430613
435,0.414271770359505,0.202303599215116,0.218083551882790,0.185172899926102,0.140279459933373,0.168257318749387
410,0.39604956908159,0.205178843545358,0.245967461561916,0.146548361254107,0.193398287644562,0.140279459933373
515,0.426633199381427,0.192088479379025,0.214175622695954,0.181025063276694,0.156400988328558,0.146237238572002
403,0.430419611243593,0.212638240623736,0.223704949036996,0.160930368981928,0.169733635746363,0.140279459933373
347,0.387353706987488,0.171243398019944,0.175435913518267,0.180448444205294,0.145018731380577,0.140279459933373
396,0.40662186593712,0.190154027575454,0.204454144375473,0.214175622695954,0.140279459933373,0.154094323280450
380,0.407579902497849,0.201594638931909,0.196066256873814,0.209608564537159,0.147497624383717,0.140279459933373
467,0.432309844864813,0.235439936165745,0.227823271636467,0.171754154191287,0.205178843545358,0.162677834203278
370,0.39893907178823,0.228656878414890,0.260567046745838,0.148471133452426,0.171243398019944,0.14298348025674
407,0.372772455485757,0.182190212262849,0.201594638931909,0.175435913518267,0.140279459933373,0.140279459933373
371,0.439851241970584,0.215727826366646,0.172268685450245,0.156008702799071,0.173309128978783,0.140279459933373
452,0.435141512434088,0.223704949036996,0.231177046607856,0.145622826217966,0.151542367809210,0.140279459933373
354,0.466939252082330,0.240653643199231,0.255943411389996,0.177624558944457,0.140279459933373,0.140279459933373
483,0.397013246974146,0.231177046607856,0.201594638931909,0.204454144375473,0.140279459933373,0.158822198286243
415,0.422838791105066,0.245075200706715,0.256863984839407,0.181605650010004,0.207376318697083,0.194059239855938
503,0.466011361565902,0.238033800236652,0.218083551882790,0.210360301592275,0.171243398019944,0.140279459933373
422,0.451106215483896,0.199491561253654,0.211115838461421,0.170736402643872,0.140279459933373,0.140279459933373
292,0.367888982200334,0.179875784505171,0.187010622123131,0.181605650010004,0.174898448025698,0.164024746412181
412,0.442671323317129,0.182190212262849,0.178181472416481,0.200188610986799,0.152256565618780,0.140279459933373
419,0.448298759169222,0.227823271636467,0.199491561253654,0.219672052767678,0.154850743467635,0.158410531669826
461,0.409494432911366,0.212638240623736,0.222081350052879,0.202303599215116,0.142423961905656,0.140279459933373
433,0.407579902497849,0.199491561253654,0.158002143279100,0.192088479379025,0.199491561253654,0.140279459933373
495,0.42188893060604,0.218083551882790,0.236301613614802,0.178742307944130,0.185781454960399,0.161362102255135
388,0.382505251364152,0.206639944148685,0.23033379664679,0.203016510694019,0.151189670120080,0.141873944585676
335,0.432309844864813,0.200188610986799,0.247759640188542,0.140279459933373,0.183967824035887,0.140279459933373
405,0.438910260048710,0.243298519444439,0.241532534498303,0.197424363331222,0.218876016213984,0.216509434133377
664,0.478964395469008,0.247759640188542,0.259638241659144,0.140279459933373,0.143266847840142,0.164024746412181
383,0.435141512434088,0.194724220966719,0.161797245314680,0.216509434133377,0.150148946700048,0.148801114525785
346,0.411406907527978,0.178181472416481,0.203016510694019,0.163123316426449,0.175435913518267,0.140279459933373
404,0.444549008408857,0.227823271636467,0.227823271636467,0.203016510694019,0.146237238572002,0.154470991130581
439,0.37179664134119,0.172787005806565,0.185781454960399,0.200889639762023,0.140279459933373,0.158002143279100
419,0.394120687044045,0.243298519444439,0.23033379664679,0.190794809258731,0.174898448025698,0.182778757451073
190,0.416179118323367,0.180448444205294,0.170233153496669,0.425685350085428,0.543597713584787,0.252283020211930
420,0.391223565654671,0.206639944148685,0.244185541162083,0.180448444205294,0.184568357977156,0.158410531669826
259,0.418084423539314,0.203733362812729,0.200188610986799,0.168745733831007,0.183371292540019,0.141333283747465
234,0.402784577338547,0.212638240623736,0.214175622695954,0.195393227873188,0.148143904307162,0.140279459933373
404,0.415225700022613,0.200188610986799,0.202303599215116,0.164024746412181,0.178742307944130,0.16357228121085
645,0.467866722440866,0.23033379664679,0.216509434133377,0.190794809258731,0.140279459933373,0.154470991130581
752,0.501907959152939,0.250466494772263,0.205907447843523,0.238033800236652,0.158002143279100,0.164480729737195
407,0.403744670601839,0.195393227873188,0.205178843545358,0.144720505822661,0.187631241909896,0.140279459933373
491,0.448298759169222,0.226165913043895,0.23033379664679,0.221274744825972,0.169733635746363,0.140279459933373
405,0.441731771836077,0.241532534498303,0.241532534498303,0.168745733831007,0.157195124574254,0.143840891542185
414,0.429473753439024,0.214175622695954,0.196743303664015,0.166814026627726,0.169237834303805,0.140279459933373
485,0.437968797820157,0.198109430350217,0.195393227873188,0.202303599215116,0.172268685450245,0.140279459933373
514,0.464154311336516,0.200188610986799,0.249561781327291,0.158002143279100,0.153720720340875,0.165403320798019
453,0.388321919900050,0.192741366843982,0.195393227873188,0.208116557082828,0.162677834203278,0.143552645462116
299,0.397013246974146,0.202303599215116,0.208860644258667,0.209608564537159,0.164024746412181,0.16634019279706
639,0.488169238277247,0.266179795115631,0.225342219919308,0.164480729737195,0.189517281185082,0.142702524367706
425,0.419036311953547,0.209608564537159,0.23033379664679,0.197424363331222,0.184568357977156,0.183967824035887
848,0.50099448051522,0.245075200706715,0.252283020211930,0.181605650010004,0.168257318749387,0.140279459933373
417,0.457641082102348,0.282396577544332,0.278545025785751,0.226992939983781,0.216509434133377,0.222081350052879
431,0.437968797820157,0.194059239855938,0.209608564537159,0.169237834303805,0.160502026996677,0.16634019279706
389,0.41331732873535,0.160502026996677,0.217294683481912,0.185172899926102,0.145319498566922,0.143552645462116
459,0.435141512434088,0.211115838461421,0.232872971194181,0.145018731380577,0.16357228121085,0.165869963138432
370,0.403744670601839,0.188255890082703,0.196743303664015,0.168745733831007,0.140279459933373,0.140279459933373
557,0.457641082102348,0.208860644258667,0.179875784505171,0.212638240623736,0.140279459933373,0.140279459933373
196,0.363974517009122,0.148801114525785,0.179875784505171,0.140279459933373,0.194059239855938,0.167772573247934
458,0.437968797820157,0.221274744825972,0.222891426963376,0.205907447843523,0.145018731380577,0.140279459933373
381,0.416179118323367,0.172787005806565,0.203016510694019,0.178742307944130,0.161362102255135,0.142702524367706
394,0.397013246974146,0.192741366843982,0.168745733831007,0.212638240623736,0.152256565618780,0.140539522938054
501,0.45297556976512,0.253194757033311,0.199491561253654,0.211115838461421,0.140279459933373,0.140279459933373
370,0.427580548847338,0.206639944148685,0.207376318697083,0.170233153496669,0.159237162188545,0.140279459933373
481,0.431364974573073,0.241532534498303,0.198109430350217,0.234581247743386,0.172787005806565,0.145018731380577
384,0.407579902497849,0.224521889216861,0.204454144375473,0.229493730258852,0.149133866930996,0.146862120354825
342,0.430419611243593,0.209608564537159,0.23033379664679,0.187631241909896,0.147497624383717,0.144424803121843
669,0.432309844864813,0.23033379664679,0.196066256873814,0.154850743467635,0.160502026996677,0.140279459933373
394,0.404704249910189,0.143552645462116,0.194724220966719,0.192741366843982,0.174898448025698,0.149469410107982
444,0.430419611243593,0.228656878414890,0.208860644258667,0.205178843545358,0.164940248736627,0.140279459933373
509,0.423788147113161,0.200889639762023,0.187631241909896,0.205178843545358,0.143266847840142,0.140279459933373
491,0.466011361565902,0.237166246337142,0.226165913043895,0.170736402643872,0.146237238572002,0.150148946700048
477,0.407579902497849,0.207376318697083,0.209608564537159,0.209608564537159,0.189517281185082,0.140279459933373
247,0.407579902497849,0.217294683481912,0.159237162188545,0.200889639762023,0.166814026627726,0.173309128978783
427,0.40662186593712,0.259638241659144,0.238904240888872,0.162235816543637,0.175435913518267,0.141873944585676
424,0.419987692000204,0.205178843545358,0.226992939983781,0.182190212262849,0.145622826217966,0.150839880430613
572,0.454843116219575,0.227823271636467,0.232023448734304,0.191439626593958,0.190794809258731,0.140279459933373
314,0.40182397040703,0.200889639762023,0.215727826366646,0.183967824035887,0.168257318749387,0.172787005806565
303,0.420938564569721,0.187631241909896,0.188255890082703,0.170233153496669,0.150148946700048,0.140279459933373
281,0.377644706128292,0.188255890082703,0.203733362812729,0.182190212262849,0.148471133452426,0.140279459933373
529,0.408537424783786,0.232023448734304,0.221274744825972,0.188255890082703,0.160502026996677,0.140279459933373
363,0.40566331506169,0.187010622123131,0.228656878414890,0.191439626593958,0.159237162188545,0.141066417195949
257,0.415225700022613,0.181025063276694,0.225342219919308,0.194724220966719,0.156796455796649,0.16357228121085
288,0.368866547920421,0.228656878414890,0.205907447843523,0.211875157547888,0.140279459933373,0.158822198286243
469,0.469720411442728,0.242414171861771,0.240653643199231,0.238904240888872,0.219672052767678,0.144131604573628
414,0.40662186593712,0.182778757451073,0.237166246337142,0.214949882112267,0.156400988328558,0.140279459933373
219,0.310742219942023,0.151897993103576,0.166814026627726,0.153720720340875,0.196743303664015,0.160077057692081
483,0.443610401564419,0.237166246337142,0.205907447843523,0.205907447843523,0.168745733831007,0.145018731380577
546,0.446424815327873,0.243298519444439,0.23033379664679,0.196743303664015,0.164940248736627,0.148143904307162
378,0.503733909185275,0.240653643199231,0.224521889216861,0.214175622695954,0.167291481291287,0.146862120354825
495,0.440791745314472,0.238033800236652,0.182778757451073,0.226992939983781,0.146862120354825,0.154850743467635
415,0.462295554374572,0.231177046607856,0.240653643199231,0.160930368981928,0.141602453589765,0.149469410107982
486,0.443610401564419,0.214175622695954,0.210360301592275,0.196066256873814,0.16634019279706,0.140279459933373
332,0.450170855356869,0.220471637257467,0.222891426963376,0.166814026627726,0.179875784505171,0.140279459933373
438,0.408537424783786,0.181605650010004,0.192741366843982,0.183967824035887,0.140279459933373,0.146862120354825
514,0.440791745314472,0.217294683481912,0.226165913043895,0.182778757451073,0.153720720340875,0.162677834203278
385,0.447362019176649,0.244185541162083,0.209608564537159,0.205907447843523,0.140279459933373,0.140279459933373
364,0.400862850180983,0.218083551882790,0.181025063276694,0.196066256873814,0.160502026996677,0.140279459933373
495,0.445487145704544,0.250466494772263,0.195393227873188,0.192741366843982,0.171243398019944,0.140279459933373
525,0.44923503724365,0.243298519444439,0.243298519444439,0.16357228121085,0.195393227873188,0.164024746412181
418,0.474347434968947,0.241532534498303,0.238904240888872,0.208116557082828,0.16357228121085,0.148143904307162
550,0.414271770359505,0.232023448734304,0.219672052767678,0.188884569174318,0.151189670120080,0.140279459933373
314,0.433254223593108,0.172787005806565,0.208116557082828,0.141602453589765,0.165869963138432,0.140279459933373
522,0.441731771836077,0.236301613614802,0.221274744825972,0.205178843545358,0.145018731380577,0.159237162188545
472,0.448298759169222,0.205178843545358,0.191439626593958,0.202303599215116,0.158410531669826,0.153720720340875
551,0.4964219650051,0.222891426963376,0.200188610986799,0.181025063276694,0.140539522938054,0.142147774681471
347,0.39893907178823,0.181025063276694,0.226165913043895,0.192088479379025,0.170233153496669,0.142423961905656
464,0.459504181093247,0.238904240888872,0.251373586915138,0.183371292540019,0.189517281185082,0.172268685450245
568,0.44923503724365,0.238904240888872,0.222891426963376,0.214949882112267,0.144720505822661,0.148471133452426
440,0.428527399760189,0.241532534498303,0.211875157547888,0.179307075461499,0.142147774681471,0.152618104976752
318,0.477118801080669,0.175435913518267,0.217294683481912,0.182778757451073,0.150839880430613,0.140279459933373
404,0.438910260048710,0.206639944148685,0.212638240623736,0.217294683481912,0.167772573247934,0.140279459933373
371,0.420938564569721,0.200188610986799,0.190154027575454,0.213405068833102,0.140279459933373,0.151189670120080
439,0.376671178467619,0.182778757451073,0.198109430350217,0.176522456496951,0.167772573247934,0.140279459933373
477,0.434198112267997,0.284329312589461,0.245967461561916,0.298944182722262,0.387353706987488,0.181605650010004
443,0.427580548847338,0.235439936165745,0.249561781327291,0.216509434133377,0.184568357977156,0.187631241909896
428,0.437968797820157,0.218083551882790,0.238904240888872,0.185172899926102,0.160502026996677,0.140279459933373
318,0.415225700022613,0.203733362812729,0.251373586915138,0.177071557205383,0.161797245314680,0.146548361254107
348,0.394120687044045,0.184568357977156,0.185781454960399,0.204454144375473,0.140279459933373,0.140279459933373
441,0.459504181093247,0.243298519444439,0.244185541162083,0.187631241909896,0.207376318697083,0.165403320798019
226,0.427580548847338,0.199491561253654,0.194724220966719,0.185172899926102,0.175977245746161,0.146862120354825
457,0.469720411442728,0.226165913043895,0.232872971194181,0.188255890082703,0.170233153496669,0.160930368981928
570,0.440791745314472,0.228656878414890,0.213405068833102,0.164480729737195,0.173835068385563,0.14298348025674
434,0.447362019176649,0.248659484023583,0.23977753355553,0.198109430350217,0.161362102255135,0.179875784505171
500,0.427580548847338,0.235439936165745,0.181605650010004,0.238904240888872,0.220471637257467,0.140279459933373
441,0.431364974573073,0.226992939983781,0.194059239855938,0.232872971194181,0.190154027575454,0.149133866930996
412,0.437968797820157,0.203733362812729,0.215727826366646,0.187631241909896,0.164024746412181,0.144720505822661
443,0.407579902497849,0.221274744825972,0.203733362812729,0.199491561253654,0.150492979148870,0.16357228121085
401,0.39604956908159,0.216509434133377,0.23033379664679,0.170233153496669,0.182190212262849,0.154470991130581
401,0.419036311953547,0.208860644258667,0.197424363331222,0.194059239855938,0.155619579790919,0.140279459933373
466,0.42188893060604,0.216509434133377,0.211875157547888,0.179307075461499,0.150839880430613,0.145622826217966
489,0.451106215483896,0.262430509724191,0.228656878414890,0.177624558944457,0.198798498578782,0.140279459933373
420,0.458572851358513,0.235439936165745,0.228656878414890,0.144131604573628,0.170736402643872,0.140279459933373
495,0.438910260048710,0.224521889216861,0.207376318697083,0.231177046607856,0.140279459933373,0.151897993103576
450,0.428527399760189,0.175435913518267,0.232023448734304,0.183967824035887,0.149807763529887,0.147497624383717
328,0.419036311953547,0.187010622123131,0.193398287644562,0.198109430350217,0.143552645462116,0.140279459933373
443,0.400862850180983,0.188884569174318,0.253194757033311,0.140279459933373,0.169733635746363,0.142702524367706
310,0.362994878061971,0.229493730258852,0.233725581744281,0.340368763820501,0.414271770359505,0.202303599215116
584,0.488169238277247,0.23033379664679,0.220471637257467,0.175435913518267,0.167291481291287,0.140279459933373
358,0.429473753439024,0.253194757033311,0.211115838461421,0.23033379664679,0.172787005806565,0.203016510694019
491,0.471572446139952,0.231177046607856,0.223704949036996,0.227823271636467,0.140279459933373,0.143266847840142
451,0.436084425669404,0.214175622695954,0.214949882112267,0.168257318749387,0.151542367809210,0.147497624383717
352,0.379590352485876,0.179307075461499,0.203733362812729,0.191439626593958,0.140279459933373,0.140279459933373
366,0.427580548847338,0.208116557082828,0.185172899926102,0.205907447843523,0.16634019279706,0.164940248736627
534,0.415225700022613,0.225342219919308,0.244185541162083,0.156008702799071,0.180448444205294,0.169237834303805
356,0.437968797820157,0.201594638931909,0.222891426963376,0.165869963138432,0.190154027575454,0.145018731380577
480,0.424736999725661,0.23033379664679,0.175435913518267,0.253194757033311,0.179307075461499,0.140279459933373
509,0.478964395469008,0.261497815323131,0.232872971194181,0.208860644258667,0.205907447843523,0.167291481291287
404,0.448298759169222,0.184568357977156,0.217294683481912,0.165869963138432,0.171754154191287,0.140279459933373
357,0.427580548847338,0.222891426963376,0.209608564537159,0.183371292540019,0.157597013980819,0.140279459933373
448,0.447362019176649,0.188255890082703,0.212638240623736,0.188255890082703,0.151189670120080,0.145622826217966
398,0.435141512434088,0.238033800236652,0.208116557082828,0.175435913518267,0.204454144375473,0.147819407725247
527,0.470646634478409,0.225342219919308,0.231177046607856,0.184568357977156,0.169237834303805,0.154850743467635
391,0.440791745314472,0.216509434133377,0.205907447843523,0.203016510694019,0.154470991130581,0.148801114525785
424,0.440791745314472,0.220471637257467,0.245967461561916,0.151542367809210,0.178181472416481,0.153350162717428
495,0.427580548847338,0.213405068833102,0.223704949036996,0.194059239855938,0.154470991130581,0.150148946700048
278,0.37179664134119,0.170736402643872,0.215727826366646,0.170233153496669,0.152618104976752,0.140279459933373
639,0.497337158291481,0.346286080835727,0.302869127130412,0.274713840722163,0.248659484023583,0.220471637257467
486,0.427580548847338,0.232872971194181,0.181605650010004,0.212638240623736,0.157597013980819,0.140279459933373
522,0.424736999725661,0.214175622695954,0.223704949036996,0.178742307944130,0.154094323280450,0.140279459933373
282,0.395085382089401,0.183967824035887,0.169237834303805,0.339381807952053,0.472497848634527,0.256863984839407
499,0.429473753439024,0.197424363331222,0.203733362812729,0.213405068833102,0.140279459933373,0.158410531669826
390,0.390256851013871,0.203016510694019,0.232023448734304,0.185172899926102,0.148801114525785,0.151542367809210
367,0.42188893060604,0.185781454960399,0.228656878414890,0.178742307944130,0.149133866930996,0.159237162188545
381,0.436084425669404,0.229493730258852,0.232872971194181,0.162677834203278,0.194724220966719,0.174898448025698
475,0.483571570595327,0.269956905233921,0.251373586915138,0.203016510694019,0.202303599215116,0.151897993103576
337,0.452041119617036,0.200889639762023,0.23033379664679,0.140279459933373,0.185781454960399,0.140279459933373
406,0.450170855356869,0.302869127130412,0.229493730258852,0.220471637257467,0.158410531669826,0.170233153496669
473,0.432309844864813,0.210360301592275,0.211115838461421,0.208116557082828,0.178181472416481,0.140279459933373
493,0.423788147113161,0.229493730258852,0.199491561253654,0.207376318697083,0.140279459933373,0.147497624383717
471,0.404704249910189,0.185781454960399,0.202303599215116,0.204454144375473,0.148801114525785,0.144131604573628
369,0.420938564569721,0.210360301592275,0.194724220966719,0.177624558944457,0.152982630801945,0.140279459933373
306,0.419036311953547,0.208860644258667,0.200889639762023,0.185781454960399,0.182190212262849,0.140279459933373
340,0.428527399760189,0.220471637257467,0.210360301592275,0.223704949036996,0.176522456496951,0.175435913518267
335,0.384446102799712,0.236301613614802,0.199491561253654,0.196066256873814,0.152256565618780,0.140279459933373
408,0.443610401564419,0.213405068833102,0.203733362812729,0.177071557205383,0.185781454960399,0.143552645462116
397,0.43702685358426,0.188255890082703,0.200889639762023,0.162677834203278,0.165403320798019,0.140279459933373
421,0.409494432911366,0.190794809258731,0.212638240623736,0.175435913518267,0.158002143279100,0.140279459933373
449,0.39218977751084,0.201594638931909,0.226165913043895,0.148471133452426,0.168745733831007,0.174898448025698
314,0.436084425669404,0.203016510694019,0.245967461561916,0.180448444205294,0.161362102255135,0.162235816543637
392,0.412362374614871,0.222081350052879,0.228656878414890,0.205907447843523,0.156008702799071,0.146548361254107
418,0.418084423539314,0.200889639762023,0.179307075461499,0.174364837136968,0.174364837136968,0.160930368981928
380,0.469720411442728,0.241532534498303,0.233725581744281,0.181025063276694,0.155619579790919,0.140279459933373
411,0.439851241970584,0.244185541162083,0.240653643199231,0.182778757451073,0.196743303664015,0.176522456496951
384,0.415225700022613,0.223704949036996,0.229493730258852,0.187010622123131,0.157597013980819,0.140279459933373
443,0.407579902497849,0.186394027664835,0.179307075461499,0.228656878414890,0.160930368981928,0.146237238572002
474,0.425685350085428,0.207376318697083,0.233725581744281,0.188255890082703,0.140279459933373,0.140279459933373
427,0.468793774829766,0.208116557082828,0.203016510694019,0.178742307944130,0.177071557205383,0.140279459933373
421,0.419987692000204,0.205178843545358,0.226992939983781,0.165869963138432,0.169237834303805,0.171754154191287
332,0.442671323317129,0.221274744825972,0.238033800236652,0.183371292540019,0.150839880430613,0.180448444205294
512,0.432309844864813,0.233725581744281,0.237166246337142,0.177071557205383,0.173309128978783,0.140279459933373
380,0.418084423539314,0.188255890082703,0.211115838461421,0.187631241909896,0.176522456496951,0.143552645462116
446,0.442671323317129,0.214175622695954,0.216509434133377,0.175977245746161,0.156008702799071,0.140279459933373
616,0.464154311336516,0.257786672914962,0.218876016213984,0.237166246337142,0.146862120354825,0.154850743467635
685,0.482650905054512,0.264301525715948,0.255943411389996,0.227823271636467,0.241532534498303,0.200889639762023
369,0.420938564569721,0.226992939983781,0.204454144375473,0.214175622695954,0.140279459933373,0.140279459933373
400,0.393155485097713,0.216509434133377,0.206639944148685,0.195393227873188,0.158002143279100,0.16634019279706
402,0.332468835480985,0.198109430350217,0.227823271636467,0.217294683481912,0.190794809258731,0.166814026627726
357,0.409494432911366,0.177624558944457,0.198109430350217,0.164940248736627,0.177071557205383,0.160077057692081
703,0.457641082102348,0.255024990396885,0.274713840722163,0.170233153496669,0.195393227873188,0.168257318749387
468,0.439851241970584,0.211115838461421,0.216509434133377,0.185781454960399,0.159237162188545,0.150492979148870
420,0.419987692000204,0.214175622695954,0.187631241909896,0.200889639762023,0.158410531669826,0.142423961905656
294,0.344314559496454,0.173309128978783,0.194724220966719,0.16357228121085,0.191439626593958,0.168257318749387
323,0.366910990862085,0.166814026627726,0.202303599215116,0.140279459933373,0.170736402643872,0.140279459933373
518,0.436084425669404,0.206639944148685,0.240653643199231,0.200889639762023,0.175977245746161,0.142147774681471
435,0.428527399760189,0.203016510694019,0.171243398019944,0.212638240623736,0.155619579790919,0.152982630801945
351,0.435141512434088,0.173309128978783,0.215727826366646,0.178181472416481,0.156796455796649,0.140279459933373
332,0.477118801080669,0.221274744825972,0.235439936165745,0.177071557205383,0.178742307944130,0.140279459933373
421,0.39893907178823,0.174898448025698,0.195393227873188,0.166814026627726,0.146237238572002,0.140279459933373
464,0.452041119617036,0.201594638931909,0.218876016213984,0.164024746412181,0.180448444205294,0.147178535004063
737,0.515570951288053,0.307786743279463,0.295029198942614,0.227823271636467,0.234581247743386,0.159655442358187
334,0.435141512434088,0.186394027664835,0.216509434133377,0.189517281185082,0.172787005806565,0.140279459933373
383,0.40182397040703,0.225342219919308,0.252283020211930,0.174364837136968,0.183967824035887,0.140279459933373
384,0.429473753439024,0.177624558944457,0.183967824035887,0.206639944148685,0.166814026627726,0.160502026996677
556,0.477118801080669,0.270905253648299,0.26336509235663,0.202303599215116,0.213405068833102,0.154850743467635
374,0.378617765257579,0.194059239855938,0.228656878414890,0.214949882112267,0.227823271636467,0.16357228121085
437,0.431364974573073,0.201594638931909,0.198798498578782,0.188255890082703,0.149807763529887,0.145319498566922
392,0.408537424783786,0.183967824035887,0.192741366843982,0.214175622695954,0.140279459933373,0.140279459933373
401,0.420938564569721,0.209608564537159,0.183967824035887,0.228656878414890,0.171754154191287,0.153350162717428
369,0.41331732873535,0.199491561253654,0.225342219919308,0.177624558944457,0.164940248736627,0.173835068385563
541,0.465083048709257,0.229493730258852,0.190154027575454,0.200188610986799,0.160077057692081,0.165403320798019
302,0.422838791105066,0.182190212262849,0.211115838461421,0.192741366843982,0.152618104976752,0.167291481291287
279,0.369843682925459,0.158002143279100,0.186394027664835,0.183371292540019,0.146862120354825,0.145319498566922
280,0.313700605163659,0.154850743467635,0.170736402643872,0.313700605163659,0.414271770359505,0.210360301592275
449,0.430419611243593,0.226992939983781,0.26336509235663,0.140279459933373,0.144720505822661,0.140279459933373
375,0.434198112267997,0.160930368981928,0.214949882112267,0.140279459933373,0.182778757451073,0.153350162717428
375,0.432309844864813,0.225342219919308,0.225342219919308,0.172787005806565,0.169733635746363,0.162677834203278
453,0.459504181093247,0.26336509235663,0.255024990396885,0.189517281185082,0.226992939983781,0.205178843545358
304,0.364953752682284,0.172268685450245,0.192088479379025,0.206639944148685,0.159237162188545,0.169237834303805
420,0.402784577338547,0.228656878414890,0.236301613614802,0.161362102255135,0.16634019279706,0.140279459933373
821,0.505558530479263,0.265239772398733,0.200188610986799,0.208860644258667,0.219672052767678,0.179307075461499
393,0.441731771836077,0.206639944148685,0.253194757033311,0.164480729737195,0.192088479379025,0.167291481291287
480,0.456708871220304,0.223704949036996,0.242414171861771,0.164024746412181,0.149133866930996,0.152256565618780
221,0.459504181093247,0.278545025785751,0.253194757033311,0.23977753355553,0.252283020211930,0.177071557205383
514,0.443610401564419,0.228656878414890,0.226992939983781,0.221274744825972,0.162677834203278,0.140279459933373
403,0.389289635189169,0.199491561253654,0.222081350052879,0.186394027664835,0.150839880430613,0.140279459933373
438,0.442671323317129,0.205907447843523,0.198798498578782,0.175977245746161,0.191439626593958,0.140279459933373
485,0.415225700022613,0.212638240623736,0.222891426963376,0.173309128978783,0.173309128978783,0.140279459933373
788,0.475271623239318,0.264301525715948,0.253194757033311,0.245967461561916,0.203016510694019,0.232023448734304
404,0.455776216619560,0.219672052767678,0.214175622695954,0.214949882112267,0.175977245746161,0.158822198286243
527,0.404704249910189,0.214175622695954,0.221274744825972,0.171243398019944,0.140279459933373,0.16357228121085
324,0.435141512434088,0.224521889216861,0.235439936165745,0.201594638931909,0.156008702799071,0.140279459933373
374,0.39218977751084,0.217294683481912,0.174364837136968,0.210360301592275,0.140279459933373,0.154850743467635
376,0.414271770359505,0.185781454960399,0.187010622123131,0.177624558944457,0.153350162717428,0.147178535004063
432,0.404704249910189,0.228656878414890,0.187631241909896,0.192741366843982,0.170736402643872,0.140279459933373
312,0.383475920330798,0.171754154191287,0.189517281185082,0.192741366843982,0.158002143279100,0.140279459933373
382,0.41331732873535,0.232872971194181,0.254108759679802,0.207376318697083,0.178181472416481,0.154850743467635
533,0.43702685358426,0.218083551882790,0.207376318697083,0.211875157547888,0.141333283747465,0.144131604573628
217,0.271855157449252,0.159655442358187,0.187010622123131,0.150148946700048,0.178181472416481,0.159655442358187
362,0.391223565654671,0.164940248736627,0.232872971194181,0.140279459933373,0.208116557082828,0.151542367809210
380,0.416179118323367,0.178181472416481,0.215727826366646,0.197424363331222,0.140279459933373,0.150148946700048
346,0.441731771836077,0.193398287644562,0.222081350052879,0.205907447843523,0.150148946700048,0.163123316426449
363,0.420938564569721,0.187010622123131,0.212638240623736,0.161797245314680,0.147497624383717,0.150492979148870
326,0.438910260048710,0.208860644258667,0.197424363331222,0.205907447843523,0.145319498566922,0.160077057692081
359,0.429473753439024,0.200188610986799,0.195393227873188,0.175977245746161,0.151542367809210,0.160502026996677
378,0.397013246974146,0.216509434133377,0.222081350052879,0.146862120354825,0.188255890082703,0.140279459933373
361,0.424736999725661,0.197424363331222,0.173835068385563,0.208860644258667,0.151897993103576,0.140279459933373
393,0.402784577338547,0.261497815323131,0.226165913043895,0.236301613614802,0.245075200706715,0.159655442358187
466,0.454843116219575,0.267121556704060,0.244185541162083,0.196743303664015,0.187631241909896,0.183371292540019
288,0.410450927071570,0.182190212262849,0.156796455796649,0.171754154191287,0.167772573247934,0.16357228121085
709,0.546296562840502,0.305818349289740,0.262430509724191,0.273759486818862,0.196066256873814,0.154850743467635
420,0.444549008408857,0.188255890082703,0.200188610986799,0.187631241909896,0.169733635746363,0.144424803121843
448,0.430419611243593,0.167291481291287,0.187010622123131,0.185781454960399,0.140539522938054,0.149133866930996
360,0.40182397040703,0.232872971194181,0.214949882112267,0.217294683481912,0.185172899926102,0.205907447843523
597,0.432309844864813,0.236301613614802,0.228656878414890,0.164024746412181,0.154094323280450,0.167291481291287
406,0.391223565654671,0.218083551882790,0.244185541162083,0.158002143279100,0.172268685450245,0.168745733831007
427,0.466939252082330,0.238033800236652,0.245075200706715,0.220471637257467,0.155233599845476,0.142423961905656
325,0.409494432911366,0.210360301592275,0.219672052767678,0.168745733831007,0.140279459933373,0.154470991130581
351,0.408537424783786,0.192088479379025,0.202303599215116,0.151542367809210,0.174898448025698,0.162677834203278
631,0.431364974573073,0.255943411389996,0.255943411389996,0.173835068385563,0.205907447843523,0.168745733831007
401,0.399901217123282,0.214175622695954,0.193398287644562,0.189517281185082,0.163123316426449,0.140279459933373
443,0.476195411202944,0.218876016213984,0.200889639762023,0.187010622123131,0.166814026627726,0.141602453589765
382,0.473422844172892,0.232872971194181,0.249561781327291,0.185781454960399,0.171754154191287,0.140279459933373
456,0.414271770359505,0.187631241909896,0.196743303664015,0.221274744825972,0.140279459933373,0.140279459933373
342,0.433254223593108,0.235439936165745,0.225342219919308,0.177624558944457,0.186394027664835,0.185172899926102
478,0.40662186593712,0.206639944148685,0.208116557082828,0.189517281185082,0.174898448025698,0.144131604573628
463,0.420938564569721,0.197424363331222,0.200889639762023,0.162677834203278,0.194724220966719,0.140279459933373
441,0.465083048709257,0.265239772398733,0.211875157547888,0.259638241659144,0.181025063276694,0.183371292540019
433,0.430419611243593,0.190154027575454,0.235439936165745,0.179875784505171,0.140279459933373,0.160077057692081
482,0.44923503724365,0.232023448734304,0.210360301592275,0.140279459933373,0.164024746412181,0.140279459933373
417,0.427580548847338,0.227823271636467,0.218876016213984,0.201594638931909,0.154470991130581,0.174364837136968
440,0.391223565654671,0.237166246337142,0.226992939983781,0.289179343702615,0.393155485097713,0.186394027664835
245,0.404704249910189,0.140279459933373,0.140279459933373,0.628206394540431,0.756271590779239,0.508293008226672
381,0.385415796280043,0.188255890082703,0.203016510694019,0.151897993103576,0.174898448025698,0.140279459933373
509,0.44923503724365,0.246862287018223,0.220471637257467,0.219672052767678,0.173835068385563,0.140279459933373
390,0.477118801080669,0.283362392853609,0.238033800236652,0.168745733831007,0.224521889216861,0.148801114525785
331,0.460435073421994,0.161362102255135,0.199491561253654,0.188255890082703,0.140539522938054,0.140279459933373
445,0.438910260048710,0.232872971194181,0.250466494772263,0.160502026996677,0.155619579790919,0.147178535004063
422,0.391223565654671,0.177624558944457,0.185172899926102,0.202303599215116,0.140279459933373,0.142423961905656
313,0.393155485097713,0.198109430350217,0.226992939983781,0.169237834303805,0.140279459933373,0.155619579790919
393,0.431364974573073,0.198109430350217,0.236301613614802,0.213405068833102,0.158002143279100,0.150492979148870
408,0.471572446139952,0.203733362812729,0.172268685450245,0.199491561253654,0.167772573247934,0.152256565618780
426,0.365932579194558,0.182190212262849,0.193398287644562,0.219672052767678,0.269956905233921,0.191439626593958
352,0.42188893060604,0.185781454960399,0.205178843545358,0.161362102255135,0.173835068385563,0.140279459933373
608,0.463225147278761,0.254108759679802,0.235439936165745,0.152982630801945,0.175977245746161,0.140279459933373
548,0.448298759169222,0.217294683481912,0.240653643199231,0.218876016213984,0.140279459933373,0.152256565618780
413,0.469720411442728,0.227823271636467,0.245967461561916,0.192088479379025,0.160502026996677,0.151542367809210
452,0.424736999725661,0.197424363331222,0.241532534498303,0.175977245746161,0.140279459933373,0.145018731380577
606,0.478964395469008,0.213405068833102,0.244185541162083,0.174364837136968,0.189517281185082,0.179875784505171
380,0.444549008408857,0.225342219919308,0.242414171861771,0.172787005806565,0.157195124574254,0.151897993103576
458,0.460435073421994,0.182778757451073,0.214175622695954,0.189517281185082,0.140279459933373,0.150839880430613
637,0.493674279807102,0.232872971194181,0.249561781327291,0.201594638931909,0.176522456496951,0.157597013980819
363,0.442671323317129,0.222081350052879,0.194724220966719,0.223704949036996,0.154094323280450,0.16357228121085
726,0.456708871220304,0.233725581744281,0.203016510694019,0.211115838461421,0.283362392853609,0.141873944585676
293,0.425685350085428,0.182778757451073,0.218083551882790,0.149133866930996,0.153350162717428,0.140279459933373
368,0.454843116219575,0.248659484023583,0.186394027664835,0.207376318697083,0.173835068385563,0.140279459933373
408,0.40182397040703,0.232023448734304,0.200889639762023,0.190154027575454,0.148471133452426,0.140279459933373
409,0.433254223593108,0.222891426963376,0.237166246337142,0.206639944148685,0.140279459933373,0.140279459933373
353,0.41331732873535,0.196066256873814,0.198798498578782,0.205907447843523,0.166814026627726,0.152982630801945
485,0.424736999725661,0.203016510694019,0.205178843545358,0.198798498578782,0.148471133452426,0.140279459933373
425,0.461365530470573,0.209608564537159,0.207376318697083,0.173835068385563,0.150492979148870,0.140279459933373
408,0.381534098529382,0.192741366843982,0.203016510694019,0.188884569174318,0.161362102255135,0.144131604573628
362,0.460435073421994,0.202303599215116,0.202303599215116,0.199491561253654,0.183371292540019,0.181025063276694
385,0.411406907527978,0.226165913043895,0.214949882112267,0.227823271636467,0.296985336054750,0.155619579790919
732,0.499166505254691,0.232023448734304,0.200889639762023,0.228656878414890,0.177071557205383,0.140279459933373
319,0.404704249910189,0.208116557082828,0.220471637257467,0.166814026627726,0.173835068385563,0.156400988328558
326,0.393155485097713,0.190154027575454,0.160502026996677,0.194059239855938,0.173835068385563,0.181605650010004
334,0.397976414823837,0.168745733831007,0.203733362812729,0.194059239855938,0.165403320798019,0.140279459933373
330,0.386384998416716,0.203016510694019,0.208116557082828,0.172787005806565,0.171243398019944,0.143552645462116
361,0.508293008226672,0.244185541162083,0.203016510694019,0.231177046607856,0.167772573247934,0.147178535004063
451,0.437968797820157,0.260567046745838,0.219672052767678,0.339381807952053,0.432309844864813,0.223704949036996
399,0.407579902497849,0.200889639762023,0.219672052767678,0.187631241909896,0.155619579790919,0.140279459933373
401,0.376671178467619,0.152256565618780,0.172787005806565,0.190154027575454,0.155233599845476,0.145928733232941
177,0.428527399760189,0.200889639762023,0.173835068385563,0.395085382089401,0.503733909185275,0.269956905233921
436,0.456708871220304,0.255024990396885,0.253194757033311,0.214175622695954,0.184568357977156,0.140279459933373
323,0.408537424783786,0.211875157547888,0.179875784505171,0.220471637257467,0.303851718893881,0.160502026996677
405,0.419987692000204,0.187631241909896,0.193398287644562,0.211875157547888,0.176522456496951,0.140279459933373
551,0.441731771836077,0.225342219919308,0.225342219919308,0.208116557082828,0.169237834303805,0.151542367809210
409,0.428527399760189,0.196743303664015,0.178742307944130,0.200188610986799,0.154094323280450,0.148801114525785
463,0.443610401564419,0.297964434643167,0.285297304030371,0.194059239855938,0.221274744825972,0.173309128978783
431,0.460435073421994,0.217294683481912,0.232023448734304,0.182778757451073,0.170736402643872,0.151897993103576
410,0.407579902497849,0.169237834303805,0.187010622123131,0.149807763529887,0.172268685450245,0.141873944585676
411,0.407579902497849,0.217294683481912,0.255024990396885,0.152618104976752,0.160502026996677,0.141066417195949
958,0.521016538660012,0.272806580486754,0.284329312589461,0.191439626593958,0.220471637257467,0.159237162188545
609,0.461365530470573,0.258711437790672,0.253194757033311,0.237166246337142,0.190154027575454,0.211875157547888
489,0.447362019176649,0.195393227873188,0.204454144375473,0.178742307944130,0.142702524367706,0.143840891542185
382,0.42188893060604,0.233725581744281,0.204454144375473,0.210360301592275,0.157195124574254,0.161362102255135
856,0.501907959152939,0.254108759679802,0.242414171861771,0.222891426963376,0.198798498578782,0.140279459933373
526,0.428527399760189,0.194059239855938,0.224521889216861,0.207376318697083,0.140279459933373,0.148801114525785
369,0.417132025922147,0.197424363331222,0.211115838461421,0.140279459933373,0.173309128978783,0.151542367809210
704,0.466939252082330,0.245075200706715,0.237166246337142,0.198109430350217,0.171243398019944,0.140279459933373
299,0.42188893060604,0.185781454960399,0.177624558944457,0.140279459933373,0.152256565618780,0.14298348025674
384,0.399901217123282,0.187010622123131,0.190794809258731,0.218876016213984,0.140279459933373,0.154470991130581
465,0.430419611243593,0.204454144375473,0.193398287644562,0.198798498578782,0.147178535004063,0.144720505822661
367,0.417132025922147,0.213405068833102,0.237166246337142,0.159237162188545,0.154094323280450,0.175977245746161
480,0.467866722440866,0.23977753355553,0.211115838461421,0.188255890082703,0.140279459933373,0.140279459933373
449,0.419987692000204,0.194059239855938,0.212638240623736,0.180448444205294,0.140279459933373,0.140279459933373
666,0.455776216619560,0.258711437790672,0.248659484023583,0.221274744825972,0.163123316426449,0.151542367809210
447,0.464154311336516,0.221274744825972,0.223704949036996,0.181025063276694,0.176522456496951,0.162235816543637
421,0.400862850180983,0.193398287644562,0.215727826366646,0.193398287644562,0.140279459933373,0.152256565618780
523,0.477118801080669,0.225342219919308,0.212638240623736,0.190794809258731,0.172268685450245,0.170736402643872
372,0.426633199381427,0.217294683481912,0.233725581744281,0.210360301592275,0.145319498566922,0.149133866930996
248,0.382505251364152,0.188884569174318,0.208860644258667,0.173835068385563,0.170736402643872,0.151897993103576
425,0.400862850180983,0.26806502014066,0.301887051542692,0.271855157449252,0.203733362812729,0.185781454960399
347,0.420938564569721,0.188884569174318,0.201594638931909,0.202303599215116,0.167772573247934,0.140279459933373
387,0.393155485097713,0.187631241909896,0.232872971194181,0.179307075461499,0.161362102255135,0.140279459933373
422,0.419036311953547,0.204454144375473,0.217294683481912,0.160077057692081,0.188255890082703,0.140279459933373
504,0.382505251364152,0.229493730258852,0.161362102255135,0.193398287644562,0.149807763529887,0.140279459933373
366,0.464154311336516,0.231177046607856,0.250466494772263,0.196743303664015,0.141602453589765,0.150839880430613
373,0.436084425669404,0.215727826366646,0.222891426963376,0.208860644258667,0.140279459933373,0.152982630801945
441,0.397013246974146,0.218876016213984,0.183371292540019,0.271855157449252,0.267121556704060,0.156400988328558
365,0.446424815327873,0.211875157547888,0.218876016213984,0.197424363331222,0.169237834303805,0.175977245746161
554,0.452041119617036,0.316661303992259,0.296006914761259,0.249561781327291,0.232023448734304,0.153720720340875
204,0.397976414823837,0.178742307944130,0.220471637257467,0.333456768437105,0.425685350085428,0.238904240888872
431,0.425685350085428,0.213405068833102,0.218876016213984,0.190154027575454,0.195393227873188,0.141333283747465
642,0.456708871220304,0.209608564537159,0.216509434133377,0.168745733831007,0.161797245314680,0.140279459933373
931,0.502821101328797,0.285297304030371,0.233725581744281,0.205907447843523,0.160502026996677,0.153720720340875
428,0.39604956908159,0.208860644258667,0.226165913043895,0.159237162188545,0.160502026996677,0.160930368981928
358,0.425685350085428,0.177624558944457,0.216509434133377,0.172268685450245,0.148471133452426,0.140279459933373
292,0.390256851013871,0.154850743467635,0.189517281185082,0.177071557205383,0.156796455796649,0.150839880430613
290,0.362994878061971,0.151189670120080,0.219672052767678,0.148471133452426,0.182190212262849,0.160502026996677
295,0.480808424194665,0.220471637257467,0.224521889216861,0.219672052767678,0.147819407725247,0.168745733831007
422,0.460435073421994,0.267121556704060,0.211875157547888,0.234581247743386,0.171754154191287,0.140279459933373
609,0.453909567952752,0.237166246337142,0.251373586915138,0.167772573247934,0.143266847840142,0.148143904307162
335,0.404704249910189,0.200889639762023,0.208116557082828,0.175977245746161,0.171243398019944,0.155233599845476
474,0.416179118323367,0.217294683481912,0.212638240623736,0.178181472416481,0.171243398019944,0.152256565618780
296,0.433254223593108,0.192088479379025,0.198109430350217,0.171243398019944,0.158410531669826,0.140279459933373
411,0.443610401564419,0.187010622123131,0.194724220966719,0.222891426963376,0.151189670120080,0.160930368981928
457,0.448298759169222,0.218876016213984,0.241532534498303,0.143552645462116,0.171243398019944,0.140279459933373
719,0.51920253600366,0.270905253648299,0.226992939983781,0.188255890082703,0.162677834203278,0.14298348025674
319,0.408537424783786,0.200889639762023,0.169733635746363,0.23033379664679,0.169733635746363,0.152982630801945
379,0.443610401564419,0.214949882112267,0.187010622123131,0.221274744825972,0.150492979148870,0.140279459933373
423,0.430419611243593,0.221274744825972,0.222891426963376,0.184568357977156,0.167772573247934,0.140279459933373
247,0.334444602573969,0.166814026627726,0.169733635746363,0.206639944148685,0.235439936165745,0.175977245746161
416,0.42188893060604,0.238033800236652,0.248659484023583,0.216509434133377,0.149133866930996,0.140279459933373
319,0.404704249910189,0.185781454960399,0.218876016213984,0.176522456496951,0.147819407725247,0.152982630801945
357,0.440791745314472,0.225342219919308,0.237166246337142,0.184568357977156,0.188255890082703,0.142423961905656
581,0.460435073421994,0.267121556704060,0.250466494772263,0.222081350052879,0.141333283747465,0.149133866930996
413,0.410450927071570,0.205178843545358,0.190154027575454,0.192741366843982,0.140279459933373,0.140279459933373
412,0.430419611243593,0.196743303664015,0.213405068833102,0.214949882112267,0.165403320798019,0.140279459933373
365,0.448298759169222,0.214949882112267,0.197424363331222,0.158002143279100,0.161362102255135,0.140279459933373
573,0.466939252082330,0.266179795115631,0.217294683481912,0.175977245746161,0.170736402643872,0.140279459933373
434,0.431364974573073,0.207376318697083,0.221274744825972,0.188884569174318,0.156796455796649,0.155619579790919
424,0.409494432911366,0.207376318697083,0.179875784505171,0.189517281185082,0.190154027575454,0.145928733232941
409,0.442671323317129,0.261497815323131,0.244185541162083,0.198109430350217,0.176522456496951,0.140279459933373
556,0.443610401564419,0.241532534498303,0.246862287018223,0.282396577544332,0.385415796280043,0.169733635746363
375,0.443610401564419,0.209608564537159,0.218083551882790,0.218083551882790,0.156008702799071,0.156400988328558
503,0.438910260048710,0.212638240623736,0.247759640188542,0.198798498578782,0.186394027664835,0.150839880430613
380,0.414271770359505,0.228656878414890,0.203733362812729,0.181605650010004,0.162677834203278,0.140279459933373
434,0.422838791105066,0.214175622695954,0.183967824035887,0.205907447843523,0.16357228121085,0.149469410107982
530,0.45297556976512,0.218876016213984,0.232872971194181,0.159237162188545,0.178742307944130,0.145018731380577
495,0.458572851358513,0.362994878061971,0.292100571713878,0.251373586915138,0.195393227873188,0.140279459933373
347,0.391223565654671,0.197424363331222,0.190154027575454,0.211115838461421,0.149807763529887,0.140279459933373
555,0.471572446139952,0.270905253648299,0.258711437790672,0.192088479379025,0.174364837136968,0.154094323280450
422,0.423788147113161,0.206639944148685,0.226165913043895,0.195393227873188,0.140539522938054,0.153350162717428
184,0.41331732873535,0.140279459933373,0.140279459933373,0.621136485069615,0.750159284269274,0.505558530479263
333,0.380562464597876,0.186394027664835,0.205178843545358,0.173835068385563,0.181605650010004,0.140279459933373
292,0.338394673319409,0.183967824035887,0.200889639762023,0.169733635746363,0.156008702799071,0.140539522938054
377,0.442671323317129,0.182778757451073,0.227823271636467,0.183371292540019,0.166814026627726,0.151897993103576
293,0.39893907178823,0.193398287644562,0.220471637257467,0.194724220966719,0.173309128978783,0.146862120354825
453,0.419987692000204,0.235439936165745,0.206639944148685,0.216509434133377,0.140279459933373,0.140279459933373
368,0.451106215483896,0.227823271636467,0.175435913518267,0.204454144375473,0.158002143279100,0.156400988328558
359,0.429473753439024,0.225342219919308,0.210360301592275,0.168745733831007,0.157195124574254,0.142702524367706
226,0.305818349289740,0.151897993103576,0.164024746412181,0.208116557082828,0.294052217151829,0.156008702799071
487,0.444549008408857,0.257786672914962,0.204454144375473,0.229493730258852,0.175435913518267,0.143552645462116
420,0.423788147113161,0.195393227873188,0.196743303664015,0.161362102255135,0.198798498578782,0.140279459933373
334,0.39218977751084,0.237166246337142,0.226992939983781,0.214175622695954,0.193398287644562,0.174898448025698
422,0.448298759169222,0.227823271636467,0.245967461561916,0.188884569174318,0.154470991130581,0.151542367809210
435,0.435141512434088,0.219672052767678,0.231177046607856,0.181605650010004,0.154094323280450,0.140279459933373
387,0.419036311953547,0.210360301592275,0.226992939983781,0.170736402643872,0.144131604573628,0.140279459933373
419,0.433254223593108,0.181025063276694,0.216509434133377,0.194724220966719,0.144424803121843,0.140279459933373
384,0.445487145704544,0.245967461561916,0.201594638931909,0.238904240888872,0.140279459933373,0.145928733232941
482,0.453909567952752,0.254108759679802,0.214175622695954,0.225342219919308,0.187631241909896,0.180448444205294
422,0.424736999725661,0.232023448734304,0.201594638931909,0.182190212262849,0.176522456496951,0.150839880430613
488,0.447362019176649,0.227823271636467,0.217294683481912,0.207376318697083,0.177624558944457,0.140279459933373
370,0.484491855840873,0.232023448734304,0.226992939983781,0.151897993103576,0.222081350052879,0.140279459933373
543,0.440791745314472,0.246862287018223,0.226992939983781,0.16634019279706,0.180448444205294,0.144424803121843
408,0.384446102799712,0.164480729737195,0.204454144375473,0.197424363331222,0.155233599845476,0.164940248736627
734,0.465083048709257,0.257786672914962,0.234581247743386,0.147497624383717,0.206639944148685,0.140279459933373
322,0.375697185802696,0.196066256873814,0.198798498578782,0.210360301592275,0.146862120354825,0.140279459933373
408,0.408537424783786,0.206639944148685,0.222081350052879,0.174898448025698,0.157597013980819,0.140279459933373
376,0.446424815327873,0.249561781327291,0.203733362812729,0.226992939983781,0.143840891542185,0.140279459933373
420,0.447362019176649,0.185172899926102,0.190154027575454,0.188884569174318,0.163123316426449,0.140279459933373
478,0.416179118323367,0.211115838461421,0.220471637257467,0.204454144375473,0.140279459933373,0.142702524367706
377,0.409494432911366,0.198798498578782,0.192088479379025,0.161362102255135,0.153720720340875,0.141333283747465
399,0.432309844864813,0.234581247743386,0.221274744825972,0.246862287018223,0.182778757451073,0.190794809258731
327,0.442671323317129,0.191439626593958,0.227823271636467,0.140279459933373,0.168745733831007,0.142702524367706
403,0.389289635189169,0.220471637257467,0.201594638931909,0.214949882112267,0.169237834303805,0.151542367809210
460,0.444549008408857,0.196066256873814,0.196743303664015,0.183967824035887,0.176522456496951,0.178181472416481
420,0.435141512434088,0.227823271636467,0.213405068833102,0.203733362812729,0.160930368981928,0.146862120354825
655,0.565130393380684,0.278545025785751,0.238904240888872,0.26336509235663,0.142423961905656,0.16357228121085
626,0.426633199381427,0.247759640188542,0.203733362812729,0.214175622695954,0.140279459933373,0.140279459933373
430,0.417132025922147,0.211875157547888,0.227823271636467,0.174364837136968,0.158410531669826,0.151897993103576
487,0.39604956908159,0.237166246337142,0.221274744825972,0.209608564537159,0.176522456496951,0.159237162188545
486,0.395085382089401,0.211115838461421,0.185781454960399,0.236301613614802,0.155233599845476,0.147497624383717
518,0.436084425669404,0.257786672914962,0.237166246337142,0.200889639762023,0.182190212262849,0.170736402643872
321,0.412362374614871,0.194724220966719,0.189517281185082,0.296006914761259,0.43702685358426,0.193398287644562
381,0.453909567952752,0.225342219919308,0.234581247743386,0.182190212262849,0.147497624383717,0.150492979148870
353,0.437968797820157,0.217294683481912,0.211875157547888,0.257786672914962,0.140279459933373,0.167291481291287
502,0.435141512434088,0.246862287018223,0.242414171861771,0.179307075461499,0.154470991130581,0.140279459933373
471,0.412362374614871,0.242414171861771,0.213405068833102,0.203016510694019,0.170233153496669,0.140279459933373
488,0.431364974573073,0.218083551882790,0.23033379664679,0.140279459933373,0.184568357977156,0.140279459933373
484,0.435141512434088,0.217294683481912,0.222891426963376,0.198798498578782,0.174898448025698,0.159237162188545
417,0.435141512434088,0.226165913043895,0.237166246337142,0.187010622123131,0.16634019279706,0.176522456496951
574,0.448298759169222,0.218083551882790,0.241532534498303,0.194724220966719,0.176522456496951,0.165403320798019
504,0.481729856995562,0.275669606701894,0.269956905233921,0.249561781327291,0.182778757451073,0.181605650010004
543,0.462295554374572,0.221274744825972,0.190794809258731,0.222081350052879,0.140279459933373,0.140279459933373
488,0.423788147113161,0.195393227873188,0.211875157547888,0.165403320798019,0.165869963138432,0.168745733831007
412,0.411406907527978,0.225342219919308,0.215727826366646,0.207376318697083,0.151897993103576,0.169733635746363
460,0.453909567952752,0.190794809258731,0.223704949036996,0.178181472416481,0.157597013980819,0.181025063276694
547,0.453909567952752,0.225342219919308,0.238033800236652,0.140279459933373,0.199491561253654,0.140279459933373
380,0.44923503724365,0.183371292540019,0.23033379664679,0.154094323280450,0.181605650010004,0.140279459933373
359,0.429473753439024,0.212638240623736,0.208860644258667,0.190794809258731,0.145928733232941,0.140279459933373
450,0.474347434968947,0.215727826366646,0.222081350052879,0.160930368981928,0.166814026627726,0.144424803121843
475,0.439851241970584,0.224521889216861,0.237166246337142,0.168745733831007,0.182778757451073,0.150839880430613
337,0.397013246974146,0.189517281185082,0.140279459933373,0.207376318697083,0.155233599845476,0.159237162188545
477,0.450170855356869,0.249561781327291,0.26336509235663,0.205907447843523,0.210360301592275,0.177071557205383
310,0.427580548847338,0.216509434133377,0.243298519444439,0.178742307944130,0.157195124574254,0.140279459933373
368,0.39604956908159,0.206639944148685,0.203016510694019,0.188255890082703,0.170233153496669,0.14298348025674
407,0.430419611243593,0.206639944148685,0.201594638931909,0.198798498578782,0.157597013980819,0.140279459933373
469,0.416179118323367,0.196066256873814,0.194059239855938,0.190154027575454,0.254108759679802,0.140279459933373
554,0.478041795094857,0.232023448734304,0.219672052767678,0.208860644258667,0.154470991130581,0.164940248736627
434,0.411406907527978,0.209608564537159,0.224521889216861,0.165869963138432,0.167772573247934,0.156796455796649
418,0.436084425669404,0.246862287018223,0.226992939983781,0.215727826366646,0.140279459933373,0.140279459933373
579,0.440791745314472,0.237166246337142,0.235439936165745,0.151189670120080,0.170233153496669,0.140279459933373
188,0.305818349289740,0.156400988328558,0.196743303664015,0.192088479379025,0.200188610986799,0.173309128978783
392,0.42188893060604,0.208116557082828,0.203733362812729,0.204454144375473,0.140279459933373,0.140279459933373
516,0.438910260048710,0.205178843545358,0.200889639762023,0.199491561253654,0.183967824035887,0.158002143279100
326,0.404704249910189,0.220471637257467,0.226165913043895,0.190794809258731,0.166814026627726,0.195393227873188
431,0.484491855840873,0.220471637257467,0.232872971194181,0.203733362812729,0.168257318749387,0.170233153496669
482,0.426633199381427,0.213405068833102,0.245075200706715,0.167772573247934,0.145622826217966,0.154850743467635
306,0.337407372460796,0.188255890082703,0.207376318697083,0.198109430350217,0.184568357977156,0.188255890082703
430,0.426633199381427,0.205907447843523,0.203733362812729,0.183371292540019,0.200889639762023,0.152982630801945
299,0.443610401564419,0.184568357977156,0.179875784505171,0.212638240623736,0.152618104976752,0.159237162188545
588,0.491840713366392,0.273759486818862,0.235439936165745,0.216509434133377,0.150148946700048,0.174898448025698
749,0.472497848634527,0.245075200706715,0.214175622695954,0.242414171861771,0.306802338059224,0.182190212262849
233,0.383475920330798,0.185172899926102,0.144424803121843,0.397013246974146,0.503733909185275,0.269010148553487
483,0.450170855356869,0.23977753355553,0.243298519444439,0.205907447843523,0.140279459933373,0.164024746412181
419,0.456708871220304,0.226165913043895,0.236301613614802,0.154470991130581,0.162235816543637,0.144131604573628
491,0.446424815327873,0.245075200706715,0.218083551882790,0.204454144375473,0.140279459933373,0.140279459933373
378,0.410450927071570,0.186394027664835,0.205907447843523,0.140279459933373,0.196066256873814,0.142423961905656
396,0.427580548847338,0.216509434133377,0.177071557205383,0.225342219919308,0.140279459933373,0.140279459933373
329,0.35612665264182,0.164480729737195,0.209608564537159,0.186394027664835,0.153720720340875,0.170233153496669
421,0.418084423539314,0.194724220966719,0.205178843545358,0.200889639762023,0.140279459933373,0.140279459933373
985,0.509203854805391,0.287236372741756,0.238904240888872,0.222891426963376,0.171243398019944,0.150839880430613
663,0.450170855356869,0.220471637257467,0.222891426963376,0.178742307944130,0.175435913518267,0.164024746412181
465,0.40182397040703,0.229493730258852,0.219672052767678,0.177624558944457,0.181605650010004,0.153720720340875
377,0.412362374614871,0.191439626593958,0.202303599215116,0.170736402643872,0.164940248736627,0.145928733232941
881,0.501907959152939,0.284329312589461,0.270905253648299,0.140279459933373,0.158410531669826,0.140279459933373
397,0.358090854945044,0.205907447843523,0.218083551882790,0.155233599845476,0.178742307944130,0.140279459933373
387,0.433254223593108,0.247759640188542,0.246862287018223,0.200889639762023,0.225342219919308,0.207376318697083
427,0.447362019176649,0.211115838461421,0.256863984839407,0.143552645462116,0.185781454960399,0.140279459933373
411,0.460435073421994,0.238033800236652,0.193398287644562,0.218876016213984,0.162235816543637,0.140279459933373
300,0.425685350085428,0.196743303664015,0.214175622695954,0.186394027664835,0.140279459933373,0.175435913518267
314,0.432309844864813,0.187631241909896,0.232023448734304,0.164024746412181,0.153350162717428,0.147497624383717
339,0.465083048709257,0.224521889216861,0.214175622695954,0.185172899926102,0.164024746412181,0.140279459933373
538,0.424736999725661,0.205907447843523,0.205178843545358,0.179307075461499,0.171754154191287,0.149469410107982
419,0.457641082102348,0.247759640188542,0.196066256873814,0.216509434133377,0.173835068385563,0.140279459933373
439,0.440791745314472,0.218876016213984,0.154094323280450,0.187631241909896,0.160930368981928,0.140279459933373
277,0.292100571713878,0.159655442358187,0.201594638931909,0.146548361254107,0.222081350052879,0.171754154191287
298,0.36005360357005,0.175435913518267,0.140279459933373,0.318636108753548,0.40566331506169,0.187010622123131
525,0.430419611243593,0.174364837136968,0.222081350052879,0.154850743467635,0.160930368981928,0.140279459933373
352,0.403744670601839,0.185781454960399,0.223704949036996,0.173309128978783,0.141333283747465,0.149469410107982
354,0.427580548847338,0.180448444205294,0.196066256873814,0.196066256873814,0.152618104976752,0.140279459933373
173,0.311728055196152,0.185781454960399,0.222081350052879,0.170736402643872,0.209608564537159,0.140801836156987
423,0.437968797820157,0.196066256873814,0.232872971194181,0.173835068385563,0.165403320798019,0.140279459933373
473,0.425685350085428,0.224521889216861,0.232872971194181,0.151897993103576,0.159237162188545,0.168745733831007
395,0.427580548847338,0.199491561253654,0.174364837136968,0.203016510694019,0.148471133452426,0.140279459933373
491,0.411406907527978,0.201594638931909,0.197424363331222,0.172268685450245,0.182190212262849,0.178181472416481
201,0.348256569656263,0.198798498578782,0.198798498578782,0.278545025785751,0.391223565654671,0.202303599215116
488,0.458572851358513,0.223704949036996,0.246862287018223,0.189517281185082,0.182190212262849,0.140279459933373
272,0.388321919900050,0.233725581744281,0.224521889216861,0.336419918223748,0.454843116219575,0.214175622695954
520,0.409494432911366,0.213405068833102,0.221274744825972,0.203733362812729,0.174898448025698,0.164024746412181
430,0.417132025922147,0.210360301592275,0.177624558944457,0.222081350052879,0.140279459933373,0.140279459933373
413,0.440791745314472,0.231177046607856,0.185781454960399,0.217294683481912,0.140279459933373,0.177071557205383
313,0.423788147113161,0.183371292540019,0.212638240623736,0.188884569174318,0.140279459933373,0.175977245746161
554,0.493674279807102,0.273759486818862,0.249561781327291,0.176522456496951,0.219672052767678,0.140279459933373
828,0.503733909185275,0.276626749501763,0.273759486818862,0.178742307944130,0.226992939983781,0.198798498578782
358,0.473422844172892,0.266179795115631,0.253194757033311,0.225342219919308,0.214949882112267,0.208116557082828
497,0.448298759169222,0.228656878414890,0.216509434133377,0.170233153496669,0.188255890082703,0.144131604573628
419,0.487250452013843,0.210360301592275,0.216509434133377,0.16357228121085,0.179307075461499,0.175977245746161
159,0.333456768437105,0.140279459933373,0.214175622695954,0.140279459933373,0.155233599845476,0.140279459933373
713,0.51920253600366,0.280468392646033,0.255024990396885,0.236301613614802,0.206639944148685,0.140279459933373
406,0.447362019176649,0.216509434133377,0.233725581744281,0.166814026627726,0.177624558944457,0.160077057692081
479,0.424736999725661,0.223704949036996,0.152982630801945,0.214175622695954,0.14298348025674,0.149807763529887
398,0.466939252082330,0.175435913518267,0.194059239855938,0.154470991130581,0.182778757451073,0.151542367809210
534,0.459504181093247,0.204454144375473,0.204454144375473,0.237166246337142,0.140279459933373,0.157597013980819
389,0.419036311953547,0.16634019279706,0.181025063276694,0.196066256873814,0.167291481291287,0.156008702799071
438,0.479886604427388,0.252283020211930,0.226165913043895,0.152982630801945,0.196743303664015,0.146862120354825
456,0.442671323317129,0.208860644258667,0.224521889216861,0.208860644258667,0.143552645462116,0.173309128978783
451,0.435141512434088,0.208116557082828,0.193398287644562,0.165869963138432,0.151897993103576,0.159237162188545
458,0.435141512434088,0.214175622695954,0.235439936165745,0.159655442358187,0.155619579790919,0.164940248736627
441,0.445487145704544,0.220471637257467,0.217294683481912,0.187010622123131,0.153720720340875,0.140279459933373
463,0.424736999725661,0.194059239855938,0.226992939983781,0.205178843545358,0.176522456496951,0.140279459933373
301,0.368866547920421,0.198109430350217,0.177071557205383,0.172268685450245,0.16357228121085,0.16634019279706
374,0.426633199381427,0.178742307944130,0.238033800236652,0.159655442358187,0.157597013980819,0.148471133452426
394,0.430419611243593,0.170736402643872,0.208116557082828,0.157195124574254,0.145928733232941,0.159237162188545
438,0.372772455485757,0.197424363331222,0.169733635746363,0.228656878414890,0.147819407725247,0.194059239855938
420,0.487250452013843,0.23033379664679,0.232872971194181,0.211875157547888,0.140279459933373,0.140279459933373
365,0.425685350085428,0.215727826366646,0.222891426963376,0.169237834303805,0.168257318749387,0.165403320798019
478,0.446424815327873,0.261497815323131,0.198109430350217,0.200188610986799,0.140279459933373,0.140279459933373
486,0.451106215483896,0.201594638931909,0.179307075461499,0.187010622123131,0.158822198286243,0.140279459933373
342,0.464154311336516,0.219672052767678,0.226165913043895,0.191439626593958,0.164940248736627,0.149133866930996
405,0.409494432911366,0.205907447843523,0.214175622695954,0.192088479379025,0.153350162717428,0.140279459933373
368,0.364953752682284,0.198798498578782,0.209608564537159,0.189517281185082,0.147178535004063,0.167772573247934
392,0.403744670601839,0.226992939983781,0.206639944148685,0.216509434133377,0.171243398019944,0.140801836156987
256,0.387353706987488,0.167772573247934,0.202303599215116,0.206639944148685,0.140279459933373,0.140279459933373
420,0.425685350085428,0.248659484023583,0.259638241659144,0.204454144375473,0.158822198286243,0.184568357977156
300,0.365932579194558,0.164480729737195,0.190794809258731,0.190154027575454,0.163123316426449,0.143840891542185
526,0.435141512434088,0.229493730258852,0.213405068833102,0.212638240623736,0.140279459933373,0.143840891542185
354,0.423788147113161,0.187631241909896,0.215727826366646,0.223704949036996,0.158410531669826,0.140279459933373
585,0.433254223593108,0.220471637257467,0.238904240888872,0.190154027575454,0.176522456496951,0.148801114525785
321,0.423788147113161,0.222891426963376,0.240653643199231,0.171243398019944,0.182190212262849,0.164940248736627
397,0.395085382089401,0.208116557082828,0.219672052767678,0.157597013980819,0.152982630801945,0.141602453589765
320,0.412362374614871,0.182190212262849,0.206639944148685,0.191439626593958,0.140279459933373,0.14298348025674
589,0.430419611243593,0.224521889216861,0.218876016213984,0.182190212262849,0.160930368981928,0.146548361254107
294,0.368866547920421,0.218083551882790,0.178181472416481,0.365932579194558,0.463225147278761,0.245075200706715
520,0.450170855356869,0.246862287018223,0.259638241659144,0.161362102255135,0.171243398019944,0.140279459933373
303,0.399901217123282,0.215727826366646,0.208860644258667,0.170736402643872,0.150148946700048,0.140279459933373
506,0.445487145704544,0.207376318697083,0.236301613614802,0.169237834303805,0.177071557205383,0.173309128978783
424,0.39218977751084,0.192741366843982,0.226992939983781,0.210360301592275,0.168745733831007,0.154470991130581
592,0.476195411202944,0.255024990396885,0.214175622695954,0.177624558944457,0.159237162188545,0.154094323280450
436,0.425685350085428,0.226165913043895,0.170736402643872,0.200188610986799,0.170736402643872,0.143266847840142
445,0.428527399760189,0.222891426963376,0.23977753355553,0.198798498578782,0.181025063276694,0.158822198286243
455,0.40566331506169,0.190794809258731,0.191439626593958,0.203733362812729,0.170736402643872,0.140279459933373
554,0.39893907178823,0.231177046607856,0.194724220966719,0.199491561253654,0.190154027575454,0.179307075461499
558,0.471572446139952,0.283362392853609,0.256863984839407,0.206639944148685,0.152618104976752,0.140279459933373
466,0.455776216619560,0.221274744825972,0.240653643199231,0.179875784505171,0.184568357977156,0.147497624383717
417,0.425685350085428,0.223704949036996,0.203016510694019,0.200188610986799,0.153720720340875,0.16634019279706
468,0.475271623239318,0.242414171861771,0.223704949036996,0.159237162188545,0.183371292540019,0.144131604573628
513,0.433254223593108,0.217294683481912,0.211875157547888,0.218876016213984,0.140279459933373,0.140279459933373
386,0.436084425669404,0.207376318697083,0.179307075461499,0.207376318697083,0.179307075461499,0.160077057692081
455,0.379590352485876,0.197424363331222,0.168745733831007,0.206639944148685,0.162677834203278,0.140279459933373
464,0.427580548847338,0.192741366843982,0.211115838461421,0.199491561253654,0.164024746412181,0.141066417195949
485,0.427580548847338,0.212638240623736,0.201594638931909,0.203733362812729,0.168257318749387,0.196743303664015
330,0.395085382089401,0.177071557205383,0.211875157547888,0.150148946700048,0.179875784505171,0.140279459933373
461,0.427580548847338,0.214175622695954,0.223704949036996,0.210360301592275,0.150492979148870,0.146237238572002
447,0.471572446139952,0.233725581744281,0.159655442358187,0.227823271636467,0.156796455796649,0.140279459933373
364,0.443610401564419,0.200188610986799,0.216509434133377,0.208860644258667,0.176522456496951,0.162677834203278
373,0.39218977751084,0.180448444205294,0.174364837136968,0.202303599215116,0.140279459933373,0.140279459933373
361,0.37179664134119,0.201594638931909,0.141873944585676,0.214175622695954,0.145319498566922,0.140279459933373
421,0.39893907178823,0.212638240623736,0.175977245746161,0.206639944148685,0.163123316426449,0.146237238572002
413,0.424736999725661,0.179307075461499,0.218876016213984,0.205178843545358,0.160930368981928,0.140279459933373
394,0.40182397040703,0.173835068385563,0.149133866930996,0.214949882112267,0.140279459933373,0.167772573247934
339,0.369843682925459,0.192088479379025,0.219672052767678,0.182778757451073,0.165403320798019,0.146862120354825
411,0.450170855356869,0.227823271636467,0.221274744825972,0.229493730258852,0.140279459933373,0.140539522938054
391,0.403744670601839,0.205907447843523,0.189517281185082,0.193398287644562,0.140279459933373,0.142702524367706
258,0.506470348170507,0.325551793923222,0.262430509724191,0.281431899695417,0.381534098529382,0.199491561253654
377,0.43702685358426,0.228656878414890,0.238033800236652,0.140279459933373,0.164480729737195,0.140279459933373
319,0.415225700022613,0.172268685450245,0.231177046607856,0.162677834203278,0.171754154191287,0.158410531669826
276,0.404704249910189,0.224521889216861,0.191439626593958,0.181025063276694,0.181025063276694,0.154094323280450
373,0.403744670601839,0.191439626593958,0.23033379664679,0.161362102255135,0.141333283747465,0.140279459933373
306,0.377644706128292,0.229493730258852,0.172787005806565,0.214175622695954,0.208860644258667,0.173835068385563
406,0.432309844864813,0.203016510694019,0.209608564537159,0.170233153496669,0.173835068385563,0.140279459933373
164,0.354161056920203,0.176522456496951,0.196066256873814,0.298944182722262,0.446424815327873,0.215727826366646
394,0.403744670601839,0.231177046607856,0.222081350052879,0.210360301592275,0.179875784505171,0.155233599845476
440,0.433254223593108,0.212638240623736,0.198798498578782,0.160502026996677,0.153350162717428,0.140279459933373
361,0.436084425669404,0.217294683481912,0.221274744825972,0.167772573247934,0.147178535004063,0.140279459933373
533,0.457641082102348,0.226165913043895,0.183967824035887,0.198109430350217,0.172787005806565,0.140279459933373
340,0.468793774829766,0.206639944148685,0.216509434133377,0.179307075461499,0.181025063276694,0.149807763529887
439,0.429473753439024,0.196066256873814,0.199491561253654,0.202303599215116,0.188884569174318,0.142423961905656
622,0.488169238277247,0.260567046745838,0.238033800236652,0.205907447843523,0.142147774681471,0.141602453589765
387,0.443610401564419,0.176522456496951,0.207376318697083,0.210360301592275,0.181605650010004,0.149133866930996
569,0.462295554374572,0.237166246337142,0.203016510694019,0.233725581744281,0.158822198286243,0.140279459933373
432,0.45297556976512,0.193398287644562,0.194059239855938,0.194059239855938,0.152982630801945,0.140279459933373
398,0.423788147113161,0.222891426963376,0.190154027575454,0.197424363331222,0.172787005806565,0.147819407725247
373,0.424736999725661,0.211115838461421,0.218083551882790,0.184568357977156,0.156796455796649,0.147497624383717
418,0.414271770359505,0.23033379664679,0.219672052767678,0.147497624383717,0.184568357977156,0.143266847840142
424,0.438910260048710,0.212638240623736,0.188884569174318,0.229493730258852,0.140539522938054,0.140279459933373
441,0.450170855356869,0.246862287018223,0.271855157449252,0.172268685450245,0.234581247743386,0.140279459933373
531,0.467866722440866,0.23033379664679,0.253194757033311,0.140279459933373,0.209608564537159,0.140279459933373
380,0.423788147113161,0.201594638931909,0.220471637257467,0.185781454960399,0.171754154191287,0.14298348025674
273,0.445487145704544,0.159655442358187,0.167772573247934,0.210360301592275,0.163123316426449,0.140279459933373
187,0.278545025785751,0.166814026627726,0.192088479379025,0.163123316426449,0.170736402643872,0.140279459933373
495,0.44923503724365,0.256863984839407,0.207376318697083,0.222891426963376,0.262430509724191,0.170233153496669
352,0.419987692000204,0.196743303664015,0.218876016213984,0.183967824035887,0.168745733831007,0.153350162717428
394,0.414271770359505,0.188255890082703,0.200889639762023,0.208860644258667,0.149807763529887,0.161362102255135
364,0.443610401564419,0.195393227873188,0.191439626593958,0.175977245746161,0.179875784505171,0.140279459933373
267,0.452041119617036,0.213405068833102,0.232872971194181,0.200188610986799,0.164940248736627,0.161362102255135
232,0.479886604427388,0.231177046607856,0.229493730258852,0.203733362812729,0.201594638931909,0.170233153496669
292,0.508293008226672,0.180448444205294,0.187010622123131,0.172787005806565,0.148801114525785,0.140279459933373
270,0.430419611243593,0.238033800236652,0.205178843545358,0.199491561253654,0.182778757451073,0.140279459933373
379,0.397976414823837,0.182190212262849,0.194059239855938,0.140801836156987,0.170233153496669,0.140279459933373
381,0.402784577338547,0.205907447843523,0.226992939983781,0.214175622695954,0.180448444205294,0.140279459933373
480,0.418084423539314,0.23977753355553,0.288207386188063,0.140279459933373,0.238904240888872,0.234581247743386
657,0.417132025922147,0.213405068833102,0.210360301592275,0.184568357977156,0.294052217151829,0.182778757451073
320,0.411406907527978,0.168745733831007,0.205178843545358,0.150839880430613,0.140801836156987,0.140279459933373
176,0.342342090635241,0.196743303664015,0.194724220966719,0.233725581744281,0.339381807952053,0.140279459933373
435,0.410450927071570,0.238904240888872,0.23033379664679,0.188884569174318,0.176522456496951,0.152982630801945
453,0.403744670601839,0.179875784505171,0.218876016213984,0.161362102255135,0.175435913518267,0.164024746412181
524,0.416179118323367,0.207376318697083,0.187010622123131,0.198798498578782,0.140279459933373,0.140279459933373
406,0.431364974573073,0.199491561253654,0.215727826366646,0.171754154191287,0.175435913518267,0.151189670120080
367,0.365932579194558,0.178181472416481,0.208116557082828,0.179307075461499,0.152618104976752,0.140279459933373
352,0.439851241970584,0.188884569174318,0.261497815323131,0.165869963138432,0.16357228121085,0.140279459933373
444,0.408537424783786,0.242414171861771,0.194724220966719,0.16357228121085,0.175435913518267,0.172268685450245
418,0.429473753439024,0.196743303664015,0.189517281185082,0.207376318697083,0.140279459933373,0.140279459933373
484,0.453909567952752,0.253194757033311,0.199491561253654,0.228656878414890,0.151189670120080,0.182190212262849
411,0.427580548847338,0.200188610986799,0.198798498578782,0.183371292540019,0.159237162188545,0.171754154191287
294,0.420938564569721,0.181605650010004,0.215727826366646,0.175435913518267,0.181025063276694,0.140279459933373
366,0.412362374614871,0.191439626593958,0.198109430350217,0.205907447843523,0.170233153496669,0.144720505822661
461,0.41331732873535,0.196066256873814,0.199491561253654,0.226165913043895,0.179875784505171,0.140279459933373
481,0.467866722440866,0.248659484023583,0.26336509235663,0.208860644258667,0.158002143279100,0.140279459933373
421,0.433254223593108,0.198798498578782,0.201594638931909,0.210360301592275,0.178181472416481,0.145018731380577
481,0.447362019176649,0.226165913043895,0.231177046607856,0.187010622123131,0.171243398019944,0.160930368981928
446,0.441731771836077,0.231177046607856,0.233725581744281,0.194059239855938,0.149807763529887,0.175977245746161
471,0.402784577338547,0.213405068833102,0.207376318697083,0.200188610986799,0.140279459933373,0.143840891542185
398,0.402784577338547,0.219672052767678,0.212638240623736,0.189517281185082,0.140279459933373,0.156008702799071
573,0.439851241970584,0.231177046607856,0.209608564537159,0.211875157547888,0.140279459933373,0.143840891542185
303,0.430419611243593,0.190154027575454,0.244185541162083,0.140279459933373,0.178742307944130,0.148801114525785
453,0.473422844172892,0.23977753355553,0.226992939983781,0.189517281185082,0.16357228121085,0.140279459933373
401,0.426633199381427,0.197424363331222,0.226165913043895,0.185172899926102,0.174898448025698,0.168257318749387
476,0.425685350085428,0.279506090033501,0.308771540986705,0.251373586915138,0.222891426963376,0.164024746412181
432,0.426633199381427,0.23033379664679,0.210360301592275,0.225342219919308,0.158822198286243,0.164024746412181
447,0.443610401564419,0.222891426963376,0.23977753355553,0.151542367809210,0.155619579790919,0.144131604573628
381,0.394120687044045,0.188255890082703,0.226165913043895,0.150148946700048,0.154094323280450,0.140279459933373
392,0.435141512434088,0.214175622695954,0.218876016213984,0.159655442358187,0.187631241909896,0.140279459933373
425,0.438910260048710,0.191439626593958,0.214175622695954,0.209608564537159,0.149807763529887,0.140279459933373
422,0.39893907178823,0.222081350052879,0.250466494772263,0.160930368981928,0.178181472416481,0.164940248736627
509,0.377644706128292,0.197424363331222,0.233725581744281,0.157195124574254,0.170233153496669,0.140279459933373
452,0.415225700022613,0.210360301592275,0.226165913043895,0.144131604573628,0.194724220966719,0.146862120354825
404,0.435141512434088,0.208116557082828,0.218876016213984,0.192741366843982,0.165869963138432,0.140279459933373
417,0.416179118323367,0.251373586915138,0.226992939983781,0.222081350052879,0.170736402643872,0.140279459933373
448,0.426633199381427,0.23033379664679,0.240653643199231,0.169733635746363,0.160930368981928,0.141873944585676
266,0.419036311953547,0.166814026627726,0.244185541162083,0.140279459933373,0.195393227873188,0.16634019279706
432,0.41331732873535,0.191439626593958,0.223704949036996,0.158410531669826,0.148143904307162,0.140279459933373
469,0.453909567952752,0.211115838461421,0.218876016213984,0.242414171861771,0.296006914761259,0.168745733831007
424,0.451106215483896,0.225342219919308,0.244185541162083,0.185172899926102,0.187010622123131,0.183967824035887
263,0.451106215483896,0.175435913518267,0.195393227873188,0.200188610986799,0.140279459933373,0.161362102255135
678,0.486331294331022,0.266179795115631,0.258711437790672,0.167772573247934,0.231177046607856,0.14298348025674
392,0.418084423539314,0.203016510694019,0.198109430350217,0.189517281185082,0.184568357977156,0.140279459933373
356,0.488169238277247,0.200889639762023,0.200188610986799,0.225342219919308,0.194059239855938,0.146548361254107
407,0.463225147278761,0.249561781327291,0.259638241659144,0.173309128978783,0.164024746412181,0.147178535004063
517,0.45297556976512,0.262430509724191,0.209608564537159,0.187631241909896,0.182190212262849,0.156796455796649
419,0.352194131843378,0.207376318697083,0.227823271636467,0.168257318749387,0.144131604573628,0.140279459933373
435,0.459504181093247,0.210360301592275,0.226165913043895,0.187010622123131,0.166814026627726,0.146548361254107
435,0.402784577338547,0.222891426963376,0.198798498578782,0.199491561253654,0.182778757451073,0.176522456496951
368,0.410450927071570,0.168745733831007,0.160930368981928,0.205907447843523,0.163123316426449,0.140279459933373
334,0.411406907527978,0.226165913043895,0.202303599215116,0.220471637257467,0.159655442358187,0.140279459933373
295,0.428527399760189,0.193398287644562,0.208116557082828,0.183371292540019,0.154094323280450,0.144424803121843
460,0.452041119617036,0.220471637257467,0.234581247743386,0.147178535004063,0.168745733831007,0.140279459933373
476,0.45297556976512,0.198798498578782,0.161362102255135,0.229493730258852,0.158822198286243,0.151897993103576
533,0.459504181093247,0.250466494772263,0.23977753355553,0.140279459933373,0.188255890082703,0.140279459933373
415,0.419036311953547,0.223704949036996,0.208116557082828,0.203733362812729,0.157597013980819,0.145928733232941
268,0.395085382089401,0.168257318749387,0.177624558944457,0.194059239855938,0.140279459933373,0.140279459933373
332,0.369843682925459,0.168745733831007,0.181605650010004,0.204454144375473,0.140279459933373,0.140279459933373
512,0.435141512434088,0.218083551882790,0.206639944148685,0.214175622695954,0.164024746412181,0.169733635746363
398,0.410450927071570,0.222891426963376,0.188255890082703,0.173835068385563,0.140279459933373,0.140279459933373
488,0.411406907527978,0.214949882112267,0.216509434133377,0.190154027575454,0.169733635746363,0.171754154191287
772,0.521923099581909,0.23977753355553,0.26806502014066,0.214949882112267,0.312714190948075,0.144720505822661
410,0.383475920330798,0.205178843545358,0.226992939983781,0.151189670120080,0.190154027575454,0.140279459933373
373,0.368866547920421,0.185781454960399,0.222081350052879,0.195393227873188,0.158822198286243,0.150148946700048
482,0.43702685358426,0.210360301592275,0.205907447843523,0.217294683481912,0.140279459933373,0.149133866930996
303,0.410450927071570,0.203733362812729,0.188884569174318,0.380562464597876,0.495506422283226,0.293075998312143
394,0.433254223593108,0.173309128978783,0.222891426963376,0.182778757451073,0.140279459933373,0.140279459933373
461,0.409494432911366,0.190154027575454,0.201594638931909,0.187631241909896,0.196743303664015,0.144720505822661
368,0.40182397040703,0.218876016213984,0.195393227873188,0.190794809258731,0.152982630801945,0.141066417195949
436,0.395085382089401,0.173835068385563,0.175435913518267,0.206639944148685,0.154470991130581,0.183967824035887
523,0.468793774829766,0.232023448734304,0.229493730258852,0.196066256873814,0.140279459933373,0.140279459933373
332,0.409494432911366,0.214949882112267,0.195393227873188,0.211115838461421,0.140279459933373,0.168745733831007
313,0.391223565654671,0.222891426963376,0.229493730258852,0.156400988328558,0.158002143279100,0.140279459933373
511,0.43702685358426,0.209608564537159,0.223704949036996,0.198798498578782,0.175435913518267,0.158002143279100
447,0.438910260048710,0.198798498578782,0.194059239855938,0.177071557205383,0.168745733831007,0.164024746412181
322,0.379590352485876,0.231177046607856,0.211875157547888,0.377644706128292,0.51920253600366,0.274713840722163
431,0.420938564569721,0.220471637257467,0.198798498578782,0.194059239855938,0.174898448025698,0.140279459933373
501,0.419036311953547,0.182778757451073,0.211875157547888,0.202303599215116,0.146862120354825,0.140279459933373
230,0.363974517009122,0.187631241909896,0.198798498578782,0.269010148553487,0.290152214217331,0.143840891542185
405,0.438910260048710,0.218083551882790,0.222081350052879,0.182778757451073,0.171243398019944,0.154850743467635
693,0.521923099581909,0.264301525715948,0.232023448734304,0.151189670120080,0.208860644258667,0.150148946700048
170,0.290152214217331,0.182190212262849,0.208860644258667,0.222891426963376,0.159237162188545,0.140279459933373
428,0.410450927071570,0.190794809258731,0.196066256873814,0.171243398019944,0.166814026627726,0.170736402643872
478,0.485411763012758,0.269956905233921,0.236301613614802,0.235439936165745,0.16634019279706,0.140279459933373
274,0.418084423539314,0.158002143279100,0.182778757451073,0.186394027664835,0.154470991130581,0.155233599845476
431,0.430419611243593,0.203733362812729,0.210360301592275,0.200889639762023,0.175977245746161,0.158002143279100
351,0.459504181093247,0.187631241909896,0.156008702799071,0.16634019279706,0.161797245314680,0.159237162188545
633,0.477118801080669,0.240653643199231,0.208116557082828,0.195393227873188,0.165403320798019,0.140279459933373
467,0.399901217123282,0.228656878414890,0.215727826366646,0.190154027575454,0.179307075461499,0.146548361254107
422,0.434198112267997,0.222081350052879,0.23033379664679,0.203016510694019,0.165403320798019,0.140279459933373
498,0.404704249910189,0.194059239855938,0.204454144375473,0.204454144375473,0.168257318749387,0.153350162717428
517,0.456708871220304,0.296006914761259,0.291125967010989,0.280468392646033,0.208116557082828,0.152982630801945
473,0.417132025922147,0.211875157547888,0.23033379664679,0.16357228121085,0.177071557205383,0.146862120354825
388,0.387353706987488,0.176522456496951,0.198109430350217,0.162677834203278,0.140279459933373,0.140279459933373
385,0.397013246974146,0.196066256873814,0.206639944148685,0.209608564537159,0.140279459933373,0.140279459933373
349,0.444549008408857,0.225342219919308,0.152618104976752,0.179875784505171,0.140279459933373,0.142147774681471
451,0.400862850180983,0.249561781327291,0.218876016213984,0.341355528691973,0.45297556976512,0.254108759679802
508,0.411406907527978,0.200188610986799,0.236301613614802,0.16357228121085,0.192741366843982,0.149807763529887
383,0.408537424783786,0.218083551882790,0.187631241909896,0.162235816543637,0.140279459933373,0.182190212262849
389,0.43702685358426,0.214949882112267,0.174898448025698,0.208860644258667,0.170233153496669,0.144131604573628
475,0.454843116219575,0.229493730258852,0.162677834203278,0.221274744825972,0.140279459933373,0.140539522938054
308,0.453909567952752,0.185781454960399,0.216509434133377,0.180448444205294,0.170233153496669,0.143266847840142
351,0.40566331506169,0.180448444205294,0.190154027575454,0.174364837136968,0.152982630801945,0.140279459933373
453,0.40662186593712,0.205178843545358,0.272806580486754,0.175977245746161,0.170233153496669,0.159237162188545
475,0.451106215483896,0.219672052767678,0.220471637257467,0.196743303664015,0.149807763529887,0.140279459933373
249,0.42188893060604,0.201594638931909,0.146862120354825,0.187631241909896,0.170233153496669,0.140279459933373
319,0.45297556976512,0.211875157547888,0.222891426963376,0.192741366843982,0.140279459933373,0.140279459933373
449,0.448298759169222,0.218876016213984,0.220471637257467,0.140279459933373,0.180448444205294,0.140279459933373
809,0.492757675678563,0.273759486818862,0.258711437790672,0.190794809258731,0.156400988328558,0.14298348025674
452,0.427580548847338,0.214175622695954,0.187010622123131,0.198109430350217,0.185172899926102,0.140279459933373
405,0.426633199381427,0.221274744825972,0.212638240623736,0.16357228121085,0.196066256873814,0.140279459933373
393,0.436084425669404,0.198798498578782,0.168745733831007,0.187631241909896,0.175977245746161,0.140279459933373
491,0.452041119617036,0.220471637257467,0.214949882112267,0.23033379664679,0.140279459933373,0.140279459933373
338,0.40566331506169,0.203733362812729,0.196743303664015,0.203733362812729,0.161797245314680,0.154850743467635
224,0.313700605163659,0.171243398019944,0.194059239855938,0.205907447843523,0.140279459933373,0.140279459933373
398,0.411406907527978,0.208860644258667,0.172268685450245,0.188884569174318,0.145622826217966,0.140279459933373
445,0.363974517009122,0.182190212262849,0.195393227873188,0.200188610986799,0.173309128978783,0.140279459933373
407,0.455776216619560,0.212638240623736,0.240653643199231,0.140279459933373,0.194059239855938,0.158002143279100
393,0.397013246974146,0.158002143279100,0.211115838461421,0.183371292540019,0.140279459933373,0.167772573247934
475,0.443610401564419,0.212638240623736,0.223704949036996,0.170736402643872,0.162677834203278,0.149469410107982
365,0.453909567952752,0.213405068833102,0.214175622695954,0.218083551882790,0.140279459933373,0.153720720340875
423,0.428527399760189,0.221274744825972,0.214949882112267,0.183371292540019,0.159655442358187,0.161797245314680
507,0.450170855356869,0.306802338059224,0.26806502014066,0.261497815323131,0.184568357977156,0.140279459933373
493,0.409494432911366,0.186394027664835,0.202303599215116,0.196066256873814,0.145622826217966,0.158822198286243
372,0.411406907527978,0.238033800236652,0.23977753355553,0.205178843545358,0.183371292540019,0.214175622695954
493,0.479886604427388,0.280468392646033,0.245075200706715,0.237166246337142,0.191439626593958,0.140279459933373
520,0.431364974573073,0.227823271636467,0.183967824035887,0.202303599215116,0.169237834303805,0.145622826217966
366,0.425685350085428,0.181025063276694,0.193398287644562,0.192741366843982,0.140279459933373,0.149469410107982
549,0.430419611243593,0.236301613614802,0.200889639762023,0.264301525715948,0.318636108753548,0.181025063276694
378,0.378617765257579,0.179307075461499,0.211115838461421,0.217294683481912,0.158002143279100,0.140279459933373
535,0.447362019176649,0.238904240888872,0.194724220966719,0.224521889216861,0.157195124574254,0.145622826217966
321,0.414271770359505,0.181605650010004,0.215727826366646,0.223704949036996,0.140279459933373,0.140279459933373
343,0.373747820375976,0.167772573247934,0.247759640188542,0.197424363331222,0.154094323280450,0.151897993103576
466,0.487250452013843,0.292100571713878,0.275669606701894,0.194724220966719,0.217294683481912,0.189517281185082
325,0.39604956908159,0.180448444205294,0.214175622695954,0.182190212262849,0.146862120354825,0.140279459933373
339,0.414271770359505,0.164024746412181,0.210360301592275,0.195393227873188,0.157597013980819,0.145319498566922
155,0.312714190948075,0.140279459933373,0.183371292540019,0.186394027664835,0.148143904307162,0.141333283747465
440,0.420938564569721,0.218083551882790,0.196743303664015,0.177071557205383,0.155619579790919,0.150148946700048
480,0.411406907527978,0.186394027664835,0.197424363331222,0.223704949036996,0.140279459933373,0.162235816543637
398,0.395085382089401,0.215727826366646,0.226992939983781,0.173835068385563,0.167291481291287,0.140279459933373
416,0.437968797820157,0.229493730258852,0.214949882112267,0.207376318697083,0.183371292540019,0.146237238572002
399,0.409494432911366,0.187010622123131,0.164024746412181,0.211115838461421,0.150492979148870,0.140801836156987
508,0.434198112267997,0.246862287018223,0.177624558944457,0.238033800236652,0.140279459933373,0.164940248736627
262,0.374722731821464,0.169237834303805,0.199491561253654,0.151542367809210,0.169733635746363,0.140279459933373
435,0.438910260048710,0.217294683481912,0.226992939983781,0.23033379664679,0.140279459933373,0.140279459933373
540,0.427580548847338,0.232023448734304,0.234581247743386,0.140279459933373,0.160930368981928,0.140279459933373
530,0.417132025922147,0.212638240623736,0.191439626593958,0.215727826366646,0.141333283747465,0.146237238572002
420,0.454843116219575,0.222891426963376,0.218876016213984,0.195393227873188,0.198109430350217,0.185781454960399
734,0.548094589195255,0.278545025785751,0.287236372741756,0.192088479379025,0.210360301592275,0.154850743467635
273,0.423788147113161,0.182778757451073,0.233725581744281,0.178742307944130,0.140279459933373,0.140279459933373
245,0.377644706128292,0.156400988328558,0.199491561253654,0.173309128978783,0.178742307944130,0.147497624383717
376,0.445487145704544,0.190154027575454,0.200188610986799,0.209608564537159,0.155619579790919,0.140279459933373
729,0.472497848634527,0.269956905233921,0.222891426963376,0.199491561253654,0.201594638931909,0.154850743467635
343,0.399901217123282,0.180448444205294,0.16634019279706,0.189517281185082,0.152618104976752,0.145928733232941
495,0.430419611243593,0.206639944148685,0.192088479379025,0.178742307944130,0.156796455796649,0.150148946700048
558,0.459504181093247,0.249561781327291,0.204454144375473,0.232872971194181,0.140539522938054,0.140279459933373
477,0.451106215483896,0.235439936165745,0.219672052767678,0.193398287644562,0.163123316426449,0.159655442358187
646,0.468793774829766,0.221274744825972,0.222891426963376,0.183967824035887,0.173309128978783,0.140279459933373
402,0.359072414588444,0.191439626593958,0.202303599215116,0.173309128978783,0.153350162717428,0.161797245314680
274,0.462295554374572,0.254108759679802,0.234581247743386,0.225342219919308,0.153720720340875,0.163123316426449
304,0.470646634478409,0.194724220966719,0.208860644258667,0.183371292540019,0.175977245746161,0.155619579790919
553,0.456708871220304,0.244185541162083,0.169237834303805,0.23977753355553,0.16634019279706,0.140279459933373
457,0.426633199381427,0.222081350052879,0.205178843545358,0.194724220966719,0.178181472416481,0.156008702799071
408,0.470646634478409,0.249561781327291,0.229493730258852,0.168745733831007,0.198109430350217,0.167772573247934
488,0.479886604427388,0.255024990396885,0.232023448734304,0.222081350052879,0.161362102255135,0.157195124574254
471,0.462295554374572,0.305818349289740,0.261497815323131,0.26806502014066,0.161797245314680,0.182190212262849
409,0.44923503724365,0.238904240888872,0.198798498578782,0.226165913043895,0.144131604573628,0.142702524367706
462,0.419036311953547,0.248659484023583,0.245967461561916,0.192088479379025,0.215727826366646,0.214175622695954
493,0.461365530470573,0.238033800236652,0.247759640188542,0.145018731380577,0.191439626593958,0.143552645462116
485,0.435141512434088,0.212638240623736,0.214175622695954,0.201594638931909,0.174364837136968,0.150492979148870
231,0.487250452013843,0.238904240888872,0.233725581744281,0.199491561253654,0.198798498578782,0.140279459933373
374,0.418084423539314,0.223704949036996,0.227823271636467,0.218083551882790,0.145319498566922,0.170736402643872
565,0.427580548847338,0.229493730258852,0.23977753355553,0.158410531669826,0.177071557205383,0.146862120354825
420,0.461365530470573,0.156796455796649,0.200889639762023,0.196743303664015,0.140279459933373,0.144720505822661
343,0.423788147113161,0.203733362812729,0.207376318697083,0.152256565618780,0.174364837136968,0.140539522938054
488,0.444549008408857,0.318636108753548,0.283362392853609,0.274713840722163,0.276626749501763,0.161797245314680
448,0.447362019176649,0.234581247743386,0.23977753355553,0.190154027575454,0.145622826217966,0.140279459933373
412,0.478964395469008,0.247759640188542,0.203733362812729,0.192088479379025,0.196743303664015,0.140279459933373
348,0.40182397040703,0.168745733831007,0.209608564537159,0.200889639762023,0.163123316426449,0.16634019279706
369,0.425685350085428,0.167772573247934,0.232872971194181,0.164024746412181,0.158822198286243,0.140279459933373
419,0.432309844864813,0.232872971194181,0.245967461561916,0.140279459933373,0.169237834303805,0.148471133452426
449,0.446424815327873,0.212638240623736,0.222081350052879,0.188255890082703,0.161797245314680,0.140279459933373
340,0.366910990862085,0.177071557205383,0.192741366843982,0.191439626593958,0.140279459933373,0.164940248736627
359,0.381534098529382,0.184568357977156,0.184568357977156,0.155233599845476,0.172787005806565,0.140279459933373
337,0.353177756395209,0.178742307944130,0.213405068833102,0.223704949036996,0.150148946700048,0.146548361254107
503,0.452041119617036,0.235439936165745,0.212638240623736,0.192088479379025,0.177071557205383,0.148801114525785
388,0.415225700022613,0.222891426963376,0.222891426963376,0.196066256873814,0.170736402643872,0.149133866930996
448,0.426633199381427,0.203733362812729,0.242414171861771,0.173309128978783,0.189517281185082,0.140279459933373
349,0.462295554374572,0.198109430350217,0.211875157547888,0.152982630801945,0.186394027664835,0.178181472416481
476,0.425685350085428,0.233725581744281,0.205178843545358,0.209608564537159,0.140279459933373,0.171754154191287
422,0.423788147113161,0.219672052767678,0.203016510694019,0.181025063276694,0.216509434133377,0.140279459933373
538,0.437968797820157,0.215727826366646,0.223704949036996,0.177624558944457,0.174898448025698,0.165403320798019
375,0.437968797820157,0.199491561253654,0.198109430350217,0.179875784505171,0.165869963138432,0.140279459933373
319,0.42188893060604,0.188884569174318,0.196066256873814,0.178742307944130,0.160502026996677,0.140279459933373
350,0.402784577338547,0.232872971194181,0.227823271636467,0.192088479379025,0.198109430350217,0.167291481291287
399,0.40662186593712,0.192741366843982,0.218083551882790,0.163123316426449,0.164024746412181,0.154850743467635
420,0.40662186593712,0.196743303664015,0.233725581744281,0.182190212262849,0.185781454960399,0.140279459933373
412,0.438910260048710,0.225342219919308,0.231177046607856,0.190794809258731,0.16357228121085,0.188255890082703
378,0.42188893060604,0.222891426963376,0.187010622123131,0.224521889216861,0.140279459933373,0.158822198286243
447,0.466011361565902,0.256863984839407,0.218876016213984,0.183371292540019,0.185172899926102,0.154850743467635
385,0.447362019176649,0.211875157547888,0.197424363331222,0.200188610986799,0.185781454960399,0.140279459933373
352,0.45297556976512,0.238033800236652,0.23977753355553,0.221274744825972,0.220471637257467,0.218876016213984
463,0.424736999725661,0.23033379664679,0.236301613614802,0.217294683481912,0.146237238572002,0.140279459933373
433,0.442671323317129,0.192741366843982,0.203733362812729,0.179875784505171,0.140279459933373,0.140279459933373
369,0.424736999725661,0.211875157547888,0.204454144375473,0.186394027664835,0.140279459933373,0.140279459933373
467,0.430419611243593,0.237166246337142,0.232023448734304,0.154850743467635,0.182778757451073,0.161797245314680
417,0.440791745314472,0.221274744825972,0.234581247743386,0.172268685450245,0.160502026996677,0.157597013980819
960,0.484491855840873,0.304834801321944,0.254108759679802,0.288207386188063,0.37179664134119,0.170233153496669
401,0.377644706128292,0.223704949036996,0.187010622123131,0.344314559496454,0.41331732873535,0.185781454960399
384,0.448298759169222,0.201594638931909,0.240653643199231,0.190154027575454,0.158002143279100,0.148143904307162
330,0.425685350085428,0.23977753355553,0.226165913043895,0.223704949036996,0.170233153496669,0.186394027664835
549,0.471572446139952,0.232023448734304,0.214949882112267,0.233725581744281,0.150148946700048,0.140279459933373
562,0.444549008408857,0.259638241659144,0.196066256873814,0.194059239855938,0.140279459933373,0.149469410107982
600,0.483571570595327,0.226165913043895,0.242414171861771,0.240653643199231,0.157195124574254,0.145319498566922
494,0.420938564569721,0.232872971194181,0.23033379664679,0.160930368981928,0.164940248736627,0.140279459933373
513,0.453909567952752,0.231177046607856,0.238904240888872,0.161797245314680,0.157597013980819,0.140279459933373
475,0.437968797820157,0.205178843545358,0.211875157547888,0.203733362812729,0.149807763529887,0.193398287644562
507,0.434198112267997,0.218876016213984,0.232872971194181,0.187631241909896,0.171243398019944,0.148143904307162
315,0.459504181093247,0.182190212262849,0.201594638931909,0.178181472416481,0.176522456496951,0.140801836156987
342,0.387353706987488,0.174898448025698,0.198109430350217,0.202303599215116,0.177071557205383,0.141333283747465
409,0.437968797820157,0.233725581744281,0.234581247743386,0.205178843545358,0.177624558944457,0.163123316426449
468,0.420938564569721,0.262430509724191,0.255024990396885,0.231177046607856,0.180448444205294,0.159655442358187
374,0.408537424783786,0.181605650010004,0.200889639762023,0.161797245314680,0.154094323280450,0.155619579790919
473,0.458572851358513,0.228656878414890,0.203016510694019,0.192088479379025,0.162235816543637,0.159237162188545
256,0.423788147113161,0.236301613614802,0.246862287018223,0.226992939983781,0.32159942528535,0.149469410107982
351,0.451106215483896,0.213405068833102,0.216509434133377,0.224521889216861,0.177624558944457,0.164940248736627
373,0.42188893060604,0.182778757451073,0.233725581744281,0.183371292540019,0.151897993103576,0.140279459933373
417,0.450170855356869,0.220471637257467,0.228656878414890,0.172787005806565,0.156008702799071,0.140279459933373
573,0.454843116219575,0.223704949036996,0.218083551882790,0.218083551882790,0.140279459933373,0.156008702799071
783,0.451106215483896,0.212638240623736,0.243298519444439,0.188884569174318,0.202303599215116,0.140279459933373
458,0.42188893060604,0.195393227873188,0.190154027575454,0.204454144375473,0.204454144375473,0.169237834303805
299,0.397976414823837,0.171243398019944,0.200889639762023,0.204454144375473,0.140279459933373,0.140279459933373
382,0.408537424783786,0.220471637257467,0.224521889216861,0.171243398019944,0.147178535004063,0.140279459933373
477,0.450170855356869,0.192741366843982,0.188884569174318,0.185781454960399,0.176522456496951,0.144131604573628
376,0.414271770359505,0.205178843545358,0.178742307944130,0.203016510694019,0.158002143279100,0.141066417195949
377,0.430419611243593,0.232872971194181,0.216509434133377,0.175977245746161,0.200889639762023,0.181025063276694
439,0.445487145704544,0.233725581744281,0.172787005806565,0.202303599215116,0.177071557205383,0.145018731380577
416,0.437968797820157,0.205178843545358,0.221274744825972,0.158410531669826,0.153720720340875,0.149133866930996
394,0.433254223593108,0.220471637257467,0.196743303664015,0.217294683481912,0.160502026996677,0.168745733831007
465,0.410450927071570,0.179307075461499,0.223704949036996,0.196066256873814,0.145018731380577,0.140279459933373
411,0.456708871220304,0.238904240888872,0.218876016213984,0.141602453589765,0.183967824035887,0.140279459933373
419,0.40662186593712,0.194059239855938,0.216509434133377,0.181605650010004,0.140279459933373,0.140279459933373
507,0.478964395469008,0.250466494772263,0.227823271636467,0.198798498578782,0.168745733831007,0.144720505822661
433,0.436084425669404,0.211875157547888,0.221274744825972,0.187631241909896,0.158822198286243,0.140279459933373
354,0.446424815327873,0.235439936165745,0.226992939983781,0.197424363331222,0.167772573247934,0.170233153496669
454,0.416179118323367,0.168745733831007,0.207376318697083,0.181025063276694,0.173309128978783,0.146862120354825
433,0.436084425669404,0.231177046607856,0.226992939983781,0.203733362812729,0.182778757451073,0.157597013980819
318,0.385415796280043,0.208860644258667,0.214949882112267,0.147819407725247,0.187010622123131,0.140279459933373
438,0.403744670601839,0.200188610986799,0.205907447843523,0.144131604573628,0.150839880430613,0.147178535004063
472,0.443610401564419,0.229493730258852,0.247759640188542,0.192741366843982,0.175977245746161,0.140279459933373
289,0.447362019176649,0.195393227873188,0.232872971194181,0.161797245314680,0.177624558944457,0.143266847840142
235,0.422838791105066,0.190794809258731,0.166814026627726,0.203733362812729,0.162235816543637,0.140279459933373
381,0.410450927071570,0.207376318697083,0.244185541162083,0.160930368981928,0.16634019279706,0.140279459933373
403,0.362994878061971,0.222891426963376,0.207376318697083,0.198798498578782,0.140279459933373,0.140279459933373
511,0.39218977751084,0.219672052767678,0.218083551882790,0.185781454960399,0.168257318749387,0.156008702799071
318,0.448298759169222,0.204454144375473,0.228656878414890,0.185781454960399,0.179875784505171,0.152618104976752
414,0.446424815327873,0.232872971194181,0.171243398019944,0.226992939983781,0.140279459933373,0.146237238572002
463,0.448298759169222,0.245075200706715,0.214175622695954,0.204454144375473,0.168257318749387,0.186394027664835
264,0.436084425669404,0.190154027575454,0.179875784505171,0.140279459933373,0.156796455796649,0.148143904307162
421,0.416179118323367,0.226165913043895,0.202303599215116,0.189517281185082,0.169237834303805,0.140279459933373
444,0.428527399760189,0.224521889216861,0.199491561253654,0.206639944148685,0.141066417195949,0.140279459933373
458,0.436084425669404,0.214175622695954,0.23033379664679,0.169733635746363,0.164024746412181,0.140279459933373
514,0.397013246974146,0.233725581744281,0.240653643199231,0.203733362812729,0.302869127130412,0.187631241909896
644,0.508293008226672,0.246862287018223,0.267121556704060,0.157597013980819,0.198798498578782,0.140279459933373
426,0.456708871220304,0.218876016213984,0.237166246337142,0.237166246337142,0.232872971194181,0.160930368981928
290,0.388321919900050,0.219672052767678,0.199491561253654,0.211115838461421,0.177624558944457,0.149807763529887
422,0.444549008408857,0.23977753355553,0.240653643199231,0.140279459933373,0.189517281185082,0.167772573247934
406,0.462295554374572,0.204454144375473,0.194724220966719,0.170736402643872,0.200889639762023,0.158002143279100
356,0.436084425669404,0.201594638931909,0.221274744825972,0.185172899926102,0.150148946700048,0.149807763529887
353,0.451106215483896,0.220471637257467,0.226165913043895,0.192088479379025,0.140279459933373,0.140279459933373
419,0.434198112267997,0.231177046607856,0.203733362812729,0.156400988328558,0.179875784505171,0.146237238572002
516,0.410450927071570,0.211875157547888,0.208116557082828,0.169733635746363,0.196743303664015,0.140279459933373
449,0.446424815327873,0.216509434133377,0.212638240623736,0.141873944585676,0.181605650010004,0.168745733831007
402,0.442671323317129,0.172787005806565,0.257786672914962,0.145928733232941,0.175435913518267,0.140279459933373
424,0.463225147278761,0.256863984839407,0.243298519444439,0.243298519444439,0.194059239855938,0.178742307944130
466,0.432309844864813,0.212638240623736,0.206639944148685,0.218083551882790,0.145622826217966,0.154850743467635
293,0.39218977751084,0.215727826366646,0.218876016213984,0.222891426963376,0.158410531669826,0.140279459933373
409,0.439851241970584,0.203016510694019,0.235439936165745,0.194059239855938,0.176522456496951,0.143840891542185
561,0.447362019176649,0.272806580486754,0.221274744825972,0.196743303664015,0.233725581744281,0.177624558944457
387,0.408537424783786,0.200889639762023,0.182190212262849,0.187631241909896,0.16357228121085,0.160502026996677
449,0.443610401564419,0.198109430350217,0.191439626593958,0.186394027664835,0.157597013980819,0.143266847840142
422,0.458572851358513,0.261497815323131,0.196066256873814,0.188884569174318,0.164480729737195,0.140279459933373
563,0.431364974573073,0.205178843545358,0.217294683481912,0.161797245314680,0.181025063276694,0.164940248736627
490,0.410450927071570,0.205178843545358,0.238904240888872,0.178742307944130,0.178742307944130,0.167291481291287
352,0.416179118323367,0.196743303664015,0.210360301592275,0.164940248736627,0.185172899926102,0.141602453589765
280,0.39893907178823,0.191439626593958,0.193398287644562,0.166814026627726,0.143840891542185,0.140279459933373
399,0.416179118323367,0.195393227873188,0.223704949036996,0.191439626593958,0.140279459933373,0.163123316426449
192,0.460435073421994,0.152256565618780,0.140279459933373,0.530069290557968,0.650252758171119,0.361034414931008
657,0.490005705397473,0.252283020211930,0.203016510694019,0.231177046607856,0.160930368981928,0.140279459933373
403,0.399901217123282,0.214949882112267,0.218876016213984,0.182778757451073,0.147497624383717,0.164940248736627
417,0.445487145704544,0.255943411389996,0.238904240888872,0.173835068385563,0.162677834203278,0.154850743467635
382,0.40182397040703,0.222891426963376,0.188255890082703,0.192088479379025,0.185781454960399,0.140279459933373
511,0.471572446139952,0.233725581744281,0.194724220966719,0.244185541162083,0.158410531669826,0.154470991130581
460,0.429473753439024,0.251373586915138,0.246862287018223,0.23033379664679,0.159237162188545,0.145622826217966
467,0.467866722440866,0.203733362812729,0.198798498578782,0.228656878414890,0.146237238572002,0.14298348025674
313,0.482650905054512,0.233725581744281,0.203016510694019,0.235439936165745,0.149469410107982,0.153350162717428
360,0.420938564569721,0.206639944148685,0.201594638931909,0.201594638931909,0.175977245746161,0.152982630801945
309,0.429473753439024,0.238033800236652,0.244185541162083,0.144131604573628,0.159237162188545,0.150148946700048
370,0.410450927071570,0.218876016213984,0.209608564537159,0.159655442358187,0.196066256873814,0.140279459933373
501,0.417132025922147,0.208860644258667,0.240653643199231,0.180448444205294,0.182778757451073,0.140279459933373
398,0.434198112267997,0.207376318697083,0.213405068833102,0.194724220966719,0.165869963138432,0.140279459933373
421,0.404704249910189,0.189517281185082,0.220471637257467,0.146548361254107,0.160502026996677,0.140279459933373
359,0.408537424783786,0.185172899926102,0.205178843545358,0.209608564537159,0.192088479379025,0.150839880430613
465,0.445487145704544,0.269010148553487,0.212638240623736,0.238033800236652,0.175977245746161,0.185781454960399
476,0.42188893060604,0.227823271636467,0.214175622695954,0.226165913043895,0.157597013980819,0.150148946700048
461,0.447362019176649,0.23033379664679,0.255943411389996,0.219672052767678,0.154094323280450,0.142147774681471
452,0.43702685358426,0.238033800236652,0.245075200706715,0.200188610986799,0.140279459933373,0.142702524367706
421,0.417132025922147,0.197424363331222,0.23977753355553,0.177624558944457,0.186394027664835,0.141873944585676
365,0.377644706128292,0.177624558944457,0.203016510694019,0.156008702799071,0.158822198286243,0.140279459933373
407,0.400862850180983,0.216509434133377,0.208860644258667,0.146237238572002,0.154850743467635,0.147497624383717
449,0.442671323317129,0.215727826366646,0.233725581744281,0.172268685450245,0.185172899926102,0.145622826217966
343,0.454843116219575,0.180448444205294,0.201594638931909,0.174898448025698,0.142147774681471,0.140279459933373
388,0.466939252082330,0.226992939983781,0.180448444205294,0.23033379664679,0.160502026996677,0.145928733232941
416,0.435141512434088,0.221274744825972,0.206639944148685,0.206639944148685,0.177071557205383,0.167772573247934
382,0.431364974573073,0.26336509235663,0.269956905233921,0.201594638931909,0.208116557082828,0.205178843545358
360,0.436084425669404,0.248659484023583,0.229493730258852,0.194059239855938,0.157597013980819,0.175977245746161
395,0.438910260048710,0.200188610986799,0.215727826366646,0.194059239855938,0.176522456496951,0.148801114525785
435,0.447362019176649,0.235439936165745,0.218083551882790,0.214949882112267,0.147819407725247,0.164940248736627
520,0.445487145704544,0.200889639762023,0.229493730258852,0.166814026627726,0.140279459933373,0.149133866930996
336,0.425685350085428,0.202303599215116,0.227823271636467,0.140279459933373,0.160077057692081,0.168745733831007
626,0.471572446139952,0.26806502014066,0.249561781327291,0.226992939983781,0.202303599215116,0.178181472416481
431,0.397013246974146,0.169237834303805,0.189517281185082,0.175977245746161,0.164940248736627,0.140279459933373
181,0.425685350085428,0.140279459933373,0.178742307944130,0.231177046607856,0.140279459933373,0.161797245314680
569,0.418084423539314,0.208860644258667,0.233725581744281,0.162677834203278,0.171243398019944,0.140279459933373
494,0.445487145704544,0.223704949036996,0.218876016213984,0.181605650010004,0.145928733232941,0.140279459933373
458,0.403744670601839,0.222891426963376,0.222081350052879,0.192088479379025,0.177624558944457,0.140279459933373
469,0.366910990862085,0.247759640188542,0.236301613614802,0.301887051542692,0.369843682925459,0.199491561253654
261,0.414271770359505,0.202303599215116,0.228656878414890,0.194724220966719,0.173309128978783,0.140539522938054
448,0.431364974573073,0.201594638931909,0.226165913043895,0.193398287644562,0.156008702799071,0.163123316426449
595,0.462295554374572,0.220471637257467,0.259638241659144,0.184568357977156,0.160502026996677,0.186394027664835
453,0.423788147113161,0.209608564537159,0.208860644258667,0.160930368981928,0.156400988328558,0.176522456496951
327,0.351210191887716,0.182190212262849,0.182190212262849,0.300905518027404,0.368866547920421,0.206639944148685
462,0.451106215483896,0.220471637257467,0.214949882112267,0.254108759679802,0.164480729737195,0.184568357977156
359,0.408537424783786,0.212638240623736,0.201594638931909,0.187631241909896,0.170736402643872,0.150148946700048
522,0.389289635189169,0.238033800236652,0.228656878414890,0.155619579790919,0.145622826217966,0.140279459933373
465,0.418084423539314,0.232023448734304,0.198798498578782,0.214175622695954,0.170233153496669,0.183371292540019
501,0.443610401564419,0.220471637257467,0.16634019279706,0.212638240623736,0.142423961905656,0.140279459933373
531,0.439851241970584,0.26336509235663,0.203733362812729,0.257786672914962,0.338394673319409,0.181025063276694
430,0.434198112267997,0.222891426963376,0.187010622123131,0.175435913518267,0.178742307944130,0.144424803121843
799,0.558863289375474,0.287236372741756,0.258711437790672,0.236301613614802,0.200889639762023,0.140279459933373
544,0.477118801080669,0.242414171861771,0.231177046607856,0.184568357977156,0.165869963138432,0.143266847840142
444,0.399901217123282,0.172787005806565,0.200188610986799,0.190154027575454,0.157195124574254,0.152256565618780
272,0.407579902497849,0.183371292540019,0.151897993103576,0.209608564537159,0.140279459933373,0.143840891542185
332,0.434198112267997,0.201594638931909,0.219672052767678,0.181025063276694,0.150148946700048,0.140279459933373
405,0.434198112267997,0.203733362812729,0.206639944148685,0.186394027664835,0.151542367809210,0.140279459933373
564,0.488169238277247,0.218876016213984,0.226992939983781,0.204454144375473,0.190154027575454,0.140279459933373
434,0.451106215483896,0.214949882112267,0.228656878414890,0.221274744825972,0.152256565618780,0.148471133452426
399,0.419036311953547,0.222081350052879,0.250466494772263,0.176522456496951,0.140279459933373,0.168745733831007
358,0.389289635189169,0.205907447843523,0.243298519444439,0.219672052767678,0.165869963138432,0.173309128978783
442,0.446424815327873,0.226165913043895,0.197424363331222,0.217294683481912,0.170736402643872,0.140279459933373
661,0.464154311336516,0.264301525715948,0.247759640188542,0.214949882112267,0.186394027664835,0.156796455796649
494,0.455776216619560,0.23033379664679,0.190154027575454,0.172787005806565,0.179307075461499,0.140279459933373
432,0.411406907527978,0.201594638931909,0.250466494772263,0.140279459933373,0.196743303664015,0.167772573247934
507,0.457641082102348,0.238033800236652,0.231177046607856,0.212638240623736,0.172787005806565,0.140279459933373
553,0.453909567952752,0.218083551882790,0.218876016213984,0.217294683481912,0.140279459933373,0.143840891542185
402,0.414271770359505,0.220471637257467,0.238033800236652,0.182778757451073,0.157195124574254,0.146237238572002
248,0.397013246974146,0.188255890082703,0.181605650010004,0.214175622695954,0.164940248736627,0.155233599845476
196,0.432309844864813,0.172268685450245,0.140279459933373,0.434198112267997,0.576742857104671,0.323575487390111
410,0.41331732873535,0.203016510694019,0.222891426963376,0.189517281185082,0.168257318749387,0.153720720340875
450,0.439851241970584,0.228656878414890,0.218083551882790,0.218876016213984,0.181605650010004,0.208116557082828
386,0.439851241970584,0.237166246337142,0.166814026627726,0.213405068833102,0.173309128978783,0.157195124574254
451,0.404704249910189,0.237166246337142,0.195393227873188,0.201594638931909,0.185781454960399,0.156400988328558
471,0.419036311953547,0.241532534498303,0.215727826366646,0.174898448025698,0.169733635746363,0.153720720340875
436,0.456708871220304,0.252283020211930,0.256863984839407,0.224521889216861,0.194059239855938,0.151189670120080
508,0.427580548847338,0.200188610986799,0.190154027575454,0.232872971194181,0.283362392853609,0.177624558944457
621,0.486331294331022,0.26336509235663,0.237166246337142,0.179875784505171,0.185172899926102,0.194724220966719
379,0.416179118323367,0.192741366843982,0.218083551882790,0.190154027575454,0.183371292540019,0.140279459933373
495,0.44923503724365,0.225342219919308,0.231177046607856,0.218083551882790,0.176522456496951,0.183967824035887
357,0.419987692000204,0.194724220966719,0.183371292540019,0.205178843545358,0.196066256873814,0.167291481291287
386,0.39218977751084,0.188255890082703,0.192088479379025,0.185172899926102,0.142423961905656,0.150839880430613
429,0.411406907527978,0.209608564537159,0.232872971194181,0.160930368981928,0.148143904307162,0.140279459933373
359,0.427580548847338,0.207376318697083,0.206639944148685,0.165869963138432,0.185781454960399,0.146237238572002
495,0.440791745314472,0.244185541162083,0.229493730258852,0.237166246337142,0.203733362812729,0.183967824035887
334,0.37179664134119,0.177071557205383,0.219672052767678,0.140279459933373,0.178742307944130,0.140279459933373
338,0.436084425669404,0.191439626593958,0.238904240888872,0.174898448025698,0.166814026627726,0.146862120354825
504,0.459504181093247,0.273759486818862,0.26336509235663,0.228656878414890,0.186394027664835,0.140279459933373
568,0.464154311336516,0.254108759679802,0.226992939983781,0.170233153496669,0.140279459933373,0.147178535004063
473,0.424736999725661,0.212638240623736,0.218083551882790,0.201594638931909,0.178742307944130,0.169237834303805
275,0.439851241970584,0.228656878414890,0.215727826366646,0.214175622695954,0.189517281185082,0.204454144375473
433,0.403744670601839,0.191439626593958,0.154094323280450,0.188884569174318,0.178742307944130,0.140279459933373
596,0.470646634478409,0.259638241659144,0.238033800236652,0.183371292540019,0.202303599215116,0.183371292540019
441,0.400862850180983,0.201594638931909,0.180448444205294,0.225342219919308,0.140279459933373,0.173309128978783
410,0.424736999725661,0.164024746412181,0.191439626593958,0.199491561253654,0.140279459933373,0.140279459933373
335,0.362014841934518,0.205178843545358,0.183967824035887,0.229493730258852,0.142423961905656,0.140279459933373
418,0.412362374614871,0.208860644258667,0.190154027575454,0.205907447843523,0.173835068385563,0.140279459933373
329,0.395085382089401,0.220471637257467,0.200188610986799,0.206639944148685,0.189517281185082,0.166814026627726
382,0.422838791105066,0.199491561253654,0.250466494772263,0.214175622695954,0.238904240888872,0.211115838461421
414,0.425685350085428,0.203733362812729,0.212638240623736,0.156008702799071,0.171754154191287,0.140279459933373
402,0.416179118323367,0.210360301592275,0.198798498578782,0.140279459933373,0.188255890082703,0.147178535004063
484,0.426633199381427,0.196066256873814,0.207376318697083,0.140279459933373,0.200188610986799,0.150839880430613
397,0.417132025922147,0.180448444205294,0.233725581744281,0.182190212262849,0.152982630801945,0.144131604573628
408,0.434198112267997,0.222081350052879,0.254108759679802,0.185781454960399,0.140801836156987,0.140279459933373
525,0.497337158291481,0.245075200706715,0.201594638931909,0.198109430350217,0.192741366843982,0.148471133452426
205,0.412362374614871,0.143840891542185,0.194724220966719,0.202303599215116,0.156400988328558,0.171243398019944
475,0.445487145704544,0.206639944148685,0.233725581744281,0.204454144375473,0.164024746412181,0.140279459933373
446,0.422838791105066,0.198109430350217,0.214175622695954,0.161797245314680,0.141602453589765,0.160930368981928
463,0.423788147113161,0.191439626593958,0.190794809258731,0.187010622123131,0.174364837136968,0.140539522938054
242,0.390256851013871,0.179875784505171,0.217294683481912,0.147497624383717,0.184568357977156,0.150839880430613
186,0.361034414931008,0.185172899926102,0.208860644258667,0.159655442358187,0.168257318749387,0.140279459933373
468,0.411406907527978,0.197424363331222,0.232872971194181,0.151542367809210,0.205178843545358,0.156008702799071
339,0.408537424783786,0.226992939983781,0.225342219919308,0.194059239855938,0.181025063276694,0.157597013980819
477,0.404704249910189,0.238033800236652,0.243298519444439,0.183967824035887,0.171243398019944,0.143840891542185
463,0.424736999725661,0.218083551882790,0.219672052767678,0.208116557082828,0.169237834303805,0.183967824035887
316,0.363974517009122,0.156400988328558,0.232023448734304,0.147497624383717,0.140279459933373,0.162235816543637
448,0.439851241970584,0.252283020211930,0.23033379664679,0.190794809258731,0.219672052767678,0.201594638931909
277,0.384446102799712,0.205907447843523,0.223704949036996,0.151189670120080,0.171243398019944,0.140279459933373
440,0.436084425669404,0.221274744825972,0.219672052767678,0.196743303664015,0.140279459933373,0.146862120354825
651,0.463225147278761,0.221274744825972,0.205907447843523,0.226165913043895,0.16357228121085,0.155619579790919
389,0.442671323317129,0.226165913043895,0.234581247743386,0.192741366843982,0.150839880430613,0.140279459933373
454,0.415225700022613,0.210360301592275,0.177071557205383,0.221274744825972,0.141602453589765,0.149469410107982
359,0.420938564569721,0.213405068833102,0.198798498578782,0.26806502014066,0.256863984839407,0.16357228121085
317,0.404704249910189,0.177071557205383,0.190154027575454,0.177624558944457,0.150492979148870,0.171243398019944
428,0.438910260048710,0.229493730258852,0.222081350052879,0.200188610986799,0.161362102255135,0.140279459933373
345,0.368866547920421,0.192741366843982,0.214175622695954,0.176522456496951,0.140279459933373,0.148471133452426
453,0.41331732873535,0.222081350052879,0.213405068833102,0.191439626593958,0.174898448025698,0.16357228121085
301,0.436084425669404,0.272806580486754,0.242414171861771,0.240653643199231,0.250466494772263,0.208860644258667
461,0.442671323317129,0.205907447843523,0.222891426963376,0.200188610986799,0.152618104976752,0.140279459933373
309,0.404704249910189,0.160077057692081,0.216509434133377,0.178181472416481,0.146862120354825,0.140279459933373
427,0.408537424783786,0.186394027664835,0.227823271636467,0.140279459933373,0.182778757451073,0.157597013980819
572,0.453909567952752,0.200889639762023,0.232872971194181,0.222081350052879,0.246862287018223,0.170736402643872
370,0.404704249910189,0.238033800236652,0.212638240623736,0.203733362812729,0.140279459933373,0.140279459933373
447,0.462295554374572,0.209608564537159,0.189517281185082,0.179875784505171,0.164024746412181,0.150148946700048
536,0.438910260048710,0.252283020211930,0.242414171861771,0.234581247743386,0.161362102255135,0.164480729737195
467,0.415225700022613,0.210360301592275,0.190154027575454,0.258711437790672,0.302869127130412,0.171243398019944
560,0.467866722440866,0.228656878414890,0.227823271636467,0.200889639762023,0.168745733831007,0.143266847840142
411,0.466011361565902,0.255024990396885,0.260567046745838,0.219672052767678,0.187010622123131,0.210360301592275
395,0.427580548847338,0.209608564537159,0.181605650010004,0.206639944148685,0.16634019279706,0.154094323280450
513,0.468793774829766,0.262430509724191,0.234581247743386,0.244185541162083,0.164024746412181,0.152256565618780
467,0.50099448051522,0.290152214217331,0.217294683481912,0.221274744825972,0.153350162717428,0.147819407725247
440,0.428527399760189,0.221274744825972,0.182778757451073,0.208116557082828,0.156400988328558,0.164940248736627
404,0.415225700022613,0.204454144375473,0.228656878414890,0.199491561253654,0.140279459933373,0.140279459933373
403,0.42188893060604,0.203016510694019,0.205907447843523,0.206639944148685,0.149133866930996,0.140279459933373
461,0.431364974573073,0.192088479379025,0.222081350052879,0.171243398019944,0.161797245314680,0.154470991130581
491,0.386384998416716,0.208860644258667,0.218876016213984,0.166814026627726,0.151897993103576,0.140279459933373
415,0.415225700022613,0.207376318697083,0.210360301592275,0.169733635746363,0.175977245746161,0.151189670120080
433,0.450170855356869,0.195393227873188,0.211115838461421,0.210360301592275,0.143840891542185,0.140279459933373
381,0.387353706987488,0.210360301592275,0.211115838461421,0.171243398019944,0.179307075461499,0.140279459933373
447,0.402784577338547,0.225342219919308,0.252283020211930,0.180448444205294,0.140279459933373,0.142702524367706
419,0.43702685358426,0.225342219919308,0.185781454960399,0.185781454960399,0.184568357977156,0.171243398019944
502,0.44923503724365,0.227823271636467,0.169237834303805,0.196743303664015,0.172268685450245,0.140279459933373
419,0.416179118323367,0.203733362812729,0.222081350052879,0.186394027664835,0.164940248736627,0.140279459933373
315,0.416179118323367,0.177624558944457,0.198798498578782,0.183371292540019,0.165869963138432,0.152982630801945
360,0.416179118323367,0.187010622123131,0.182190212262849,0.212638240623736,0.140279459933373,0.142147774681471
378,0.388321919900050,0.192088479379025,0.206639944148685,0.173835068385563,0.140279459933373,0.154094323280450
515,0.419987692000204,0.266179795115631,0.245967461561916,0.240653643199231,0.154850743467635,0.201594638931909
302,0.41331732873535,0.235439936165745,0.23977753355553,0.207376318697083,0.178181472416481,0.191439626593958
297,0.429473753439024,0.210360301592275,0.200188610986799,0.331480818156256,0.462295554374572,0.206639944148685
484,0.470646634478409,0.237166246337142,0.228656878414890,0.205907447843523,0.168745733831007,0.153720720340875
551,0.440791745314472,0.240653643199231,0.222081350052879,0.160502026996677,0.162677834203278,0.175977245746161
365,0.433254223593108,0.207376318697083,0.23033379664679,0.140279459933373,0.208116557082828,0.140279459933373
521,0.503733909185275,0.264301525715948,0.217294683481912,0.207376318697083,0.168745733831007,0.175977245746161
595,0.532779695838002,0.288207386188063,0.257786672914962,0.244185541162083,0.206639944148685,0.140279459933373
352,0.463225147278761,0.236301613614802,0.258711437790672,0.184568357977156,0.198798498578782,0.188884569174318
369,0.367888982200334,0.188884569174318,0.188884569174318,0.190794809258731,0.150148946700048,0.146862120354825
438,0.419036311953547,0.198109430350217,0.205178843545358,0.186394027664835,0.172787005806565,0.155233599845476
370,0.361034414931008,0.181605650010004,0.191439626593958,0.16634019279706,0.172268685450245,0.140279459933373
325,0.375697185802696,0.185172899926102,0.218876016213984,0.191439626593958,0.140279459933373,0.141873944585676
209,0.469720411442728,0.35612665264182,0.288207386188063,0.305818349289740,0.256863984839407,0.188255890082703
471,0.427580548847338,0.211875157547888,0.219672052767678,0.159237162188545,0.188255890082703,0.148143904307162
520,0.40662186593712,0.23033379664679,0.196066256873814,0.32950458986508,0.442671323317129,0.224521889216861
459,0.45297556976512,0.202303599215116,0.238033800236652,0.177071557205383,0.155619579790919,0.140279459933373
369,0.45297556976512,0.225342219919308,0.232872971194181,0.205907447843523,0.187010622123131,0.153350162717428
396,0.367888982200334,0.183967824035887,0.198109430350217,0.211115838461421,0.163123316426449,0.175977245746161
231,0.39893907178823,0.260567046745838,0.233725581744281,0.302869127130412,0.404704249910189,0.180448444205294
368,0.418084423539314,0.194724220966719,0.217294683481912,0.186394027664835,0.153350162717428,0.153720720340875
312,0.429473753439024,0.190794809258731,0.191439626593958,0.207376318697083,0.140279459933373,0.16357228121085
388,0.404704249910189,0.210360301592275,0.195393227873188,0.174364837136968,0.144720505822661,0.167772573247934
459,0.426633199381427,0.199491561253654,0.207376318697083,0.162677834203278,0.160077057692081,0.140279459933373
430,0.420938564569721,0.208860644258667,0.236301613614802,0.182778757451073,0.142423961905656,0.164024746412181
282,0.479886604427388,0.253194757033311,0.194724220966719,0.208116557082828,0.168257318749387,0.140279459933373
361,0.436084425669404,0.190794809258731,0.182778757451073,0.213405068833102,0.140279459933373,0.148801114525785
374,0.366910990862085,0.166814026627726,0.194724220966719,0.176522456496951,0.152256565618780,0.144720505822661
474,0.437968797820157,0.225342219919308,0.211115838461421,0.190794809258731,0.165869963138432,0.140279459933373
532,0.455776216619560,0.200889639762023,0.174364837136968,0.193398287644562,0.140279459933373,0.160502026996677
369,0.423788147113161,0.251373586915138,0.233725581744281,0.226992939983781,0.164024746412181,0.165869963138432
412,0.444549008408857,0.232872971194181,0.175977245746161,0.212638240623736,0.159655442358187,0.144131604573628
385,0.433254223593108,0.211115838461421,0.209608564537159,0.199491561253654,0.181605650010004,0.140279459933373
362,0.387353706987488,0.190154027575454,0.180448444205294,0.186394027664835,0.145319498566922,0.143266847840142
422,0.419987692000204,0.227823271636467,0.205178843545358,0.206639944148685,0.176522456496951,0.168257318749387
361,0.44923503724365,0.208116557082828,0.23033379664679,0.174364837136968,0.194059239855938,0.148143904307162
400,0.412362374614871,0.150839880430613,0.179875784505171,0.198109430350217,0.144720505822661,0.145018731380577
249,0.445487145704544,0.160077057692081,0.200188610986799,0.173835068385563,0.185781454960399,0.162235816543637
375,0.434198112267997,0.264301525715948,0.26336509235663,0.243298519444439,0.226992939983781,0.141873944585676
384,0.466939252082330,0.168745733831007,0.193398287644562,0.196743303664015,0.149807763529887,0.163123316426449
432,0.446424815327873,0.235439936165745,0.244185541162083,0.206639944148685,0.154094323280450,0.160502026996677
533,0.461365530470573,0.244185541162083,0.198798498578782,0.192088479379025,0.171243398019944,0.156400988328558
362,0.395085382089401,0.208116557082828,0.199491561253654,0.205178843545358,0.168745733831007,0.188255890082703
355,0.429473753439024,0.248659484023583,0.231177046607856,0.182778757451073,0.178742307944130,0.157195124574254
456,0.45297556976512,0.218876016213984,0.236301613614802,0.207376318697083,0.164940248736627,0.142423961905656
366,0.384446102799712,0.252283020211930,0.232872971194181,0.182190212262849,0.202303599215116,0.140279459933373
657,0.540896650628897,0.40566331506169,0.36005360357005,0.285297304030371,0.213405068833102,0.184568357977156
324,0.480808424194665,0.235439936165745,0.249561781327291,0.196743303664015,0.178742307944130,0.168745733831007
415,0.434198112267997,0.222891426963376,0.240653643199231,0.196066256873814,0.175435913518267,0.165869963138432
275,0.447362019176649,0.156796455796649,0.214949882112267,0.140279459933373,0.157597013980819,0.140539522938054
370,0.418084423539314,0.223704949036996,0.213405068833102,0.245967461561916,0.323575487390111,0.185172899926102
511,0.482650905054512,0.235439936165745,0.241532534498303,0.184568357977156,0.153350162717428,0.178742307944130
517,0.439851241970584,0.237166246337142,0.229493730258852,0.23977753355553,0.151897993103576,0.140279459933373
412,0.393155485097713,0.172268685450245,0.220471637257467,0.204454144375473,0.160930368981928,0.152256565618780
425,0.433254223593108,0.237166246337142,0.212638240623736,0.189517281185082,0.168257318749387,0.144720505822661
668,0.478041795094857,0.306802338059224,0.281431899695417,0.23977753355553,0.221274744825972,0.165869963138432
304,0.435141512434088,0.233725581744281,0.254108759679802,0.198798498578782,0.214175622695954,0.216509434133377
517,0.478964395469008,0.226992939983781,0.200889639762023,0.199491561253654,0.178742307944130,0.166814026627726
339,0.420938564569721,0.200188610986799,0.185172899926102,0.192741366843982,0.142702524367706,0.140279459933373
294,0.460435073421994,0.168257318749387,0.179875784505171,0.187010622123131,0.140539522938054,0.146548361254107
416,0.336419918223748,0.173835068385563,0.186394027664835,0.182190212262849,0.142702524367706,0.152256565618780
465,0.439851241970584,0.200889639762023,0.223704949036996,0.182778757451073,0.182190212262849,0.143266847840142
233,0.418084423539314,0.194724220966719,0.153350162717428,0.345300444024283,0.474347434968947,0.232872971194181
292,0.43702685358426,0.236301613614802,0.188255890082703,0.238033800236652,0.190794809258731,0.156400988328558
515,0.435141512434088,0.222081350052879,0.222081350052879,0.164024746412181,0.198798498578782,0.140279459933373
366,0.467866722440866,0.274713840722163,0.257786672914962,0.213405068833102,0.251373586915138,0.187010622123131
474,0.436084425669404,0.251373586915138,0.205907447843523,0.228656878414890,0.205907447843523,0.140279459933373
634,0.478041795094857,0.233725581744281,0.212638240623736,0.158002143279100,0.220471637257467,0.162235816543637
366,0.407579902497849,0.217294683481912,0.228656878414890,0.226165913043895,0.344314559496454,0.16634019279706
363,0.376671178467619,0.190794809258731,0.218876016213984,0.225342219919308,0.245075200706715,0.147178535004063
384,0.469720411442728,0.245967461561916,0.238904240888872,0.181605650010004,0.188884569174318,0.142147774681471
326,0.452041119617036,0.185172899926102,0.225342219919308,0.160077057692081,0.16357228121085,0.140279459933373
511,0.447362019176649,0.256863984839407,0.221274744825972,0.164480729737195,0.213405068833102,0.168257318749387
331,0.397976414823837,0.205178843545358,0.226165913043895,0.200188610986799,0.140279459933373,0.164024746412181
425,0.414271770359505,0.205907447843523,0.208860644258667,0.182778757451073,0.140279459933373,0.148801114525785
407,0.417132025922147,0.203016510694019,0.210360301592275,0.187631241909896,0.158410531669826,0.150148946700048
312,0.387353706987488,0.192741366843982,0.182190212262849,0.179307075461499,0.152982630801945,0.140279459933373
448,0.420938564569721,0.211115838461421,0.226165913043895,0.173835068385563,0.157195124574254,0.143840891542185
372,0.438910260048710,0.217294683481912,0.229493730258852,0.140279459933373,0.175977245746161,0.140279459933373
531,0.427580548847338,0.206639944148685,0.218876016213984,0.188884569174318,0.145928733232941,0.143266847840142
308,0.438910260048710,0.189517281185082,0.214949882112267,0.227823271636467,0.140279459933373,0.147819407725247
450,0.415225700022613,0.205907447843523,0.185781454960399,0.208116557082828,0.154850743467635,0.140279459933373
524,0.431364974573073,0.222891426963376,0.204454144375473,0.182190212262849,0.187010622123131,0.140279459933373
316,0.441731771836077,0.180448444205294,0.222081350052879,0.169733635746363,0.160077057692081,0.172787005806565
431,0.448298759169222,0.211875157547888,0.211875157547888,0.200889639762023,0.140539522938054,0.140279459933373
475,0.462295554374572,0.211115838461421,0.208860644258667,0.178742307944130,0.179307075461499,0.140279459933373
390,0.40662186593712,0.176522456496951,0.161362102255135,0.198798498578782,0.153350162717428,0.158002143279100
446,0.445487145704544,0.229493730258852,0.229493730258852,0.167772573247934,0.156008702799071,0.147497624383717
349,0.461365530470573,0.170736402643872,0.185781454960399,0.203733362812729,0.152256565618780,0.140279459933373
448,0.453909567952752,0.207376318697083,0.208116557082828,0.190794809258731,0.145928733232941,0.195393227873188
487,0.424736999725661,0.222081350052879,0.206639944148685,0.171243398019944,0.182190212262849,0.187010622123131
457,0.461365530470573,0.261497815323131,0.261497815323131,0.215727826366646,0.188255890082703,0.159237162188545
154,0.293075998312143,0.140279459933373,0.198109430350217,0.184568357977156,0.141602453589765,0.140279459933373
431,0.446424815327873,0.200889639762023,0.194724220966719,0.211875157547888,0.149133866930996,0.158822198286243
468,0.450170855356869,0.211875157547888,0.228656878414890,0.222081350052879,0.171243398019944,0.140279459933373
405,0.414271770359505,0.231177046607856,0.188255890082703,0.206639944148685,0.167772573247934,0.159655442358187
459,0.451106215483896,0.235439936165745,0.224521889216861,0.198109430350217,0.154470991130581,0.140279459933373
874,0.457641082102348,0.260567046745838,0.218876016213984,0.224521889216861,0.200188610986799,0.156796455796649
523,0.469720411442728,0.221274744825972,0.226165913043895,0.203016510694019,0.165869963138432,0.175977245746161
545,0.441731771836077,0.211875157547888,0.235439936165745,0.140279459933373,0.200889639762023,0.140279459933373
368,0.42188893060604,0.211875157547888,0.216509434133377,0.169237834303805,0.156796455796649,0.140279459933373
343,0.386384998416716,0.223704949036996,0.234581247743386,0.204454144375473,0.172268685450245,0.152256565618780
441,0.419987692000204,0.255024990396885,0.200188610986799,0.217294683481912,0.211875157547888,0.160502026996677
378,0.399901217123282,0.217294683481912,0.222891426963376,0.185781454960399,0.173309128978783,0.141602453589765
368,0.397013246974146,0.187631241909896,0.188884569174318,0.185781454960399,0.158822198286243,0.140279459933373
431,0.425685350085428,0.211875157547888,0.211115838461421,0.192088479379025,0.140279459933373,0.140279459933373
394,0.419987692000204,0.232872971194181,0.188884569174318,0.211115838461421,0.183371292540019,0.173309128978783
318,0.412362374614871,0.187631241909896,0.199491561253654,0.198109430350217,0.140279459933373,0.140279459933373
379,0.40566331506169,0.194724220966719,0.211115838461421,0.170736402643872,0.165403320798019,0.149133866930996
353,0.44923503724365,0.227823271636467,0.240653643199231,0.213405068833102,0.178181472416481,0.196743303664015
504,0.441731771836077,0.221274744825972,0.231177046607856,0.178742307944130,0.148801114525785,0.147497624383717
493,0.464154311336516,0.233725581744281,0.211875157547888,0.174364837136968,0.200889639762023,0.152256565618780
365,0.385415796280043,0.199491561253654,0.214949882112267,0.140279459933373,0.191439626593958,0.164940248736627
418,0.463225147278761,0.224521889216861,0.255943411389996,0.140279459933373,0.177071557205383,0.140279459933373
434,0.41331732873535,0.221274744825972,0.248659484023583,0.164024746412181,0.140279459933373,0.140279459933373
363,0.479886604427388,0.227823271636467,0.232023448734304,0.159237162188545,0.182778757451073,0.171754154191287
414,0.432309844864813,0.235439936165745,0.224521889216861,0.187631241909896,0.161362102255135,0.169237834303805
584,0.452041119617036,0.251373586915138,0.214175622695954,0.168257318749387,0.194724220966719,0.156400988328558
403,0.423788147113161,0.194059239855938,0.210360301592275,0.212638240623736,0.140279459933373,0.140279459933373
414,0.442671323317129,0.236301613614802,0.228656878414890,0.210360301592275,0.140279459933373,0.174364837136968
209,0.271855157449252,0.198798498578782,0.235439936165745,0.214175622695954,0.195393227873188,0.194724220966719
443,0.448298759169222,0.247759640188542,0.232872971194181,0.173835068385563,0.192741366843982,0.158410531669826
350,0.372772455485757,0.188884569174318,0.224521889216861,0.160930368981928,0.165403320798019,0.168745733831007
445,0.432309844864813,0.201594638931909,0.227823271636467,0.182778757451073,0.160930368981928,0.154094323280450
257,0.43702685358426,0.203733362812729,0.185172899926102,0.207376318697083,0.144131604573628,0.140801836156987
424,0.441731771836077,0.205178843545358,0.251373586915138,0.155233599845476,0.182778757451073,0.154094323280450
392,0.461365530470573,0.220471637257467,0.222081350052879,0.172787005806565,0.179307075461499,0.175435913518267
328,0.387353706987488,0.214175622695954,0.186394027664835,0.188884569174318,0.182190212262849,0.140279459933373
293,0.442671323317129,0.238904240888872,0.207376318697083,0.270905253648299,0.386384998416716,0.195393227873188
562,0.478964395469008,0.262430509724191,0.199491561253654,0.259638241659144,0.175977245746161,0.140801836156987
868,0.49459052794554,0.277585234113443,0.248659484023583,0.260567046745838,0.238904240888872,0.212638240623736
451,0.466011361565902,0.270905253648299,0.23977753355553,0.164024746412181,0.206639944148685,0.185781454960399
470,0.464154311336516,0.214175622695954,0.196743303664015,0.185781454960399,0.153720720340875,0.140279459933373
469,0.434198112267997,0.226165913043895,0.198109430350217,0.193398287644562,0.162677834203278,0.140279459933373
380,0.411406907527978,0.190794809258731,0.226992939983781,0.224521889216861,0.140279459933373,0.140279459933373
485,0.418084423539314,0.188255890082703,0.194724220966719,0.192741366843982,0.158002143279100,0.150839880430613
467,0.419036311953547,0.215727826366646,0.222081350052879,0.187010622123131,0.183967824035887,0.158822198286243
415,0.443610401564419,0.238904240888872,0.247759640188542,0.140279459933373,0.201594638931909,0.140279459933373
491,0.457641082102348,0.204454144375473,0.214175622695954,0.196743303664015,0.150492979148870,0.140279459933373
446,0.429473753439024,0.205178843545358,0.233725581744281,0.140279459933373,0.177624558944457,0.152982630801945
348,0.404704249910189,0.172787005806565,0.214949882112267,0.170736402643872,0.153350162717428,0.140279459933373
589,0.473422844172892,0.232872971194181,0.238033800236652,0.140279459933373,0.165403320798019,0.147178535004063
481,0.432309844864813,0.222891426963376,0.234581247743386,0.156796455796649,0.183967824035887,0.140279459933373
228,0.404704249910189,0.155233599845476,0.210360301592275,0.174898448025698,0.155619579790919,0.160077057692081
476,0.441731771836077,0.242414171861771,0.236301613614802,0.200889639762023,0.198798498578782,0.153350162717428
560,0.489087655334828,0.236301613614802,0.234581247743386,0.190154027575454,0.185781454960399,0.156796455796649
456,0.404704249910189,0.176522456496951,0.198798498578782,0.147497624383717,0.172787005806565,0.141333283747465
313,0.397013246974146,0.206639944148685,0.202303599215116,0.185172899926102,0.192741366843982,0.142702524367706
393,0.455776216619560,0.243298519444439,0.258711437790672,0.185781454960399,0.152256565618780,0.193398287644562
255,0.32950458986508,0.156796455796649,0.201594638931909,0.185172899926102,0.150148946700048,0.154850743467635
490,0.547195695509664,0.234581247743386,0.236301613614802,0.23977753355553,0.164480729737195,0.144424803121843
417,0.39604956908159,0.192088479379025,0.198798498578782,0.183371292540019,0.148143904307162,0.140279459933373
393,0.435141512434088,0.208116557082828,0.213405068833102,0.181025063276694,0.152256565618780,0.140279459933373
369,0.434198112267997,0.210360301592275,0.205907447843523,0.210360301592275,0.171243398019944,0.172787005806565
436,0.40662186593712,0.220471637257467,0.196066256873814,0.168257318749387,0.192741366843982,0.141066417195949
454,0.391223565654671,0.209608564537159,0.169733635746363,0.171243398019944,0.173309128978783,0.160930368981928
477,0.43702685358426,0.232872971194181,0.232872971194181,0.217294683481912,0.162677834203278,0.178742307944130
249,0.381534098529382,0.159237162188545,0.182190212262849,0.153350162717428,0.179307075461499,0.140279459933373
348,0.45297556976512,0.205907447843523,0.200188610986799,0.160930368981928,0.168745733831007,0.140279459933373
191,0.299924552865763,0.179307075461499,0.181025063276694,0.172787005806565,0.159655442358187,0.140279459933373
417,0.437968797820157,0.192088479379025,0.224521889216861,0.160077057692081,0.160502026996677,0.149133866930996
352,0.393155485097713,0.164024746412181,0.171754154191287,0.211115838461421,0.164480729737195,0.141873944585676
509,0.448298759169222,0.23033379664679,0.238904240888872,0.185172899926102,0.187631241909896,0.175977245746161
370,0.407579902497849,0.181605650010004,0.246862287018223,0.140279459933373,0.180448444205294,0.140279459933373
633,0.510114381882143,0.354161056920203,0.296006914761259,0.266179795115631,0.216509434133377,0.160930368981928
394,0.384446102799712,0.182190212262849,0.192088479379025,0.165869963138432,0.161797245314680,0.140279459933373
444,0.470646634478409,0.280468392646033,0.274713840722163,0.228656878414890,0.140279459933373,0.144424803121843
484,0.455776216619560,0.243298519444439,0.203016510694019,0.196743303664015,0.199491561253654,0.145018731380577
369,0.466939252082330,0.196743303664015,0.214175622695954,0.183371292540019,0.169733635746363,0.140801836156987
441,0.452041119617036,0.212638240623736,0.205907447843523,0.205907447843523,0.142423961905656,0.140801836156987
326,0.412362374614871,0.219672052767678,0.237166246337142,0.169237834303805,0.197424363331222,0.154850743467635
413,0.483571570595327,0.258711437790672,0.23033379664679,0.245075200706715,0.140279459933373,0.156400988328558
371,0.39893907178823,0.202303599215116,0.173835068385563,0.218876016213984,0.140279459933373,0.140279459933373
490,0.45297556976512,0.214175622695954,0.218876016213984,0.152982630801945,0.184568357977156,0.140279459933373
419,0.454843116219575,0.234581247743386,0.216509434133377,0.156796455796649,0.198109430350217,0.155619579790919
273,0.327528205863718,0.171754154191287,0.223704949036996,0.14298348025674,0.181605650010004,0.152256565618780
376,0.430419611243593,0.240653643199231,0.200889639762023,0.342342090635241,0.441731771836077,0.229493730258852
363,0.440791745314472,0.222891426963376,0.200188610986799,0.199491561253654,0.16357228121085,0.157597013980819
360,0.415225700022613,0.194059239855938,0.210360301592275,0.146548361254107,0.180448444205294,0.172268685450245
405,0.464154311336516,0.211875157547888,0.237166246337142,0.171243398019944,0.169733635746363,0.140279459933373
449,0.414271770359505,0.23977753355553,0.203016510694019,0.174898448025698,0.178181472416481,0.140279459933373
327,0.416179118323367,0.183967824035887,0.161362102255135,0.225342219919308,0.158002143279100,0.149133866930996
326,0.407579902497849,0.23033379664679,0.217294683481912,0.218876016213984,0.192088479379025,0.182778757451073
470,0.436084425669404,0.216509434133377,0.188884569174318,0.210360301592275,0.175977245746161,0.148801114525785
487,0.408537424783786,0.237166246337142,0.251373586915138,0.179307075461499,0.196066256873814,0.152982630801945
819,0.510114381882143,0.255943411389996,0.216509434133377,0.222891426963376,0.186394027664835,0.140279459933373
490,0.482650905054512,0.255943411389996,0.204454144375473,0.231177046607856,0.158002143279100,0.146862120354825
476,0.480808424194665,0.240653643199231,0.212638240623736,0.23977753355553,0.146548361254107,0.177071557205383
379,0.39604956908159,0.206639944148685,0.203733362812729,0.178742307944130,0.168745733831007,0.151897993103576
410,0.402784577338547,0.220471637257467,0.235439936165745,0.171754154191287,0.203016510694019,0.146862120354825
405,0.427580548847338,0.205907447843523,0.237166246337142,0.157597013980819,0.170233153496669,0.150148946700048
513,0.448298759169222,0.238033800236652,0.222081350052879,0.204454144375473,0.164024746412181,0.144720505822661
447,0.440791745314472,0.225342219919308,0.23033379664679,0.182190212262849,0.177071557205383,0.185172899926102
330,0.428527399760189,0.185781454960399,0.242414171861771,0.140279459933373,0.184568357977156,0.140279459933373
351,0.403744670601839,0.212638240623736,0.175977245746161,0.184568357977156,0.144131604573628,0.140279459933373
458,0.508293008226672,0.265239772398733,0.266179795115631,0.215727826366646,0.183967824035887,0.168257318749387
451,0.459504181093247,0.245075200706715,0.257786672914962,0.205907447843523,0.201594638931909,0.148143904307162
428,0.40566331506169,0.205178843545358,0.182778757451073,0.242414171861771,0.140279459933373,0.149807763529887
429,0.411406907527978,0.205178843545358,0.220471637257467,0.217294683481912,0.143266847840142,0.153720720340875
443,0.42188893060604,0.234581247743386,0.188884569174318,0.140279459933373,0.167291481291287,0.162235816543637
366,0.375697185802696,0.201594638931909,0.195393227873188,0.160077057692081,0.169237834303805,0.140279459933373
433,0.429473753439024,0.228656878414890,0.242414171861771,0.181025063276694,0.173835068385563,0.180448444205294
466,0.451106215483896,0.184568357977156,0.226165913043895,0.170736402643872,0.169733635746363,0.140279459933373
318,0.49459052794554,0.222891426963376,0.245075200706715,0.23033379664679,0.140279459933373,0.150492979148870
309,0.399901217123282,0.200188610986799,0.175977245746161,0.379590352485876,0.485411763012758,0.237166246337142
453,0.430419611243593,0.217294683481912,0.187010622123131,0.269956905233921,0.358090854945044,0.168745733831007
569,0.458572851358513,0.294052217151829,0.255943411389996,0.218876016213984,0.198798498578782,0.142423961905656
410,0.429473753439024,0.217294683481912,0.202303599215116,0.217294683481912,0.140279459933373,0.148143904307162
334,0.365932579194558,0.177071557205383,0.197424363331222,0.192088479379025,0.16634019279706,0.140279459933373
438,0.411406907527978,0.232023448734304,0.181605650010004,0.225342219919308,0.167772573247934,0.161797245314680
371,0.402784577338547,0.191439626593958,0.229493730258852,0.140279459933373,0.176522456496951,0.141333283747465
447,0.437968797820157,0.251373586915138,0.241532534498303,0.212638240623736,0.147497624383717,0.178742307944130
430,0.451106215483896,0.212638240623736,0.194059239855938,0.192088479379025,0.185781454960399,0.157195124574254
361,0.397013246974146,0.193398287644562,0.224521889216861,0.172787005806565,0.153350162717428,0.140279459933373
444,0.435141512434088,0.229493730258852,0.243298519444439,0.156008702799071,0.188255890082703,0.140279459933373
457,0.407579902497849,0.211875157547888,0.207376318697083,0.231177046607856,0.140279459933373,0.165403320798019
403,0.430419611243593,0.176522456496951,0.232872971194181,0.140279459933373,0.179307075461499,0.142702524367706
378,0.389289635189169,0.181605650010004,0.191439626593958,0.201594638931909,0.143552645462116,0.140279459933373
381,0.399901217123282,0.218083551882790,0.232023448734304,0.140279459933373,0.198109430350217,0.154094323280450
264,0.414271770359505,0.248659484023583,0.23033379664679,0.202303599215116,0.199491561253654,0.148801114525785
357,0.430419611243593,0.205178843545358,0.229493730258852,0.214175622695954,0.192741366843982,0.146548361254107
470,0.40182397040703,0.191439626593958,0.193398287644562,0.212638240623736,0.153720720340875,0.140279459933373
306,0.426633199381427,0.185781454960399,0.225342219919308,0.156008702799071,0.162235816543637,0.140279459933373
568,0.429473753439024,0.198798498578782,0.211875157547888,0.174364837136968,0.16357228121085,0.140279459933373
476,0.429473753439024,0.232023448734304,0.236301613614802,0.179875784505171,0.172268685450245,0.140279459933373
465,0.408537424783786,0.228656878414890,0.202303599215116,0.218083551882790,0.154850743467635,0.184568357977156
454,0.461365530470573,0.258711437790672,0.232023448734304,0.182190212262849,0.147178535004063,0.140279459933373
302,0.382505251364152,0.205178843545358,0.234581247743386,0.182190212262849,0.143266847840142,0.162235816543637
416,0.41331732873535,0.201594638931909,0.237166246337142,0.146862120354825,0.177071557205383,0.140279459933373
260,0.361034414931008,0.183371292540019,0.199491561253654,0.178742307944130,0.168745733831007,0.160502026996677
481,0.461365530470573,0.249561781327291,0.250466494772263,0.207376318697083,0.195393227873188,0.149469410107982
538,0.427580548847338,0.207376318697083,0.194724220966719,0.158822198286243,0.157597013980819,0.144131604573628
355,0.417132025922147,0.193398287644562,0.213405068833102,0.202303599215116,0.140279459933373,0.140279459933373
310,0.448298759169222,0.205907447843523,0.194724220966719,0.207376318697083,0.147819407725247,0.174898448025698
460,0.462295554374572,0.238904240888872,0.238904240888872,0.187631241909896,0.140279459933373,0.140279459933373
463,0.434198112267997,0.172268685450245,0.229493730258852,0.190794809258731,0.156796455796649,0.147497624383717
436,0.484491855840873,0.308771540986705,0.277585234113443,0.259638241659144,0.209608564537159,0.196066256873814
351,0.426633199381427,0.198798498578782,0.225342219919308,0.153350162717428,0.16634019279706,0.140279459933373
489,0.433254223593108,0.190154027575454,0.207376318697083,0.249561781327291,0.241532534498303,0.182190212262849
789,0.500080663267207,0.260567046745838,0.232872971194181,0.226165913043895,0.192088479379025,0.162677834203278
359,0.40662186593712,0.198109430350217,0.194724220966719,0.184568357977156,0.146237238572002,0.140279459933373
403,0.457641082102348,0.218876016213984,0.212638240623736,0.162677834203278,0.179307075461499,0.140279459933373
309,0.434198112267997,0.198798498578782,0.202303599215116,0.199491561253654,0.140279459933373,0.140279459933373
491,0.464154311336516,0.273759486818862,0.254108759679802,0.202303599215116,0.200188610986799,0.152256565618780
396,0.425685350085428,0.194724220966719,0.211115838461421,0.140279459933373,0.16357228121085,0.149469410107982
466,0.464154311336516,0.256863984839407,0.240653643199231,0.201594638931909,0.177624558944457,0.161797245314680
422,0.395085382089401,0.222891426963376,0.207376318697083,0.200188610986799,0.140279459933373,0.158002143279100
486,0.432309844864813,0.195393227873188,0.221274744825972,0.140279459933373,0.178181472416481,0.148143904307162
316,0.403744670601839,0.195393227873188,0.226992939983781,0.169237834303805,0.142423961905656,0.142702524367706
437,0.426633199381427,0.231177046607856,0.218083551882790,0.217294683481912,0.158822198286243,0.141873944585676
405,0.39604956908159,0.196743303664015,0.187010622123131,0.140279459933373,0.165869963138432,0.144720505822661
437,0.393155485097713,0.215727826366646,0.206639944148685,0.185781454960399,0.170736402643872,0.160930368981928
379,0.419987692000204,0.214175622695954,0.208860644258667,0.182778757451073,0.16357228121085,0.160930368981928
392,0.452041119617036,0.202303599215116,0.222891426963376,0.229493730258852,0.140279459933373,0.140279459933373
384,0.444549008408857,0.260567046745838,0.203016510694019,0.227823271636467,0.162677834203278,0.141873944585676
442,0.442671323317129,0.214175622695954,0.196743303664015,0.197424363331222,0.179875784505171,0.140279459933373
325,0.394120687044045,0.208860644258667,0.233725581744281,0.195393227873188,0.175435913518267,0.140279459933373
338,0.342342090635241,0.167772573247934,0.185781454960399,0.181605650010004,0.149807763529887,0.140279459933373
352,0.461365530470573,0.200188610986799,0.195393227873188,0.205907447843523,0.16634019279706,0.140279459933373
524,0.427580548847338,0.23033379664679,0.201594638931909,0.203733362812729,0.145319498566922,0.151897993103576
471,0.455776216619560,0.250466494772263,0.248659484023583,0.208860644258667,0.150492979148870,0.165403320798019
305,0.419987692000204,0.223704949036996,0.200889639762023,0.181605650010004,0.168745733831007,0.160077057692081
429,0.408537424783786,0.247759640188542,0.237166246337142,0.249561781327291,0.160930368981928,0.165869963138432
535,0.442671323317129,0.215727826366646,0.221274744825972,0.185781454960399,0.155233599845476,0.161797245314680
459,0.422838791105066,0.193398287644562,0.206639944148685,0.211115838461421,0.177071557205383,0.165403320798019
453,0.417132025922147,0.190794809258731,0.238904240888872,0.155233599845476,0.150148946700048,0.140279459933373
445,0.442671323317129,0.211115838461421,0.226992939983781,0.154850743467635,0.140279459933373,0.140279459933373
375,0.403744670601839,0.16357228121085,0.210360301592275,0.175435913518267,0.159237162188545,0.150839880430613
563,0.445487145704544,0.258711437790672,0.212638240623736,0.188255890082703,0.164024746412181,0.170736402643872
453,0.454843116219575,0.237166246337142,0.229493730258852,0.198109430350217,0.176522456496951,0.179307075461499
379,0.397013246974146,0.169733635746363,0.174364837136968,0.207376318697083,0.140279459933373,0.141333283747465
383,0.411406907527978,0.211115838461421,0.215727826366646,0.189517281185082,0.162235816543637,0.151897993103576
272,0.39893907178823,0.245967461561916,0.206639944148685,0.278545025785751,0.351210191887716,0.183967824035887
348,0.397976414823837,0.23033379664679,0.224521889216861,0.165869963138432,0.190794809258731,0.151189670120080
496,0.419987692000204,0.208116557082828,0.223704949036996,0.153720720340875,0.161362102255135,0.140279459933373
491,0.453909567952752,0.284329312589461,0.289179343702615,0.220471637257467,0.203016510694019,0.183371292540019
406,0.386384998416716,0.188255890082703,0.242414171861771,0.144720505822661,0.154470991130581,0.140279459933373
436,0.456708871220304,0.220471637257467,0.214949882112267,0.194059239855938,0.147819407725247,0.152256565618780
493,0.440791745314472,0.23033379664679,0.219672052767678,0.232023448734304,0.165869963138432,0.140539522938054
344,0.354161056920203,0.182778757451073,0.209608564537159,0.140279459933373,0.168257318749387,0.145018731380577
491,0.419987692000204,0.218876016213984,0.202303599215116,0.181605650010004,0.214175622695954,0.156796455796649
325,0.425685350085428,0.190794809258731,0.196743303664015,0.157597013980819,0.176522456496951,0.144131604573628
462,0.388321919900050,0.186394027664835,0.218083551882790,0.202303599215116,0.151542367809210,0.160930368981928
269,0.445487145704544,0.212638240623736,0.23033379664679,0.172787005806565,0.166814026627726,0.162677834203278
231,0.289179343702615,0.152618104976752,0.210360301592275,0.16634019279706,0.154094323280450,0.156796455796649
443,0.430419611243593,0.259638241659144,0.238904240888872,0.206639944148685,0.157597013980819,0.161362102255135
367,0.399901217123282,0.220471637257467,0.213405068833102,0.190794809258731,0.156796455796649,0.169237834303805
461,0.415225700022613,0.232023448734304,0.264301525715948,0.173309128978783,0.172787005806565,0.171754154191287
463,0.476195411202944,0.227823271636467,0.201594638931909,0.226165913043895,0.142423961905656,0.177624558944457
378,0.452041119617036,0.218083551882790,0.181605650010004,0.208860644258667,0.140279459933373,0.140279459933373
428,0.452041119617036,0.225342219919308,0.211115838461421,0.205178843545358,0.140279459933373,0.156008702799071
321,0.448298759169222,0.201594638931909,0.198109430350217,0.183371292540019,0.160502026996677,0.146237238572002
395,0.459504181093247,0.217294683481912,0.222081350052879,0.182778757451073,0.171754154191287,0.165403320798019
398,0.479886604427388,0.220471637257467,0.229493730258852,0.178742307944130,0.158410531669826,0.144424803121843
418,0.427580548847338,0.218876016213984,0.242414171861771,0.165869963138432,0.160930368981928,0.140279459933373
378,0.399901217123282,0.23977753355553,0.257786672914962,0.287236372741756,0.199491561253654,0.182778757451073
468,0.454843116219575,0.240653643199231,0.207376318697083,0.212638240623736,0.145928733232941,0.140279459933373
359,0.394120687044045,0.186394027664835,0.140279459933373,0.238033800236652,0.140279459933373,0.140279459933373
237,0.444549008408857,0.221274744825972,0.200188610986799,0.192088479379025,0.140279459933373,0.140279459933373
289,0.442671323317129,0.220471637257467,0.240653643199231,0.180448444205294,0.181025063276694,0.155619579790919
444,0.456708871220304,0.222891426963376,0.243298519444439,0.196743303664015,0.149133866930996,0.140279459933373
466,0.415225700022613,0.244185541162083,0.217294683481912,0.240653643199231,0.214949882112267,0.161797245314680
439,0.408537424783786,0.179307075461499,0.219672052767678,0.181605650010004,0.16357228121085,0.140279459933373
330,0.42188893060604,0.189517281185082,0.185172899926102,0.208116557082828,0.150839880430613,0.140279459933373
444,0.451106215483896,0.209608564537159,0.259638241659144,0.164480729737195,0.148143904307162,0.141602453589765
398,0.442671323317129,0.226992939983781,0.174898448025698,0.226165913043895,0.140279459933373,0.140279459933373
420,0.438910260048710,0.238904240888872,0.198798498578782,0.214175622695954,0.163123316426449,0.142423961905656
379,0.41331732873535,0.205178843545358,0.206639944148685,0.164480729737195,0.164024746412181,0.140279459933373
463,0.409494432911366,0.203016510694019,0.190154027575454,0.193398287644562,0.140279459933373,0.140279459933373
376,0.472497848634527,0.216509434133377,0.233725581744281,0.212638240623736,0.174364837136968,0.147178535004063
407,0.462295554374572,0.23033379664679,0.224521889216861,0.202303599215116,0.148801114525785,0.140279459933373
560,0.467866722440866,0.245075200706715,0.226165913043895,0.150492979148870,0.193398287644562,0.140279459933373
423,0.451106215483896,0.231177046607856,0.232872971194181,0.143266847840142,0.181025063276694,0.141602453589765
505,0.426633199381427,0.182190212262849,0.213405068833102,0.173309128978783,0.157195124574254,0.156008702799071
429,0.378617765257579,0.175977245746161,0.155619579790919,0.196066256873814,0.249561781327291,0.140279459933373
215,0.394120687044045,0.16357228121085,0.171754154191287,0.153720720340875,0.205907447843523,0.140801836156987
466,0.486331294331022,0.250466494772263,0.229493730258852,0.23977753355553,0.179307075461499,0.140279459933373
367,0.404704249910189,0.167772573247934,0.190154027575454,0.201594638931909,0.16357228121085,0.140279459933373
458,0.442671323317129,0.220471637257467,0.219672052767678,0.194059239855938,0.161797245314680,0.163123316426449
494,0.434198112267997,0.237166246337142,0.218876016213984,0.232872971194181,0.14298348025674,0.145319498566922
432,0.386384998416716,0.187010622123131,0.197424363331222,0.193398287644562,0.146862120354825,0.141602453589765
302,0.424736999725661,0.23977753355553,0.194724220966719,0.200889639762023,0.164024746412181,0.162677834203278
412,0.395085382089401,0.183967824035887,0.196743303664015,0.188255890082703,0.14298348025674,0.140279459933373
184,0.285297304030371,0.140279459933373,0.159655442358187,0.158410531669826,0.160077057692081,0.140279459933373
404,0.391223565654671,0.210360301592275,0.251373586915138,0.171754154191287,0.143552645462116,0.159655442358187
485,0.439851241970584,0.214175622695954,0.215727826366646,0.190794809258731,0.160502026996677,0.140279459933373
666,0.466011361565902,0.227823271636467,0.238033800236652,0.208860644258667,0.174364837136968,0.158002143279100
387,0.433254223593108,0.200889639762023,0.222081350052879,0.162677834203278,0.145018731380577,0.170736402643872
410,0.415225700022613,0.181605650010004,0.213405068833102,0.186394027664835,0.162235816543637,0.181605650010004
427,0.419987692000204,0.222891426963376,0.234581247743386,0.178742307944130,0.175435913518267,0.151897993103576
161,0.298944182722262,0.140279459933373,0.183371292540019,0.187631241909896,0.241532534498303,0.140279459933373
372,0.427580548847338,0.199491561253654,0.193398287644562,0.194724220966719,0.155619579790919,0.140279459933373
344,0.410450927071570,0.182190212262849,0.215727826366646,0.166814026627726,0.140279459933373,0.140279459933373
594,0.498252004317859,0.254108759679802,0.220471637257467,0.165869963138432,0.172787005806565,0.152618104976752
568,0.429473753439024,0.241532534498303,0.222081350052879,0.211875157547888,0.187631241909896,0.179307075461499
469,0.436084425669404,0.234581247743386,0.229493730258852,0.209608564537159,0.171754154191287,0.140279459933373
187,0.419987692000204,0.187631241909896,0.185781454960399,0.214949882112267,0.196066256873814,0.140279459933373
449,0.438910260048710,0.223704949036996,0.213405068833102,0.164480729737195,0.183967824035887,0.140279459933373
380,0.466011361565902,0.224521889216861,0.190154027575454,0.181605650010004,0.140279459933373,0.140279459933373
476,0.404704249910189,0.218876016213984,0.211875157547888,0.365932579194558,0.427580548847338,0.214175622695954
207,0.362014841934518,0.192741366843982,0.188884569174318,0.351210191887716,0.471572446139952,0.237166246337142
489,0.431364974573073,0.200889639762023,0.206639944148685,0.179307075461499,0.144424803121843,0.152618104976752
356,0.391223565654671,0.176522456496951,0.185781454960399,0.195393227873188,0.186394027664835,0.140279459933373
493,0.445487145704544,0.251373586915138,0.194059239855938,0.228656878414890,0.203016510694019,0.195393227873188
397,0.466011361565902,0.195393227873188,0.210360301592275,0.197424363331222,0.152982630801945,0.148143904307162
466,0.453909567952752,0.206639944148685,0.218876016213984,0.208116557082828,0.140279459933373,0.140279459933373
405,0.439851241970584,0.211115838461421,0.151542367809210,0.194059239855938,0.140279459933373,0.161797245314680
510,0.470646634478409,0.317648619366148,0.277585234113443,0.252283020211930,0.233725581744281,0.164940248736627
806,0.509203854805391,0.266179795115631,0.269956905233921,0.203733362812729,0.168745733831007,0.168257318749387
625,0.477118801080669,0.258711437790672,0.211875157547888,0.204454144375473,0.16357228121085,0.148143904307162
456,0.419036311953547,0.204454144375473,0.222891426963376,0.203733362812729,0.142702524367706,0.150492979148870
418,0.442671323317129,0.203733362812729,0.205178843545358,0.222891426963376,0.176522456496951,0.157597013980819
438,0.432309844864813,0.247759640188542,0.235439936165745,0.201594638931909,0.152982630801945,0.151189670120080
368,0.419987692000204,0.210360301592275,0.234581247743386,0.153720720340875,0.142702524367706,0.146862120354825
440,0.436084425669404,0.261497815323131,0.228656878414890,0.204454144375473,0.167772573247934,0.170233153496669
397,0.388321919900050,0.187631241909896,0.181605650010004,0.232872971194181,0.140279459933373,0.140279459933373
857,0.542697607586951,0.308771540986705,0.221274744825972,0.249561781327291,0.320611530912211,0.187631241909896
423,0.460435073421994,0.236301613614802,0.194724220966719,0.227823271636467,0.152618104976752,0.140279459933373
497,0.463225147278761,0.243298519444439,0.223704949036996,0.218876016213984,0.159655442358187,0.140279459933373
258,0.465083048709257,0.241532534498303,0.190794809258731,0.255943411389996,0.384446102799712,0.194059239855938
448,0.441731771836077,0.210360301592275,0.227823271636467,0.188884569174318,0.150148946700048,0.150839880430613
381,0.426633199381427,0.208860644258667,0.194059239855938,0.211875157547888,0.150148946700048,0.140279459933373
533,0.45297556976512,0.219672052767678,0.211875157547888,0.200188610986799,0.173309128978783,0.140279459933373
482,0.441731771836077,0.247759640188542,0.246862287018223,0.177071557205383,0.164940248736627,0.192741366843982
419,0.444549008408857,0.254108759679802,0.255024990396885,0.204454144375473,0.206639944148685,0.209608564537159
337,0.394120687044045,0.196743303664015,0.175977245746161,0.223704949036996,0.141873944585676,0.192088479379025
540,0.460435073421994,0.237166246337142,0.212638240623736,0.190154027575454,0.194059239855938,0.150492979148870
539,0.376671178467619,0.200188610986799,0.187631241909896,0.187010622123131,0.205907447843523,0.140279459933373
463,0.442671323317129,0.196066256873814,0.205907447843523,0.214175622695954,0.181025063276694,0.145622826217966
543,0.39893907178823,0.200889639762023,0.224521889216861,0.198109430350217,0.156008702799071,0.140279459933373
224,0.437968797820157,0.235439936165745,0.205907447843523,0.236301613614802,0.156400988328558,0.178181472416481
338,0.397976414823837,0.203733362812729,0.206639944148685,0.143266847840142,0.175977245746161,0.159655442358187
447,0.419036311953547,0.215727826366646,0.203016510694019,0.145319498566922,0.215727826366646,0.140279459933373
413,0.459504181093247,0.250466494772263,0.228656878414890,0.212638240623736,0.164940248736627,0.161797245314680
281,0.435141512434088,0.221274744825972,0.195393227873188,0.350225945404854,0.470646634478409,0.238033800236652
484,0.441731771836077,0.218083551882790,0.207376318697083,0.214949882112267,0.148471133452426,0.146237238572002
286,0.435141512434088,0.194724220966719,0.229493730258852,0.173309128978783,0.164024746412181,0.148801114525785
405,0.403744670601839,0.192741366843982,0.187010622123131,0.214175622695954,0.146862120354825,0.140279459933373
464,0.417132025922147,0.256863984839407,0.250466494772263,0.214949882112267,0.154470991130581,0.140279459933373
331,0.407579902497849,0.183371292540019,0.243298519444439,0.183371292540019,0.156400988328558,0.152982630801945
358,0.362014841934518,0.179307075461499,0.168745733831007,0.245967461561916,0.231177046607856,0.160930368981928
412,0.505558530479263,0.228656878414890,0.214175622695954,0.182778757451073,0.163123316426449,0.140801836156987
389,0.387353706987488,0.165869963138432,0.238033800236652,0.178181472416481,0.173309128978783,0.151542367809210
500,0.463225147278761,0.238033800236652,0.206639944148685,0.208860644258667,0.140279459933373,0.140279459933373
401,0.40566331506169,0.229493730258852,0.217294683481912,0.140279459933373,0.157195124574254,0.140279459933373
407,0.427580548847338,0.209608564537159,0.227823271636467,0.188884569174318,0.144424803121843,0.159237162188545
454,0.426633199381427,0.192088479379025,0.220471637257467,0.180448444205294,0.16357228121085,0.152618104976752
395,0.437968797820157,0.190794809258731,0.234581247743386,0.145319498566922,0.158410531669826,0.170233153496669
490,0.474347434968947,0.225342219919308,0.218083551882790,0.151897993103576,0.164024746412181,0.154470991130581
318,0.336419918223748,0.160502026996677,0.222891426963376,0.203733362812729,0.168745733831007,0.169733635746363
307,0.393155485097713,0.214175622695954,0.251373586915138,0.151189670120080,0.187010622123131,0.162235816543637
349,0.416179118323367,0.183967824035887,0.200889639762023,0.196066256873814,0.161362102255135,0.148801114525785
456,0.425685350085428,0.218083551882790,0.185172899926102,0.337407372460796,0.420938564569721,0.209608564537159
741,0.487250452013843,0.255943411389996,0.215727826366646,0.187010622123131,0.16357228121085,0.140279459933373
496,0.461365530470573,0.254108759679802,0.269956905233921,0.215727826366646,0.151897993103576,0.149807763529887
601,0.474347434968947,0.316661303992259,0.316661303992259,0.252283020211930,0.256863984839407,0.170233153496669
475,0.42188893060604,0.211875157547888,0.224521889216861,0.218876016213984,0.140279459933373,0.140279459933373
512,0.459504181093247,0.23977753355553,0.226992939983781,0.219672052767678,0.151189670120080,0.150148946700048
518,0.428527399760189,0.224521889216861,0.232023448734304,0.194724220966719,0.146237238572002,0.158410531669826
441,0.419036311953547,0.222081350052879,0.223704949036996,0.204454144375473,0.160502026996677,0.140279459933373
411,0.425685350085428,0.246862287018223,0.258711437790672,0.176522456496951,0.183967824035887,0.145928733232941
381,0.415225700022613,0.194724220966719,0.182778757451073,0.177071557205383,0.181605650010004,0.152982630801945
536,0.414271770359505,0.216509434133377,0.211875157547888,0.214949882112267,0.140279459933373,0.144720505822661
453,0.41331732873535,0.224521889216861,0.221274744825972,0.193398287644562,0.155233599845476,0.182778757451073
502,0.476195411202944,0.254108759679802,0.196066256873814,0.250466494772263,0.140279459933373,0.162235816543637
357,0.379590352485876,0.192741366843982,0.203016510694019,0.168745733831007,0.152618104976752,0.140279459933373
448,0.403744670601839,0.211115838461421,0.221274744825972,0.207376318697083,0.167772573247934,0.140279459933373
404,0.442671323317129,0.222891426963376,0.237166246337142,0.140279459933373,0.169733635746363,0.145622826217966
531,0.462295554374572,0.202303599215116,0.198798498578782,0.173309128978783,0.144424803121843,0.140279459933373
388,0.430419611243593,0.211875157547888,0.209608564537159,0.190794809258731,0.155233599845476,0.140279459933373
399,0.440791745314472,0.211875157547888,0.187010622123131,0.222891426963376,0.140279459933373,0.154470991130581
387,0.43702685358426,0.220471637257467,0.237166246337142,0.146237238572002,0.168745733831007,0.140279459933373
442,0.403744670601839,0.188255890082703,0.190794809258731,0.173835068385563,0.181605650010004,0.149133866930996
365,0.425685350085428,0.232023448734304,0.169733635746363,0.158002143279100,0.194724220966719,0.145319498566922
383,0.37179664134119,0.191439626593958,0.227823271636467,0.232872971194181,0.362014841934518,0.165869963138432
565,0.436084425669404,0.204454144375473,0.198109430350217,0.229493730258852,0.155619579790919,0.140279459933373
441,0.484491855840873,0.259638241659144,0.203016510694019,0.232023448734304,0.145622826217966,0.140279459933373
462,0.418084423539314,0.238904240888872,0.240653643199231,0.193398287644562,0.192088479379025,0.192088479379025
481,0.437968797820157,0.226165913043895,0.238033800236652,0.140279459933373,0.184568357977156,0.140279459933373
358,0.445487145704544,0.195393227873188,0.189517281185082,0.187010622123131,0.153350162717428,0.140279459933373
512,0.427580548847338,0.271855157449252,0.247759640188542,0.208860644258667,0.160930368981928,0.146862120354825
433,0.435141512434088,0.226992939983781,0.245075200706715,0.211875157547888,0.150492979148870,0.147497624383717
409,0.462295554374572,0.224521889216861,0.222081350052879,0.210360301592275,0.167772573247934,0.173835068385563
329,0.375697185802696,0.209608564537159,0.218083551882790,0.154094323280450,0.179307075461499,0.140279459933373
370,0.433254223593108,0.191439626593958,0.221274744825972,0.159655442358187,0.178181472416481,0.140279459933373
318,0.440791745314472,0.228656878414890,0.233725581744281,0.217294683481912,0.183967824035887,0.202303599215116
475,0.42188893060604,0.208116557082828,0.224521889216861,0.175977245746161,0.140279459933373,0.140279459933373
382,0.448298759169222,0.193398287644562,0.203733362812729,0.190154027575454,0.173309128978783,0.140279459933373
451,0.459504181093247,0.234581247743386,0.216509434133377,0.16634019279706,0.169237834303805,0.155233599845476
321,0.390256851013871,0.170736402643872,0.203733362812729,0.149133866930996,0.182190212262849,0.140279459933373
383,0.397013246974146,0.183371292540019,0.188255890082703,0.179307075461499,0.149133866930996,0.157195124574254
476,0.433254223593108,0.211115838461421,0.216509434133377,0.205907447843523,0.140279459933373,0.140279459933373
643,0.470646634478409,0.251373586915138,0.197424363331222,0.340368763820501,0.433254223593108,0.244185541162083
384,0.386384998416716,0.185781454960399,0.208860644258667,0.190154027575454,0.145319498566922,0.140279459933373
386,0.437968797820157,0.219672052767678,0.228656878414890,0.148471133452426,0.167291481291287,0.140279459933373
369,0.427580548847338,0.172268685450245,0.216509434133377,0.220471637257467,0.146548361254107,0.140279459933373
454,0.456708871220304,0.233725581744281,0.201594638931909,0.228656878414890,0.165869963138432,0.140279459933373
362,0.434198112267997,0.229493730258852,0.208860644258667,0.188884569174318,0.165869963138432,0.165403320798019
421,0.412362374614871,0.217294683481912,0.210360301592275,0.236301613614802,0.172268685450245,0.152618104976752
340,0.366910990862085,0.182778757451073,0.218083551882790,0.200188610986799,0.140279459933373,0.167291481291287
500,0.434198112267997,0.237166246337142,0.206639944148685,0.190154027575454,0.16357228121085,0.142423961905656
405,0.410450927071570,0.238904240888872,0.226992939983781,0.194724220966719,0.16634019279706,0.140279459933373
306,0.430419611243593,0.226165913043895,0.177624558944457,0.361034414931008,0.485411763012758,0.240653643199231
344,0.426633199381427,0.224521889216861,0.194059239855938,0.200889639762023,0.150492979148870,0.147497624383717
532,0.410450927071570,0.215727826366646,0.203733362812729,0.214949882112267,0.153350162717428,0.170736402643872
349,0.410450927071570,0.213405068833102,0.241532534498303,0.181025063276694,0.189517281185082,0.146548361254107
469,0.429473753439024,0.237166246337142,0.211115838461421,0.218876016213984,0.168745733831007,0.182778757451073
517,0.474347434968947,0.271855157449252,0.253194757033311,0.194059239855938,0.184568357977156,0.160930368981928
398,0.374722731821464,0.194724220966719,0.170736402643872,0.221274744825972,0.144720505822661,0.140279459933373
463,0.454843116219575,0.249561781327291,0.196743303664015,0.200188610986799,0.174898448025698,0.173835068385563
427,0.400862850180983,0.199491561253654,0.222081350052879,0.194059239855938,0.215727826366646,0.181605650010004
252,0.36005360357005,0.16357228121085,0.186394027664835,0.172787005806565,0.162235816543637,0.140279459933373
432,0.339381807952053,0.169237834303805,0.164024746412181,0.220471637257467,0.209608564537159,0.140279459933373
450,0.478964395469008,0.247759640188542,0.269956905233921,0.156796455796649,0.205178843545358,0.140279459933373
408,0.450170855356869,0.185781454960399,0.238033800236652,0.182190212262849,0.16634019279706,0.140279459933373
301,0.378617765257579,0.192088479379025,0.208860644258667,0.180448444205294,0.170233153496669,0.140279459933373
428,0.374722731821464,0.203016510694019,0.187010622123131,0.155619579790919,0.156400988328558,0.140279459933373
410,0.418084423539314,0.213405068833102,0.171754154191287,0.179307075461499,0.156796455796649,0.140279459933373
382,0.423788147113161,0.205178843545358,0.218876016213984,0.213405068833102,0.154470991130581,0.154094323280450
548,0.428527399760189,0.220471637257467,0.222081350052879,0.196743303664015,0.185781454960399,0.145018731380577
367,0.403744670601839,0.251373586915138,0.243298519444439,0.355144025044986,0.453909567952752,0.259638241659144
383,0.397976414823837,0.234581247743386,0.221274744825972,0.168257318749387,0.195393227873188,0.157597013980819
335,0.442671323317129,0.180448444205294,0.172787005806565,0.211875157547888,0.156796455796649,0.140279459933373
446,0.460435073421994,0.23033379664679,0.260567046745838,0.178742307944130,0.162235816543637,0.159237162188545
338,0.414271770359505,0.203016510694019,0.216509434133377,0.205907447843523,0.160930368981928,0.149807763529887
435,0.455776216619560,0.207376318697083,0.182190212262849,0.167291481291287,0.140279459933373,0.140279459933373
496,0.440791745314472,0.192088479379025,0.215727826366646,0.192088479379025,0.140279459933373,0.146237238572002
425,0.45297556976512,0.253194757033311,0.211875157547888,0.198798498578782,0.178181472416481,0.140279459933373
358,0.409494432911366,0.195393227873188,0.214175622695954,0.184568357977156,0.179875784505171,0.158410531669826
375,0.42188893060604,0.226992939983781,0.212638240623736,0.176522456496951,0.169237834303805,0.146548361254107
489,0.434198112267997,0.233725581744281,0.23977753355553,0.235439936165745,0.140279459933373,0.156400988328558
308,0.384446102799712,0.194059239855938,0.216509434133377,0.304834801321944,0.428527399760189,0.194724220966719
222,0.397976414823837,0.185172899926102,0.187631241909896,0.309756707604237,0.408537424783786,0.198109430350217
734,0.453909567952752,0.289179343702615,0.221274744825972,0.283362392853609,0.349241401529061,0.158410531669826
475,0.458572851358513,0.266179795115631,0.191439626593958,0.198109430350217,0.240653643199231,0.160077057692081
777,0.490005705397473,0.23977753355553,0.245967461561916,0.204454144375473,0.176522456496951,0.157195124574254
714,0.528260989528785,0.285297304030371,0.260567046745838,0.205907447843523,0.205907447843523,0.140279459933373
362,0.437968797820157,0.193398287644562,0.203016510694019,0.189517281185082,0.178181472416481,0.140279459933373
519,0.428527399760189,0.224521889216861,0.218083551882790,0.222081350052879,0.151897993103576,0.145622826217966
406,0.43702685358426,0.200889639762023,0.221274744825972,0.213405068833102,0.140279459933373,0.166814026627726
292,0.39218977751084,0.183967824035887,0.186394027664835,0.205178843545358,0.140279459933373,0.153350162717428
254,0.45297556976512,0.208860644258667,0.240653643199231,0.189517281185082,0.192088479379025,0.142423961905656
485,0.426633199381427,0.195393227873188,0.201594638931909,0.208860644258667,0.173309128978783,0.140279459933373
342,0.430419611243593,0.223704949036996,0.250466494772263,0.150148946700048,0.202303599215116,0.187631241909896
490,0.432309844864813,0.212638240623736,0.217294683481912,0.181605650010004,0.188884569174318,0.14298348025674
447,0.411406907527978,0.202303599215116,0.218876016213984,0.222081350052879,0.147819407725247,0.150492979148870
360,0.428527399760189,0.206639944148685,0.207376318697083,0.193398287644562,0.148143904307162,0.157195124574254
422,0.429473753439024,0.214175622695954,0.210360301592275,0.203016510694019,0.151542367809210,0.140279459933373
387,0.447362019176649,0.235439936165745,0.233725581744281,0.203733362812729,0.177071557205383,0.146548361254107
313,0.410450927071570,0.200889639762023,0.181025063276694,0.194724220966719,0.146548361254107,0.140279459933373
581,0.451106215483896,0.249561781327291,0.229493730258852,0.190154027575454,0.140279459933373,0.140279459933373
311,0.409494432911366,0.172268685450245,0.218083551882790,0.189517281185082,0.177071557205383,0.152618104976752
361,0.408537424783786,0.179307075461499,0.232023448734304,0.172268685450245,0.183967824035887,0.153720720340875
420,0.369843682925459,0.219672052767678,0.214949882112267,0.150148946700048,0.156008702799071,0.152256565618780
576,0.45297556976512,0.255943411389996,0.229493730258852,0.178181472416481,0.175435913518267,0.165403320798019
232,0.32159942528535,0.198798498578782,0.234581247743386,0.225342219919308,0.307786743279463,0.140279459933373
474,0.430419611243593,0.216509434133377,0.219672052767678,0.173835068385563,0.155233599845476,0.148801114525785
642,0.605198627992826,0.274713840722163,0.264301525715948,0.240653643199231,0.160502026996677,0.155619579790919
524,0.479886604427388,0.222081350052879,0.214949882112267,0.204454144375473,0.164480729737195,0.149469410107982
362,0.429473753439024,0.205178843545358,0.238904240888872,0.175977245746161,0.168745733831007,0.140279459933373
500,0.44923503724365,0.225342219919308,0.210360301592275,0.205907447843523,0.140279459933373,0.140279459933373
558,0.466939252082330,0.272806580486754,0.23033379664679,0.222891426963376,0.140279459933373,0.166814026627726
433,0.443610401564419,0.220471637257467,0.189517281185082,0.209608564537159,0.142423961905656,0.140279459933373
301,0.435141512434088,0.209608564537159,0.208116557082828,0.188884569174318,0.153720720340875,0.140279459933373
500,0.391223565654671,0.212638240623736,0.190794809258731,0.211875157547888,0.175977245746161,0.140279459933373
325,0.426633199381427,0.170233153496669,0.203733362812729,0.166814026627726,0.185781454960399,0.150148946700048
450,0.441731771836077,0.208860644258667,0.213405068833102,0.172268685450245,0.158002143279100,0.161797245314680
360,0.43702685358426,0.212638240623736,0.191439626593958,0.188884569174318,0.173309128978783,0.142147774681471
564,0.448298759169222,0.250466494772263,0.198798498578782,0.216509434133377,0.140279459933373,0.164024746412181
494,0.444549008408857,0.203016510694019,0.214949882112267,0.183967824035887,0.159655442358187,0.140801836156987
313,0.391223565654671,0.192741366843982,0.196066256873814,0.191439626593958,0.165403320798019,0.140279459933373
498,0.423788147113161,0.237166246337142,0.183967824035887,0.208116557082828,0.156796455796649,0.173309128978783
356,0.394120687044045,0.209608564537159,0.244185541162083,0.156008702799071,0.178742307944130,0.160502026996677
383,0.419036311953547,0.187631241909896,0.201594638931909,0.170736402643872,0.174898448025698,0.145928733232941
552,0.490005705397473,0.292100571713878,0.244185541162083,0.210360301592275,0.192741366843982,0.144131604573628
469,0.430419611243593,0.208116557082828,0.232023448734304,0.205178843545358,0.164480729737195,0.164024746412181
433,0.404704249910189,0.220471637257467,0.220471637257467,0.196066256873814,0.155619579790919,0.140539522938054
351,0.446424815327873,0.269956905233921,0.235439936165745,0.182190212262849,0.178742307944130,0.186394027664835
409,0.452041119617036,0.228656878414890,0.215727826366646,0.224521889216861,0.140279459933373,0.159237162188545
422,0.39893907178823,0.197424363331222,0.178742307944130,0.219672052767678,0.177624558944457,0.140279459933373
427,0.417132025922147,0.205178843545358,0.204454144375473,0.173309128978783,0.169733635746363,0.140279459933373
518,0.463225147278761,0.231177046607856,0.183967824035887,0.189517281185082,0.173309128978783,0.158410531669826
669,0.432309844864813,0.260567046745838,0.253194757033311,0.23033379664679,0.212638240623736,0.171243398019944
426,0.423788147113161,0.218083551882790,0.248659484023583,0.159655442358187,0.238033800236652,0.140279459933373
352,0.43702685358426,0.200188610986799,0.220471637257467,0.184568357977156,0.151189670120080,0.142423961905656
470,0.492757675678563,0.212638240623736,0.209608564537159,0.172268685450245,0.156796455796649,0.147497624383717
450,0.468793774829766,0.235439936165745,0.240653643199231,0.196743303664015,0.169733635746363,0.155619579790919
597,0.497337158291481,0.282396577544332,0.238904240888872,0.237166246337142,0.203733362812729,0.150148946700048
241,0.330492731245164,0.165403320798019,0.186394027664835,0.238904240888872,0.147178535004063,0.159237162188545
233,0.477118801080669,0.222891426963376,0.202303599215116,0.213405068833102,0.208116557082828,0.160930368981928
320,0.429473753439024,0.204454144375473,0.214949882112267,0.172268685450245,0.160077057692081,0.140801836156987
498,0.414271770359505,0.236301613614802,0.232023448734304,0.196066256873814,0.231177046607856,0.147178535004063
377,0.411406907527978,0.183967824035887,0.209608564537159,0.208860644258667,0.147497624383717,0.148801114525785
306,0.424736999725661,0.23977753355553,0.195393227873188,0.258711437790672,0.361034414931008,0.199491561253654
410,0.39218977751084,0.202303599215116,0.201594638931909,0.194724220966719,0.143840891542185,0.140279459933373
449,0.453909567952752,0.218083551882790,0.222081350052879,0.156796455796649,0.177071557205383,0.150492979148870
405,0.472497848634527,0.243298519444439,0.245075200706715,0.175977245746161,0.161797245314680,0.140279459933373
499,0.440791745314472,0.234581247743386,0.172268685450245,0.174898448025698,0.200889639762023,0.143552645462116
630,0.473422844172892,0.241532534498303,0.234581247743386,0.204454144375473,0.161797245314680,0.151542367809210
789,0.477118801080669,0.256863984839407,0.222081350052879,0.200188610986799,0.188884569174318,0.178181472416481
325,0.444549008408857,0.252283020211930,0.232023448734304,0.221274744825972,0.156796455796649,0.140279459933373
590,0.462295554374572,0.260567046745838,0.211875157547888,0.250466494772263,0.140279459933373,0.155619579790919
419,0.480808424194665,0.238033800236652,0.221274744825972,0.211875157547888,0.166814026627726,0.140279459933373
437,0.437968797820157,0.195393227873188,0.232872971194181,0.180448444205294,0.140801836156987,0.140279459933373
466,0.428527399760189,0.231177046607856,0.200188610986799,0.150492979148870,0.146237238572002,0.153720720340875
663,0.49459052794554,0.294052217151829,0.245075200706715,0.203016510694019,0.181605650010004,0.152982630801945
439,0.417132025922147,0.226165913043895,0.218083551882790,0.190794809258731,0.168745733831007,0.169237834303805
158,0.246862287018223,0.140279459933373,0.167772573247934,0.148801114525785,0.162235816543637,0.140279459933373
381,0.382505251364152,0.193398287644562,0.189517281185082,0.186394027664835,0.191439626593958,0.140279459933373
164,0.285297304030371,0.196743303664015,0.232872971194181,0.159655442358187,0.183371292540019,0.158410531669826
460,0.42188893060604,0.218876016213984,0.234581247743386,0.195393227873188,0.165403320798019,0.140279459933373
392,0.366910990862085,0.187010622123131,0.208116557082828,0.172787005806565,0.160930368981928,0.146862120354825
422,0.397976414823837,0.188255890082703,0.201594638931909,0.227823271636467,0.159655442358187,0.158822198286243
352,0.432309844864813,0.170736402643872,0.215727826366646,0.178181472416481,0.140279459933373,0.140279459933373
362,0.453909567952752,0.261497815323131,0.216509434133377,0.196743303664015,0.153720720340875,0.150839880430613
300,0.477118801080669,0.214949882112267,0.242414171861771,0.140279459933373,0.199491561253654,0.141066417195949
560,0.420938564569721,0.241532534498303,0.198798498578782,0.248659484023583,0.241532534498303,0.174898448025698
369,0.427580548847338,0.189517281185082,0.203016510694019,0.200889639762023,0.140279459933373,0.140279459933373
384,0.440791745314472,0.200188610986799,0.212638240623736,0.201594638931909,0.156400988328558,0.140279459933373
384,0.432309844864813,0.197424363331222,0.226992939983781,0.184568357977156,0.165869963138432,0.140279459933373
375,0.437968797820157,0.222891426963376,0.222891426963376,0.185781454960399,0.171243398019944,0.190794809258731
375,0.435141512434088,0.231177046607856,0.218876016213984,0.196743303664015,0.189517281185082,0.154470991130581
429,0.369843682925459,0.209608564537159,0.234581247743386,0.196066256873814,0.166814026627726,0.173309128978783
487,0.408537424783786,0.228656878414890,0.190794809258731,0.288207386188063,0.236301613614802,0.153720720340875
428,0.457641082102348,0.205178843545358,0.220471637257467,0.177071557205383,0.16357228121085,0.140279459933373
321,0.414271770359505,0.205178843545358,0.216509434133377,0.196743303664015,0.140279459933373,0.156400988328558
454,0.442671323317129,0.235439936165745,0.227823271636467,0.182190212262849,0.186394027664835,0.140279459933373
566,0.465083048709257,0.225342219919308,0.197424363331222,0.214175622695954,0.140279459933373,0.166814026627726
443,0.438910260048710,0.198798498578782,0.211115838461421,0.208116557082828,0.175435913518267,0.140279459933373
399,0.386384998416716,0.203016510694019,0.198798498578782,0.189517281185082,0.141873944585676,0.140279459933373
307,0.417132025922147,0.203733362812729,0.213405068833102,0.150839880430613,0.182778757451073,0.141333283747465
478,0.433254223593108,0.261497815323131,0.23977753355553,0.210360301592275,0.170736402643872,0.159655442358187
637,0.484491855840873,0.261497815323131,0.229493730258852,0.208116557082828,0.152618104976752,0.159655442358187
396,0.40182397040703,0.174364837136968,0.192088479379025,0.190794809258731,0.160930368981928,0.140279459933373
424,0.411406907527978,0.208860644258667,0.236301613614802,0.168257318749387,0.208116557082828,0.158002143279100
302,0.380562464597876,0.190794809258731,0.182190212262849,0.200188610986799,0.156008702799071,0.140279459933373
301,0.369843682925459,0.179875784505171,0.193398287644562,0.177624558944457,0.149133866930996,0.140279459933373
565,0.511024591546248,0.252283020211930,0.219672052767678,0.225342219919308,0.140279459933373,0.140279459933373
341,0.39893907178823,0.198109430350217,0.217294683481912,0.150492979148870,0.160930368981928,0.164940248736627
544,0.468793774829766,0.279506090033501,0.225342219919308,0.26336509235663,0.173309128978783,0.149469410107982
513,0.423788147113161,0.242414171861771,0.215727826366646,0.194059239855938,0.16634019279706,0.140279459933373
470,0.467866722440866,0.216509434133377,0.225342219919308,0.162235816543637,0.175435913518267,0.140279459933373
346,0.437968797820157,0.196066256873814,0.204454144375473,0.192741366843982,0.141333283747465,0.140279459933373
561,0.478964395469008,0.273759486818862,0.26806502014066,0.238033800236652,0.172268685450245,0.143266847840142
423,0.419036311953547,0.207376318697083,0.221274744825972,0.183371292540019,0.161797245314680,0.140279459933373
408,0.423788147113161,0.215727826366646,0.184568357977156,0.190154027575454,0.157597013980819,0.145319498566922
427,0.430419611243593,0.208116557082828,0.193398287644562,0.222081350052879,0.140279459933373,0.140279459933373
503,0.458572851358513,0.23977753355553,0.225342219919308,0.237166246337142,0.148801114525785,0.154094323280450
382,0.412362374614871,0.194059239855938,0.167772573247934,0.197424363331222,0.177071557205383,0.154850743467635
539,0.465083048709257,0.231177046607856,0.199491561253654,0.201594638931909,0.151897993103576,0.158410531669826
470,0.452041119617036,0.215727826366646,0.216509434133377,0.228656878414890,0.184568357977156,0.172268685450245
547,0.419036311953547,0.218083551882790,0.217294683481912,0.162235816543637,0.198798498578782,0.154850743467635
453,0.444549008408857,0.216509434133377,0.245967461561916,0.187010622123131,0.160930368981928,0.152256565618780
312,0.412362374614871,0.174898448025698,0.217294683481912,0.177624558944457,0.147819407725247,0.181605650010004
481,0.434198112267997,0.205907447843523,0.212638240623736,0.204454144375473,0.145319498566922,0.155619579790919
414,0.400862850180983,0.221274744825972,0.200188610986799,0.192741366843982,0.155233599845476,0.140279459933373
270,0.378617765257579,0.174898448025698,0.208860644258667,0.349241401529061,0.457641082102348,0.220471637257467
431,0.43702685358426,0.208860644258667,0.201594638931909,0.194724220966719,0.16357228121085,0.140279459933373
415,0.397976414823837,0.202303599215116,0.199491561253654,0.183371292540019,0.172787005806565,0.157195124574254
269,0.418084423539314,0.175435913518267,0.214949882112267,0.179875784505171,0.168257318749387,0.140279459933373
297,0.387353706987488,0.181025063276694,0.193398287644562,0.183371292540019,0.192741366843982,0.158410531669826
196,0.284329312589461,0.151542367809210,0.202303599215116,0.203733362812729,0.296985336054750,0.140279459933373
441,0.412362374614871,0.191439626593958,0.178181472416481,0.185172899926102,0.175435913518267,0.151189670120080
481,0.427580548847338,0.16634019279706,0.216509434133377,0.167291481291287,0.146862120354825,0.147178535004063
412,0.440791745314472,0.214175622695954,0.238033800236652,0.225342219919308,0.32950458986508,0.173309128978783
335,0.390256851013871,0.172268685450245,0.211875157547888,0.140279459933373,0.164480729737195,0.140279459933373
338,0.389289635189169,0.152618104976752,0.229493730258852,0.144720505822661,0.167772573247934,0.152618104976752
448,0.431364974573073,0.208116557082828,0.181605650010004,0.234581247743386,0.146862120354825,0.140279459933373
178,0.254108759679802,0.140279459933373,0.198109430350217,0.165869963138432,0.150839880430613,0.140279459933373
628,0.524641044535778,0.281431899695417,0.23033379664679,0.226165913043895,0.206639944148685,0.158410531669826
265,0.455776216619560,0.236301613614802,0.238033800236652,0.203733362812729,0.184568357977156,0.174898448025698
375,0.303851718893881,0.140279459933373,0.155619579790919,0.210360301592275,0.169733635746363,0.140279459933373
423,0.427580548847338,0.204454144375473,0.140279459933373,0.234581247743386,0.211875157547888,0.157195124574254
449,0.39893907178823,0.205907447843523,0.208116557082828,0.184568357977156,0.164940248736627,0.157195124574254
346,0.466939252082330,0.267121556704060,0.222081350052879,0.203016510694019,0.214175622695954,0.201594638931909
520,0.447362019176649,0.218083551882790,0.222081350052879,0.198109430350217,0.159655442358187,0.140279459933373
490,0.445487145704544,0.240653643199231,0.214175622695954,0.202303599215116,0.140279459933373,0.177624558944457
649,0.460435073421994,0.248659484023583,0.285297304030371,0.140279459933373,0.233725581744281,0.160930368981928
333,0.386384998416716,0.261497815323131,0.220471637257467,0.234581247743386,0.211875157547888,0.154850743467635
444,0.418084423539314,0.227823271636467,0.232023448734304,0.167291481291287,0.170233153496669,0.140279459933373
488,0.447362019176649,0.205178843545358,0.202303599215116,0.167772573247934,0.177071557205383,0.157597013980819
422,0.459504181093247,0.223704949036996,0.237166246337142,0.156008702799071,0.150839880430613,0.170736402643872
402,0.448298759169222,0.240653643199231,0.245075200706715,0.187631241909896,0.157195124574254,0.140279459933373
476,0.431364974573073,0.198109430350217,0.198109430350217,0.169237834303805,0.16634019279706,0.140279459933373
371,0.423788147113161,0.181605650010004,0.208116557082828,0.184568357977156,0.152256565618780,0.153720720340875
382,0.424736999725661,0.178181472416481,0.169237834303805,0.216509434133377,0.144131604573628,0.153720720340875
423,0.442671323317129,0.242414171861771,0.204454144375473,0.197424363331222,0.140279459933373,0.157597013980819
427,0.425685350085428,0.208860644258667,0.234581247743386,0.165869963138432,0.152982630801945,0.140279459933373
364,0.39604956908159,0.186394027664835,0.204454144375473,0.188884569174318,0.159655442358187,0.140279459933373
457,0.431364974573073,0.200188610986799,0.218876016213984,0.168745733831007,0.170233153496669,0.146862120354825
282,0.400862850180983,0.194724220966719,0.207376318697083,0.173835068385563,0.166814026627726,0.140279459933373
657,0.522829369551227,0.305818349289740,0.276626749501763,0.226165913043895,0.208860644258667,0.140279459933373
615,0.463225147278761,0.26806502014066,0.236301613614802,0.187010622123131,0.189517281185082,0.144720505822661
454,0.451106215483896,0.241532534498303,0.213405068833102,0.203733362812729,0.173835068385563,0.173835068385563
390,0.408537424783786,0.176522456496951,0.226992939983781,0.148801114525785,0.150492979148870,0.148143904307162
340,0.417132025922147,0.190154027575454,0.232023448734304,0.189517281185082,0.157195124574254,0.140279459933373
368,0.431364974573073,0.198109430350217,0.216509434133377,0.305818349289740,0.383475920330798,0.169237834303805
255,0.408537424783786,0.182190212262849,0.196743303664015,0.140279459933373,0.154094323280450,0.140279459933373
341,0.40182397040703,0.212638240623736,0.179875784505171,0.176522456496951,0.160930368981928,0.179307075461499
424,0.437968797820157,0.221274744825972,0.228656878414890,0.192741366843982,0.145319498566922,0.140279459933373
516,0.456708871220304,0.250466494772263,0.208116557082828,0.205178843545358,0.186394027664835,0.173835068385563
373,0.432309844864813,0.210360301592275,0.222081350052879,0.188255890082703,0.143552645462116,0.168257318749387
426,0.40566331506169,0.218083551882790,0.222891426963376,0.203016510694019,0.167291481291287,0.140279459933373
474,0.44923503724365,0.215727826366646,0.192741366843982,0.222891426963376,0.140279459933373,0.140279459933373
457,0.445487145704544,0.232023448734304,0.203733362812729,0.216509434133377,0.153720720340875,0.140279459933373
383,0.402784577338547,0.218876016213984,0.182778757451073,0.173309128978783,0.140801836156987,0.145319498566922
807,0.478964395469008,0.257786672914962,0.243298519444439,0.185172899926102,0.224521889216861,0.141333283747465
387,0.430419611243593,0.196743303664015,0.228656878414890,0.187631241909896,0.160930368981928,0.161797245314680
385,0.462295554374572,0.213405068833102,0.238904240888872,0.183967824035887,0.154094323280450,0.143552645462116
446,0.481729856995562,0.214949882112267,0.243298519444439,0.228656878414890,0.164024746412181,0.140279459933373
581,0.452041119617036,0.238904240888872,0.220471637257467,0.198109430350217,0.164480729737195,0.162677834203278
393,0.40182397040703,0.199491561253654,0.210360301592275,0.228656878414890,0.231177046607856,0.156796455796649
524,0.482650905054512,0.247759640188542,0.219672052767678,0.216509434133377,0.163123316426449,0.155233599845476
444,0.428527399760189,0.255024990396885,0.236301613614802,0.234581247743386,0.181605650010004,0.216509434133377
406,0.458572851358513,0.244185541162083,0.245967461561916,0.201594638931909,0.190154027575454,0.172268685450245
302,0.393155485097713,0.204454144375473,0.190794809258731,0.217294683481912,0.163123316426449,0.173835068385563
345,0.40662186593712,0.183967824035887,0.226992939983781,0.140279459933373,0.172787005806565,0.145928733232941
312,0.416179118323367,0.208116557082828,0.229493730258852,0.196743303664015,0.170233153496669,0.149807763529887
396,0.44923503724365,0.216509434133377,0.204454144375473,0.214175622695954,0.145018731380577,0.141602453589765
318,0.43702685358426,0.179307075461499,0.156008702799071,0.191439626593958,0.197424363331222,0.163123316426449
369,0.425685350085428,0.200889639762023,0.198109430350217,0.182190212262849,0.188884569174318,0.140279459933373
360,0.403744670601839,0.188255890082703,0.234581247743386,0.187010622123131,0.162677834203278,0.140279459933373
394,0.439851241970584,0.200188610986799,0.222891426963376,0.187010622123131,0.173309128978783,0.140279459933373
353,0.397013246974146,0.223704949036996,0.217294683481912,0.177624558944457,0.16634019279706,0.161797245314680
390,0.446424815327873,0.180448444205294,0.175977245746161,0.211115838461421,0.16357228121085,0.140279459933373
464,0.442671323317129,0.205907447843523,0.198109430350217,0.178742307944130,0.185172899926102,0.159655442358187
236,0.452041119617036,0.213405068833102,0.183371292540019,0.170736402643872,0.189517281185082,0.140279459933373
372,0.391223565654671,0.208116557082828,0.23977753355553,0.184568357977156,0.158822198286243,0.164024746412181
355,0.415225700022613,0.196066256873814,0.192741366843982,0.214175622695954,0.142423961905656,0.140279459933373
467,0.462295554374572,0.212638240623736,0.214175622695954,0.170233153496669,0.174364837136968,0.155233599845476
270,0.439851241970584,0.231177046607856,0.207376318697083,0.219672052767678,0.142423961905656,0.140279459933373
398,0.419987692000204,0.208860644258667,0.213405068833102,0.146862120354825,0.192088479379025,0.154094323280450
434,0.427580548847338,0.212638240623736,0.233725581744281,0.159655442358187,0.161797245314680,0.147497624383717
184,0.407579902497849,0.140279459933373,0.140279459933373,0.629089586309926,0.751905842926285,0.510114381882143
402,0.414271770359505,0.227823271636467,0.224521889216861,0.166814026627726,0.172787005806565,0.141602453589765
472,0.447362019176649,0.211115838461421,0.207376318697083,0.208860644258667,0.147178535004063,0.148801114525785
412,0.40566331506169,0.212638240623736,0.218083551882790,0.176522456496951,0.169237834303805,0.140279459933373
581,0.424736999725661,0.226165913043895,0.216509434133377,0.164940248736627,0.184568357977156,0.158002143279100
406,0.399901217123282,0.211115838461421,0.185781454960399,0.201594638931909,0.152982630801945,0.158002143279100
436,0.446424815327873,0.218876016213984,0.226992939983781,0.193398287644562,0.182778757451073,0.140279459933373
612,0.40182397040703,0.224521889216861,0.206639944148685,0.174364837136968,0.153720720340875,0.141602453589765
508,0.45297556976512,0.250466494772263,0.246862287018223,0.163123316426449,0.162677834203278,0.172787005806565
342,0.352194131843378,0.178742307944130,0.225342219919308,0.169237834303805,0.164480729737195,0.140279459933373
434,0.408537424783786,0.225342219919308,0.210360301592275,0.311728055196152,0.35612665264182,0.158002143279100
399,0.439851241970584,0.193398287644562,0.196066256873814,0.192088479379025,0.140279459933373,0.140279459933373
403,0.446424815327873,0.203733362812729,0.222891426963376,0.218876016213984,0.151542367809210,0.147497624383717
364,0.445487145704544,0.193398287644562,0.183371292540019,0.208116557082828,0.148143904307162,0.164024746412181
448,0.455776216619560,0.245967461561916,0.23033379664679,0.163123316426449,0.182190212262849,0.183371292540019
406,0.408537424783786,0.181605650010004,0.211875157547888,0.215727826366646,0.146237238572002,0.140539522938054
388,0.427580548847338,0.188884569174318,0.220471637257467,0.157195124574254,0.172787005806565,0.148143904307162
357,0.363974517009122,0.140279459933373,0.214949882112267,0.160930368981928,0.164480729737195,0.140539522938054
444,0.453909567952752,0.220471637257467,0.220471637257467,0.187631241909896,0.140279459933373,0.140279459933373
363,0.430419611243593,0.226165913043895,0.195393227873188,0.174364837136968,0.161362102255135,0.157597013980819
422,0.431364974573073,0.212638240623736,0.229493730258852,0.148471133452426,0.148143904307162,0.153350162717428
417,0.431364974573073,0.214175622695954,0.224521889216861,0.171754154191287,0.174364837136968,0.141873944585676
598,0.427580548847338,0.233725581744281,0.224521889216861,0.150839880430613,0.159655442358187,0.140279459933373
334,0.394120687044045,0.182778757451073,0.194059239855938,0.188884569174318,0.151897993103576,0.167772573247934
383,0.407579902497849,0.189517281185082,0.23033379664679,0.200188610986799,0.167291481291287,0.174898448025698
447,0.445487145704544,0.200889639762023,0.213405068833102,0.183967824035887,0.140801836156987,0.140279459933373
242,0.466011361565902,0.168745733831007,0.205178843545358,0.215727826366646,0.140279459933373,0.140279459933373
478,0.423788147113161,0.222081350052879,0.211875157547888,0.221274744825972,0.172787005806565,0.154850743467635
289,0.49459052794554,0.162235816543637,0.190794809258731,0.192088479379025,0.173835068385563,0.154470991130581
954,0.505558530479263,0.312714190948075,0.241532534498303,0.205907447843523,0.208116557082828,0.178181472416481
417,0.439851241970584,0.222081350052879,0.198109430350217,0.198798498578782,0.179307075461499,0.145622826217966
298,0.41331732873535,0.190154027575454,0.236301613614802,0.182190212262849,0.171243398019944,0.140279459933373
453,0.479886604427388,0.261497815323131,0.270905253648299,0.237166246337142,0.175977245746161,0.182190212262849
270,0.415225700022613,0.190154027575454,0.194724220966719,0.184568357977156,0.141333283747465,0.150492979148870
371,0.41331732873535,0.217294683481912,0.164480729737195,0.215727826366646,0.140279459933373,0.153350162717428
479,0.43702685358426,0.232872971194181,0.209608564537159,0.190794809258731,0.186394027664835,0.149807763529887
390,0.407579902497849,0.241532534498303,0.243298519444439,0.170233153496669,0.167291481291287,0.188255890082703
489,0.43702685358426,0.234581247743386,0.205907447843523,0.219672052767678,0.140279459933373,0.140279459933373
537,0.431364974573073,0.207376318697083,0.205178843545358,0.171243398019944,0.140279459933373,0.148801114525785
484,0.433254223593108,0.26806502014066,0.226165913043895,0.255943411389996,0.193398287644562,0.213405068833102
380,0.414271770359505,0.208116557082828,0.223704949036996,0.185781454960399,0.168745733831007,0.140539522938054
380,0.411406907527978,0.199491561253654,0.195393227873188,0.195393227873188,0.143840891542185,0.149807763529887
550,0.459504181093247,0.206639944148685,0.217294683481912,0.198798498578782,0.152618104976752,0.145622826217966
301,0.397976414823837,0.194724220966719,0.207376318697083,0.198798498578782,0.140279459933373,0.140279459933373
411,0.410450927071570,0.185172899926102,0.209608564537159,0.216509434133377,0.186394027664835,0.147178535004063
536,0.430419611243593,0.234581247743386,0.248659484023583,0.179307075461499,0.187631241909896,0.140279459933373
500,0.453909567952752,0.207376318697083,0.212638240623736,0.192741366843982,0.168257318749387,0.145928733232941
432,0.400862850180983,0.213405068833102,0.206639944148685,0.242414171861771,0.140279459933373,0.151542367809210
651,0.445487145704544,0.306802338059224,0.243298519444439,0.198109430350217,0.188884569174318,0.164024746412181
438,0.414271770359505,0.198798498578782,0.214175622695954,0.179875784505171,0.165869963138432,0.140279459933373
343,0.375697185802696,0.165869963138432,0.140279459933373,0.182778757451073,0.144131604573628,0.140279459933373
562,0.427580548847338,0.212638240623736,0.196066256873814,0.207376318697083,0.144720505822661,0.146862120354825
387,0.409494432911366,0.247759640188542,0.252283020211930,0.232872971194181,0.196743303664015,0.199491561253654
420,0.491840713366392,0.231177046607856,0.213405068833102,0.227823271636467,0.140279459933373,0.147497624383717
448,0.442671323317129,0.232023448734304,0.229493730258852,0.157597013980819,0.171754154191287,0.164480729737195
438,0.427580548847338,0.209608564537159,0.228656878414890,0.140279459933373,0.190154027575454,0.144424803121843
470,0.435141512434088,0.196743303664015,0.232023448734304,0.179307075461499,0.140279459933373,0.140279459933373
429,0.395085382089401,0.197424363331222,0.202303599215116,0.218876016213984,0.153350162717428,0.152618104976752
449,0.510114381882143,0.273759486818862,0.254108759679802,0.297964434643167,0.419036311953547,0.154094323280450
242,0.377644706128292,0.174898448025698,0.161797245314680,0.304834801321944,0.420938564569721,0.206639944148685
468,0.45297556976512,0.220471637257467,0.226165913043895,0.199491561253654,0.184568357977156,0.159237162188545
337,0.400862850180983,0.226165913043895,0.255024990396885,0.235439936165745,0.286266334773665,0.140279459933373
897,0.520109684798944,0.257786672914962,0.197424363331222,0.334444602573969,0.420938564569721,0.174364837136968
374,0.420938564569721,0.223704949036996,0.195393227873188,0.221274744825972,0.178742307944130,0.150148946700048
453,0.458572851358513,0.279506090033501,0.283362392853609,0.194724220966719,0.170736402643872,0.152982630801945
365,0.451106215483896,0.200889639762023,0.181025063276694,0.205907447843523,0.155233599845476,0.147178535004063
413,0.477118801080669,0.296006914761259,0.23977753355553,0.219672052767678,0.146862120354825,0.140279459933373
413,0.40662186593712,0.194059239855938,0.190794809258731,0.168257318749387,0.146237238572002,0.140279459933373
363,0.355144025044986,0.187010622123131,0.229493730258852,0.200889639762023,0.174364837136968,0.164024746412181
380,0.431364974573073,0.206639944148685,0.214175622695954,0.215727826366646,0.164480729737195,0.190154027575454
410,0.468793774829766,0.248659484023583,0.216509434133377,0.242414171861771,0.140279459933373,0.160502026996677
466,0.434198112267997,0.273759486818862,0.284329312589461,0.222081350052879,0.226992939983781,0.149133866930996
491,0.416179118323367,0.225342219919308,0.232023448734304,0.229493730258852,0.157195124574254,0.161797245314680
504,0.517387345588464,0.228656878414890,0.244185541162083,0.204454144375473,0.158410531669826,0.150839880430613
606,0.448298759169222,0.241532534498303,0.240653643199231,0.225342219919308,0.194059239855938,0.140279459933373
452,0.414271770359505,0.193398287644562,0.171243398019944,0.190794809258731,0.158410531669826,0.140279459933373
422,0.420938564569721,0.219672052767678,0.232023448734304,0.196066256873814,0.187631241909896,0.177071557205383
347,0.520109684798944,0.217294683481912,0.212638240623736,0.182778757451073,0.180448444205294,0.140279459933373
713,0.476195411202944,0.250466494772263,0.196743303664015,0.219672052767678,0.164940248736627,0.140279459933373
440,0.412362374614871,0.204454144375473,0.209608564537159,0.197424363331222,0.167291481291287,0.140279459933373
430,0.43702685358426,0.208860644258667,0.205178843545358,0.148801114525785,0.180448444205294,0.140279459933373
404,0.39218977751084,0.232023448734304,0.243298519444439,0.172268685450245,0.203733362812729,0.140279459933373
411,0.434198112267997,0.211115838461421,0.223704949036996,0.228656878414890,0.184568357977156,0.14298348025674
385,0.427580548847338,0.225342219919308,0.227823271636467,0.222081350052879,0.160930368981928,0.140279459933373
434,0.450170855356869,0.233725581744281,0.23033379664679,0.195393227873188,0.168745733831007,0.159237162188545
306,0.448298759169222,0.221274744825972,0.216509434133377,0.152982630801945,0.169237834303805,0.158822198286243
531,0.408537424783786,0.228656878414890,0.202303599215116,0.183371292540019,0.140279459933373,0.157195124574254
467,0.44923503724365,0.265239772398733,0.252283020211930,0.228656878414890,0.177071557205383,0.178181472416481
174,0.308771540986705,0.153350162717428,0.187631241909896,0.189517281185082,0.183371292540019,0.158822198286243
510,0.438910260048710,0.225342219919308,0.225342219919308,0.179307075461499,0.186394027664835,0.148471133452426
161,0.26336509235663,0.177624558944457,0.238904240888872,0.140279459933373,0.173309128978783,0.170736402643872
367,0.438910260048710,0.190154027575454,0.193398287644562,0.205178843545358,0.166814026627726,0.156400988328558
457,0.436084425669404,0.223704949036996,0.194724220966719,0.200889639762023,0.140279459933373,0.174364837136968
1018,0.516479299936916,0.306802338059224,0.26806502014066,0.220471637257467,0.227823271636467,0.193398287644562
407,0.429473753439024,0.196743303664015,0.200889639762023,0.182190212262849,0.168745733831007,0.148801114525785
478,0.444549008408857,0.26336509235663,0.196066256873814,0.222081350052879,0.149133866930996,0.140279459933373
424,0.428527399760189,0.228656878414890,0.196743303664015,0.196743303664015,0.150148946700048,0.140279459933373
500,0.434198112267997,0.26806502014066,0.258711437790672,0.227823271636467,0.200889639762023,0.214949882112267
379,0.431364974573073,0.227823271636467,0.245967461561916,0.158822198286243,0.187631241909896,0.161362102255135
376,0.402784577338547,0.192088479379025,0.171243398019944,0.187631241909896,0.140279459933373,0.140279459933373
376,0.415225700022613,0.238033800236652,0.195393227873188,0.223704949036996,0.169237834303805,0.148471133452426
335,0.397013246974146,0.234581247743386,0.222891426963376,0.191439626593958,0.196066256873814,0.215727826366646
446,0.442671323317129,0.232872971194181,0.232023448734304,0.175977245746161,0.179875784505171,0.140279459933373
292,0.466939252082330,0.213405068833102,0.212638240623736,0.155619579790919,0.149807763529887,0.145622826217966
235,0.397976414823837,0.197424363331222,0.220471637257467,0.158822198286243,0.149133866930996,0.145018731380577
363,0.400862850180983,0.190794809258731,0.215727826366646,0.189517281185082,0.140279459933373,0.140279459933373
368,0.424736999725661,0.229493730258852,0.240653643199231,0.190794809258731,0.178742307944130,0.161362102255135
326,0.416179118323367,0.208116557082828,0.199491561253654,0.202303599215116,0.166814026627726,0.158002143279100
352,0.385415796280043,0.188884569174318,0.177624558944457,0.214175622695954,0.140279459933373,0.140279459933373
186,0.372772455485757,0.217294683481912,0.253194757033311,0.202303599215116,0.249561781327291,0.160930368981928
367,0.442671323317129,0.183371292540019,0.173835068385563,0.211115838461421,0.169733635746363,0.172268685450245
354,0.411406907527978,0.190154027575454,0.181025063276694,0.158822198286243,0.164480729737195,0.140279459933373
446,0.430419611243593,0.235439936165745,0.238033800236652,0.180448444205294,0.181605650010004,0.147819407725247
368,0.428527399760189,0.182778757451073,0.188255890082703,0.172268685450245,0.161362102255135,0.152982630801945
420,0.442671323317129,0.233725581744281,0.210360301592275,0.187010622123131,0.153350162717428,0.143552645462116
288,0.358090854945044,0.197424363331222,0.203016510694019,0.204454144375473,0.16357228121085,0.174364837136968
431,0.427580548847338,0.222081350052879,0.200188610986799,0.229493730258852,0.162677834203278,0.140279459933373
436,0.441731771836077,0.213405068833102,0.217294683481912,0.179307075461499,0.140279459933373,0.172787005806565
322,0.363974517009122,0.177071557205383,0.198109430350217,0.338394673319409,0.465083048709257,0.233725581744281
972,0.505558530479263,0.279506090033501,0.259638241659144,0.221274744825972,0.173835068385563,0.158002143279100
441,0.441731771836077,0.217294683481912,0.221274744825972,0.196743303664015,0.146237238572002,0.167291481291287
364,0.440791745314472,0.185172899926102,0.226992939983781,0.172268685450245,0.148143904307162,0.140279459933373
380,0.399901217123282,0.235439936165745,0.231177046607856,0.203733362812729,0.201594638931909,0.140279459933373
252,0.418084423539314,0.175435913518267,0.196743303664015,0.183967824035887,0.171243398019944,0.140279459933373
505,0.412362374614871,0.214175622695954,0.205907447843523,0.209608564537159,0.161797245314680,0.150148946700048
451,0.434198112267997,0.198109430350217,0.233725581744281,0.164024746412181,0.171754154191287,0.140279459933373
506,0.422838791105066,0.227823271636467,0.173835068385563,0.211115838461421,0.140279459933373,0.150148946700048
284,0.489087655334828,0.290152214217331,0.267121556704060,0.181605650010004,0.185172899926102,0.153350162717428
510,0.415225700022613,0.206639944148685,0.232872971194181,0.205178843545358,0.142147774681471,0.140279459933373
486,0.429473753439024,0.26806502014066,0.270905253648299,0.237166246337142,0.233725581744281,0.143266847840142
418,0.45297556976512,0.227823271636467,0.240653643199231,0.186394027664835,0.194059239855938,0.155619579790919
480,0.420938564569721,0.200188610986799,0.208116557082828,0.16357228121085,0.172268685450245,0.140279459933373
369,0.447362019176649,0.198109430350217,0.203016510694019,0.176522456496951,0.154094323280450,0.16634019279706
402,0.420938564569721,0.205178843545358,0.222891426963376,0.192741366843982,0.142147774681471,0.140279459933373
358,0.374722731821464,0.164940248736627,0.212638240623736,0.162235816543637,0.16634019279706,0.146862120354825
422,0.428527399760189,0.223704949036996,0.194724220966719,0.206639944148685,0.180448444205294,0.140279459933373
182,0.344314559496454,0.148801114525785,0.141602453589765,0.353177756395209,0.437968797820157,0.205907447843523
396,0.452041119617036,0.259638241659144,0.223704949036996,0.221274744825972,0.190154027575454,0.151189670120080
367,0.416179118323367,0.201594638931909,0.192741366843982,0.201594638931909,0.161362102255135,0.142147774681471
536,0.458572851358513,0.240653643199231,0.269010148553487,0.149807763529887,0.198109430350217,0.140279459933373
615,0.464154311336516,0.253194757033311,0.232023448734304,0.198798498578782,0.198109430350217,0.185781454960399
558,0.475271623239318,0.237166246337142,0.247759640188542,0.186394027664835,0.142423961905656,0.140279459933373
368,0.419987692000204,0.226165913043895,0.203733362812729,0.233725581744281,0.177624558944457,0.169733635746363
477,0.428527399760189,0.308771540986705,0.253194757033311,0.246862287018223,0.175435913518267,0.140279459933373
433,0.428527399760189,0.209608564537159,0.208860644258667,0.163123316426449,0.155233599845476,0.156008702799071
664,0.457641082102348,0.235439936165745,0.236301613614802,0.156008702799071,0.212638240623736,0.143552645462116
302,0.424736999725661,0.205907447843523,0.181605650010004,0.191439626593958,0.156796455796649,0.141602453589765
431,0.423788147113161,0.222081350052879,0.180448444205294,0.218083551882790,0.140279459933373,0.140279459933373
363,0.362014841934518,0.16357228121085,0.209608564537159,0.188255890082703,0.145928733232941,0.141333283747465
452,0.438910260048710,0.213405068833102,0.23977753355553,0.171754154191287,0.159655442358187,0.164940248736627
519,0.462295554374572,0.266179795115631,0.254108759679802,0.178742307944130,0.156400988328558,0.175977245746161
342,0.457641082102348,0.178181472416481,0.182190212262849,0.188884569174318,0.173309128978783,0.140279459933373
455,0.434198112267997,0.248659484023583,0.232872971194181,0.200188610986799,0.177071557205383,0.164024746412181
443,0.402784577338547,0.208116557082828,0.183967824035887,0.201594638931909,0.167772573247934,0.151189670120080
368,0.433254223593108,0.217294683481912,0.23033379664679,0.197424363331222,0.140279459933373,0.160077057692081
450,0.452041119617036,0.264301525715948,0.232023448734304,0.257786672914962,0.214949882112267,0.238033800236652
336,0.39218977751084,0.140279459933373,0.190154027575454,0.174898448025698,0.162235816543637,0.164940248736627
297,0.41331732873535,0.187010622123131,0.218083551882790,0.156008702799071,0.164940248736627,0.140279459933373
514,0.479886604427388,0.256863984839407,0.177071557205383,0.258711437790672,0.317648619366148,0.186394027664835
438,0.431364974573073,0.225342219919308,0.233725581744281,0.160077057692081,0.182778757451073,0.166814026627726
482,0.458572851358513,0.225342219919308,0.195393227873188,0.203733362812729,0.177624558944457,0.163123316426449
461,0.417132025922147,0.224521889216861,0.226165913043895,0.200188610986799,0.157597013980819,0.140279459933373
250,0.394120687044045,0.234581247743386,0.224521889216861,0.194059239855938,0.200188610986799,0.219672052767678
398,0.39604956908159,0.175977245746161,0.212638240623736,0.157195124574254,0.140279459933373,0.140279459933373
385,0.393155485097713,0.185172899926102,0.231177046607856,0.204454144375473,0.213405068833102,0.164480729737195
333,0.45297556976512,0.178181472416481,0.245075200706715,0.149807763529887,0.166814026627726,0.160077057692081
407,0.435141512434088,0.196743303664015,0.224521889216861,0.200889639762023,0.171243398019944,0.140279459933373
392,0.465083048709257,0.218876016213984,0.223704949036996,0.171243398019944,0.154470991130581,0.154850743467635
397,0.40182397040703,0.197424363331222,0.191439626593958,0.174364837136968,0.171243398019944,0.148471133452426
487,0.438910260048710,0.214175622695954,0.241532534498303,0.198109430350217,0.141873944585676,0.140279459933373
376,0.441731771836077,0.214949882112267,0.174364837136968,0.235439936165745,0.150492979148870,0.140279459933373
402,0.434198112267997,0.199491561253654,0.237166246337142,0.143552645462116,0.173309128978783,0.140279459933373
468,0.414271770359505,0.196066256873814,0.209608564537159,0.181605650010004,0.140279459933373,0.140279459933373
387,0.442671323317129,0.232872971194181,0.197424363331222,0.203733362812729,0.182190212262849,0.156008702799071
460,0.43702685358426,0.215727826366646,0.232023448734304,0.163123316426449,0.175977245746161,0.151897993103576
402,0.480808424194665,0.218876016213984,0.180448444205294,0.397013246974146,0.525546453481271,0.245075200706715
350,0.477118801080669,0.214175622695954,0.229493730258852,0.183371292540019,0.174898448025698,0.140279459933373
369,0.382505251364152,0.195393227873188,0.214949882112267,0.231177046607856,0.150839880430613,0.171754154191287
440,0.446424815327873,0.211875157547888,0.246862287018223,0.161797245314680,0.190794809258731,0.140279459933373
555,0.436084425669404,0.274713840722163,0.277585234113443,0.181605650010004,0.241532534498303,0.140279459933373
462,0.417132025922147,0.200889639762023,0.147497624383717,0.330492731245164,0.403744670601839,0.225342219919308
412,0.450170855356869,0.217294683481912,0.232872971194181,0.168745733831007,0.161797245314680,0.140801836156987
395,0.41331732873535,0.192741366843982,0.227823271636467,0.192741366843982,0.150492979148870,0.145018731380577
425,0.420938564569721,0.190794809258731,0.199491561253654,0.192088479379025,0.140279459933373,0.140279459933373
461,0.426633199381427,0.249561781327291,0.237166246337142,0.209608564537159,0.191439626593958,0.140279459933373
509,0.445487145704544,0.232872971194181,0.200188610986799,0.185781454960399,0.142423961905656,0.155233599845476
698,0.509203854805391,0.224521889216861,0.236301613614802,0.185172899926102,0.217294683481912,0.147497624383717
694,0.483571570595327,0.251373586915138,0.234581247743386,0.174898448025698,0.232023448734304,0.183371292540019
515,0.437968797820157,0.261497815323131,0.238904240888872,0.213405068833102,0.188884569174318,0.140279459933373
476,0.415225700022613,0.229493730258852,0.209608564537159,0.158410531669826,0.156400988328558,0.165869963138432
511,0.472497848634527,0.219672052767678,0.236301613614802,0.140279459933373,0.195393227873188,0.142423961905656
425,0.422838791105066,0.203016510694019,0.228656878414890,0.205178843545358,0.156796455796649,0.140279459933373
392,0.493674279807102,0.212638240623736,0.23033379664679,0.159655442358187,0.159655442358187,0.169237834303805
480,0.435141512434088,0.211115838461421,0.23977753355553,0.182190212262849,0.189517281185082,0.140279459933373
410,0.40182397040703,0.211875157547888,0.232023448734304,0.171243398019944,0.172787005806565,0.160502026996677
487,0.447362019176649,0.23033379664679,0.202303599215116,0.223704949036996,0.140279459933373,0.140279459933373
327,0.429473753439024,0.191439626593958,0.199491561253654,0.182190212262849,0.169237834303805,0.140279459933373
422,0.423788147113161,0.196743303664015,0.218083551882790,0.203733362812729,0.143266847840142,0.163123316426449
383,0.454843116219575,0.213405068833102,0.173835068385563,0.203733362812729,0.178742307944130,0.140279459933373
432,0.434198112267997,0.210360301592275,0.23033379664679,0.200889639762023,0.157195124574254,0.140279459933373
500,0.446424815327873,0.221274744825972,0.179307075461499,0.221274744825972,0.151897993103576,0.140279459933373
514,0.482650905054512,0.271855157449252,0.23977753355553,0.241532534498303,0.176522456496951,0.149807763529887
610,0.425685350085428,0.222081350052879,0.218876016213984,0.208860644258667,0.146237238572002,0.140279459933373
487,0.447362019176649,0.228656878414890,0.225342219919308,0.149133866930996,0.190154027575454,0.157195124574254
323,0.416179118323367,0.233725581744281,0.255943411389996,0.175435913518267,0.212638240623736,0.169237834303805
448,0.412362374614871,0.219672052767678,0.179875784505171,0.171754154191287,0.153350162717428,0.140279459933373
397,0.431364974573073,0.232872971194181,0.231177046607856,0.198109430350217,0.157195124574254,0.149807763529887
280,0.384446102799712,0.198798498578782,0.193398287644562,0.162677834203278,0.198798498578782,0.159655442358187
423,0.531876497718254,0.222891426963376,0.214175622695954,0.198798498578782,0.157195124574254,0.159655442358187
392,0.424736999725661,0.238904240888872,0.265239772398733,0.163123316426449,0.197424363331222,0.170736402643872
404,0.415225700022613,0.170736402643872,0.212638240623736,0.204454144375473,0.16357228121085,0.149807763529887
420,0.40566331506169,0.227823271636467,0.216509434133377,0.232023448734304,0.145018731380577,0.147178535004063
543,0.471572446139952,0.227823271636467,0.221274744825972,0.183371292540019,0.181025063276694,0.167772573247934
521,0.436084425669404,0.203733362812729,0.214175622695954,0.170736402643872,0.148143904307162,0.155233599845476
392,0.411406907527978,0.175977245746161,0.160930368981928,0.231177046607856,0.140279459933373,0.147819407725247
345,0.419987692000204,0.201594638931909,0.196743303664015,0.178181472416481,0.175435913518267,0.140279459933373
532,0.520109684798944,0.257786672914962,0.233725581744281,0.229493730258852,0.188255890082703,0.149133866930996
388,0.44923503724365,0.232872971194181,0.188884569174318,0.194724220966719,0.140279459933373,0.140279459933373
384,0.426633199381427,0.203016510694019,0.208116557082828,0.200889639762023,0.140279459933373,0.140279459933373
493,0.418084423539314,0.225342219919308,0.229493730258852,0.184568357977156,0.175435913518267,0.140279459933373
423,0.452041119617036,0.252283020211930,0.241532534498303,0.198109430350217,0.208860644258667,0.186394027664835
370,0.387353706987488,0.221274744825972,0.207376318697083,0.219672052767678,0.151542367809210,0.140801836156987
541,0.466939252082330,0.291125967010989,0.271855157449252,0.285297304030371,0.365932579194558,0.164024746412181
473,0.429473753439024,0.236301613614802,0.229493730258852,0.185172899926102,0.178742307944130,0.167772573247934
459,0.427580548847338,0.183967824035887,0.217294683481912,0.201594638931909,0.172787005806565,0.140279459933373
375,0.375697185802696,0.172787005806565,0.175435913518267,0.235439936165745,0.140279459933373,0.144424803121843
260,0.368866547920421,0.169237834303805,0.192741366843982,0.162235816543637,0.178181472416481,0.140279459933373
915,0.486331294331022,0.285297304030371,0.242414171861771,0.172787005806565,0.169733635746363,0.147819407725247
557,0.488169238277247,0.255943411389996,0.209608564537159,0.185781454960399,0.164940248736627,0.147819407725247
440,0.438910260048710,0.224521889216861,0.240653643199231,0.211875157547888,0.170736402643872,0.150148946700048
417,0.426633199381427,0.195393227873188,0.228656878414890,0.198798498578782,0.141873944585676,0.150492979148870
471,0.43702685358426,0.219672052767678,0.238033800236652,0.140279459933373,0.160930368981928,0.140279459933373
506,0.445487145704544,0.209608564537159,0.232872971194181,0.171754154191287,0.158822198286243,0.151542367809210
337,0.438910260048710,0.219672052767678,0.241532534498303,0.197424363331222,0.159237162188545,0.149133866930996
517,0.434198112267997,0.194059239855938,0.218876016213984,0.223704949036996,0.145018731380577,0.175977245746161
387,0.434198112267997,0.203733362812729,0.198798498578782,0.220471637257467,0.140279459933373,0.147178535004063
405,0.410450927071570,0.205178843545358,0.231177046607856,0.164480729737195,0.166814026627726,0.143266847840142
379,0.455776216619560,0.218083551882790,0.193398287644562,0.228656878414890,0.140279459933373,0.140279459933373
630,0.525546453481271,0.267121556704060,0.256863984839407,0.198109430350217,0.181025063276694,0.140279459933373
543,0.431364974573073,0.196066256873814,0.219672052767678,0.145928733232941,0.192741366843982,0.142702524367706
358,0.40662186593712,0.174898448025698,0.232023448734304,0.187631241909896,0.154094323280450,0.140279459933373
449,0.419987692000204,0.208116557082828,0.189517281185082,0.226165913043895,0.174898448025698,0.179875784505171
527,0.489087655334828,0.242414171861771,0.209608564537159,0.200889639762023,0.151542367809210,0.154850743467635
422,0.419987692000204,0.218876016213984,0.236301613614802,0.181025063276694,0.200889639762023,0.185781454960399
469,0.404704249910189,0.236301613614802,0.23977753355553,0.182190212262849,0.194059239855938,0.205178843545358
333,0.424736999725661,0.199491561253654,0.236301613614802,0.163123316426449,0.196743303664015,0.147178535004063
372,0.387353706987488,0.220471637257467,0.225342219919308,0.190794809258731,0.185781454960399,0.169237834303805
414,0.426633199381427,0.238033800236652,0.205907447843523,0.205907447843523,0.164940248736627,0.187631241909896
600,0.462295554374572,0.245967461561916,0.241532534498303,0.187010622123131,0.213405068833102,0.140279459933373
671,0.444549008408857,0.254108759679802,0.233725581744281,0.189517281185082,0.188884569174318,0.178181472416481
389,0.404704249910189,0.160077057692081,0.169733635746363,0.158410531669826,0.179875784505171,0.170736402643872
422,0.454843116219575,0.170736402643872,0.23033379664679,0.160502026996677,0.149807763529887,0.140279459933373
407,0.427580548847338,0.198109430350217,0.233725581744281,0.190154027575454,0.160077057692081,0.165403320798019
392,0.429473753439024,0.197424363331222,0.209608564537159,0.151897993103576,0.152256565618780,0.148471133452426
507,0.434198112267997,0.225342219919308,0.182190212262849,0.188884569174318,0.159237162188545,0.140279459933373
475,0.436084425669404,0.250466494772263,0.228656878414890,0.252283020211930,0.218083551882790,0.224521889216861
527,0.463225147278761,0.238904240888872,0.226992939983781,0.205907447843523,0.158002143279100,0.147178535004063
509,0.466011361565902,0.231177046607856,0.246862287018223,0.182190212262849,0.187631241909896,0.152618104976752
591,0.462295554374572,0.265239772398733,0.219672052767678,0.181605650010004,0.171243398019944,0.140279459933373
331,0.455776216619560,0.205178843545358,0.211875157547888,0.182190212262849,0.186394027664835,0.140279459933373
349,0.351210191887716,0.187631241909896,0.213405068833102,0.148471133452426,0.211115838461421,0.162677834203278
565,0.466011361565902,0.270905253648299,0.253194757033311,0.214175622695954,0.181605650010004,0.140279459933373
452,0.453909567952752,0.226165913043895,0.224521889216861,0.164480729737195,0.174364837136968,0.153720720340875
492,0.492757675678563,0.217294683481912,0.243298519444439,0.167291481291287,0.146862120354825,0.144131604573628
535,0.466939252082330,0.203733362812729,0.181605650010004,0.211115838461421,0.150492979148870,0.169733635746363
523,0.448298759169222,0.227823271636467,0.223704949036996,0.194724220966719,0.140279459933373,0.154094323280450
249,0.40182397040703,0.189517281185082,0.167291481291287,0.358090854945044,0.486331294331022,0.281431899695417
357,0.448298759169222,0.179875784505171,0.205178843545358,0.178742307944130,0.145928733232941,0.142702524367706
373,0.444549008408857,0.199491561253654,0.222081350052879,0.201594638931909,0.143552645462116,0.140279459933373
284,0.362014841934518,0.181025063276694,0.184568357977156,0.355144025044986,0.470646634478409,0.197424363331222
407,0.429473753439024,0.213405068833102,0.195393227873188,0.207376318697083,0.148471133452426,0.140279459933373
647,0.465083048709257,0.184568357977156,0.192088479379025,0.178742307944130,0.140279459933373,0.153350162717428
344,0.391223565654671,0.179307075461499,0.195393227873188,0.220471637257467,0.140801836156987,0.153720720340875
494,0.438910260048710,0.215727826366646,0.189517281185082,0.178742307944130,0.207376318697083,0.140279459933373
415,0.417132025922147,0.232023448734304,0.252283020211930,0.210360301592275,0.160502026996677,0.158410531669826
546,0.441731771836077,0.235439936165745,0.229493730258852,0.178742307944130,0.178742307944130,0.142423961905656
395,0.410450927071570,0.221274744825972,0.210360301592275,0.163123316426449,0.158002143279100,0.140279459933373
282,0.432309844864813,0.197424363331222,0.198798498578782,0.204454144375473,0.156008702799071,0.140279459933373
413,0.400862850180983,0.204454144375473,0.206639944148685,0.181605650010004,0.167291481291287,0.156400988328558
444,0.461365530470573,0.232023448734304,0.242414171861771,0.171243398019944,0.176522456496951,0.165869963138432
446,0.416179118323367,0.203733362812729,0.188884569174318,0.208860644258667,0.140279459933373,0.140279459933373
521,0.434198112267997,0.247759640188542,0.198798498578782,0.159237162188545,0.160502026996677,0.140279459933373
311,0.369843682925459,0.214949882112267,0.165403320798019,0.199491561253654,0.148471133452426,0.144720505822661
401,0.436084425669404,0.176522456496951,0.232872971194181,0.163123316426449,0.168257318749387,0.140279459933373
428,0.448298759169222,0.211115838461421,0.174898448025698,0.165403320798019,0.164480729737195,0.158410531669826
256,0.415225700022613,0.200889639762023,0.190154027575454,0.175435913518267,0.164480729737195,0.188255890082703
451,0.445487145704544,0.224521889216861,0.252283020211930,0.140279459933373,0.207376318697083,0.147819407725247
419,0.434198112267997,0.228656878414890,0.210360301592275,0.203733362812729,0.165403320798019,0.140279459933373
387,0.431364974573073,0.211115838461421,0.226165913043895,0.16357228121085,0.162677834203278,0.153350162717428
402,0.419987692000204,0.247759640188542,0.226992939983781,0.200889639762023,0.198798498578782,0.196066256873814
382,0.41331732873535,0.222081350052879,0.171243398019944,0.160930368981928,0.194724220966719,0.153720720340875
503,0.448298759169222,0.233725581744281,0.226992939983781,0.200188610986799,0.179307075461499,0.140279459933373
444,0.394120687044045,0.198109430350217,0.226165913043895,0.23033379664679,0.142702524367706,0.140279459933373
454,0.463225147278761,0.218876016213984,0.233725581744281,0.194724220966719,0.156400988328558,0.141602453589765
400,0.370820382306947,0.189517281185082,0.190794809258731,0.185172899926102,0.203733362812729,0.166814026627726
318,0.423788147113161,0.191439626593958,0.166814026627726,0.197424363331222,0.171754154191287,0.153720720340875
554,0.439851241970584,0.266179795115631,0.23033379664679,0.23033379664679,0.26806502014066,0.140279459933373
320,0.409494432911366,0.179307075461499,0.190154027575454,0.187010622123131,0.154094323280450,0.140279459933373
339,0.447362019176649,0.213405068833102,0.203733362812729,0.190794809258731,0.140279459933373,0.156008702799071
325,0.403744670601839,0.172787005806565,0.196743303664015,0.164024746412181,0.184568357977156,0.140279459933373
653,0.466011361565902,0.226165913043895,0.175435913518267,0.249561781327291,0.152982630801945,0.159237162188545
359,0.447362019176649,0.185172899926102,0.182190212262849,0.217294683481912,0.146862120354825,0.151189670120080
791,0.515570951288053,0.273759486818862,0.254108759679802,0.244185541162083,0.159655442358187,0.154850743467635
553,0.454843116219575,0.244185541162083,0.198109430350217,0.216509434133377,0.144720505822661,0.157597013980819
328,0.457641082102348,0.220471637257467,0.23977753355553,0.186394027664835,0.154850743467635,0.158002143279100
329,0.471572446139952,0.205178843545358,0.195393227873188,0.217294683481912,0.140279459933373,0.150148946700048
772,0.512844066957349,0.274713840722163,0.267121556704060,0.161797245314680,0.190154027575454,0.149133866930996
429,0.426633199381427,0.192741366843982,0.240653643199231,0.177071557205383,0.148801114525785,0.145622826217966
359,0.427580548847338,0.226165913043895,0.205178843545358,0.259638241659144,0.169733635746363,0.195393227873188
383,0.39893907178823,0.194059239855938,0.194059239855938,0.211875157547888,0.157195124574254,0.146548361254107
453,0.407579902497849,0.194724220966719,0.193398287644562,0.177071557205383,0.162235816543637,0.140279459933373
532,0.442671323317129,0.249561781327291,0.234581247743386,0.190794809258731,0.179307075461499,0.142423961905656
449,0.438910260048710,0.205907447843523,0.190794809258731,0.212638240623736,0.140279459933373,0.140279459933373
470,0.40566331506169,0.227823271636467,0.232872971194181,0.165869963138432,0.160930368981928,0.140279459933373
368,0.40182397040703,0.196066256873814,0.183967824035887,0.218083551882790,0.153350162717428,0.150839880430613
491,0.414271770359505,0.214175622695954,0.208860644258667,0.243298519444439,0.269956905233921,0.150148946700048
470,0.465083048709257,0.261497815323131,0.242414171861771,0.256863984839407,0.157597013980819,0.168257318749387
427,0.476195411202944,0.231177046607856,0.220471637257467,0.169733635746363,0.174898448025698,0.165403320798019
403,0.437968797820157,0.215727826366646,0.228656878414890,0.199491561253654,0.222891426963376,0.194724220966719
312,0.353177756395209,0.219672052767678,0.160077057692081,0.440791745314472,0.570494126543261,0.269956905233921
585,0.470646634478409,0.211875157547888,0.211115838461421,0.222891426963376,0.174364837136968,0.140279459933373
152,0.274713840722163,0.162235816543637,0.227823271636467,0.174364837136968,0.175977245746161,0.140279459933373
409,0.431364974573073,0.201594638931909,0.214175622695954,0.204454144375473,0.169733635746363,0.162677834203278
424,0.418084423539314,0.190794809258731,0.203016510694019,0.203016510694019,0.140279459933373,0.150839880430613
295,0.358090854945044,0.16357228121085,0.194059239855938,0.159655442358187,0.140279459933373,0.140279459933373
560,0.409494432911366,0.221274744825972,0.232872971194181,0.164024746412181,0.178742307944130,0.145622826217966
492,0.43702685358426,0.215727826366646,0.208116557082828,0.200188610986799,0.140279459933373,0.140279459933373
519,0.41331732873535,0.206639944148685,0.232023448734304,0.23033379664679,0.140279459933373,0.147819407725247
274,0.463225147278761,0.184568357977156,0.178181472416481,0.241532534498303,0.140279459933373,0.140279459933373
343,0.440791745314472,0.196743303664015,0.226165913043895,0.222081350052879,0.140279459933373,0.148801114525785
446,0.439851241970584,0.191439626593958,0.218083551882790,0.170736402643872,0.150148946700048,0.140279459933373
381,0.445487145704544,0.226165913043895,0.226165913043895,0.208860644258667,0.154094323280450,0.142702524367706
386,0.425685350085428,0.226165913043895,0.229493730258852,0.229493730258852,0.155619579790919,0.140279459933373
392,0.397013246974146,0.204454144375473,0.220471637257467,0.192088479379025,0.174364837136968,0.143266847840142
284,0.435141512434088,0.213405068833102,0.190154027575454,0.245075200706715,0.156008702799071,0.145018731380577
418,0.450170855356869,0.23977753355553,0.225342219919308,0.219672052767678,0.140279459933373,0.140279459933373
427,0.403744670601839,0.206639944148685,0.218876016213984,0.181605650010004,0.172787005806565,0.140279459933373
512,0.432309844864813,0.219672052767678,0.168257318749387,0.267121556704060,0.148143904307162,0.159237162188545
518,0.457641082102348,0.226165913043895,0.251373586915138,0.177071557205383,0.175977245746161,0.140279459933373
356,0.411406907527978,0.169237834303805,0.203733362812729,0.183967824035887,0.154470991130581,0.152256565618780
953,0.521923099581909,0.302869127130412,0.275669606701894,0.192741366843982,0.205907447843523,0.140279459933373
305,0.419036311953547,0.188884569174318,0.213405068833102,0.170233153496669,0.156796455796649,0.143840891542185
372,0.427580548847338,0.233725581744281,0.202303599215116,0.190154027575454,0.203016510694019,0.140279459933373
422,0.457641082102348,0.245967461561916,0.211875157547888,0.194059239855938,0.185781454960399,0.173835068385563
403,0.414271770359505,0.203016510694019,0.193398287644562,0.173835068385563,0.159237162188545,0.146548361254107
367,0.40566331506169,0.200188610986799,0.228656878414890,0.173309128978783,0.161797245314680,0.140279459933373
477,0.439851241970584,0.232023448734304,0.179875784505171,0.227823271636467,0.172787005806565,0.150492979148870
321,0.39893907178823,0.155233599845476,0.170233153496669,0.224521889216861,0.156400988328558,0.140279459933373
402,0.419987692000204,0.198798498578782,0.217294683481912,0.158822198286243,0.193398287644562,0.142147774681471
295,0.368866547920421,0.178742307944130,0.176522456496951,0.154850743467635,0.178181472416481,0.144424803121843
404,0.412362374614871,0.188884569174318,0.214175622695954,0.148143904307162,0.171243398019944,0.145018731380577
334,0.377644706128292,0.204454144375473,0.224521889216861,0.157195124574254,0.158410531669826,0.140279459933373
287,0.402784577338547,0.216509434133377,0.227823271636467,0.210360301592275,0.164480729737195,0.155233599845476
444,0.429473753439024,0.170233153496669,0.237166246337142,0.163123316426449,0.140279459933373,0.142423961905656
439,0.433254223593108,0.227823271636467,0.250466494772263,0.140279459933373,0.165869963138432,0.140279459933373
434,0.42188893060604,0.235439936165745,0.227823271636467,0.217294683481912,0.142423961905656,0.154470991130581
399,0.422838791105066,0.189517281185082,0.183967824035887,0.184568357977156,0.160930368981928,0.140279459933373
373,0.445487145704544,0.205178843545358,0.226992939983781,0.182190212262849,0.174364837136968,0.140279459933373
293,0.355144025044986,0.157597013980819,0.23033379664679,0.154094323280450,0.177071557205383,0.148471133452426
400,0.434198112267997,0.250466494772263,0.216509434133377,0.189517281185082,0.169733635746363,0.155233599845476
436,0.428527399760189,0.234581247743386,0.262430509724191,0.159237162188545,0.151189670120080,0.147819407725247
364,0.408537424783786,0.205178843545358,0.237166246337142,0.192088479379025,0.172268685450245,0.141873944585676
441,0.446424815327873,0.229493730258852,0.197424363331222,0.208116557082828,0.159237162188545,0.140279459933373
454,0.383475920330798,0.214175622695954,0.200889639762023,0.187631241909896,0.170233153496669,0.140279459933373
343,0.373747820375976,0.187010622123131,0.202303599215116,0.175435913518267,0.146862120354825,0.141066417195949
429,0.409494432911366,0.226165913043895,0.204454144375473,0.204454144375473,0.176522456496951,0.140279459933373
346,0.333456768437105,0.188255890082703,0.195393227873188,0.160502026996677,0.147819407725247,0.156400988328558
525,0.474347434968947,0.238904240888872,0.247759640188542,0.165403320798019,0.153350162717428,0.162677834203278
387,0.387353706987488,0.204454144375473,0.213405068833102,0.180448444205294,0.183967824035887,0.159237162188545
482,0.438910260048710,0.229493730258852,0.198109430350217,0.226992939983781,0.194724220966719,0.144131604573628
426,0.440791745314472,0.254108759679802,0.163123316426449,0.229493730258852,0.170233153496669,0.16357228121085
871,0.51920253600366,0.35612665264182,0.314687276192053,0.282396577544332,0.178181472416481,0.140279459933373
453,0.442671323317129,0.23033379664679,0.225342219919308,0.218876016213984,0.140279459933373,0.154850743467635
318,0.439851241970584,0.228656878414890,0.214949882112267,0.207376318697083,0.175435913518267,0.140279459933373
510,0.431364974573073,0.233725581744281,0.222891426963376,0.196743303664015,0.197424363331222,0.16357228121085
199,0.349241401529061,0.196743303664015,0.213405068833102,0.172787005806565,0.158822198286243,0.181605650010004
368,0.40662186593712,0.188255890082703,0.194059239855938,0.162677834203278,0.167291481291287,0.142702524367706
503,0.444549008408857,0.222081350052879,0.234581247743386,0.209608564537159,0.140539522938054,0.140279459933373
409,0.410450927071570,0.229493730258852,0.244185541162083,0.178181472416481,0.155233599845476,0.140279459933373
402,0.450170855356869,0.214175622695954,0.249561781327291,0.187010622123131,0.159655442358187,0.141066417195949
400,0.450170855356869,0.243298519444439,0.241532534498303,0.185172899926102,0.189517281185082,0.168745733831007
384,0.437968797820157,0.269956905233921,0.232872971194181,0.257786672914962,0.196066256873814,0.178181472416481
391,0.438910260048710,0.246862287018223,0.200188610986799,0.238033800236652,0.181605650010004,0.157195124574254
356,0.414271770359505,0.195393227873188,0.217294683481912,0.187631241909896,0.167772573247934,0.171243398019944
373,0.40182397040703,0.198798498578782,0.189517281185082,0.213405068833102,0.148801114525785,0.173309128978783
428,0.408537424783786,0.214175622695954,0.226992939983781,0.244185541162083,0.278545025785751,0.153350162717428
458,0.464154311336516,0.213405068833102,0.214949882112267,0.188884569174318,0.185172899926102,0.155619579790919
243,0.427580548847338,0.213405068833102,0.198798498578782,0.206639944148685,0.153350162717428,0.158002143279100
322,0.453909567952752,0.254108759679802,0.222891426963376,0.200889639762023,0.174898448025698,0.140279459933373
326,0.435141512434088,0.198109430350217,0.192741366843982,0.198798498578782,0.157597013980819,0.140279459933373
542,0.441731771836077,0.211875157547888,0.189517281185082,0.185781454960399,0.168257318749387,0.142147774681471
369,0.40566331506169,0.191439626593958,0.198798498578782,0.168257318749387,0.178742307944130,0.149807763529887
407,0.446424815327873,0.238033800236652,0.181025063276694,0.157195124574254,0.185172899926102,0.159655442358187
460,0.450170855356869,0.222081350052879,0.201594638931909,0.161362102255135,0.185781454960399,0.145319498566922
419,0.411406907527978,0.211115838461421,0.257786672914962,0.156008702799071,0.192088479379025,0.149807763529887
252,0.386384998416716,0.175435913518267,0.187631241909896,0.343328438016707,0.45297556976512,0.192741366843982
360,0.393155485097713,0.233725581744281,0.178742307944130,0.219672052767678,0.141873944585676,0.154850743467635
406,0.476195411202944,0.288207386188063,0.283362392853609,0.221274744825972,0.224521889216861,0.156796455796649
189,0.397013246974146,0.185172899926102,0.156400988328558,0.375697185802696,0.490005705397473,0.224521889216861
420,0.419987692000204,0.203016510694019,0.220471637257467,0.178181472416481,0.14298348025674,0.140279459933373
492,0.452041119617036,0.210360301592275,0.196066256873814,0.199491561253654,0.180448444205294,0.160930368981928
369,0.385415796280043,0.172787005806565,0.222891426963376,0.161797245314680,0.181025063276694,0.140279459933373
593,0.435141512434088,0.26336509235663,0.251373586915138,0.211875157547888,0.302869127130412,0.152256565618780
477,0.467866722440866,0.315674182764382,0.271855157449252,0.204454144375473,0.241532534498303,0.140279459933373
417,0.410450927071570,0.182190212262849,0.236301613614802,0.181605650010004,0.141333283747465,0.140279459933373
486,0.463225147278761,0.23977753355553,0.238904240888872,0.140279459933373,0.187010622123131,0.140279459933373
516,0.466011361565902,0.226992939983781,0.238904240888872,0.161362102255135,0.184568357977156,0.140279459933373
518,0.424736999725661,0.236301613614802,0.198798498578782,0.23033379664679,0.165869963138432,0.177624558944457
391,0.415225700022613,0.178181472416481,0.207376318697083,0.188884569174318,0.175435913518267,0.140279459933373
395,0.397976414823837,0.216509434133377,0.223704949036996,0.197424363331222,0.162235816543637,0.140279459933373
435,0.470646634478409,0.250466494772263,0.224521889216861,0.231177046607856,0.171243398019944,0.172787005806565
330,0.458572851358513,0.222891426963376,0.205178843545358,0.231177046607856,0.175435913518267,0.172787005806565
210,0.362014841934518,0.148143904307162,0.188255890082703,0.171243398019944,0.198109430350217,0.140279459933373
530,0.39893907178823,0.224521889216861,0.201594638931909,0.190794809258731,0.163123316426449,0.145319498566922
370,0.384446102799712,0.175977245746161,0.180448444205294,0.186394027664835,0.161797245314680,0.164940248736627
431,0.431364974573073,0.182190212262849,0.228656878414890,0.148471133452426,0.140279459933373,0.140279459933373
612,0.467866722440866,0.261497815323131,0.238033800236652,0.174898448025698,0.183967824035887,0.140279459933373
526,0.448298759169222,0.223704949036996,0.226165913043895,0.203016510694019,0.140279459933373,0.140279459933373
319,0.363974517009122,0.185172899926102,0.238904240888872,0.301887051542692,0.380562464597876,0.178742307944130
502,0.453909567952752,0.245075200706715,0.225342219919308,0.219672052767678,0.163123316426449,0.154850743467635
455,0.459504181093247,0.220471637257467,0.232872971194181,0.177624558944457,0.160502026996677,0.158410531669826
374,0.458572851358513,0.256863984839407,0.232872971194181,0.175977245746161,0.218083551882790,0.223704949036996
391,0.39604956908159,0.203733362812729,0.191439626593958,0.187010622123131,0.178181472416481,0.175435913518267
398,0.380562464597876,0.175977245746161,0.199491561253654,0.171243398019944,0.153350162717428,0.155619579790919
411,0.448298759169222,0.221274744825972,0.208116557082828,0.188255890082703,0.174898448025698,0.155619579790919
525,0.44923503724365,0.220471637257467,0.193398287644562,0.190794809258731,0.140279459933373,0.152982630801945
476,0.429473753439024,0.229493730258852,0.224521889216861,0.148471133452426,0.172787005806565,0.160077057692081
368,0.387353706987488,0.232023448734304,0.205907447843523,0.226165913043895,0.146862120354825,0.142702524367706
371,0.416179118323367,0.215727826366646,0.226992939983781,0.185781454960399,0.154094323280450,0.140279459933373
525,0.45297556976512,0.216509434133377,0.223704949036996,0.233725581744281,0.144131604573628,0.147497624383717
373,0.422838791105066,0.206639944148685,0.242414171861771,0.198798498578782,0.158410531669826,0.150148946700048
448,0.415225700022613,0.178181472416481,0.214949882112267,0.190154027575454,0.172268685450245,0.153720720340875
394,0.43702685358426,0.191439626593958,0.218083551882790,0.187631241909896,0.186394027664835,0.141873944585676
365,0.411406907527978,0.210360301592275,0.200889639762023,0.23033379664679,0.190154027575454,0.156796455796649
454,0.442671323317129,0.280468392646033,0.241532534498303,0.205178843545358,0.168745733831007,0.170736402643872
606,0.474347434968947,0.238033800236652,0.218083551882790,0.293075998312143,0.390256851013871,0.183371292540019
532,0.441731771836077,0.189517281185082,0.260567046745838,0.183371292540019,0.161362102255135,0.140279459933373
244,0.363974517009122,0.198798498578782,0.214949882112267,0.205178843545358,0.158410531669826,0.140279459933373
366,0.426633199381427,0.188255890082703,0.191439626593958,0.177071557205383,0.175977245746161,0.150839880430613
333,0.473422844172892,0.185781454960399,0.184568357977156,0.178742307944130,0.172268685450245,0.179875784505171
468,0.424736999725661,0.226165913043895,0.192741366843982,0.183371292540019,0.140279459933373,0.174898448025698
234,0.426633199381427,0.205178843545358,0.211875157547888,0.273759486818862,0.415225700022613,0.140279459933373
467,0.430419611243593,0.214175622695954,0.226992939983781,0.214949882112267,0.162235816543637,0.157597013980819
411,0.419987692000204,0.202303599215116,0.210360301592275,0.204454144375473,0.141873944585676,0.140279459933373
350,0.391223565654671,0.214175622695954,0.204454144375473,0.167772573247934,0.200889639762023,0.167291481291287
415,0.411406907527978,0.168257318749387,0.223704949036996,0.205907447843523,0.140279459933373,0.147819407725247
347,0.428527399760189,0.192088479379025,0.205907447843523,0.207376318697083,0.169733635746363,0.164940248736627
363,0.425685350085428,0.23033379664679,0.244185541162083,0.188884569174318,0.169237834303805,0.144720505822661
387,0.445487145704544,0.216509434133377,0.202303599215116,0.172268685450245,0.188255890082703,0.146237238572002
427,0.419987692000204,0.194724220966719,0.185781454960399,0.183371292540019,0.145622826217966,0.140279459933373
457,0.422838791105066,0.205178843545358,0.211875157547888,0.195393227873188,0.144720505822661,0.140279459933373
593,0.476195411202944,0.235439936165745,0.224521889216861,0.222081350052879,0.141333283747465,0.160502026996677
347,0.486331294331022,0.232023448734304,0.236301613614802,0.209608564537159,0.146548361254107,0.185781454960399
341,0.390256851013871,0.166814026627726,0.205907447843523,0.171243398019944,0.140279459933373,0.184568357977156
326,0.433254223593108,0.183967824035887,0.183371292540019,0.157597013980819,0.174898448025698,0.140279459933373
346,0.395085382089401,0.170736402643872,0.186394027664835,0.229493730258852,0.140279459933373,0.168745733831007
520,0.463225147278761,0.238033800236652,0.245075200706715,0.171754154191287,0.187631241909896,0.140279459933373
380,0.433254223593108,0.228656878414890,0.171243398019944,0.235439936165745,0.140279459933373,0.145928733232941
724,0.501907959152939,0.250466494772263,0.238904240888872,0.167772573247934,0.210360301592275,0.140279459933373
372,0.394120687044045,0.199491561253654,0.194724220966719,0.226992939983781,0.141602453589765,0.167291481291287
375,0.41331732873535,0.183371292540019,0.23033379664679,0.233725581744281,0.140279459933373,0.140279459933373
354,0.40566331506169,0.177071557205383,0.198798498578782,0.197424363331222,0.159655442358187,0.148471133452426
505,0.430419611243593,0.215727826366646,0.173309128978783,0.212638240623736,0.141602453589765,0.151189670120080
474,0.431364974573073,0.265239772398733,0.271855157449252,0.197424363331222,0.246862287018223,0.140279459933373
394,0.448298759169222,0.225342219919308,0.192741366843982,0.215727826366646,0.140279459933373,0.148801114525785
279,0.456708871220304,0.164480729737195,0.187010622123131,0.202303599215116,0.152982630801945,0.140279459933373
506,0.438910260048710,0.218083551882790,0.207376318697083,0.183371292540019,0.140279459933373,0.153720720340875
582,0.431364974573073,0.235439936165745,0.226992939983781,0.238033800236652,0.169733635746363,0.140279459933373
431,0.415225700022613,0.202303599215116,0.232023448734304,0.170736402643872,0.146237238572002,0.149133866930996
363,0.438910260048710,0.205178843545358,0.188884569174318,0.200188610986799,0.172787005806565,0.144720505822661
372,0.391223565654671,0.207376318697083,0.229493730258852,0.150839880430613,0.160502026996677,0.165869963138432
467,0.450170855356869,0.192741366843982,0.183967824035887,0.164940248736627,0.164940248736627,0.140279459933373
401,0.40662186593712,0.217294683481912,0.188884569174318,0.202303599215116,0.14298348025674,0.143840891542185
515,0.466011361565902,0.219672052767678,0.252283020211930,0.140279459933373,0.159655442358187,0.148801114525785
342,0.393155485097713,0.194059239855938,0.207376318697083,0.172787005806565,0.158002143279100,0.140279459933373
403,0.419036311953547,0.203733362812729,0.209608564537159,0.218083551882790,0.170233153496669,0.170233153496669
427,0.416179118323367,0.203016510694019,0.259638241659144,0.185781454960399,0.167772573247934,0.188255890082703
506,0.40662186593712,0.186394027664835,0.204454144375473,0.171243398019944,0.167291481291287,0.141333283747465
387,0.430419611243593,0.197424363331222,0.205178843545358,0.176522456496951,0.206639944148685,0.161362102255135
462,0.448298759169222,0.251373586915138,0.207376318697083,0.218876016213984,0.161797245314680,0.189517281185082
448,0.386384998416716,0.181025063276694,0.208860644258667,0.171243398019944,0.140279459933373,0.140279459933373
499,0.429473753439024,0.216509434133377,0.198798498578782,0.151542367809210,0.180448444205294,0.140279459933373
546,0.435141512434088,0.227823271636467,0.216509434133377,0.203016510694019,0.145018731380577,0.140279459933373
333,0.450170855356869,0.185172899926102,0.199491561253654,0.184568357977156,0.159655442358187,0.150839880430613
370,0.439851241970584,0.215727826366646,0.214949882112267,0.192088479379025,0.145928733232941,0.149807763529887
404,0.417132025922147,0.222081350052879,0.228656878414890,0.140279459933373,0.210360301592275,0.151189670120080
478,0.437968797820157,0.251373586915138,0.233725581744281,0.221274744825972,0.172268685450245,0.210360301592275
500,0.435141512434088,0.208860644258667,0.225342219919308,0.185781454960399,0.140279459933373,0.140279459933373
478,0.448298759169222,0.217294683481912,0.254108759679802,0.175977245746161,0.204454144375473,0.157597013980819
722,0.451106215483896,0.247759640188542,0.218876016213984,0.179307075461499,0.147819407725247,0.175977245746161
521,0.43702685358426,0.202303599215116,0.189517281185082,0.170233153496669,0.147178535004063,0.140279459933373
591,0.523735350546028,0.274713840722163,0.281431899695417,0.203733362812729,0.228656878414890,0.192088479379025
452,0.420938564569721,0.204454144375473,0.211115838461421,0.162235816543637,0.181025063276694,0.140279459933373
260,0.349241401529061,0.218876016213984,0.189517281185082,0.205178843545358,0.147819407725247,0.140279459933373
453,0.403744670601839,0.200188610986799,0.208116557082828,0.214949882112267,0.153720720340875,0.143840891542185
433,0.422838791105066,0.205907447843523,0.191439626593958,0.208116557082828,0.174364837136968,0.159655442358187
393,0.451106215483896,0.260567046745838,0.265239772398733,0.373747820375976,0.49459052794554,0.269956905233921
421,0.402784577338547,0.222081350052879,0.214949882112267,0.187010622123131,0.164940248736627,0.140279459933373
396,0.416179118323367,0.215727826366646,0.234581247743386,0.185781454960399,0.161362102255135,0.144720505822661
362,0.404704249910189,0.220471637257467,0.194724220966719,0.16357228121085,0.170233153496669,0.140279459933373
358,0.39893907178823,0.187010622123131,0.173835068385563,0.185781454960399,0.162677834203278,0.140279459933373
503,0.425685350085428,0.261497815323131,0.204454144375473,0.203016510694019,0.16634019279706,0.140279459933373
382,0.417132025922147,0.207376318697083,0.209608564537159,0.175977245746161,0.156008702799071,0.140279459933373
487,0.436084425669404,0.231177046607856,0.228656878414890,0.205178843545358,0.152982630801945,0.162677834203278
534,0.489087655334828,0.294052217151829,0.237166246337142,0.177071557205383,0.203016510694019,0.164480729737195
312,0.355144025044986,0.177624558944457,0.171754154191287,0.170736402643872,0.151189670120080,0.170233153496669
434,0.444549008408857,0.206639944148685,0.193398287644562,0.208860644258667,0.156008702799071,0.152256565618780
294,0.430419611243593,0.168257318749387,0.227823271636467,0.198798498578782,0.178181472416481,0.162235816543637
300,0.429473753439024,0.218083551882790,0.202303599215116,0.205907447843523,0.158822198286243,0.140279459933373
359,0.417132025922147,0.173835068385563,0.190154027575454,0.197424363331222,0.184568357977156,0.140279459933373
364,0.39218977751084,0.215727826366646,0.192088479379025,0.188255890082703,0.198109430350217,0.157195124574254
518,0.419987692000204,0.209608564537159,0.218083551882790,0.224521889216861,0.222081350052879,0.140279459933373
508,0.42188893060604,0.222891426963376,0.199491561253654,0.222081350052879,0.174364837136968,0.142423961905656
326,0.362014841934518,0.205178843545358,0.177071557205383,0.204454144375473,0.160077057692081,0.169733635746363
564,0.462295554374572,0.222891426963376,0.233725581744281,0.181025063276694,0.140279459933373,0.165869963138432
526,0.454843116219575,0.209608564537159,0.221274744825972,0.192741366843982,0.157597013980819,0.184568357977156
497,0.424736999725661,0.246862287018223,0.213405068833102,0.195393227873188,0.158002143279100,0.140279459933373
416,0.472497848634527,0.232023448734304,0.232872971194181,0.161797245314680,0.172787005806565,0.140279459933373
486,0.447362019176649,0.212638240623736,0.200188610986799,0.216509434133377,0.164480729737195,0.140279459933373
387,0.418084423539314,0.231177046607856,0.259638241659144,0.180448444205294,0.146862120354825,0.140279459933373
317,0.446424815327873,0.178181472416481,0.245075200706715,0.167291481291287,0.147819407725247,0.170233153496669
306,0.389289635189169,0.170233153496669,0.205907447843523,0.217294683481912,0.157597013980819,0.167291481291287
369,0.441731771836077,0.181025063276694,0.197424363331222,0.215727826366646,0.140279459933373,0.140279459933373
334,0.443610401564419,0.226165913043895,0.252283020211930,0.210360301592275,0.179307075461499,0.140279459933373
421,0.411406907527978,0.226165913043895,0.209608564537159,0.221274744825972,0.156008702799071,0.172787005806565
249,0.456708871220304,0.205907447843523,0.181605650010004,0.221274744825972,0.140279459933373,0.140279459933373
263,0.312714190948075,0.159237162188545,0.195393227873188,0.167772573247934,0.190794809258731,0.155233599845476
442,0.447362019176649,0.211115838461421,0.245967461561916,0.155619579790919,0.164480729737195,0.166814026627726
319,0.435141512434088,0.202303599215116,0.214175622695954,0.203733362812729,0.159655442358187,0.140279459933373
346,0.393155485097713,0.187010622123131,0.237166246337142,0.203733362812729,0.145319498566922,0.140279459933373
393,0.40662186593712,0.227823271636467,0.224521889216861,0.161797245314680,0.162235816543637,0.140279459933373
381,0.45297556976512,0.237166246337142,0.216509434133377,0.229493730258852,0.140279459933373,0.171754154191287
378,0.397976414823837,0.211875157547888,0.23033379664679,0.194059239855938,0.150492979148870,0.142702524367706
458,0.417132025922147,0.203733362812729,0.195393227873188,0.185172899926102,0.141602453589765,0.148801114525785
488,0.451106215483896,0.252283020211930,0.226992939983781,0.236301613614802,0.348256569656263,0.16357228121085
465,0.456708871220304,0.238033800236652,0.219672052767678,0.208116557082828,0.173835068385563,0.191439626593958
393,0.424736999725661,0.182190212262849,0.180448444205294,0.219672052767678,0.140279459933373,0.144720505822661
361,0.412362374614871,0.201594638931909,0.201594638931909,0.187010622123131,0.155619579790919,0.163123316426449
547,0.467866722440866,0.194724220966719,0.217294683481912,0.163123316426449,0.179307075461499,0.144424803121843
331,0.391223565654671,0.207376318697083,0.200188610986799,0.169733635746363,0.152982630801945,0.140279459933373
326,0.373747820375976,0.164940248736627,0.203733362812729,0.188255890082703,0.148143904307162,0.150148946700048
445,0.419987692000204,0.232023448734304,0.200188610986799,0.203016510694019,0.16357228121085,0.167291481291287
383,0.373747820375976,0.182778757451073,0.191439626593958,0.207376318697083,0.157195124574254,0.174898448025698
374,0.426633199381427,0.213405068833102,0.237166246337142,0.315674182764382,0.420938564569721,0.205907447843523
431,0.443610401564419,0.251373586915138,0.245967461561916,0.296006914761259,0.388321919900050,0.174898448025698
410,0.444549008408857,0.223704949036996,0.170233153496669,0.226992939983781,0.140279459933373,0.140279459933373
324,0.467866722440866,0.210360301592275,0.214175622695954,0.202303599215116,0.169237834303805,0.140279459933373
535,0.399901217123282,0.183967824035887,0.203733362812729,0.183371292540019,0.152618104976752,0.140279459933373
575,0.450170855356869,0.26806502014066,0.23977753355553,0.277585234113443,0.176522456496951,0.140279459933373
548,0.452041119617036,0.196066256873814,0.229493730258852,0.191439626593958,0.16634019279706,0.149807763529887
386,0.434198112267997,0.188884569174318,0.203016510694019,0.197424363331222,0.140279459933373,0.149133866930996
514,0.43702685358426,0.187631241909896,0.209608564537159,0.182190212262849,0.180448444205294,0.152982630801945
681,0.472497848634527,0.244185541162083,0.251373586915138,0.159237162188545,0.170736402643872,0.150839880430613
624,0.460435073421994,0.250466494772263,0.269010148553487,0.179875784505171,0.171754154191287,0.144424803121843
258,0.429473753439024,0.202303599215116,0.158410531669826,0.258711437790672,0.377644706128292,0.177071557205383
404,0.444549008408857,0.200188610986799,0.214949882112267,0.140279459933373,0.194724220966719,0.156400988328558
301,0.346286080835727,0.180448444205294,0.208116557082828,0.190154027575454,0.162235816543637,0.14298348025674
350,0.420938564569721,0.189517281185082,0.191439626593958,0.162235816543637,0.140801836156987,0.140279459933373
393,0.42188893060604,0.242414171861771,0.187010622123131,0.258711437790672,0.190154027575454,0.178742307944130
432,0.407579902497849,0.191439626593958,0.206639944148685,0.214949882112267,0.245075200706715,0.170736402643872
448,0.416179118323367,0.197424363331222,0.237166246337142,0.175977245746161,0.142147774681471,0.140279459933373
379,0.397976414823837,0.195393227873188,0.174898448025698,0.226165913043895,0.140279459933373,0.140279459933373
364,0.410450927071570,0.174364837136968,0.220471637257467,0.183967824035887,0.151542367809210,0.151189670120080
422,0.426633199381427,0.174364837136968,0.214949882112267,0.16634019279706,0.149469410107982,0.140279459933373
327,0.423788147113161,0.173309128978783,0.140279459933373,0.188884569174318,0.174364837136968,0.142147774681471
346,0.39218977751084,0.221274744825972,0.220471637257467,0.214175622695954,0.162677834203278,0.165869963138432
335,0.423788147113161,0.195393227873188,0.200188610986799,0.171243398019944,0.140279459933373,0.140279459933373
362,0.445487145704544,0.221274744825972,0.162677834203278,0.222891426963376,0.140279459933373,0.140279459933373
341,0.419036311953547,0.185172899926102,0.229493730258852,0.168257318749387,0.167291481291287,0.151542367809210
429,0.430419611243593,0.214949882112267,0.205907447843523,0.193398287644562,0.151897993103576,0.156008702799071
366,0.418084423539314,0.205178843545358,0.198798498578782,0.206639944148685,0.148143904307162,0.156796455796649
427,0.40182397040703,0.184568357977156,0.184568357977156,0.198798498578782,0.146237238572002,0.160077057692081
488,0.422838791105066,0.215727826366646,0.245075200706715,0.203733362812729,0.164480729737195,0.145319498566922
379,0.40182397040703,0.200188610986799,0.196066256873814,0.186394027664835,0.151897993103576,0.140279459933373
510,0.466011361565902,0.226165913043895,0.212638240623736,0.204454144375473,0.162235816543637,0.155619579790919
352,0.391223565654671,0.187631241909896,0.208860644258667,0.162235816543637,0.164024746412181,0.145928733232941
497,0.44923503724365,0.284329312589461,0.276626749501763,0.240653643199231,0.241532534498303,0.166814026627726
462,0.427580548847338,0.186394027664835,0.235439936165745,0.167291481291287,0.182778757451073,0.181605650010004
364,0.415225700022613,0.169237834303805,0.212638240623736,0.187010622123131,0.146862120354825,0.150492979148870
429,0.433254223593108,0.217294683481912,0.188255890082703,0.226165913043895,0.149807763529887,0.160077057692081
450,0.407579902497849,0.191439626593958,0.206639944148685,0.203733362812729,0.140279459933373,0.140279459933373
483,0.453909567952752,0.221274744825972,0.218876016213984,0.206639944148685,0.190794809258731,0.140279459933373
609,0.460435073421994,0.225342219919308,0.212638240623736,0.214175622695954,0.140279459933373,0.140279459933373
543,0.431364974573073,0.201594638931909,0.220471637257467,0.187010622123131,0.151897993103576,0.142423961905656
403,0.467866722440866,0.243298519444439,0.217294683481912,0.171243398019944,0.183967824035887,0.144720505822661
620,0.446424815327873,0.26336509235663,0.227823271636467,0.218876016213984,0.156400988328558,0.141066417195949
414,0.419987692000204,0.194059239855938,0.213405068833102,0.164940248736627,0.154094323280450,0.140279459933373
570,0.429473753439024,0.226165913043895,0.226992939983781,0.164940248736627,0.159655442358187,0.143840891542185
335,0.452041119617036,0.211875157547888,0.205178843545358,0.203733362812729,0.16634019279706,0.161797245314680
384,0.429473753439024,0.203016510694019,0.226165913043895,0.214949882112267,0.140279459933373,0.140279459933373
441,0.481729856995562,0.309756707604237,0.251373586915138,0.199491561253654,0.208116557082828,0.161797245314680
495,0.422838791105066,0.188884569174318,0.186394027664835,0.226165913043895,0.181025063276694,0.143552645462116
320,0.418084423539314,0.216509434133377,0.198109430350217,0.185781454960399,0.194724220966719,0.156400988328558
453,0.459504181093247,0.293075998312143,0.311728055196152,0.237166246337142,0.262430509724191,0.212638240623736
402,0.442671323317129,0.179307075461499,0.200188610986799,0.192741366843982,0.151542367809210,0.140279459933373
578,0.431364974573073,0.228656878414890,0.210360301592275,0.205907447843523,0.140279459933373,0.151897993103576
357,0.493674279807102,0.234581247743386,0.201594638931909,0.235439936165745,0.178181472416481,0.145928733232941
459,0.418084423539314,0.190794809258731,0.251373586915138,0.161362102255135,0.146237238572002,0.140279459933373
598,0.475271623239318,0.242414171861771,0.192088479379025,0.192088479379025,0.163123316426449,0.140279459933373
373,0.40662186593712,0.217294683481912,0.174898448025698,0.234581247743386,0.140279459933373,0.140279459933373
392,0.426633199381427,0.238904240888872,0.23977753355553,0.237166246337142,0.140279459933373,0.16634019279706
382,0.408537424783786,0.207376318697083,0.224521889216861,0.214175622695954,0.155619579790919,0.140279459933373
494,0.439851241970584,0.251373586915138,0.245075200706715,0.213405068833102,0.208116557082828,0.185781454960399
190,0.355144025044986,0.183967824035887,0.173309128978783,0.269956905233921,0.323575487390111,0.174898448025698
405,0.419036311953547,0.222891426963376,0.23033379664679,0.149133866930996,0.146548361254107,0.140279459933373
378,0.425685350085428,0.179307075461499,0.222891426963376,0.191439626593958,0.158822198286243,0.186394027664835
393,0.432309844864813,0.206639944148685,0.241532534498303,0.159655442358187,0.177624558944457,0.160502026996677
394,0.458572851358513,0.330492731245164,0.346286080835727,0.304834801321944,0.278545025785751,0.173835068385563
389,0.397976414823837,0.251373586915138,0.222081350052879,0.228656878414890,0.168745733831007,0.208116557082828
419,0.40182397040703,0.199491561253654,0.235439936165745,0.167291481291287,0.309756707604237,0.170736402643872
338,0.419987692000204,0.201594638931909,0.201594638931909,0.182190212262849,0.140279459933373,0.147819407725247
352,0.437968797820157,0.203733362812729,0.201594638931909,0.211875157547888,0.158822198286243,0.140279459933373
370,0.402784577338547,0.236301613614802,0.188255890082703,0.409494432911366,0.521016538660012,0.270905253648299
386,0.435141512434088,0.188884569174318,0.151189670120080,0.247759640188542,0.140279459933373,0.141873944585676
314,0.358090854945044,0.145319498566922,0.192088479379025,0.159655442358187,0.162677834203278,0.140279459933373
273,0.328516409471957,0.174898448025698,0.148471133452426,0.201594638931909,0.164480729737195,0.140279459933373
180,0.325551793923222,0.16634019279706,0.142423961905656,0.238904240888872,0.168745733831007,0.14298348025674
414,0.438910260048710,0.192088479379025,0.194059239855938,0.198798498578782,0.141602453589765,0.158002143279100
364,0.466011361565902,0.223704949036996,0.232023448734304,0.148143904307162,0.188884569174318,0.150839880430613
475,0.427580548847338,0.23977753355553,0.234581247743386,0.169733635746363,0.177071557205383,0.140279459933373
347,0.42188893060604,0.201594638931909,0.222081350052879,0.203016510694019,0.153350162717428,0.165403320798019
442,0.425685350085428,0.205178843545358,0.237166246337142,0.174898448025698,0.181025063276694,0.140279459933373
498,0.419987692000204,0.188255890082703,0.235439936165745,0.152256565618780,0.163123316426449,0.149469410107982
517,0.460435073421994,0.232872971194181,0.227823271636467,0.202303599215116,0.187010622123131,0.140279459933373
243,0.399901217123282,0.201594638931909,0.169733635746363,0.313700605163659,0.415225700022613,0.220471637257467
478,0.425685350085428,0.225342219919308,0.23977753355553,0.183967824035887,0.171754154191287,0.140279459933373
500,0.456708871220304,0.223704949036996,0.232023448734304,0.172787005806565,0.173835068385563,0.144131604573628
375,0.484491855840873,0.214175622695954,0.202303599215116,0.190794809258731,0.162235816543637,0.174364837136968
374,0.419036311953547,0.198109430350217,0.218083551882790,0.179307075461499,0.171243398019944,0.154850743467635
197,0.266179795115631,0.140279459933373,0.157597013980819,0.183967824035887,0.145319498566922,0.141602453589765
389,0.525546453481271,0.33543232376894,0.287236372741756,0.260567046745838,0.236301613614802,0.192088479379025
485,0.40662186593712,0.226992939983781,0.218083551882790,0.196066256873814,0.148471133452426,0.140279459933373
173,0.278545025785751,0.170233153496669,0.228656878414890,0.213405068833102,0.178742307944130,0.140279459933373
449,0.422838791105066,0.193398287644562,0.204454144375473,0.208116557082828,0.141333283747465,0.140279459933373
400,0.394120687044045,0.203016510694019,0.222891426963376,0.214949882112267,0.140279459933373,0.140279459933373
527,0.445487145704544,0.220471637257467,0.195393227873188,0.168745733831007,0.192088479379025,0.160930368981928
332,0.410450927071570,0.182190212262849,0.196743303664015,0.183967824035887,0.158002143279100,0.140279459933373
279,0.426633199381427,0.188884569174318,0.218083551882790,0.209608564537159,0.179307075461499,0.175977245746161
409,0.487250452013843,0.222081350052879,0.211115838461421,0.208860644258667,0.142702524367706,0.142702524367706
371,0.394120687044045,0.165403320798019,0.188255890082703,0.174364837136968,0.140279459933373,0.140279459933373
492,0.418084423539314,0.208116557082828,0.164480729737195,0.222081350052879,0.162677834203278,0.150148946700048
490,0.446424815327873,0.228656878414890,0.23033379664679,0.222891426963376,0.163123316426449,0.154850743467635
480,0.43702685358426,0.200188610986799,0.222891426963376,0.152256565618780,0.193398287644562,0.140279459933373
441,0.437968797820157,0.218083551882790,0.226165913043895,0.193398287644562,0.167772573247934,0.161362102255135
385,0.422838791105066,0.216509434133377,0.171754154191287,0.226165913043895,0.144424803121843,0.164024746412181
360,0.367888982200334,0.154470991130581,0.172268685450245,0.182778757451073,0.156008702799071,0.140279459933373
456,0.428527399760189,0.222891426963376,0.229493730258852,0.143840891542185,0.211875157547888,0.140279459933373
813,0.529165277729617,0.288207386188063,0.262430509724191,0.178181472416481,0.179875784505171,0.140279459933373
654,0.504646384858735,0.281431899695417,0.245075200706715,0.245967461561916,0.142702524367706,0.171754154191287
492,0.417132025922147,0.196066256873814,0.211115838461421,0.192088479379025,0.178742307944130,0.140279459933373
667,0.490005705397473,0.233725581744281,0.23977753355553,0.173835068385563,0.171754154191287,0.140279459933373
356,0.365932579194558,0.152982630801945,0.175977245746161,0.198109430350217,0.153720720340875,0.150839880430613
239,0.439851241970584,0.198109430350217,0.163123316426449,0.402784577338547,0.53097302992136,0.295029198942614
539,0.45297556976512,0.324563618926047,0.308771540986705,0.201594638931909,0.216509434133377,0.164024746412181
942,0.50099448051522,0.271855157449252,0.272806580486754,0.156796455796649,0.192741366843982,0.164940248736627
464,0.425685350085428,0.218876016213984,0.226992939983781,0.188255890082703,0.164480729737195,0.156400988328558
243,0.45297556976512,0.261497815323131,0.238033800236652,0.276626749501763,0.385415796280043,0.172787005806565
396,0.438910260048710,0.223704949036996,0.213405068833102,0.146862120354825,0.163123316426449,0.140279459933373
320,0.333456768437105,0.169237834303805,0.224521889216861,0.175435913518267,0.177624558944457,0.140279459933373
455,0.461365530470573,0.242414171861771,0.262430509724191,0.168745733831007,0.183967824035887,0.140279459933373
519,0.460435073421994,0.265239772398733,0.209608564537159,0.218876016213984,0.162677834203278,0.152618104976752
815,0.501907959152939,0.270905253648299,0.251373586915138,0.162677834203278,0.196743303664015,0.162677834203278
441,0.430419611243593,0.195393227873188,0.23033379664679,0.195393227873188,0.167772573247934,0.149133866930996
454,0.439851241970584,0.218083551882790,0.222891426963376,0.164940248736627,0.167291481291287,0.140279459933373
256,0.407579902497849,0.205907447843523,0.228656878414890,0.162677834203278,0.207376318697083,0.156008702799071
297,0.362014841934518,0.174364837136968,0.169237834303805,0.189517281185082,0.152618104976752,0.154094323280450
331,0.39893907178823,0.218083551882790,0.208860644258667,0.204454144375473,0.170233153496669,0.140279459933373
466,0.429473753439024,0.203016510694019,0.222891426963376,0.203016510694019,0.158822198286243,0.140279459933373
498,0.454843116219575,0.219672052767678,0.236301613614802,0.174364837136968,0.164940248736627,0.164480729737195
479,0.426633199381427,0.208860644258667,0.212638240623736,0.174898448025698,0.183371292540019,0.140279459933373
383,0.424736999725661,0.194724220966719,0.192741366843982,0.218083551882790,0.140279459933373,0.166814026627726
409,0.431364974573073,0.207376318697083,0.220471637257467,0.145928733232941,0.160930368981928,0.145622826217966
473,0.40566331506169,0.199491561253654,0.195393227873188,0.196743303664015,0.147497624383717,0.150839880430613
322,0.423788147113161,0.208860644258667,0.203016510694019,0.216509434133377,0.140279459933373,0.159237162188545
551,0.503733909185275,0.338394673319409,0.304834801321944,0.269010148553487,0.233725581744281,0.152618104976752
453,0.418084423539314,0.247759640188542,0.234581247743386,0.221274744825972,0.295029198942614,0.145319498566922
225,0.336419918223748,0.190154027575454,0.201594638931909,0.188255890082703,0.197424363331222,0.164024746412181
365,0.42188893060604,0.170233153496669,0.186394027664835,0.178742307944130,0.152618104976752,0.145319498566922
463,0.426633199381427,0.170736402643872,0.198109430350217,0.214175622695954,0.153350162717428,0.140279459933373
394,0.412362374614871,0.157195124574254,0.173835068385563,0.220471637257467,0.156008702799071,0.150839880430613
355,0.393155485097713,0.210360301592275,0.217294683481912,0.173835068385563,0.192741366843982,0.157195124574254
413,0.434198112267997,0.211115838461421,0.208116557082828,0.171754154191287,0.154094323280450,0.141602453589765
783,0.516479299936916,0.278545025785751,0.213405068833102,0.257786672914962,0.295029198942614,0.171243398019944
502,0.441731771836077,0.218083551882790,0.198109430350217,0.198109430350217,0.140279459933373,0.157195124574254
525,0.459504181093247,0.238033800236652,0.226165913043895,0.214175622695954,0.141873944585676,0.141873944585676
480,0.453909567952752,0.203016510694019,0.222891426963376,0.175977245746161,0.162677834203278,0.161362102255135
690,0.452041119617036,0.218083551882790,0.177071557205383,0.250466494772263,0.316661303992259,0.140279459933373
381,0.411406907527978,0.200889639762023,0.184568357977156,0.186394027664835,0.161362102255135,0.140279459933373
456,0.40662186593712,0.208860644258667,0.215727826366646,0.206639944148685,0.148471133452426,0.14298348025674
301,0.382505251364152,0.183967824035887,0.199491561253654,0.238033800236652,0.294052217151829,0.159655442358187
411,0.438910260048710,0.200188610986799,0.190794809258731,0.186394027664835,0.151542367809210,0.140279459933373
432,0.450170855356869,0.211875157547888,0.222081350052879,0.154094323280450,0.178181472416481,0.170736402643872
410,0.419987692000204,0.217294683481912,0.231177046607856,0.190794809258731,0.177624558944457,0.140279459933373
399,0.439851241970584,0.200889639762023,0.153720720340875,0.210360301592275,0.140279459933373,0.143552645462116
334,0.485411763012758,0.208860644258667,0.195393227873188,0.23977753355553,0.169237834303805,0.159237162188545
419,0.462295554374572,0.183967824035887,0.201594638931909,0.181605650010004,0.151189670120080,0.152256565618780
413,0.434198112267997,0.217294683481912,0.229493730258852,0.178181472416481,0.179307075461499,0.164480729737195
412,0.414271770359505,0.215727826366646,0.245075200706715,0.211115838461421,0.181025063276694,0.143840891542185
383,0.389289635189169,0.190794809258731,0.215727826366646,0.166814026627726,0.159237162188545,0.140279459933373
403,0.417132025922147,0.189517281185082,0.181605650010004,0.233725581744281,0.153720720340875,0.147178535004063
532,0.464154311336516,0.244185541162083,0.225342219919308,0.174898448025698,0.160077057692081,0.145319498566922
414,0.448298759169222,0.231177046607856,0.207376318697083,0.217294683481912,0.140279459933373,0.180448444205294
375,0.422838791105066,0.190154027575454,0.201594638931909,0.26806502014066,0.381534098529382,0.185172899926102
416,0.44923503724365,0.243298519444439,0.226165913043895,0.192088479379025,0.200889639762023,0.173835068385563
337,0.400862850180983,0.205178843545358,0.219672052767678,0.196743303664015,0.157597013980819,0.148801114525785
422,0.446424815327873,0.200188610986799,0.194059239855938,0.180448444205294,0.152256565618780,0.160502026996677
393,0.418084423539314,0.208860644258667,0.206639944148685,0.200188610986799,0.204454144375473,0.146237238572002
518,0.490923390673098,0.298944182722262,0.260567046745838,0.273759486818862,0.152982630801945,0.140279459933373
492,0.446424815327873,0.218083551882790,0.156008702799071,0.211875157547888,0.140279459933373,0.170736402643872
404,0.433254223593108,0.206639944148685,0.188255890082703,0.182190212262849,0.172268685450245,0.140279459933373
484,0.450170855356869,0.216509434133377,0.207376318697083,0.205178843545358,0.152618104976752,0.173309128978783
444,0.397013246974146,0.23977753355553,0.213405068833102,0.214949882112267,0.305818349289740,0.161797245314680
373,0.434198112267997,0.204454144375473,0.218083551882790,0.16357228121085,0.150839880430613,0.140279459933373
380,0.44923503724365,0.226992939983781,0.192741366843982,0.199491561253654,0.150839880430613,0.156796455796649
407,0.434198112267997,0.226992939983781,0.219672052767678,0.208860644258667,0.168745733831007,0.143552645462116
455,0.451106215483896,0.221274744825972,0.216509434133377,0.199491561253654,0.167772573247934,0.177624558944457
347,0.44923503724365,0.181025063276694,0.241532534498303,0.174898448025698,0.148143904307162,0.153350162717428
412,0.391223565654671,0.250466494772263,0.198109430350217,0.249561781327291,0.255024990396885,0.170736402643872
473,0.458572851358513,0.223704949036996,0.218083551882790,0.205178843545358,0.140279459933373,0.143552645462116
400,0.40566331506169,0.161797245314680,0.227823271636467,0.196743303664015,0.144131604573628,0.150148946700048
236,0.428527399760189,0.167291481291287,0.205907447843523,0.149469410107982,0.166814026627726,0.140279459933373
405,0.397976414823837,0.222081350052879,0.219672052767678,0.192088479379025,0.194724220966719,0.160077057692081
327,0.410450927071570,0.196066256873814,0.194724220966719,0.179307075461499,0.187631241909896,0.181605650010004
383,0.436084425669404,0.180448444205294,0.216509434133377,0.192741366843982,0.164024746412181,0.140279459933373
472,0.453909567952752,0.249561781327291,0.205178843545358,0.196066256873814,0.200188610986799,0.150148946700048
417,0.411406907527978,0.164940248736627,0.234581247743386,0.196743303664015,0.156400988328558,0.155619579790919
540,0.443610401564419,0.200188610986799,0.198109430350217,0.166814026627726,0.151897993103576,0.164480729737195
424,0.422838791105066,0.222081350052879,0.187010622123131,0.213405068833102,0.187631241909896,0.154094323280450
518,0.438910260048710,0.256863984839407,0.241532534498303,0.185172899926102,0.149469410107982,0.140279459933373
352,0.424736999725661,0.190794809258731,0.199491561253654,0.170233153496669,0.161797245314680,0.140279459933373
644,0.474347434968947,0.257786672914962,0.229493730258852,0.154470991130581,0.145622826217966,0.160077057692081
499,0.440791745314472,0.249561781327291,0.204454144375473,0.208116557082828,0.153350162717428,0.180448444205294
493,0.443610401564419,0.237166246337142,0.210360301592275,0.208860644258667,0.185172899926102,0.156796455796649
391,0.394120687044045,0.202303599215116,0.220471637257467,0.149469410107982,0.151542367809210,0.140279459933373
933,0.492757675678563,0.217294683481912,0.247759640188542,0.233725581744281,0.179307075461499,0.164480729737195
240,0.378617765257579,0.172268685450245,0.185172899926102,0.207376318697083,0.144720505822661,0.154850743467635
357,0.388321919900050,0.175435913518267,0.199491561253654,0.169237834303805,0.150839880430613,0.146862120354825
569,0.458572851358513,0.282396577544332,0.257786672914962,0.229493730258852,0.155619579790919,0.185172899926102
450,0.434198112267997,0.214175622695954,0.203016510694019,0.208860644258667,0.169237834303805,0.169733635746363
371,0.399901217123282,0.182190212262849,0.226992939983781,0.160502026996677,0.188884569174318,0.150492979148870
364,0.39893907178823,0.172268685450245,0.221274744825972,0.196743303664015,0.140279459933373,0.140279459933373
461,0.467866722440866,0.317648619366148,0.274713840722163,0.296006914761259,0.359072414588444,0.202303599215116
458,0.478964395469008,0.238033800236652,0.210360301592275,0.224521889216861,0.150148946700048,0.140279459933373
440,0.418084423539314,0.206639944148685,0.194059239855938,0.222081350052879,0.140279459933373,0.140279459933373
391,0.359072414588444,0.179307075461499,0.193398287644562,0.176522456496951,0.142147774681471,0.160077057692081
408,0.45297556976512,0.235439936165745,0.226165913043895,0.203733362812729,0.140279459933373,0.152256565618780
356,0.393155485097713,0.174898448025698,0.160077057692081,0.190154027575454,0.142147774681471,0.140279459933373
439,0.461365530470573,0.282396577544332,0.259638241659144,0.233725581744281,0.190794809258731,0.175435913518267
503,0.485411763012758,0.231177046607856,0.228656878414890,0.184568357977156,0.169237834303805,0.153720720340875
449,0.418084423539314,0.224521889216861,0.226165913043895,0.186394027664835,0.186394027664835,0.149807763529887
618,0.466011361565902,0.259638241659144,0.232023448734304,0.269010148553487,0.301887051542692,0.171243398019944
323,0.399901217123282,0.164024746412181,0.196066256873814,0.183967824035887,0.146862120354825,0.156400988328558
428,0.41331732873535,0.195393227873188,0.211115838461421,0.173309128978783,0.164480729737195,0.141602453589765
342,0.40662186593712,0.194059239855938,0.200188610986799,0.214175622695954,0.150148946700048,0.140279459933373
371,0.431364974573073,0.207376318697083,0.177071557205383,0.236301613614802,0.140279459933373,0.140801836156987
371,0.447362019176649,0.255024990396885,0.228656878414890,0.196066256873814,0.166814026627726,0.149133866930996
483,0.411406907527978,0.189517281185082,0.194724220966719,0.194059239855938,0.153350162717428,0.162677834203278
350,0.388321919900050,0.174898448025698,0.169733635746363,0.189517281185082,0.151542367809210,0.140279459933373
226,0.491840713366392,0.244185541162083,0.234581247743386,0.193398287644562,0.184568357977156,0.167291481291287
365,0.43702685358426,0.164024746412181,0.206639944148685,0.192741366843982,0.178742307944130,0.162677834203278
440,0.414271770359505,0.221274744825972,0.208860644258667,0.204454144375473,0.168745733831007,0.167291481291287
435,0.443610401564419,0.205178843545358,0.206639944148685,0.188255890082703,0.163123316426449,0.140279459933373
410,0.397013246974146,0.201594638931909,0.208116557082828,0.198109430350217,0.151542367809210,0.140279459933373
390,0.422838791105066,0.160077057692081,0.232872971194181,0.162677834203278,0.140279459933373,0.150839880430613
466,0.416179118323367,0.183967824035887,0.206639944148685,0.165403320798019,0.175435913518267,0.147819407725247
468,0.462295554374572,0.255024990396885,0.247759640188542,0.203733362812729,0.187010622123131,0.181025063276694
402,0.414271770359505,0.244185541162083,0.234581247743386,0.208860644258667,0.174364837136968,0.140279459933373
413,0.42188893060604,0.196066256873814,0.208860644258667,0.188255890082703,0.140279459933373,0.140279459933373
455,0.424736999725661,0.245075200706715,0.224521889216861,0.173309128978783,0.16634019279706,0.140279459933373
512,0.453909567952752,0.232872971194181,0.192741366843982,0.207376318697083,0.171754154191287,0.16357228121085
419,0.411406907527978,0.205907447843523,0.257786672914962,0.140279459933373,0.158410531669826,0.140279459933373
470,0.446424815327873,0.217294683481912,0.255943411389996,0.183371292540019,0.166814026627726,0.140279459933373
494,0.416179118323367,0.245075200706715,0.207376318697083,0.167291481291287,0.173309128978783,0.152618104976752
466,0.460435073421994,0.201594638931909,0.232872971194181,0.166814026627726,0.169237834303805,0.157597013980819
367,0.391223565654671,0.174364837136968,0.173309128978783,0.225342219919308,0.167291481291287,0.140279459933373
364,0.426633199381427,0.188884569174318,0.190154027575454,0.208860644258667,0.140279459933373,0.140279459933373
312,0.497337158291481,0.378617765257579,0.300905518027404,0.257786672914962,0.190794809258731,0.171243398019944
384,0.415225700022613,0.190794809258731,0.156008702799071,0.190154027575454,0.165869963138432,0.152618104976752
438,0.426633199381427,0.232023448734304,0.243298519444439,0.172268685450245,0.158410531669826,0.140279459933373
439,0.486331294331022,0.202303599215116,0.210360301592275,0.221274744825972,0.174898448025698,0.140279459933373
497,0.426633199381427,0.218083551882790,0.212638240623736,0.180448444205294,0.188884569174318,0.178181472416481
464,0.443610401564419,0.172787005806565,0.190794809258731,0.187010622123131,0.168257318749387,0.140279459933373
432,0.416179118323367,0.222081350052879,0.218083551882790,0.143840891542185,0.196066256873814,0.148471133452426
349,0.442671323317129,0.259638241659144,0.208860644258667,0.182190212262849,0.198798498578782,0.174898448025698
458,0.480808424194665,0.308771540986705,0.322587416871138,0.246862287018223,0.271855157449252,0.228656878414890
414,0.410450927071570,0.200889639762023,0.208116557082828,0.165403320798019,0.195393227873188,0.150492979148870
482,0.439851241970584,0.202303599215116,0.177624558944457,0.225342219919308,0.147178535004063,0.140279459933373
599,0.457641082102348,0.247759640188542,0.246862287018223,0.207376318697083,0.168745733831007,0.182778757451073
421,0.432309844864813,0.240653643199231,0.205178843545358,0.204454144375473,0.177624558944457,0.159655442358187
362,0.408537424783786,0.199491561253654,0.190154027575454,0.299924552865763,0.411406907527978,0.192088479379025
344,0.450170855356869,0.210360301592275,0.228656878414890,0.151189670120080,0.178742307944130,0.165403320798019
445,0.434198112267997,0.232023448734304,0.225342219919308,0.226165913043895,0.181605650010004,0.154094323280450
364,0.420938564569721,0.202303599215116,0.193398287644562,0.179875784505171,0.191439626593958,0.140279459933373
408,0.39604956908159,0.218083551882790,0.208860644258667,0.159655442358187,0.218876016213984,0.157195124574254
435,0.417132025922147,0.201594638931909,0.185172899926102,0.192088479379025,0.181025063276694,0.159655442358187
439,0.450170855356869,0.246862287018223,0.253194757033311,0.216509434133377,0.178181472416481,0.154470991130581
468,0.456708871220304,0.232872971194181,0.237166246337142,0.246862287018223,0.151542367809210,0.16357228121085
487,0.453909567952752,0.236301613614802,0.202303599215116,0.193398287644562,0.156400988328558,0.140279459933373
449,0.404704249910189,0.196066256873814,0.193398287644562,0.224521889216861,0.159655442358187,0.143552645462116
723,0.478964395469008,0.238904240888872,0.248659484023583,0.183371292540019,0.175435913518267,0.140279459933373
309,0.459504181093247,0.224521889216861,0.179875784505171,0.234581247743386,0.147178535004063,0.172268685450245
360,0.39893907178823,0.191439626593958,0.190154027575454,0.251373586915138,0.380562464597876,0.200188610986799
332,0.37179664134119,0.194059239855938,0.161362102255135,0.39893907178823,0.504646384858735,0.241532534498303
368,0.422838791105066,0.222081350052879,0.196743303664015,0.198798498578782,0.154470991130581,0.172787005806565
428,0.442671323317129,0.223704949036996,0.250466494772263,0.164024746412181,0.199491561253654,0.140279459933373
339,0.397976414823837,0.207376318697083,0.196066256873814,0.182190212262849,0.140279459933373,0.154094323280450
650,0.480808424194665,0.222081350052879,0.235439936165745,0.172268685450245,0.160077057692081,0.140279459933373
453,0.426633199381427,0.240653643199231,0.224521889216861,0.213405068833102,0.140279459933373,0.170736402643872
341,0.411406907527978,0.178742307944130,0.201594638931909,0.187010622123131,0.14298348025674,0.140279459933373
477,0.454843116219575,0.236301613614802,0.23033379664679,0.194724220966719,0.155233599845476,0.147819407725247
646,0.488169238277247,0.289179343702615,0.262430509724191,0.172787005806565,0.144720505822661,0.158002143279100
399,0.408537424783786,0.226992939983781,0.211875157547888,0.160502026996677,0.190154027575454,0.143840891542185
301,0.382505251364152,0.192088479379025,0.238904240888872,0.165403320798019,0.171243398019944,0.140279459933373
478,0.410450927071570,0.231177046607856,0.176522456496951,0.220471637257467,0.161362102255135,0.178181472416481
386,0.446424815327873,0.176522456496951,0.200889639762023,0.188884569174318,0.165403320798019,0.140279459933373
528,0.49459052794554,0.232023448734304,0.229493730258852,0.217294683481912,0.175435913518267,0.149133866930996
611,0.522829369551227,0.252283020211930,0.245967461561916,0.175977245746161,0.178742307944130,0.155233599845476
444,0.403744670601839,0.203016510694019,0.211875157547888,0.183371292540019,0.142147774681471,0.154094323280450
513,0.435141512434088,0.210360301592275,0.192741366843982,0.194059239855938,0.164024746412181,0.151542367809210
533,0.431364974573073,0.250466494772263,0.222891426963376,0.213405068833102,0.145319498566922,0.158410531669826
379,0.419036311953547,0.155619579790919,0.233725581744281,0.140539522938054,0.142702524367706,0.148143904307162
462,0.481729856995562,0.249561781327291,0.221274744825972,0.218083551882790,0.182778757451073,0.140279459933373
571,0.422838791105066,0.205178843545358,0.222081350052879,0.169733635746363,0.162235816543637,0.140279459933373
387,0.407579902497849,0.199491561253654,0.200188610986799,0.211115838461421,0.169237834303805,0.150148946700048
352,0.411406907527978,0.180448444205294,0.186394027664835,0.222081350052879,0.170736402643872,0.14298348025674
390,0.439851241970584,0.187631241909896,0.204454144375473,0.181605650010004,0.145928733232941,0.140279459933373
548,0.445487145704544,0.205907447843523,0.229493730258852,0.191439626593958,0.151542367809210,0.159237162188545
295,0.393155485097713,0.190794809258731,0.184568357977156,0.192741366843982,0.158002143279100,0.140279459933373
673,0.515570951288053,0.355144025044986,0.319623752397046,0.202303599215116,0.292100571713878,0.152618104976752
260,0.457641082102348,0.175435913518267,0.193398287644562,0.235439936165745,0.14298348025674,0.171754154191287
211,0.437968797820157,0.212638240623736,0.205178843545358,0.218083551882790,0.26806502014066,0.153720720340875
439,0.410450927071570,0.182778757451073,0.23033379664679,0.140279459933373,0.174898448025698,0.155619579790919
446,0.454843116219575,0.235439936165745,0.231177046607856,0.226992939983781,0.140279459933373,0.158822198286243
533,0.469720411442728,0.198109430350217,0.228656878414890,0.165869963138432,0.147178535004063,0.140279459933373
616,0.481729856995562,0.255024990396885,0.215727826366646,0.216509434133377,0.172787005806565,0.168257318749387
536,0.488169238277247,0.235439936165745,0.214175622695954,0.199491561253654,0.152256565618780,0.152982630801945
465,0.435141512434088,0.181605650010004,0.232872971194181,0.140279459933373,0.192741366843982,0.141602453589765
449,0.438910260048710,0.262430509724191,0.274713840722163,0.206639944148685,0.206639944148685,0.200188610986799
288,0.420938564569721,0.186394027664835,0.174364837136968,0.171754154191287,0.140279459933373,0.140279459933373
294,0.414271770359505,0.179307075461499,0.200889639762023,0.151897993103576,0.205907447843523,0.141873944585676
394,0.434198112267997,0.196066256873814,0.198798498578782,0.182778757451073,0.174364837136968,0.140279459933373
640,0.472497848634527,0.272806580486754,0.217294683481912,0.208116557082828,0.164480729737195,0.140279459933373
656,0.419036311953547,0.209608564537159,0.241532534498303,0.173835068385563,0.185781454960399,0.148801114525785
421,0.422838791105066,0.231177046607856,0.236301613614802,0.148801114525785,0.197424363331222,0.168257318749387
425,0.417132025922147,0.190794809258731,0.232023448734304,0.167291481291287,0.141333283747465,0.146862120354825
572,0.44923503724365,0.253194757033311,0.220471637257467,0.172787005806565,0.170736402643872,0.183967824035887
547,0.461365530470573,0.242414171861771,0.201594638931909,0.204454144375473,0.145622826217966,0.140279459933373
459,0.415225700022613,0.210360301592275,0.221274744825972,0.198109430350217,0.153350162717428,0.172787005806565
435,0.461365530470573,0.192741366843982,0.211115838461421,0.176522456496951,0.144424803121843,0.151542367809210
344,0.348256569656263,0.194724220966719,0.232872971194181,0.182190212262849,0.171754154191287,0.140279459933373
309,0.442671323317129,0.214175622695954,0.179875784505171,0.210360301592275,0.159237162188545,0.162677834203278
500,0.472497848634527,0.249561781327291,0.221274744825972,0.237166246337142,0.209608564537159,0.212638240623736
334,0.412362374614871,0.203733362812729,0.218876016213984,0.202303599215116,0.140279459933373,0.144131604573628
622,0.513753336846181,0.255943411389996,0.218876016213984,0.181605650010004,0.193398287644562,0.140279459933373
399,0.435141512434088,0.193398287644562,0.187631241909896,0.201594638931909,0.152982630801945,0.154850743467635
497,0.429473753439024,0.208116557082828,0.211115838461421,0.218083551882790,0.155233599845476,0.154094323280450
572,0.442671323317129,0.250466494772263,0.23977753355553,0.247759640188542,0.288207386188063,0.177624558944457
457,0.440791745314472,0.245967461561916,0.201594638931909,0.220471637257467,0.140279459933373,0.140279459933373
474,0.465083048709257,0.195393227873188,0.183371292540019,0.201594638931909,0.158410531669826,0.142423961905656
461,0.420938564569721,0.232023448734304,0.195393227873188,0.198109430350217,0.140279459933373,0.154850743467635
407,0.444549008408857,0.198109430350217,0.232023448734304,0.223704949036996,0.140279459933373,0.140279459933373
360,0.416179118323367,0.178742307944130,0.192088479379025,0.157597013980819,0.175977245746161,0.140279459933373
520,0.419987692000204,0.202303599215116,0.209608564537159,0.154094323280450,0.152618104976752,0.140279459933373
342,0.445487145704544,0.220471637257467,0.196066256873814,0.211115838461421,0.140279459933373,0.159237162188545
411,0.444549008408857,0.229493730258852,0.214949882112267,0.215727826366646,0.161797245314680,0.168745733831007
384,0.464154311336516,0.214175622695954,0.259638241659144,0.173835068385563,0.192741366843982,0.156400988328558
312,0.443610401564419,0.211875157547888,0.194724220966719,0.159237162188545,0.144424803121843,0.140279459933373
515,0.436084425669404,0.225342219919308,0.218876016213984,0.202303599215116,0.151189670120080,0.144424803121843
382,0.40662186593712,0.191439626593958,0.226992939983781,0.179875784505171,0.176522456496951,0.192741366843982
450,0.454843116219575,0.216509434133377,0.198109430350217,0.187010622123131,0.149133866930996,0.155619579790919
496,0.44923503724365,0.246862287018223,0.209608564537159,0.208116557082828,0.159237162188545,0.151897993103576
378,0.438910260048710,0.209608564537159,0.196743303664015,0.185172899926102,0.160077057692081,0.140279459933373
438,0.472497848634527,0.279506090033501,0.252283020211930,0.196066256873814,0.205907447843523,0.165403320798019
430,0.408537424783786,0.206639944148685,0.232872971194181,0.169237834303805,0.164480729737195,0.161362102255135
423,0.428527399760189,0.198798498578782,0.200188610986799,0.159237162188545,0.198109430350217,0.140279459933373
417,0.365932579194558,0.211115838461421,0.169237834303805,0.198798498578782,0.177071557205383,0.140279459933373
306,0.328516409471957,0.140279459933373,0.189517281185082,0.148143904307162,0.140279459933373,0.141333283747465
368,0.379590352485876,0.172268685450245,0.210360301592275,0.181025063276694,0.157597013980819,0.143552645462116
696,0.51920253600366,0.281431899695417,0.255024990396885,0.209608564537159,0.16357228121085,0.140279459933373
479,0.427580548847338,0.215727826366646,0.207376318697083,0.205178843545358,0.140279459933373,0.181025063276694
553,0.453909567952752,0.238904240888872,0.259638241659144,0.155233599845476,0.204454144375473,0.140279459933373
329,0.456708871220304,0.200889639762023,0.199491561253654,0.219672052767678,0.140279459933373,0.146548361254107
439,0.432309844864813,0.210360301592275,0.189517281185082,0.209608564537159,0.187010622123131,0.188884569174318
374,0.448298759169222,0.215727826366646,0.214175622695954,0.185781454960399,0.146548361254107,0.140279459933373
468,0.453909567952752,0.226992939983781,0.209608564537159,0.170233153496669,0.191439626593958,0.141873944585676
298,0.417132025922147,0.168745733831007,0.181025063276694,0.297964434643167,0.40182397040703,0.214949882112267
543,0.456708871220304,0.210360301592275,0.199491561253654,0.183371292540019,0.140279459933373,0.140279459933373
462,0.429473753439024,0.211115838461421,0.208860644258667,0.178181472416481,0.183371292540019,0.140279459933373
452,0.426633199381427,0.220471637257467,0.240653643199231,0.140279459933373,0.175977245746161,0.171754154191287
363,0.382505251364152,0.201594638931909,0.217294683481912,0.164480729737195,0.158822198286243,0.140539522938054
788,0.485411763012758,0.270905253648299,0.264301525715948,0.141333283747465,0.188255890082703,0.148143904307162
481,0.439851241970584,0.232023448734304,0.198109430350217,0.177071557205383,0.170233153496669,0.140279459933373
478,0.434198112267997,0.238033800236652,0.23033379664679,0.202303599215116,0.150492979148870,0.142423961905656
294,0.451106215483896,0.215727826366646,0.185172899926102,0.210360301592275,0.165403320798019,0.162677834203278
473,0.426633199381427,0.218876016213984,0.233725581744281,0.205178843545358,0.167772573247934,0.165403320798019
488,0.422838791105066,0.249561781327291,0.222081350052879,0.185172899926102,0.154094323280450,0.159237162188545
469,0.461365530470573,0.242414171861771,0.23033379664679,0.171243398019944,0.186394027664835,0.140279459933373
305,0.422838791105066,0.218876016213984,0.187010622123131,0.198798498578782,0.162677834203278,0.148471133452426
504,0.445487145704544,0.223704949036996,0.220471637257467,0.203733362812729,0.16634019279706,0.141066417195949
395,0.450170855356869,0.205907447843523,0.228656878414890,0.182190212262849,0.164480729737195,0.140279459933373
367,0.319623752397046,0.169237834303805,0.217294683481912,0.252283020211930,0.36005360357005,0.179307075461499
562,0.481729856995562,0.251373586915138,0.228656878414890,0.195393227873188,0.168257318749387,0.154850743467635
435,0.427580548847338,0.210360301592275,0.202303599215116,0.199491561253654,0.182190212262849,0.156008702799071
635,0.461365530470573,0.232872971194181,0.211115838461421,0.205178843545358,0.180448444205294,0.149469410107982
466,0.422838791105066,0.220471637257467,0.175435913518267,0.190794809258731,0.185781454960399,0.140279459933373
473,0.444549008408857,0.211115838461421,0.238904240888872,0.214949882112267,0.165869963138432,0.190154027575454
519,0.469720411442728,0.26336509235663,0.229493730258852,0.212638240623736,0.175435913518267,0.140279459933373
486,0.430419611243593,0.217294683481912,0.213405068833102,0.232872971194181,0.140279459933373,0.143552645462116
454,0.418084423539314,0.232023448734304,0.222081350052879,0.200188610986799,0.164940248736627,0.142423961905656
435,0.399901217123282,0.214949882112267,0.188884569174318,0.204454144375473,0.152618104976752,0.150148946700048
259,0.328516409471957,0.178181472416481,0.212638240623736,0.207376318697083,0.148801114525785,0.155233599845476
339,0.467866722440866,0.190154027575454,0.203016510694019,0.214949882112267,0.143840891542185,0.16357228121085
625,0.50099448051522,0.26806502014066,0.256863984839407,0.232872971194181,0.161362102255135,0.154470991130581
478,0.45297556976512,0.260567046745838,0.235439936165745,0.226165913043895,0.177071557205383,0.151189670120080
425,0.425685350085428,0.245967461561916,0.269010148553487,0.219672052767678,0.192741366843982,0.140279459933373
482,0.419987692000204,0.213405068833102,0.185172899926102,0.151542367809210,0.190154027575454,0.140279459933373
521,0.427580548847338,0.225342219919308,0.231177046607856,0.169733635746363,0.140279459933373,0.143840891542185
440,0.393155485097713,0.203016510694019,0.156796455796649,0.214949882112267,0.140279459933373,0.140279459933373
485,0.435141512434088,0.218083551882790,0.235439936165745,0.196066256873814,0.164480729737195,0.143266847840142
426,0.419987692000204,0.210360301592275,0.216509434133377,0.171754154191287,0.162677834203278,0.158822198286243
806,0.488169238277247,0.237166246337142,0.270905253648299,0.204454144375473,0.140801836156987,0.158822198286243
388,0.376671178467619,0.215727826366646,0.222081350052879,0.192741366843982,0.164024746412181,0.146237238572002
433,0.412362374614871,0.202303599215116,0.237166246337142,0.173309128978783,0.158002143279100,0.162677834203278
366,0.442671323317129,0.194724220966719,0.222081350052879,0.151542367809210,0.165869963138432,0.140279459933373
507,0.463225147278761,0.227823271636467,0.228656878414890,0.178181472416481,0.162677834203278,0.140279459933373
339,0.416179118323367,0.181605650010004,0.198109430350217,0.16634019279706,0.152256565618780,0.140279459933373
397,0.424736999725661,0.240653643199231,0.220471637257467,0.206639944148685,0.192088479379025,0.168257318749387
406,0.40182397040703,0.208116557082828,0.187010622123131,0.217294683481912,0.140279459933373,0.173835068385563
362,0.426633199381427,0.192741366843982,0.176522456496951,0.194059239855938,0.16634019279706,0.147819407725247
376,0.435141512434088,0.205907447843523,0.206639944148685,0.193398287644562,0.158410531669826,0.174898448025698
394,0.419036311953547,0.190154027575454,0.226992939983781,0.140279459933373,0.167772573247934,0.158822198286243
508,0.441731771836077,0.238904240888872,0.251373586915138,0.140279459933373,0.182190212262849,0.145319498566922
417,0.410450927071570,0.194059239855938,0.218083551882790,0.177624558944457,0.16357228121085,0.14298348025674
402,0.444549008408857,0.195393227873188,0.223704949036996,0.140279459933373,0.184568357977156,0.140279459933373
311,0.330492731245164,0.164480729737195,0.213405068833102,0.186394027664835,0.270905253648299,0.160077057692081
482,0.437968797820157,0.218083551882790,0.218876016213984,0.159237162188545,0.163123316426449,0.141066417195949
285,0.403744670601839,0.203016510694019,0.221274744825972,0.194059239855938,0.158822198286243,0.140279459933373
653,0.479886604427388,0.26336509235663,0.223704949036996,0.226165913043895,0.140279459933373,0.140279459933373
431,0.434198112267997,0.205178843545358,0.234581247743386,0.164024746412181,0.156008702799071,0.146548361254107
454,0.393155485097713,0.217294683481912,0.173309128978783,0.219672052767678,0.163123316426449,0.157195124574254
493,0.434198112267997,0.191439626593958,0.193398287644562,0.194724220966719,0.162235816543637,0.144424803121843
441,0.416179118323367,0.207376318697083,0.206639944148685,0.201594638931909,0.156796455796649,0.158410531669826
369,0.450170855356869,0.215727826366646,0.193398287644562,0.212638240623736,0.171754154191287,0.167291481291287
479,0.440791745314472,0.222081350052879,0.212638240623736,0.181605650010004,0.154094323280450,0.151542367809210
409,0.42188893060604,0.260567046745838,0.215727826366646,0.188255890082703,0.165869963138432,0.149807763529887
468,0.419987692000204,0.212638240623736,0.186394027664835,0.188884569174318,0.172268685450245,0.140279459933373
451,0.402784577338547,0.198798498578782,0.164480729737195,0.206639944148685,0.140279459933373,0.149133866930996
471,0.411406907527978,0.156400988328558,0.213405068833102,0.199491561253654,0.166814026627726,0.163123316426449
367,0.373747820375976,0.175977245746161,0.169237834303805,0.16634019279706,0.168257318749387,0.140279459933373
484,0.473422844172892,0.224521889216861,0.218083551882790,0.184568357977156,0.140279459933373,0.140279459933373
326,0.447362019176649,0.196066256873814,0.209608564537159,0.201594638931909,0.140539522938054,0.144424803121843
355,0.39893907178823,0.227823271636467,0.188255890082703,0.198798498578782,0.151542367809210,0.155619579790919
192,0.498252004317859,0.171754154191287,0.140279459933373,0.377644706128292,0.493674279807102,0.276626749501763
398,0.408537424783786,0.198109430350217,0.203016510694019,0.226992939983781,0.152982630801945,0.148143904307162
385,0.388321919900050,0.187631241909896,0.204454144375473,0.144720505822661,0.183967824035887,0.150148946700048
455,0.404704249910189,0.196743303664015,0.201594638931909,0.185781454960399,0.169733635746363,0.140279459933373
480,0.43702685358426,0.191439626593958,0.210360301592275,0.205178843545358,0.167772573247934,0.150148946700048
434,0.399901217123282,0.154470991130581,0.191439626593958,0.181025063276694,0.175435913518267,0.142147774681471
457,0.42188893060604,0.217294683481912,0.195393227873188,0.200889639762023,0.149807763529887,0.151897993103576
456,0.417132025922147,0.226992939983781,0.243298519444439,0.190794809258731,0.175977245746161,0.148471133452426
342,0.414271770359505,0.198109430350217,0.183967824035887,0.198109430350217,0.145622826217966,0.143552645462116
526,0.417132025922147,0.214949882112267,0.216509434133377,0.140279459933373,0.158822198286243,0.140279459933373
497,0.458572851358513,0.240653643199231,0.211115838461421,0.204454144375473,0.157597013980819,0.140279459933373
366,0.434198112267997,0.232872971194181,0.206639944148685,0.189517281185082,0.171754154191287,0.160077057692081
436,0.442671323317129,0.188255890082703,0.199491561253654,0.14298348025674,0.148143904307162,0.158410531669826
406,0.422838791105066,0.197424363331222,0.192088479379025,0.224521889216861,0.156796455796649,0.140279459933373
387,0.435141512434088,0.185781454960399,0.198109430350217,0.192741366843982,0.158410531669826,0.145018731380577
498,0.451106215483896,0.201594638931909,0.193398287644562,0.170233153496669,0.196743303664015,0.163123316426449
407,0.423788147113161,0.238033800236652,0.244185541162083,0.181025063276694,0.153720720340875,0.140279459933373
471,0.436084425669404,0.200188610986799,0.200889639762023,0.222891426963376,0.156796455796649,0.188255890082703
677,0.495506422283226,0.216509434133377,0.223704949036996,0.232023448734304,0.140279459933373,0.140279459933373
460,0.432309844864813,0.245075200706715,0.218083551882790,0.194724220966719,0.185172899926102,0.159237162188545
331,0.460435073421994,0.215727826366646,0.187631241909896,0.222081350052879,0.147819407725247,0.140279459933373
411,0.42188893060604,0.206639944148685,0.174364837136968,0.182778757451073,0.141602453589765,0.140279459933373
391,0.432309844864813,0.203016510694019,0.224521889216861,0.187010622123131,0.143840891542185,0.140279459933373
330,0.381534098529382,0.222891426963376,0.178181472416481,0.226992939983781,0.171754154191287,0.162677834203278
416,0.456708871220304,0.215727826366646,0.205907447843523,0.184568357977156,0.193398287644562,0.158410531669826
468,0.426633199381427,0.225342219919308,0.187010622123131,0.183967824035887,0.141602453589765,0.164480729737195
334,0.481729856995562,0.251373586915138,0.232023448734304,0.227823271636467,0.167772573247934,0.14298348025674
496,0.439851241970584,0.208860644258667,0.232872971194181,0.188255890082703,0.146862120354825,0.156008702799071
343,0.402784577338547,0.223704949036996,0.205907447843523,0.144720505822661,0.203016510694019,0.149469410107982
499,0.483571570595327,0.272806580486754,0.250466494772263,0.205907447843523,0.167291481291287,0.177624558944457
398,0.465083048709257,0.254108759679802,0.252283020211930,0.205178843545358,0.203016510694019,0.181025063276694
447,0.464154311336516,0.203733362812729,0.241532534498303,0.156008702799071,0.152618104976752,0.140279459933373
436,0.427580548847338,0.197424363331222,0.246862287018223,0.160077057692081,0.182190212262849,0.140279459933373
442,0.432309844864813,0.23033379664679,0.226992939983781,0.225342219919308,0.162677834203278,0.140279459933373
339,0.388321919900050,0.215727826366646,0.214175622695954,0.199491561253654,0.162235816543637,0.16357228121085
468,0.437968797820157,0.219672052767678,0.181605650010004,0.220471637257467,0.178181472416481,0.152256565618780
475,0.470646634478409,0.244185541162083,0.200188610986799,0.183967824035887,0.169237834303805,0.140279459933373
369,0.417132025922147,0.196743303664015,0.214175622695954,0.164940248736627,0.155619579790919,0.140279459933373
331,0.393155485097713,0.221274744825972,0.165403320798019,0.297964434643167,0.367888982200334,0.182190212262849
535,0.423788147113161,0.214949882112267,0.215727826366646,0.196066256873814,0.140279459933373,0.140279459933373
402,0.448298759169222,0.200188610986799,0.253194757033311,0.174898448025698,0.183967824035887,0.160502026996677
263,0.330492731245164,0.177624558944457,0.153720720340875,0.198798498578782,0.156796455796649,0.140279459933373
579,0.436084425669404,0.211115838461421,0.226992939983781,0.16634019279706,0.175977245746161,0.157597013980819
467,0.458572851358513,0.214949882112267,0.208860644258667,0.226165913043895,0.140279459933373,0.160502026996677
544,0.44923503724365,0.221274744825972,0.234581247743386,0.176522456496951,0.179307075461499,0.146548361254107
404,0.445487145704544,0.223704949036996,0.233725581744281,0.216509434133377,0.143266847840142,0.156008702799071
453,0.470646634478409,0.220471637257467,0.220471637257467,0.175977245746161,0.176522456496951,0.169237834303805
327,0.444549008408857,0.207376318697083,0.229493730258852,0.164480729737195,0.172268685450245,0.157195124574254
288,0.410450927071570,0.183967824035887,0.222081350052879,0.167772573247934,0.172787005806565,0.140279459933373
519,0.450170855356869,0.244185541162083,0.214949882112267,0.218876016213984,0.160077057692081,0.172268685450245
364,0.41331732873535,0.174364837136968,0.179875784505171,0.212638240623736,0.146237238572002,0.140279459933373
366,0.427580548847338,0.192741366843982,0.182778757451073,0.170736402643872,0.187010622123131,0.156796455796649
552,0.504646384858735,0.259638241659144,0.234581247743386,0.218876016213984,0.223704949036996,0.187010622123131
326,0.377644706128292,0.210360301592275,0.192741366843982,0.143266847840142,0.203733362812729,0.153720720340875
368,0.362014841934518,0.166814026627726,0.185781454960399,0.172268685450245,0.144424803121843,0.140279459933373
311,0.376671178467619,0.182778757451073,0.203733362812729,0.179875784505171,0.202303599215116,0.140279459933373
542,0.436084425669404,0.219672052767678,0.190154027575454,0.213405068833102,0.167291481291287,0.148471133452426
429,0.437968797820157,0.193398287644562,0.232872971194181,0.140279459933373,0.170736402643872,0.140279459933373
415,0.43702685358426,0.203016510694019,0.199491561253654,0.165869963138432,0.162677834203278,0.151897993103576
220,0.408537424783786,0.170736402643872,0.156796455796649,0.227823271636467,0.140279459933373,0.140279459933373
474,0.425685350085428,0.232023448734304,0.214949882112267,0.207376318697083,0.164940248736627,0.146548361254107
472,0.461365530470573,0.254108759679802,0.231177046607856,0.188884569174318,0.174364837136968,0.160930368981928
436,0.418084423539314,0.188255890082703,0.220471637257467,0.161797245314680,0.169733635746363,0.144424803121843
479,0.451106215483896,0.237166246337142,0.224521889216861,0.196743303664015,0.160077057692081,0.146237238572002
487,0.485411763012758,0.271855157449252,0.226165913043895,0.208860644258667,0.187010622123131,0.143266847840142
308,0.407579902497849,0.204454144375473,0.155619579790919,0.178181472416481,0.150148946700048,0.156008702799071
437,0.423788147113161,0.178181472416481,0.182190212262849,0.185781454960399,0.148801114525785,0.140279459933373
432,0.418084423539314,0.178742307944130,0.214949882112267,0.178181472416481,0.143266847840142,0.149133866930996
347,0.438910260048710,0.223704949036996,0.211115838461421,0.170233153496669,0.172787005806565,0.152618104976752
306,0.439851241970584,0.205178843545358,0.231177046607856,0.181605650010004,0.170233153496669,0.191439626593958
390,0.393155485097713,0.183371292540019,0.199491561253654,0.191439626593958,0.154094323280450,0.140801836156987
555,0.485411763012758,0.282396577544332,0.269010148553487,0.223704949036996,0.213405068833102,0.240653643199231
594,0.480808424194665,0.355144025044986,0.32159942528535,0.256863984839407,0.194059239855938,0.165403320798019
258,0.364953752682284,0.200889639762023,0.205907447843523,0.204454144375473,0.140279459933373,0.140279459933373
332,0.419036311953547,0.192741366843982,0.196743303664015,0.200889639762023,0.140279459933373,0.140279459933373
543,0.490923390673098,0.296006914761259,0.245075200706715,0.210360301592275,0.251373586915138,0.180448444205294
426,0.415225700022613,0.207376318697083,0.238033800236652,0.188255890082703,0.157597013980819,0.140279459933373
468,0.402784577338547,0.214949882112267,0.212638240623736,0.205178843545358,0.173835068385563,0.161797245314680
430,0.390256851013871,0.196066256873814,0.217294683481912,0.211875157547888,0.178742307944130,0.140279459933373
347,0.394120687044045,0.187010622123131,0.165869963138432,0.225342219919308,0.141333283747465,0.140279459933373
518,0.499166505254691,0.240653643199231,0.214949882112267,0.246862287018223,0.190154027575454,0.156400988328558
385,0.338394673319409,0.183967824035887,0.200889639762023,0.154094323280450,0.175435913518267,0.140279459933373
411,0.439851241970584,0.185172899926102,0.194724220966719,0.178742307944130,0.175977245746161,0.140801836156987
431,0.420938564569721,0.194724220966719,0.187010622123131,0.177071557205383,0.140279459933373,0.140279459933373
497,0.459504181093247,0.251373586915138,0.264301525715948,0.190794809258731,0.216509434133377,0.188255890082703
291,0.431364974573073,0.198109430350217,0.200188610986799,0.200889639762023,0.156400988328558,0.140279459933373
317,0.375697185802696,0.185781454960399,0.180448444205294,0.170736402643872,0.142423961905656,0.140279459933373
545,0.539995796104345,0.213405068833102,0.219672052767678,0.227823271636467,0.148143904307162,0.152256565618780
379,0.419036311953547,0.218876016213984,0.198798498578782,0.168745733831007,0.16634019279706,0.177071557205383
457,0.429473753439024,0.233725581744281,0.203733362812729,0.216509434133377,0.156400988328558,0.142147774681471
356,0.441731771836077,0.200188610986799,0.169237834303805,0.199491561253654,0.151542367809210,0.142423961905656
495,0.414271770359505,0.226992939983781,0.232023448734304,0.195393227873188,0.202303599215116,0.159655442358187
387,0.37179664134119,0.164024746412181,0.196743303664015,0.152982630801945,0.168745733831007,0.140279459933373
401,0.478964395469008,0.234581247743386,0.210360301592275,0.208860644258667,0.169733635746363,0.147178535004063
392,0.438910260048710,0.217294683481912,0.211115838461421,0.171243398019944,0.173835068385563,0.145928733232941
383,0.403744670601839,0.198109430350217,0.198798498578782,0.178742307944130,0.16634019279706,0.140279459933373
289,0.395085382089401,0.172787005806565,0.196066256873814,0.217294683481912,0.170736402643872,0.140801836156987
340,0.40182397040703,0.200188610986799,0.217294683481912,0.192741366843982,0.156400988328558,0.159237162188545
496,0.435141512434088,0.207376318697083,0.218083551882790,0.181025063276694,0.182778757451073,0.146237238572002
457,0.438910260048710,0.213405068833102,0.217294683481912,0.168257318749387,0.16357228121085,0.150148946700048
373,0.400862850180983,0.222891426963376,0.222891426963376,0.188255890082703,0.160502026996677,0.140279459933373
262,0.416179118323367,0.197424363331222,0.244185541162083,0.140279459933373,0.183371292540019,0.140279459933373
465,0.443610401564419,0.195393227873188,0.211115838461421,0.215727826366646,0.140279459933373,0.145622826217966
707,0.486331294331022,0.285297304030371,0.192741366843982,0.245075200706715,0.150148946700048,0.156008702799071
514,0.472497848634527,0.231177046607856,0.238904240888872,0.16634019279706,0.140279459933373,0.145928733232941
468,0.40566331506169,0.212638240623736,0.217294683481912,0.214175622695954,0.140279459933373,0.151189670120080
400,0.40662186593712,0.188884569174318,0.221274744825972,0.233725581744281,0.153350162717428,0.150148946700048
421,0.484491855840873,0.224521889216861,0.218876016213984,0.214949882112267,0.140279459933373,0.140279459933373
552,0.540896650628897,0.269010148553487,0.240653643199231,0.201594638931909,0.151189670120080,0.194059239855938
269,0.365932579194558,0.166814026627726,0.180448444205294,0.322587416871138,0.434198112267997,0.195393227873188
376,0.42188893060604,0.238904240888872,0.208116557082828,0.226992939983781,0.182778757451073,0.147497624383717
395,0.427580548847338,0.203016510694019,0.208116557082828,0.220471637257467,0.145319498566922,0.168257318749387
396,0.442671323317129,0.172787005806565,0.250466494772263,0.177071557205383,0.151189670120080,0.140279459933373
401,0.437968797820157,0.217294683481912,0.212638240623736,0.170233153496669,0.157195124574254,0.148471133452426
852,0.502821101328797,0.269010148553487,0.273759486818862,0.140279459933373,0.204454144375473,0.152618104976752
417,0.472497848634527,0.242414171861771,0.236301613614802,0.197424363331222,0.173835068385563,0.140279459933373
324,0.426633199381427,0.211875157547888,0.161362102255135,0.203016510694019,0.150839880430613,0.145928733232941
358,0.378617765257579,0.209608564537159,0.218876016213984,0.165403320798019,0.206639944148685,0.201594638931909
440,0.424736999725661,0.252283020211930,0.201594638931909,0.219672052767678,0.188255890082703,0.177071557205383
476,0.443610401564419,0.238033800236652,0.225342219919308,0.203016510694019,0.157597013980819,0.140279459933373
444,0.417132025922147,0.201594638931909,0.194724220966719,0.249561781327291,0.322587416871138,0.174364837136968
531,0.448298759169222,0.238033800236652,0.194059239855938,0.214949882112267,0.189517281185082,0.155233599845476
366,0.404704249910189,0.172787005806565,0.216509434133377,0.164024746412181,0.188884569174318,0.140279459933373
320,0.395085382089401,0.185172899926102,0.211875157547888,0.176522456496951,0.171754154191287,0.146548361254107
391,0.419036311953547,0.200889639762023,0.223704949036996,0.196066256873814,0.140279459933373,0.175977245746161
505,0.461365530470573,0.247759640188542,0.248659484023583,0.253194757033311,0.351210191887716,0.175977245746161
406,0.420938564569721,0.206639944148685,0.221274744825972,0.170233153496669,0.193398287644562,0.140279459933373
546,0.446424815327873,0.240653643199231,0.179875784505171,0.258711437790672,0.275669606701894,0.140279459933373
456,0.419036311953547,0.211875157547888,0.221274744825972,0.209608564537159,0.140279459933373,0.158002143279100
795,0.477118801080669,0.324563618926047,0.283362392853609,0.250466494772263,0.195393227873188,0.140279459933373
455,0.447362019176649,0.218876016213984,0.228656878414890,0.172268685450245,0.178181472416481,0.155619579790919
381,0.43702685358426,0.217294683481912,0.221274744825972,0.143266847840142,0.192741366843982,0.149807763529887
185,0.240653643199231,0.140279459933373,0.166814026627726,0.150839880430613,0.150148946700048,0.167291481291287
524,0.450170855356869,0.256863984839407,0.203016510694019,0.203016510694019,0.168257318749387,0.154470991130581
441,0.475271623239318,0.225342219919308,0.213405068833102,0.182778757451073,0.165869963138432,0.173309128978783
178,0.301887051542692,0.154470991130581,0.170233153496669,0.177071557205383,0.168257318749387,0.140279459933373
439,0.442671323317129,0.234581247743386,0.228656878414890,0.177624558944457,0.152256565618780,0.182778757451073
828,0.478964395469008,0.271855157449252,0.228656878414890,0.189517281185082,0.164024746412181,0.170233153496669
322,0.468793774829766,0.227823271636467,0.231177046607856,0.143552645462116,0.188884569174318,0.140279459933373
195,0.334444602573969,0.150839880430613,0.167772573247934,0.174364837136968,0.150492979148870,0.147178535004063
371,0.456708871220304,0.185172899926102,0.185172899926102,0.211115838461421,0.162677834203278,0.150492979148870
302,0.375697185802696,0.187010622123131,0.210360301592275,0.161797245314680,0.152618104976752,0.145622826217966
372,0.444549008408857,0.243298519444439,0.243298519444439,0.161362102255135,0.190154027575454,0.168257318749387
427,0.456708871220304,0.234581247743386,0.231177046607856,0.171243398019944,0.163123316426449,0.156796455796649
406,0.381534098529382,0.173309128978783,0.190794809258731,0.175435913518267,0.141602453589765,0.180448444205294
354,0.368866547920421,0.191439626593958,0.190154027575454,0.170736402643872,0.155619579790919,0.146548361254107
445,0.41331732873535,0.212638240623736,0.174898448025698,0.203016510694019,0.140279459933373,0.163123316426449
418,0.447362019176649,0.209608564537159,0.235439936165745,0.160930368981928,0.179875784505171,0.16634019279706
419,0.431364974573073,0.206639944148685,0.198109430350217,0.163123316426449,0.158002143279100,0.158822198286243
365,0.423788147113161,0.165869963138432,0.211875157547888,0.164480729737195,0.180448444205294,0.164024746412181
422,0.418084423539314,0.218876016213984,0.232023448734304,0.168745733831007,0.143552645462116,0.141873944585676
297,0.408537424783786,0.243298519444439,0.209608564537159,0.233725581744281,0.141873944585676,0.159237162188545
393,0.397013246974146,0.211875157547888,0.200889639762023,0.159655442358187,0.179875784505171,0.140279459933373
391,0.435141512434088,0.236301613614802,0.26336509235663,0.179875784505171,0.190154027575454,0.143552645462116
404,0.43702685358426,0.23033379664679,0.206639944148685,0.174898448025698,0.160502026996677,0.158822198286243
301,0.370820382306947,0.173835068385563,0.205178843545358,0.154470991130581,0.177624558944457,0.155619579790919
327,0.362994878061971,0.217294683481912,0.232872971194181,0.226165913043895,0.323575487390111,0.187631241909896
384,0.424736999725661,0.210360301592275,0.237166246337142,0.140279459933373,0.179875784505171,0.152256565618780
507,0.472497848634527,0.244185541162083,0.235439936165745,0.194059239855938,0.171243398019944,0.152982630801945
358,0.451106215483896,0.218876016213984,0.178181472416481,0.220471637257467,0.152618104976752,0.140279459933373
418,0.447362019176649,0.219672052767678,0.226165913043895,0.192088479379025,0.192741366843982,0.140279459933373
421,0.39893907178823,0.206639944148685,0.216509434133377,0.186394027664835,0.189517281185082,0.155619579790919
353,0.386384998416716,0.229493730258852,0.232872971194181,0.180448444205294,0.183371292540019,0.147178535004063
356,0.390256851013871,0.166814026627726,0.188884569174318,0.179307075461499,0.140279459933373,0.140279459933373
419,0.412362374614871,0.208860644258667,0.16634019279706,0.270905253648299,0.254108759679802,0.150839880430613
404,0.466011361565902,0.182778757451073,0.205178843545358,0.163123316426449,0.16634019279706,0.143840891542185
474,0.454843116219575,0.198798498578782,0.208116557082828,0.229493730258852,0.140279459933373,0.140279459933373
246,0.410450927071570,0.164940248736627,0.206639944148685,0.155619579790919,0.181605650010004,0.149133866930996
902,0.531876497718254,0.316661303992259,0.248659484023583,0.238904240888872,0.229493730258852,0.225342219919308
504,0.446424815327873,0.216509434133377,0.173309128978783,0.213405068833102,0.143552645462116,0.141333283747465
296,0.416179118323367,0.185781454960399,0.232872971194181,0.154094323280450,0.179875784505171,0.140279459933373
355,0.450170855356869,0.217294683481912,0.194059239855938,0.189517281185082,0.152256565618780,0.171243398019944
412,0.414271770359505,0.195393227873188,0.188255890082703,0.185172899926102,0.144720505822661,0.140279459933373
253,0.419036311953547,0.177624558944457,0.187631241909896,0.172787005806565,0.175435913518267,0.140279459933373
314,0.445487145704544,0.211875157547888,0.238033800236652,0.151542367809210,0.191439626593958,0.182778757451073
540,0.45297556976512,0.240653643199231,0.232872971194181,0.155233599845476,0.155233599845476,0.140279459933373
423,0.452041119617036,0.244185541162083,0.207376318697083,0.234581247743386,0.140279459933373,0.142702524367706
317,0.414271770359505,0.241532534498303,0.168257318749387,0.388321919900050,0.514662297605807,0.264301525715948
601,0.478041795094857,0.226165913043895,0.237166246337142,0.211115838461421,0.168257318749387,0.140279459933373
441,0.419036311953547,0.217294683481912,0.202303599215116,0.152618104976752,0.190154027575454,0.153350162717428
213,0.448298759169222,0.168257318749387,0.140279459933373,0.504646384858735,0.62555609967103,0.357108931824631
478,0.42188893060604,0.223704949036996,0.232872971194181,0.182190212262849,0.172268685450245,0.152618104976752
492,0.417132025922147,0.251373586915138,0.243298519444439,0.209608564537159,0.185172899926102,0.218876016213984
402,0.434198112267997,0.197424363331222,0.214175622695954,0.182190212262849,0.174364837136968,0.142702524367706
996,0.515570951288053,0.282396577544332,0.242414171861771,0.244185541162083,0.154470991130581,0.140279459933373
284,0.416179118323367,0.209608564537159,0.216509434133377,0.434198112267997,0.533682626160806,0.290152214217331
785,0.456708871220304,0.235439936165745,0.256863984839407,0.196066256873814,0.196066256873814,0.147178535004063
396,0.432309844864813,0.234581247743386,0.218876016213984,0.213405068833102,0.185781454960399,0.174364837136968
456,0.369843682925459,0.164940248736627,0.181025063276694,0.181605650010004,0.171243398019944,0.150839880430613
420,0.466011361565902,0.362014841934518,0.320611530912211,0.311728055196152,0.274713840722163,0.142702524367706
275,0.384446102799712,0.201594638931909,0.174364837136968,0.237166246337142,0.324563618926047,0.173835068385563
373,0.434198112267997,0.227823271636467,0.203733362812729,0.190794809258731,0.162235816543637,0.140279459933373
430,0.428527399760189,0.218083551882790,0.236301613614802,0.183371292540019,0.165403320798019,0.170233153496669
352,0.417132025922147,0.202303599215116,0.232872971194181,0.148801114525785,0.173309128978783,0.140279459933373
383,0.433254223593108,0.198798498578782,0.198798498578782,0.218083551882790,0.160077057692081,0.144424803121843
311,0.395085382089401,0.197424363331222,0.179307075461499,0.217294683481912,0.140279459933373,0.140279459933373
420,0.41331732873535,0.193398287644562,0.191439626593958,0.171243398019944,0.164480729737195,0.147178535004063
395,0.439851241970584,0.220471637257467,0.189517281185082,0.191439626593958,0.154094323280450,0.145319498566922
501,0.422838791105066,0.221274744825972,0.255024990396885,0.208116557082828,0.149133866930996,0.143266847840142
423,0.460435073421994,0.215727826366646,0.223704949036996,0.177071557205383,0.156400988328558,0.165403320798019
380,0.382505251364152,0.194724220966719,0.198798498578782,0.169733635746363,0.158822198286243,0.145928733232941
327,0.461365530470573,0.232023448734304,0.238904240888872,0.171243398019944,0.163123316426449,0.140279459933373
439,0.504646384858735,0.240653643199231,0.219672052767678,0.218083551882790,0.151542367809210,0.148801114525785
310,0.382505251364152,0.195393227873188,0.208860644258667,0.179307075461499,0.140279459933373,0.164480729737195
457,0.424736999725661,0.226992939983781,0.222891426963376,0.170233153496669,0.148801114525785,0.140279459933373
349,0.429473753439024,0.249561781327291,0.262430509724191,0.229493730258852,0.205907447843523,0.140279459933373
373,0.446424815327873,0.197424363331222,0.208860644258667,0.171754154191287,0.179875784505171,0.151897993103576
400,0.426633199381427,0.237166246337142,0.226165913043895,0.221274744825972,0.167772573247934,0.140279459933373
398,0.40182397040703,0.224521889216861,0.185781454960399,0.207376318697083,0.140279459933373,0.140279459933373
471,0.426633199381427,0.205907447843523,0.192088479379025,0.195393227873188,0.140279459933373,0.140279459933373
432,0.384446102799712,0.236301613614802,0.248659484023583,0.168257318749387,0.154470991130581,0.147178535004063
359,0.395085382089401,0.178742307944130,0.205907447843523,0.200188610986799,0.161362102255135,0.143552645462116
558,0.451106215483896,0.267121556704060,0.194059239855938,0.201594638931909,0.155233599845476,0.153350162717428
450,0.440791745314472,0.177624558944457,0.221274744825972,0.162677834203278,0.169733635746363,0.143552645462116
461,0.438910260048710,0.242414171861771,0.262430509724191,0.219672052767678,0.177071557205383,0.197424363331222
450,0.41331732873535,0.229493730258852,0.195393227873188,0.302869127130412,0.397976414823837,0.196743303664015
602,0.472497848634527,0.251373586915138,0.228656878414890,0.196743303664015,0.140279459933373,0.160502026996677
346,0.39893907178823,0.202303599215116,0.232872971194181,0.169733635746363,0.168745733831007,0.140279459933373
463,0.464154311336516,0.229493730258852,0.227823271636467,0.185172899926102,0.178742307944130,0.151189670120080
271,0.426633199381427,0.249561781327291,0.272806580486754,0.181605650010004,0.187631241909896,0.149469410107982
495,0.410450927071570,0.211875157547888,0.237166246337142,0.195393227873188,0.171243398019944,0.163123316426449
455,0.423788147113161,0.238033800236652,0.214175622695954,0.169237834303805,0.171754154191287,0.142423961905656
385,0.442671323317129,0.225342219919308,0.195393227873188,0.199491561253654,0.141602453589765,0.140279459933373
458,0.429473753439024,0.217294683481912,0.205178843545358,0.184568357977156,0.150839880430613,0.140279459933373
861,0.510114381882143,0.276626749501763,0.269010148553487,0.198798498578782,0.219672052767678,0.151189670120080
414,0.414271770359505,0.228656878414890,0.177624558944457,0.211115838461421,0.140279459933373,0.152618104976752
376,0.43702685358426,0.205907447843523,0.215727826366646,0.156400988328558,0.171754154191287,0.140279459933373
305,0.332468835480985,0.154470991130581,0.198109430350217,0.218083551882790,0.148471133452426,0.162677834203278
403,0.438910260048710,0.205178843545358,0.214949882112267,0.198109430350217,0.140279459933373,0.140279459933373
171,0.361034414931008,0.148471133452426,0.140279459933373,0.49459052794554,0.619367756469412,0.368866547920421
396,0.424736999725661,0.208116557082828,0.206639944148685,0.211115838461421,0.172787005806565,0.143840891542185
343,0.41331732873535,0.194059239855938,0.209608564537159,0.153720720340875,0.154094323280450,0.140279459933373
499,0.291125967010989,0.179307075461499,0.214175622695954,0.214949882112267,0.232872971194181,0.167291481291287
300,0.388321919900050,0.225342219919308,0.226992939983781,0.178181472416481,0.170233153496669,0.140279459933373
326,0.416179118323367,0.209608564537159,0.218083551882790,0.186394027664835,0.192088479379025,0.158822198286243
430,0.446424815327873,0.23033379664679,0.216509434133377,0.177624558944457,0.160077057692081,0.150839880430613
458,0.432309844864813,0.232023448734304,0.207376318697083,0.221274744825972,0.160077057692081,0.165869963138432
438,0.400862850180983,0.233725581744281,0.233725581744281,0.215727826366646,0.183967824035887,0.173309128978783
269,0.353177756395209,0.195393227873188,0.189517281185082,0.232023448734304,0.293075998312143,0.140279459933373
389,0.442671323317129,0.192741366843982,0.166814026627726,0.190154027575454,0.175977245746161,0.149133866930996
475,0.492757675678563,0.333456768437105,0.309756707604237,0.26336509235663,0.232872971194181,0.165403320798019
425,0.493674279807102,0.243298519444439,0.177071557205383,0.238033800236652,0.162235816543637,0.140279459933373
403,0.400862850180983,0.226165913043895,0.205178843545358,0.161797245314680,0.182778757451073,0.153720720340875
375,0.410450927071570,0.205178843545358,0.212638240623736,0.140279459933373,0.183967824035887,0.140279459933373
535,0.41331732873535,0.226165913043895,0.203733362812729,0.172787005806565,0.168745733831007,0.150492979148870
187,0.466939252082330,0.232872971194181,0.140279459933373,0.395085382089401,0.524641044535778,0.257786672914962
511,0.432309844864813,0.232023448734304,0.253194757033311,0.166814026627726,0.165869963138432,0.150839880430613
357,0.468793774829766,0.212638240623736,0.206639944148685,0.233725581744281,0.147178535004063,0.176522456496951
450,0.441731771836077,0.247759640188542,0.196743303664015,0.198798498578782,0.194059239855938,0.141333283747465
345,0.415225700022613,0.178181472416481,0.221274744825972,0.196066256873814,0.178742307944130,0.185781454960399
466,0.470646634478409,0.207376318697083,0.200889639762023,0.222081350052879,0.140279459933373,0.142147774681471
606,0.433254223593108,0.206639944148685,0.222891426963376,0.191439626593958,0.140279459933373,0.140279459933373
430,0.437968797820157,0.219672052767678,0.221274744825972,0.166814026627726,0.174898448025698,0.154094323280450
351,0.397013246974146,0.196743303664015,0.248659484023583,0.310742219942023,0.414271770359505,0.233725581744281
474,0.434198112267997,0.200188610986799,0.206639944148685,0.173309128978783,0.157195124574254,0.153720720340875
289,0.349241401529061,0.164480729737195,0.218083551882790,0.178181472416481,0.150492979148870,0.16634019279706
441,0.470646634478409,0.232023448734304,0.204454144375473,0.184568357977156,0.140279459933373,0.151542367809210
381,0.427580548847338,0.220471637257467,0.231177046607856,0.142147774681471,0.140279459933373,0.164024746412181
418,0.415225700022613,0.196743303664015,0.218083551882790,0.214175622695954,0.145622826217966,0.140279459933373
391,0.428527399760189,0.240653643199231,0.233725581744281,0.225342219919308,0.162235816543637,0.149469410107982
204,0.419987692000204,0.179875784505171,0.154470991130581,0.384446102799712,0.499166505254691,0.243298519444439
955,0.528260989528785,0.290152214217331,0.250466494772263,0.269956905233921,0.341355528691973,0.205907447843523
371,0.427580548847338,0.222891426963376,0.218876016213984,0.209608564537159,0.167772573247934,0.140279459933373
411,0.462295554374572,0.211875157547888,0.214175622695954,0.178181472416481,0.16634019279706,0.140279459933373
345,0.429473753439024,0.221274744825972,0.198109430350217,0.219672052767678,0.151189670120080,0.145018731380577
442,0.417132025922147,0.227823271636467,0.231177046607856,0.190154027575454,0.170233153496669,0.160930368981928
200,0.452041119617036,0.279506090033501,0.257786672914962,0.194724220966719,0.205178843545358,0.140279459933373
411,0.388321919900050,0.198109430350217,0.222891426963376,0.162235816543637,0.162235816543637,0.141602453589765
421,0.436084425669404,0.206639944148685,0.23977753355553,0.196066256873814,0.142147774681471,0.140279459933373
395,0.457641082102348,0.220471637257467,0.151897993103576,0.202303599215116,0.143552645462116,0.140279459933373
298,0.395085382089401,0.193398287644562,0.233725581744281,0.173835068385563,0.178742307944130,0.167772573247934
383,0.434198112267997,0.192088479379025,0.235439936165745,0.186394027664835,0.182778757451073,0.140279459933373
378,0.44923503724365,0.202303599215116,0.199491561253654,0.181025063276694,0.192741366843982,0.140279459933373
503,0.484491855840873,0.260567046745838,0.235439936165745,0.217294683481912,0.188255890082703,0.145622826217966
917,0.553483028327823,0.304834801321944,0.292100571713878,0.232023448734304,0.214949882112267,0.151897993103576
413,0.412362374614871,0.194059239855938,0.193398287644562,0.192741366843982,0.150148946700048,0.184568357977156
398,0.417132025922147,0.202303599215116,0.202303599215116,0.16357228121085,0.188884569174318,0.148143904307162
420,0.420938564569721,0.204454144375473,0.211875157547888,0.189517281185082,0.163123316426449,0.149807763529887
249,0.469720411442728,0.203016510694019,0.184568357977156,0.204454144375473,0.159655442358187,0.141333283747465
538,0.483571570595327,0.245075200706715,0.213405068833102,0.185172899926102,0.188884569174318,0.140279459933373
547,0.464154311336516,0.238033800236652,0.232023448734304,0.204454144375473,0.140279459933373,0.148143904307162
386,0.444549008408857,0.226165913043895,0.211875157547888,0.196743303664015,0.142423961905656,0.181025063276694
386,0.429473753439024,0.187010622123131,0.158822198286243,0.167291481291287,0.163123316426449,0.140279459933373
409,0.432309844864813,0.187631241909896,0.159237162188545,0.205178843545358,0.168257318749387,0.140279459933373
412,0.380562464597876,0.168745733831007,0.187010622123131,0.217294683481912,0.211115838461421,0.162235816543637
264,0.477118801080669,0.248659484023583,0.203733362812729,0.223704949036996,0.141873944585676,0.145018731380577
406,0.416179118323367,0.184568357977156,0.218876016213984,0.183967824035887,0.177624558944457,0.140279459933373
400,0.440791745314472,0.237166246337142,0.260567046745838,0.206639944148685,0.165403320798019,0.155619579790919
437,0.457641082102348,0.244185541162083,0.215727826366646,0.202303599215116,0.170233153496669,0.157195124574254
360,0.353177756395209,0.164940248736627,0.210360301592275,0.158822198286243,0.158822198286243,0.140279459933373
598,0.457641082102348,0.266179795115631,0.213405068833102,0.221274744825972,0.149133866930996,0.140539522938054
411,0.419987692000204,0.196066256873814,0.199491561253654,0.196743303664015,0.166814026627726,0.140279459933373
387,0.411406907527978,0.204454144375473,0.216509434133377,0.140279459933373,0.173309128978783,0.175977245746161
431,0.422838791105066,0.190794809258731,0.208116557082828,0.190154027575454,0.169733635746363,0.140279459933373
372,0.379590352485876,0.195393227873188,0.214949882112267,0.154094323280450,0.177071557205383,0.148471133452426
465,0.447362019176649,0.222081350052879,0.225342219919308,0.180448444205294,0.140279459933373,0.146548361254107
372,0.400862850180983,0.232023448734304,0.231177046607856,0.156796455796649,0.16357228121085,0.140279459933373
444,0.40662186593712,0.209608564537159,0.194724220966719,0.179875784505171,0.187010622123131,0.160502026996677
206,0.503733909185275,0.140279459933373,0.174898448025698,0.204454144375473,0.178181472416481,0.148801114525785
576,0.442671323317129,0.238033800236652,0.185781454960399,0.215727826366646,0.160930368981928,0.146862120354825
598,0.454843116219575,0.248659484023583,0.225342219919308,0.145928733232941,0.206639944148685,0.172787005806565
414,0.44923503724365,0.243298519444439,0.243298519444439,0.233725581744281,0.171243398019944,0.198798498578782
608,0.460435073421994,0.253194757033311,0.23033379664679,0.181605650010004,0.191439626593958,0.153350162717428
424,0.466939252082330,0.243298519444439,0.214949882112267,0.229493730258852,0.152618104976752,0.152256565618780
365,0.425685350085428,0.204454144375473,0.236301613614802,0.192741366843982,0.140279459933373,0.140279459933373
489,0.456708871220304,0.235439936165745,0.23033379664679,0.226165913043895,0.144131604573628,0.152982630801945
460,0.477118801080669,0.231177046607856,0.209608564537159,0.210360301592275,0.174364837136968,0.163123316426449
173,0.291125967010989,0.140279459933373,0.193398287644562,0.178181472416481,0.160077057692081,0.140279459933373
383,0.407579902497849,0.234581247743386,0.204454144375473,0.201594638931909,0.148143904307162,0.147178535004063
467,0.467866722440866,0.215727826366646,0.237166246337142,0.190154027575454,0.151542367809210,0.156400988328558
443,0.420938564569721,0.180448444205294,0.238033800236652,0.16357228121085,0.168257318749387,0.140279459933373
796,0.514662297605807,0.256863984839407,0.211115838461421,0.232872971194181,0.159655442358187,0.142147774681471
425,0.362994878061971,0.226992939983781,0.164940248736627,0.281431899695417,0.140279459933373,0.153350162717428
461,0.452041119617036,0.244185541162083,0.198109430350217,0.207376318697083,0.150839880430613,0.163123316426449
434,0.408537424783786,0.198109430350217,0.238033800236652,0.209608564537159,0.341355528691973,0.143266847840142
367,0.419036311953547,0.208116557082828,0.161362102255135,0.199491561253654,0.140279459933373,0.140279459933373
394,0.426633199381427,0.193398287644562,0.205178843545358,0.214949882112267,0.169237834303805,0.141066417195949
414,0.43702685358426,0.207376318697083,0.218083551882790,0.182778757451073,0.177624558944457,0.143266847840142
363,0.37179664134119,0.167291481291287,0.249561781327291,0.140279459933373,0.152982630801945,0.140279459933373
577,0.427580548847338,0.258711437790672,0.210360301592275,0.205907447843523,0.155233599845476,0.157195124574254
474,0.485411763012758,0.265239772398733,0.209608564537159,0.229493730258852,0.150492979148870,0.140279459933373
391,0.363974517009122,0.226165913043895,0.203733362812729,0.295029198942614,0.375697185802696,0.179307075461499
438,0.415225700022613,0.181605650010004,0.216509434133377,0.183371292540019,0.140279459933373,0.144424803121843
411,0.434198112267997,0.208116557082828,0.247759640188542,0.140279459933373,0.200188610986799,0.157195124574254
466,0.399901217123282,0.208116557082828,0.208116557082828,0.154850743467635,0.156008702799071,0.140279459933373
382,0.455776216619560,0.235439936165745,0.228656878414890,0.219672052767678,0.174898448025698,0.16634019279706
543,0.443610401564419,0.224521889216861,0.161797245314680,0.206639944148685,0.160502026996677,0.150148946700048
353,0.40566331506169,0.194724220966719,0.215727826366646,0.169237834303805,0.150839880430613,0.148143904307162
479,0.456708871220304,0.226165913043895,0.225342219919308,0.188255890082703,0.140279459933373,0.140279459933373
441,0.416179118323367,0.190154027575454,0.140279459933373,0.183967824035887,0.164024746412181,0.148143904307162
355,0.40662186593712,0.192741366843982,0.218083551882790,0.216509434133377,0.218083551882790,0.178181472416481
391,0.416179118323367,0.221274744825972,0.225342219919308,0.198798498578782,0.186394027664835,0.143840891542185
420,0.407579902497849,0.210360301592275,0.213405068833102,0.181605650010004,0.179307075461499,0.149133866930996
450,0.40182397040703,0.241532534498303,0.220471637257467,0.217294683481912,0.214949882112267,0.183371292540019
338,0.381534098529382,0.210360301592275,0.210360301592275,0.191439626593958,0.153720720340875,0.149807763529887
419,0.388321919900050,0.216509434133377,0.181025063276694,0.195393227873188,0.153720720340875,0.140279459933373
490,0.453909567952752,0.233725581744281,0.234581247743386,0.185172899926102,0.179307075461499,0.16357228121085
552,0.409494432911366,0.190794809258731,0.214949882112267,0.197424363331222,0.182190212262849,0.140279459933373
765,0.501907959152939,0.265239772398733,0.23033379664679,0.319623752397046,0.412362374614871,0.200188610986799
395,0.44923503724365,0.188255890082703,0.205178843545358,0.205178843545358,0.140279459933373,0.140279459933373
341,0.410450927071570,0.219672052767678,0.226165913043895,0.195393227873188,0.180448444205294,0.144131604573628
378,0.44923503724365,0.204454144375473,0.199491561253654,0.196066256873814,0.140279459933373,0.140279459933373
425,0.442671323317129,0.192741366843982,0.210360301592275,0.211875157547888,0.153350162717428,0.140539522938054
425,0.428527399760189,0.194724220966719,0.218876016213984,0.202303599215116,0.140279459933373,0.140279459933373
444,0.427580548847338,0.223704949036996,0.238033800236652,0.210360301592275,0.168257318749387,0.148143904307162
354,0.460435073421994,0.212638240623736,0.191439626593958,0.195393227873188,0.200889639762023,0.140279459933373
544,0.450170855356869,0.217294683481912,0.232023448734304,0.203016510694019,0.145319498566922,0.167772573247934
643,0.466939252082330,0.244185541162083,0.185781454960399,0.212638240623736,0.152982630801945,0.140279459933373
416,0.455776216619560,0.218083551882790,0.246862287018223,0.183967824035887,0.188255890082703,0.140279459933373
447,0.417132025922147,0.229493730258852,0.208116557082828,0.168745733831007,0.184568357977156,0.140279459933373
445,0.464154311336516,0.231177046607856,0.223704949036996,0.203733362812729,0.164480729737195,0.181025063276694
325,0.397976414823837,0.199491561253654,0.229493730258852,0.177071557205383,0.146237238572002,0.148471133452426
306,0.436084425669404,0.167291481291287,0.170233153496669,0.23033379664679,0.140279459933373,0.140279459933373
485,0.443610401564419,0.206639944148685,0.252283020211930,0.154470991130581,0.204454144375473,0.146237238572002
412,0.415225700022613,0.227823271636467,0.211875157547888,0.180448444205294,0.164480729737195,0.141333283747465
434,0.465083048709257,0.225342219919308,0.232872971194181,0.211115838461421,0.164024746412181,0.141602453589765
414,0.393155485097713,0.205178843545358,0.195393227873188,0.222891426963376,0.151542367809210,0.16357228121085
489,0.376671178467619,0.213405068833102,0.198798498578782,0.199491561253654,0.149469410107982,0.16634019279706
445,0.416179118323367,0.218083551882790,0.210360301592275,0.169237834303805,0.16357228121085,0.140279459933373
444,0.397013246974146,0.216509434133377,0.249561781327291,0.148801114525785,0.175977245746161,0.140279459933373
451,0.444549008408857,0.226992939983781,0.198798498578782,0.189517281185082,0.164024746412181,0.140279459933373
571,0.455776216619560,0.209608564537159,0.222081350052879,0.209608564537159,0.164024746412181,0.143266847840142
450,0.439851241970584,0.210360301592275,0.205907447843523,0.198798498578782,0.16357228121085,0.174898448025698
509,0.448298759169222,0.205907447843523,0.222891426963376,0.178181472416481,0.146862120354825,0.140801836156987
415,0.435141512434088,0.241532534498303,0.208860644258667,0.171754154191287,0.210360301592275,0.140279459933373
372,0.422838791105066,0.208860644258667,0.219672052767678,0.175435913518267,0.16634019279706,0.140279459933373
314,0.419987692000204,0.181025063276694,0.213405068833102,0.191439626593958,0.140279459933373,0.140279459933373
434,0.417132025922147,0.234581247743386,0.231177046607856,0.177071557205383,0.162235816543637,0.153720720340875
419,0.411406907527978,0.213405068833102,0.210360301592275,0.238033800236652,0.156008702799071,0.169733635746363
336,0.384446102799712,0.187010622123131,0.203733362812729,0.197424363331222,0.145622826217966,0.140279459933373
475,0.447362019176649,0.259638241659144,0.251373586915138,0.187010622123131,0.192741366843982,0.172787005806565
478,0.416179118323367,0.214949882112267,0.232872971194181,0.194059239855938,0.140279459933373,0.150148946700048
370,0.416179118323367,0.224521889216861,0.256863984839407,0.148471133452426,0.161797245314680,0.140279459933373
369,0.39893907178823,0.196743303664015,0.216509434133377,0.211875157547888,0.158410531669826,0.148801114525785
447,0.444549008408857,0.228656878414890,0.221274744825972,0.189517281185082,0.149133866930996,0.160077057692081
501,0.40182397040703,0.206639944148685,0.212638240623736,0.225342219919308,0.160502026996677,0.159655442358187
309,0.429473753439024,0.270905253648299,0.195393227873188,0.253194757033311,0.218083551882790,0.158410531669826
530,0.491840713366392,0.286266334773665,0.244185541162083,0.261497815323131,0.176522456496951,0.140279459933373
442,0.435141512434088,0.187010622123131,0.198798498578782,0.145319498566922,0.142423961905656,0.161797245314680
305,0.354161056920203,0.176522456496951,0.206639944148685,0.185781454960399,0.160077057692081,0.144424803121843
565,0.450170855356869,0.244185541162083,0.194059239855938,0.203733362812729,0.172268685450245,0.153720720340875
376,0.40566331506169,0.188884569174318,0.194724220966719,0.187631241909896,0.152618104976752,0.140279459933373
331,0.428527399760189,0.169237834303805,0.224521889216861,0.157195124574254,0.176522456496951,0.140279459933373
399,0.474347434968947,0.259638241659144,0.246862287018223,0.262430509724191,0.16634019279706,0.173835068385563
440,0.441731771836077,0.247759640188542,0.23977753355553,0.273759486818862,0.342342090635241,0.140279459933373
520,0.462295554374572,0.238033800236652,0.233725581744281,0.185172899926102,0.147497624383717,0.145622826217966
392,0.418084423539314,0.165403320798019,0.218876016213984,0.140279459933373,0.166814026627726,0.163123316426449
453,0.437968797820157,0.273759486818862,0.278545025785751,0.215727826366646,0.238033800236652,0.224521889216861
444,0.433254223593108,0.211115838461421,0.223704949036996,0.168257318749387,0.177071557205383,0.152256565618780
490,0.512844066957349,0.261497815323131,0.281431899695417,0.188255890082703,0.202303599215116,0.16357228121085
445,0.501907959152939,0.312714190948075,0.285297304030371,0.245075200706715,0.192741366843982,0.16357228121085
393,0.404704249910189,0.190154027575454,0.202303599215116,0.214949882112267,0.140279459933373,0.157597013980819
370,0.434198112267997,0.173835068385563,0.177624558944457,0.179307075461499,0.191439626593958,0.164024746412181
345,0.403744670601839,0.198109430350217,0.233725581744281,0.193398287644562,0.149133866930996,0.149807763529887
313,0.381534098529382,0.190154027575454,0.192741366843982,0.205907447843523,0.154470991130581,0.161362102255135
279,0.350225945404854,0.178742307944130,0.200188610986799,0.151189670120080,0.168257318749387,0.145018731380577
461,0.382505251364152,0.181605650010004,0.182190212262849,0.210360301592275,0.156796455796649,0.146548361254107
447,0.443610401564419,0.213405068833102,0.237166246337142,0.173835068385563,0.198798498578782,0.145319498566922
273,0.42188893060604,0.182190212262849,0.245967461561916,0.150839880430613,0.181605650010004,0.174364837136968
483,0.42188893060604,0.234581247743386,0.229493730258852,0.214949882112267,0.140279459933373,0.172787005806565
485,0.415225700022613,0.187010622123131,0.212638240623736,0.188255890082703,0.143266847840142,0.161797245314680
416,0.437968797820157,0.196066256873814,0.196066256873814,0.192741366843982,0.140279459933373,0.140279459933373
374,0.39604956908159,0.181025063276694,0.227823271636467,0.152982630801945,0.198109430350217,0.158002143279100
397,0.477118801080669,0.283362392853609,0.276626749501763,0.183967824035887,0.178181472416481,0.150148946700048
395,0.410450927071570,0.187631241909896,0.200889639762023,0.192741366843982,0.178742307944130,0.144131604573628
456,0.476195411202944,0.298944182722262,0.250466494772263,0.211875157547888,0.161797245314680,0.140279459933373
404,0.39604956908159,0.175977245746161,0.242414171861771,0.156400988328558,0.170233153496669,0.140279459933373
391,0.409494432911366,0.231177046607856,0.244185541162083,0.183371292540019,0.178742307944130,0.140279459933373
406,0.424736999725661,0.243298519444439,0.204454144375473,0.211115838461421,0.188255890082703,0.140279459933373
433,0.457641082102348,0.232872971194181,0.227823271636467,0.184568357977156,0.170233153496669,0.158410531669826
442,0.459504181093247,0.224521889216861,0.23977753355553,0.162235816543637,0.168745733831007,0.140279459933373
563,0.415225700022613,0.235439936165745,0.248659484023583,0.141873944585676,0.215727826366646,0.161362102255135
561,0.439851241970584,0.177071557205383,0.177624558944457,0.211115838461421,0.140279459933373,0.150148946700048
376,0.39218977751084,0.218876016213984,0.147178535004063,0.214175622695954,0.140279459933373,0.140279459933373
496,0.438910260048710,0.222081350052879,0.173309128978783,0.185781454960399,0.187010622123131,0.158002143279100
408,0.428527399760189,0.219672052767678,0.231177046607856,0.156008702799071,0.217294683481912,0.181025063276694
370,0.411406907527978,0.211875157547888,0.218876016213984,0.179875784505171,0.161362102255135,0.142702524367706
465,0.422838791105066,0.213405068833102,0.229493730258852,0.184568357977156,0.167772573247934,0.16634019279706
365,0.399901217123282,0.213405068833102,0.179307075461499,0.140279459933373,0.153720720340875,0.144131604573628
372,0.417132025922147,0.183371292540019,0.184568357977156,0.197424363331222,0.143266847840142,0.147178535004063
234,0.357108931824631,0.177624558944457,0.211875157547888,0.173835068385563,0.172268685450245,0.167291481291287
480,0.376671178467619,0.243298519444439,0.232023448734304,0.299924552865763,0.389289635189169,0.198109430350217
539,0.472497848634527,0.23033379664679,0.245075200706715,0.194059239855938,0.140539522938054,0.143840891542185
484,0.412362374614871,0.195393227873188,0.211115838461421,0.168745733831007,0.174898448025698,0.140279459933373
360,0.429473753439024,0.211875157547888,0.227823271636467,0.140279459933373,0.170736402643872,0.140279459933373
428,0.40566331506169,0.201594638931909,0.215727826366646,0.214175622695954,0.164024746412181,0.140279459933373
390,0.448298759169222,0.203733362812729,0.242414171861771,0.166814026627726,0.170736402643872,0.141333283747465
447,0.386384998416716,0.187631241909896,0.219672052767678,0.170233153496669,0.148801114525785,0.140279459933373
512,0.432309844864813,0.299924552865763,0.291125967010989,0.210360301592275,0.219672052767678,0.202303599215116
297,0.393155485097713,0.194724220966719,0.172787005806565,0.209608564537159,0.148143904307162,0.147178535004063
499,0.445487145704544,0.237166246337142,0.226992939983781,0.185172899926102,0.171754154191287,0.162235816543637
400,0.420938564569721,0.211875157547888,0.222891426963376,0.159237162188545,0.172787005806565,0.140279459933373
440,0.467866722440866,0.233725581744281,0.207376318697083,0.193398287644562,0.167291481291287,0.147819407725247
470,0.438910260048710,0.209608564537159,0.222891426963376,0.208116557082828,0.171754154191287,0.149807763529887
802,0.553483028327823,0.307786743279463,0.278545025785751,0.195393227873188,0.181605650010004,0.140279459933373
453,0.42188893060604,0.206639944148685,0.202303599215116,0.213405068833102,0.160930368981928,0.148801114525785
529,0.416179118323367,0.270905253648299,0.248659484023583,0.264301525715948,0.165869963138432,0.163123316426449
554,0.457641082102348,0.215727826366646,0.198798498578782,0.218876016213984,0.140279459933373,0.145018731380577
304,0.435141512434088,0.184568357977156,0.224521889216861,0.152256565618780,0.186394027664835,0.140279459933373
361,0.404704249910189,0.23033379664679,0.183967824035887,0.264301525715948,0.179875784505171,0.173835068385563
457,0.445487145704544,0.231177046607856,0.200188610986799,0.177071557205383,0.175435913518267,0.14298348025674
338,0.458572851358513,0.219672052767678,0.215727826366646,0.200188610986799,0.171243398019944,0.172787005806565
497,0.427580548847338,0.187010622123131,0.192741366843982,0.196743303664015,0.16357228121085,0.149469410107982
356,0.39604956908159,0.218083551882790,0.208116557082828,0.158410531669826,0.154470991130581,0.154470991130581
434,0.42188893060604,0.225342219919308,0.194724220966719,0.228656878414890,0.140279459933373,0.151897993103576
626,0.461365530470573,0.212638240623736,0.205907447843523,0.152618104976752,0.171754154191287,0.140279459933373
636,0.57585075439854,0.279506090033501,0.277585234113443,0.212638240623736,0.182190212262849,0.169733635746363
407,0.408537424783786,0.210360301592275,0.188884569174318,0.175977245746161,0.170736402643872,0.168745733831007
408,0.403744670601839,0.195393227873188,0.187010622123131,0.193398287644562,0.171754154191287,0.147819407725247
307,0.435141512434088,0.207376318697083,0.194059239855938,0.201594638931909,0.191439626593958,0.140279459933373
256,0.304834801321944,0.157597013980819,0.172787005806565,0.214949882112267,0.191439626593958,0.148143904307162
361,0.418084423539314,0.194724220966719,0.207376318697083,0.198798498578782,0.154470991130581,0.140279459933373
368,0.425685350085428,0.214949882112267,0.208860644258667,0.173835068385563,0.174898448025698,0.147178535004063
268,0.447362019176649,0.164024746412181,0.172787005806565,0.216509434133377,0.140279459933373,0.140279459933373
372,0.415225700022613,0.205907447843523,0.180448444205294,0.196066256873814,0.176522456496951,0.154470991130581
477,0.414271770359505,0.225342219919308,0.260567046745838,0.206639944148685,0.16357228121085,0.183371292540019
488,0.414271770359505,0.220471637257467,0.222081350052879,0.200889639762023,0.157597013980819,0.149807763529887
396,0.439851241970584,0.213405068833102,0.210360301592275,0.198109430350217,0.187631241909896,0.154094323280450
416,0.404704249910189,0.177624558944457,0.211115838461421,0.164480729737195,0.162235816543637,0.157597013980819
434,0.441731771836077,0.200188610986799,0.217294683481912,0.184568357977156,0.156400988328558,0.144424803121843
612,0.441731771836077,0.240653643199231,0.160077057692081,0.226992939983781,0.158410531669826,0.143266847840142
357,0.415225700022613,0.218876016213984,0.191439626593958,0.182190212262849,0.140279459933373,0.173309128978783
377,0.42188893060604,0.215727826366646,0.254108759679802,0.186394027664835,0.198109430350217,0.186394027664835
335,0.411406907527978,0.199491561253654,0.206639944148685,0.203733362812729,0.182778757451073,0.146237238572002
513,0.478964395469008,0.254108759679802,0.238904240888872,0.187010622123131,0.179875784505171,0.151542367809210
509,0.397013246974146,0.200188610986799,0.208116557082828,0.168257318749387,0.182778757451073,0.140279459933373
345,0.42188893060604,0.201594638931909,0.203733362812729,0.184568357977156,0.186394027664835,0.140279459933373
300,0.311728055196152,0.167291481291287,0.190794809258731,0.207376318697083,0.149133866930996,0.157597013980819
356,0.455776216619560,0.232872971194181,0.242414171861771,0.159237162188545,0.157597013980819,0.143840891542185
357,0.422838791105066,0.175977245746161,0.206639944148685,0.151542367809210,0.145018731380577,0.140279459933373
430,0.437968797820157,0.216509434133377,0.228656878414890,0.210360301592275,0.141066417195949,0.143840891542185
541,0.469720411442728,0.274713840722163,0.247759640188542,0.181025063276694,0.165869963138432,0.143552645462116
490,0.447362019176649,0.206639944148685,0.243298519444439,0.185781454960399,0.170736402643872,0.140279459933373
490,0.439851241970584,0.247759640188542,0.229493730258852,0.222081350052879,0.168257318749387,0.169237834303805
489,0.448298759169222,0.217294683481912,0.212638240623736,0.164024746412181,0.196066256873814,0.140279459933373
660,0.49459052794554,0.245075200706715,0.259638241659144,0.164480729737195,0.140279459933373,0.143840891542185
381,0.435141512434088,0.187010622123131,0.177624558944457,0.196743303664015,0.194059239855938,0.141602453589765
229,0.317648619366148,0.187010622123131,0.261497815323131,0.331480818156256,0.351210191887716,0.169237834303805
338,0.412362374614871,0.188255890082703,0.200188610986799,0.172268685450245,0.179307075461499,0.154470991130581
381,0.444549008408857,0.209608564537159,0.229493730258852,0.198109430350217,0.179307075461499,0.147178535004063
353,0.439851241970584,0.234581247743386,0.228656878414890,0.226992939983781,0.189517281185082,0.140279459933373
287,0.414271770359505,0.194059239855938,0.190154027575454,0.275669606701894,0.306802338059224,0.145018731380577
345,0.389289635189169,0.155233599845476,0.200188610986799,0.195393227873188,0.163123316426449,0.145928733232941
303,0.411406907527978,0.212638240623736,0.174364837136968,0.170736402643872,0.143552645462116,0.140279459933373
399,0.403744670601839,0.174364837136968,0.233725581744281,0.187631241909896,0.150492979148870,0.140279459933373
365,0.390256851013871,0.177071557205383,0.215727826366646,0.150148946700048,0.157195124574254,0.153350162717428
217,0.428527399760189,0.235439936165745,0.194724220966719,0.208860644258667,0.196066256873814,0.147497624383717
482,0.426633199381427,0.210360301592275,0.234581247743386,0.151189670120080,0.200188610986799,0.167291481291287
495,0.425685350085428,0.227823271636467,0.226165913043895,0.192741366843982,0.141333283747465,0.140279459933373
509,0.41331732873535,0.184568357977156,0.196743303664015,0.229493730258852,0.140279459933373,0.143266847840142
382,0.44923503724365,0.238904240888872,0.244185541162083,0.172787005806565,0.16634019279706,0.152618104976752
513,0.466939252082330,0.205178843545358,0.235439936165745,0.202303599215116,0.178181472416481,0.140279459933373
466,0.489087655334828,0.287236372741756,0.281431899695417,0.205178843545358,0.190794809258731,0.140279459933373
438,0.420938564569721,0.247759640188542,0.231177046607856,0.198798498578782,0.181605650010004,0.168257318749387
551,0.456708871220304,0.234581247743386,0.226165913043895,0.221274744825972,0.175435913518267,0.140279459933373
336,0.435141512434088,0.197424363331222,0.221274744825972,0.183371292540019,0.153720720340875,0.140279459933373
466,0.417132025922147,0.205178843545358,0.227823271636467,0.164480729737195,0.165869963138432,0.167291481291287
382,0.39893907178823,0.168745733831007,0.205907447843523,0.151189670120080,0.175977245746161,0.158002143279100
542,0.445487145704544,0.228656878414890,0.228656878414890,0.208860644258667,0.168257318749387,0.16634019279706
487,0.388321919900050,0.194059239855938,0.232023448734304,0.156796455796649,0.151897993103576,0.147497624383717
424,0.430419611243593,0.226165913043895,0.240653643199231,0.160077057692081,0.208116557082828,0.151897993103576
435,0.455776216619560,0.213405068833102,0.246862287018223,0.164940248736627,0.16634019279706,0.140279459933373
502,0.445487145704544,0.218083551882790,0.227823271636467,0.172268685450245,0.159655442358187,0.144720505822661
439,0.429473753439024,0.190794809258731,0.200889639762023,0.164940248736627,0.201594638931909,0.140279459933373
506,0.428527399760189,0.204454144375473,0.214175622695954,0.188884569174318,0.140279459933373,0.150492979148870
543,0.425685350085428,0.222891426963376,0.226992939983781,0.195393227873188,0.182190212262849,0.145928733232941
457,0.462295554374572,0.218876016213984,0.224521889216861,0.186394027664835,0.143266847840142,0.140279459933373
537,0.453909567952752,0.250466494772263,0.232872971194181,0.192088479379025,0.171754154191287,0.164024746412181
349,0.367888982200334,0.187631241909896,0.178181472416481,0.243298519444439,0.140279459933373,0.151542367809210
378,0.436084425669404,0.197424363331222,0.210360301592275,0.216509434133377,0.152256565618780,0.151897993103576
359,0.404704249910189,0.156008702799071,0.174898448025698,0.179307075461499,0.196066256873814,0.140279459933373
492,0.439851241970584,0.213405068833102,0.211875157547888,0.192088479379025,0.156008702799071,0.140279459933373
325,0.425685350085428,0.214175622695954,0.222891426963376,0.193398287644562,0.154850743467635,0.140279459933373
490,0.445487145704544,0.203016510694019,0.182778757451073,0.190794809258731,0.150492979148870,0.148143904307162
333,0.368866547920421,0.188884569174318,0.184568357977156,0.192088479379025,0.140279459933373,0.140279459933373
522,0.426633199381427,0.208860644258667,0.177624558944457,0.193398287644562,0.154850743467635,0.140279459933373
502,0.434198112267997,0.218083551882790,0.23033379664679,0.145319498566922,0.171243398019944,0.140279459933373
559,0.457641082102348,0.226992939983781,0.192088479379025,0.211875157547888,0.162235816543637,0.164940248736627
415,0.464154311336516,0.207376318697083,0.216509434133377,0.248659484023583,0.152256565618780,0.152618104976752
643,0.453909567952752,0.228656878414890,0.219672052767678,0.210360301592275,0.140279459933373,0.151542367809210
406,0.410450927071570,0.203016510694019,0.179875784505171,0.198109430350217,0.148801114525785,0.140279459933373
398,0.41331732873535,0.190794809258731,0.180448444205294,0.207376318697083,0.141602453589765,0.140279459933373
351,0.434198112267997,0.224521889216861,0.214175622695954,0.174364837136968,0.150492979148870,0.140279459933373
287,0.35612665264182,0.152982630801945,0.212638240623736,0.308771540986705,0.431364974573073,0.209608564537159
467,0.437968797820157,0.208860644258667,0.249561781327291,0.205178843545358,0.180448444205294,0.140279459933373
328,0.397976414823837,0.194724220966719,0.183967824035887,0.201594638931909,0.292100571713878,0.172787005806565
375,0.39218977751084,0.216509434133377,0.211875157547888,0.220471637257467,0.270905253648299,0.174364837136968
501,0.457641082102348,0.244185541162083,0.250466494772263,0.149807763529887,0.162235816543637,0.140279459933373
346,0.373747820375976,0.197424363331222,0.214949882112267,0.193398287644562,0.157597013980819,0.170736402643872
362,0.426633199381427,0.221274744825972,0.192741366843982,0.189517281185082,0.163123316426449,0.153720720340875
215,0.376671178467619,0.170736402643872,0.194724220966719,0.331480818156256,0.450170855356869,0.223704949036996
200,0.433254223593108,0.23033379664679,0.245075200706715,0.174898448025698,0.211115838461421,0.140279459933373
474,0.434198112267997,0.218083551882790,0.219672052767678,0.161797245314680,0.188884569174318,0.141333283747465
501,0.455776216619560,0.220471637257467,0.238904240888872,0.140279459933373,0.188884569174318,0.140279459933373
520,0.433254223593108,0.196743303664015,0.246862287018223,0.140279459933373,0.173835068385563,0.140279459933373
365,0.408537424783786,0.212638240623736,0.207376318697083,0.192088479379025,0.167291481291287,0.140279459933373
480,0.41331732873535,0.260567046745838,0.245967461561916,0.246862287018223,0.143552645462116,0.160502026996677
489,0.425685350085428,0.208860644258667,0.169237834303805,0.229493730258852,0.145018731380577,0.145622826217966
512,0.458572851358513,0.226165913043895,0.198798498578782,0.204454144375473,0.160077057692081,0.150148946700048
573,0.466011361565902,0.240653643199231,0.237166246337142,0.227823271636467,0.140279459933373,0.160502026996677
404,0.402784577338547,0.182190212262849,0.218876016213984,0.189517281185082,0.170233153496669,0.140279459933373
571,0.454843116219575,0.265239772398733,0.234581247743386,0.194724220966719,0.194059239855938,0.149807763529887
583,0.457641082102348,0.247759640188542,0.215727826366646,0.203016510694019,0.175977245746161,0.140279459933373
387,0.419987692000204,0.207376318697083,0.208860644258667,0.206639944148685,0.150148946700048,0.145319498566922
554,0.464154311336516,0.218083551882790,0.194059239855938,0.184568357977156,0.173309128978783,0.140279459933373
437,0.482650905054512,0.282396577544332,0.288207386188063,0.240653643199231,0.222891426963376,0.246862287018223
420,0.452041119617036,0.254108759679802,0.240653643199231,0.179307075461499,0.146862120354825,0.152982630801945
306,0.344314559496454,0.157195124574254,0.208116557082828,0.162235816543637,0.152618104976752,0.158002143279100
447,0.444549008408857,0.259638241659144,0.179307075461499,0.211875157547888,0.151189670120080,0.155233599845476
349,0.407579902497849,0.190794809258731,0.221274744825972,0.183371292540019,0.159655442358187,0.140279459933373
458,0.457641082102348,0.251373586915138,0.218876016213984,0.188255890082703,0.245967461561916,0.162235816543637
324,0.399901217123282,0.243298519444439,0.228656878414890,0.219672052767678,0.162235816543637,0.168257318749387
395,0.422838791105066,0.200188610986799,0.252283020211930,0.157195124574254,0.177071557205383,0.140279459933373
416,0.417132025922147,0.211115838461421,0.231177046607856,0.178742307944130,0.164940248736627,0.154094323280450
536,0.382505251364152,0.213405068833102,0.225342219919308,0.173835068385563,0.164940248736627,0.140279459933373
423,0.419036311953547,0.193398287644562,0.210360301592275,0.149807763529887,0.164480729737195,0.158410531669826
476,0.431364974573073,0.222891426963376,0.194724220966719,0.26336509235663,0.314687276192053,0.161797245314680
382,0.388321919900050,0.218876016213984,0.199491561253654,0.169237834303805,0.145622826217966,0.151897993103576
313,0.414271770359505,0.168745733831007,0.209608564537159,0.200188610986799,0.143266847840142,0.140279459933373
488,0.433254223593108,0.248659484023583,0.212638240623736,0.183371292540019,0.160077057692081,0.154094323280450
382,0.40662186593712,0.235439936165745,0.240653643199231,0.167772573247934,0.187010622123131,0.188255890082703
355,0.417132025922147,0.205907447843523,0.222081350052879,0.198798498578782,0.140279459933373,0.173835068385563
343,0.40662186593712,0.225342219919308,0.212638240623736,0.177071557205383,0.152256565618780,0.140279459933373
498,0.523735350546028,0.373747820375976,0.322587416871138,0.289179343702615,0.289179343702615,0.140279459933373
408,0.40182397040703,0.194724220966719,0.173309128978783,0.152982630801945,0.164940248736627,0.180448444205294
437,0.429473753439024,0.229493730258852,0.200889639762023,0.184568357977156,0.177624558944457,0.155233599845476
507,0.433254223593108,0.226165913043895,0.214175622695954,0.155233599845476,0.185172899926102,0.158822198286243
475,0.446424815327873,0.218083551882790,0.198798498578782,0.220471637257467,0.140279459933373,0.147497624383717
813,0.510114381882143,0.302869127130412,0.270905253648299,0.224521889216861,0.190154027575454,0.189517281185082
623,0.430419611243593,0.272806580486754,0.249561781327291,0.252283020211930,0.327528205863718,0.168257318749387
365,0.416179118323367,0.170736402643872,0.203016510694019,0.190794809258731,0.147819407725247,0.170233153496669
296,0.433254223593108,0.199491561253654,0.190154027575454,0.175977245746161,0.159237162188545,0.140279459933373
372,0.40182397040703,0.203016510694019,0.203016510694019,0.181025063276694,0.154470991130581,0.140279459933373
405,0.458572851358513,0.259638241659144,0.210360301592275,0.201594638931909,0.177071557205383,0.140279459933373
446,0.434198112267997,0.211115838461421,0.217294683481912,0.167291481291287,0.197424363331222,0.140279459933373
362,0.410450927071570,0.240653643199231,0.192088479379025,0.211115838461421,0.166814026627726,0.141066417195949
367,0.358090854945044,0.164940248736627,0.194724220966719,0.211875157547888,0.376671178467619,0.152982630801945
439,0.420938564569721,0.202303599215116,0.164480729737195,0.225342219919308,0.144720505822661,0.140279459933373
461,0.429473753439024,0.181025063276694,0.225342219919308,0.185172899926102,0.245075200706715,0.140279459933373
337,0.362014841934518,0.183967824035887,0.227823271636467,0.198109430350217,0.26806502014066,0.161362102255135
535,0.420938564569721,0.246862287018223,0.264301525715948,0.150839880430613,0.211115838461421,0.162677834203278
283,0.439851241970584,0.168257318749387,0.175977245746161,0.14298348025674,0.153350162717428,0.140279459933373
357,0.430419611243593,0.215727826366646,0.199491561253654,0.185172899926102,0.161797245314680,0.179875784505171
527,0.440791745314472,0.219672052767678,0.237166246337142,0.168745733831007,0.144131604573628,0.142702524367706
509,0.42188893060604,0.216509434133377,0.225342219919308,0.301887051542692,0.414271770359505,0.197424363331222
478,0.437968797820157,0.215727826366646,0.181605650010004,0.196743303664015,0.173835068385563,0.161362102255135
348,0.363974517009122,0.205178843545358,0.190154027575454,0.161362102255135,0.173835068385563,0.173309128978783
386,0.399901217123282,0.204454144375473,0.182190212262849,0.214949882112267,0.140279459933373,0.143266847840142
480,0.467866722440866,0.238033800236652,0.232023448734304,0.196066256873814,0.187631241909896,0.160502026996677
526,0.420938564569721,0.252283020211930,0.214175622695954,0.175977245746161,0.190154027575454,0.190154027575454
385,0.466011361565902,0.306802338059224,0.283362392853609,0.222891426963376,0.187010622123131,0.154094323280450
409,0.414271770359505,0.205178843545358,0.188255890082703,0.200889639762023,0.140279459933373,0.156008702799071
452,0.40662186593712,0.195393227873188,0.227823271636467,0.154094323280450,0.164024746412181,0.147178535004063
349,0.408537424783786,0.188255890082703,0.219672052767678,0.186394027664835,0.166814026627726,0.165869963138432
411,0.443610401564419,0.205907447843523,0.243298519444439,0.145928733232941,0.177624558944457,0.182778757451073
463,0.431364974573073,0.187631241909896,0.212638240623736,0.190794809258731,0.143266847840142,0.141602453589765
636,0.564235724377818,0.293075998312143,0.269956905233921,0.251373586915138,0.181605650010004,0.161797245314680
352,0.41331732873535,0.195393227873188,0.218083551882790,0.140279459933373,0.177071557205383,0.140279459933373
265,0.40566331506169,0.160077057692081,0.202303599215116,0.160077057692081,0.140279459933373,0.148143904307162
530,0.463225147278761,0.249561781327291,0.212638240623736,0.174898448025698,0.169237834303805,0.151897993103576
388,0.414271770359505,0.205178843545358,0.218876016213984,0.140279459933373,0.181605650010004,0.143552645462116
318,0.462295554374572,0.211115838461421,0.235439936165745,0.181605650010004,0.140279459933373,0.145928733232941
284,0.423788147113161,0.156796455796649,0.218083551882790,0.163123316426449,0.145018731380577,0.168745733831007
384,0.463225147278761,0.244185541162083,0.240653643199231,0.189517281185082,0.193398287644562,0.171243398019944
383,0.393155485097713,0.216509434133377,0.231177046607856,0.194724220966719,0.171243398019944,0.170736402643872
479,0.403744670601839,0.216509434133377,0.171243398019944,0.198798498578782,0.162677834203278,0.16634019279706
486,0.439851241970584,0.217294683481912,0.178181472416481,0.209608564537159,0.164024746412181,0.156400988328558
222,0.337407372460796,0.147497624383717,0.181025063276694,0.415225700022613,0.5417972538608,0.286266334773665
294,0.417132025922147,0.205178843545358,0.140279459933373,0.418084423539314,0.522829369551227,0.273759486818862
362,0.464154311336516,0.194059239855938,0.219672052767678,0.172787005806565,0.170233153496669,0.14298348025674
471,0.429473753439024,0.214949882112267,0.216509434133377,0.147497624383717,0.187010622123131,0.140279459933373
385,0.42188893060604,0.207376318697083,0.237166246337142,0.192088479379025,0.174364837136968,0.178181472416481
513,0.442671323317129,0.200889639762023,0.190794809258731,0.195393227873188,0.190154027575454,0.142423961905656
464,0.439851241970584,0.233725581744281,0.222891426963376,0.203733362812729,0.156008702799071,0.140279459933373
517,0.484491855840873,0.234581247743386,0.254108759679802,0.155619579790919,0.188255890082703,0.161797245314680
524,0.471572446139952,0.242414171861771,0.222081350052879,0.160077057692081,0.185781454960399,0.153350162717428
360,0.453909567952752,0.251373586915138,0.249561781327291,0.242414171861771,0.171243398019944,0.150492979148870
310,0.44923503724365,0.200889639762023,0.257786672914962,0.159655442358187,0.155619579790919,0.143552645462116
526,0.468793774829766,0.240653643199231,0.255943411389996,0.205178843545358,0.193398287644562,0.200188610986799
375,0.451106215483896,0.218083551882790,0.226992939983781,0.217294683481912,0.141873944585676,0.158002143279100
448,0.366910990862085,0.183371292540019,0.200188610986799,0.161362102255135,0.140279459933373,0.142702524367706
424,0.431364974573073,0.225342219919308,0.222081350052879,0.172268685450245,0.167291481291287,0.153720720340875
451,0.410450927071570,0.194059239855938,0.192741366843982,0.159237162188545,0.164024746412181,0.140279459933373
549,0.474347434968947,0.275669606701894,0.236301613614802,0.240653643199231,0.170736402643872,0.140279459933373
476,0.467866722440866,0.23033379664679,0.245967461561916,0.161797245314680,0.181025063276694,0.140279459933373
371,0.390256851013871,0.23033379664679,0.167772573247934,0.236301613614802,0.185172899926102,0.170233153496669
258,0.422838791105066,0.238904240888872,0.222891426963376,0.291125967010989,0.389289635189169,0.213405068833102
341,0.404704249910189,0.152256565618780,0.190794809258731,0.210360301592275,0.158410531669826,0.140279459933373
415,0.411406907527978,0.213405068833102,0.192741366843982,0.196743303664015,0.140279459933373,0.182778757451073
423,0.40566331506169,0.211875157547888,0.195393227873188,0.223704949036996,0.151189670120080,0.164480729737195
326,0.41331732873535,0.204454144375473,0.223704949036996,0.155233599845476,0.161797245314680,0.158410531669826
