"FS Lin","SS Log","FL1 Log","FL2 Log","FL3 Log","FL4 Log","FL5 Log"
897,0.617598511353537,0.241532534498303,0.199491561253654,0.234581247743386,0.170233153496669,0.148471133452426
801,0.661691913619881,0.257786672914962,0.251373586915138,0.237166246337142,0.148471133452426,0.166814026627726
807,0.634386284250911,0.278545025785751,0.286266334773665,0.240653643199231,0.221274744825972,0.179307075461499
867,0.633503788623644,0.459504181093247,0.441731771836077,0.455776216619560,0.381534098529382,0.385415796280043
743,0.635268667058686,0.243298519444439,0.233725581744281,0.292100571713878,0.140279459933373,0.165403320798019
150,0.44923503724365,0.140279459933373,0.182190212262849,0.168745733831007,0.141873944585676,0.140279459933373
717,0.596324170558622,0.222081350052879,0.242414171861771,0.164480729737195,0.160502026996677,0.183371292540019
764,0.639678919993987,0.26336509235663,0.250466494772263,0.277585234113443,0.162677834203278,0.186394027664835
733,0.62555609967103,0.271855157449252,0.245967461561916,0.235439936165745,0.180448444205294,0.157597013980819
772,0.623788627185174,0.214949882112267,0.235439936165745,0.253194757033311,0.166814026627726,0.140279459933373
784,0.634386284250911,0.277585234113443,0.292100571713878,0.267121556704060,0.145018731380577,0.148471133452426
830,0.652893966371437,0.284329312589461,0.232872971194181,0.282396577544332,0.145018731380577,0.159655442358187
769,0.634386284250911,0.260567046745838,0.214949882112267,0.257786672914962,0.146237238572002,0.140279459933373
807,0.598988114480156,0.220471637257467,0.215727826366646,0.265239772398733,0.140279459933373,0.165403320798019
352,0.424736999725661,0.151542367809210,0.169237834303805,0.208116557082828,0.140279459933373,0.152256565618780
371,0.44923503724365,0.204454144375473,0.177071557205383,0.231177046607856,0.140279459933373,0.140279459933373
746,0.637915147508898,0.252283020211930,0.244185541162083,0.222081350052879,0.183371292540019,0.182190212262849
196,0.365932579194558,0.141602453589765,0.188884569174318,0.172787005806565,0.158822198286243,0.145928733232941
752,0.643205181411445,0.247759640188542,0.251373586915138,0.228656878414890,0.173309128978783,0.152256565618780
778,0.623788627185174,0.254108759679802,0.254108759679802,0.221274744825972,0.140801836156987,0.196066256873814
984,0.659933050519219,0.275669606701894,0.284329312589461,0.255943411389996,0.174364837136968,0.172268685450245
767,0.61494365721071,0.298944182722262,0.282396577544332,0.297964434643167,0.200188610986799,0.140279459933373
873,0.604311860230174,0.234581247743386,0.260567046745838,0.229493730258852,0.181025063276694,0.173835068385563
749,0.610516199655431,0.245967461561916,0.240653643199231,0.221274744825972,0.168257318749387,0.166814026627726
657,0.607858057407542,0.245967461561916,0.260567046745838,0.211875157547888,0.208116557082828,0.157195124574254
721,0.606971725447777,0.232023448734304,0.204454144375473,0.275669606701894,0.149133866930996,0.178742307944130
653,0.590102705627282,0.248659484023583,0.204454144375473,0.254108759679802,0.164024746412181,0.177071557205383
249,0.576742857104671,0.184568357977156,0.222891426963376,0.190794809258731,0.151542367809210,0.144720505822661
901,0.612287594171303,0.269956905233921,0.238033800236652,0.279506090033501,0.170233153496669,0.140279459933373
961,0.711691533511214,0.315674182764382,0.314687276192053,0.281431899695417,0.222081350052879,0.166814026627726
789,0.606085249352797,0.238033800236652,0.210360301592275,0.253194757033311,0.151897993103576,0.183371292540019
660,0.66608754581422,0.307786743279463,0.275669606701894,0.276626749501763,0.157195124574254,0.183371292540019
890,0.626439652176295,0.319623752397046,0.258711437790672,0.303851718893881,0.178181472416481,0.140279459933373
386,0.467866722440866,0.178181472416481,0.201594638931909,0.186394027664835,0.154470991130581,0.142423961905656
767,0.627323083479833,0.252283020211930,0.261497815323131,0.215727826366646,0.16357228121085,0.143266847840142
743,0.62555609967103,0.228656878414890,0.214175622695954,0.281431899695417,0.161362102255135,0.192088479379025
649,0.57585075439854,0.218083551882790,0.224521889216861,0.257786672914962,0.188255890082703,0.156796455796649
947,0.657294084136253,0.311728055196152,0.251373586915138,0.295029198942614,0.173309128978783,0.224521889216861
691,0.63703309779987,0.200188610986799,0.222891426963376,0.250466494772263,0.161362102255135,0.158002143279100
408,0.489087655334828,0.194059239855938,0.162677834203278,0.182778757451073,0.145928733232941,0.159655442358187
756,0.61405843859737,0.248659484023583,0.242414171861771,0.224521889216861,0.16634019279706,0.193398287644562
161,0.58209159090975,0.306802338059224,0.279506090033501,0.274713840722163,0.186394027664835,0.140279459933373
727,0.591881082994116,0.300905518027404,0.265239772398733,0.304834801321944,0.177624558944457,0.194724220966719
171,0.505558530479263,0.140279459933373,0.168257318749387,0.175977245746161,0.140279459933373,0.140279459933373
802,0.640560644506718,0.276626749501763,0.231177046607856,0.250466494772263,0.152618104976752,0.140279459933373
840,0.610516199655431,0.241532534498303,0.274713840722163,0.202303599215116,0.173835068385563,0.158822198286243
318,0.434198112267997,0.172268685450245,0.160930368981928,0.219672052767678,0.140279459933373,0.160077057692081
970,0.652893966371437,0.246862287018223,0.276626749501763,0.196066256873814,0.190154027575454,0.189517281185082
166,0.528260989528785,0.299924552865763,0.276626749501763,0.205907447843523,0.181025063276694,0.154094323280450
743,0.62555609967103,0.206639944148685,0.234581247743386,0.248659484023583,0.140279459933373,0.145622826217966
746,0.607858057407542,0.228656878414890,0.240653643199231,0.262430509724191,0.152618104976752,0.160502026996677
658,0.562445761046978,0.281431899695417,0.223704949036996,0.293075998312143,0.154094323280450,0.174364837136968
617,0.624672424998259,0.224521889216861,0.211115838461421,0.238904240888872,0.140279459933373,0.171754154191287
849,0.660812526368302,0.277585234113443,0.280468392646033,0.256863984839407,0.179875784505171,0.193398287644562
720,0.608744246353995,0.207376318697083,0.180448444205294,0.219672052767678,0.174898448025698,0.140279459933373
774,0.598100289370352,0.232872971194181,0.213405068833102,0.23977753355553,0.169733635746363,0.149133866930996
538,0.628206394540431,0.338394673319409,0.286266334773665,0.316661303992259,0.223704949036996,0.155619579790919
163,0.463225147278761,0.151897993103576,0.144424803121843,0.201594638931909,0.140279459933373,0.145622826217966
662,0.592770024376564,0.302869127130412,0.238904240888872,0.296985336054750,0.182190212262849,0.156400988328558
324,0.454843116219575,0.172787005806565,0.162677834203278,0.194724220966719,0.171243398019944,0.187010622123131
209,0.426633199381427,0.146862120354825,0.167772573247934,0.240653643199231,0.141873944585676,0.140279459933373
809,0.604311860230174,0.232872971194181,0.250466494772263,0.23033379664679,0.140279459933373,0.168745733831007
761,0.637915147508898,0.274713840722163,0.255943411389996,0.295029198942614,0.140279459933373,0.161362102255135
854,0.636150937944643,0.274713840722163,0.238904240888872,0.285297304030371,0.244185541162083,0.194724220966719
776,0.605198627992826,0.231177046607856,0.249561781327291,0.227823271636467,0.191439626593958,0.163123316426449
316,0.433254223593108,0.173835068385563,0.166814026627726,0.194724220966719,0.147497624383717,0.140279459933373
818,0.638797087949753,0.233725581744281,0.245075200706715,0.255943411389996,0.140279459933373,0.145018731380577
788,0.62555609967103,0.221274744825972,0.212638240623736,0.271855157449252,0.176522456496951,0.140279459933373
696,0.643205181411445,0.245967461561916,0.271855157449252,0.271855157449252,0.16357228121085,0.159237162188545
832,0.609630293401202,0.253194757033311,0.23033379664679,0.246862287018223,0.158822198286243,0.198109430350217
167,0.493674279807102,0.140279459933373,0.173835068385563,0.196743303664015,0.140279459933373,0.141602453589765
435,0.698554967049639,0.26806502014066,0.260567046745838,0.341355528691973,0.363974517009122,0.282396577544332
803,0.615828741507218,0.320611530912211,0.314687276192053,0.317648619366148,0.214949882112267,0.190154027575454
802,0.619367756469412,0.260567046745838,0.258711437790672,0.248659484023583,0.172787005806565,0.152618104976752
788,0.634386284250911,0.234581247743386,0.250466494772263,0.218083551882790,0.157195124574254,0.150839880430613
734,0.652893966371437,0.234581247743386,0.245967461561916,0.211875157547888,0.161797245314680,0.157597013980819
884,0.626439652176295,0.207376318697083,0.238033800236652,0.280468392646033,0.167291481291287,0.142147774681471
582,0.566024855998128,0.208860644258667,0.206639944148685,0.228656878414890,0.179875784505171,0.16357228121085
693,0.624672424998259,0.245967461561916,0.229493730258852,0.264301525715948,0.187010622123131,0.173309128978783
333,0.45297556976512,0.167772573247934,0.140279459933373,0.245967461561916,0.140279459933373,0.157597013980819
335,0.454843116219575,0.225342219919308,0.221274744825972,0.23033379664679,0.224521889216861,0.214949882112267
819,0.63703309779987,0.238033800236652,0.257786672914962,0.162235816543637,0.140279459933373,0.140279459933373
739,0.607858057407542,0.244185541162083,0.226165913043895,0.185781454960399,0.173309128978783,0.173309128978783
821,0.632621179272578,0.229493730258852,0.234581247743386,0.210360301592275,0.168257318749387,0.140279459933373
239,0.615828741507218,0.140279459933373,0.220471637257467,0.178742307944130,0.145622826217966,0.147178535004063
827,0.639678919993987,0.269010148553487,0.225342219919308,0.262430509724191,0.140279459933373,0.165403320798019
763,0.624672424998259,0.234581247743386,0.228656878414890,0.23033379664679,0.183371292540019,0.152982630801945
678,0.621136485069615,0.228656878414890,0.205907447843523,0.221274744825972,0.190794809258731,0.142147774681471
825,0.62555609967103,0.216509434133377,0.251373586915138,0.238904240888872,0.140279459933373,0.178181472416481
781,0.61494365721071,0.217294683481912,0.238904240888872,0.211115838461421,0.151542367809210,0.170233153496669
854,0.62555609967103,0.246862287018223,0.253194757033311,0.179307075461499,0.208860644258667,0.141066417195949
701,0.592770024376564,0.224521889216861,0.243298519444439,0.232872971194181,0.190794809258731,0.144720505822661
846,0.644086484322101,0.26336509235663,0.281431899695417,0.178742307944130,0.189517281185082,0.218876016213984
1021,0.67838435938152,0.306802338059224,0.285297304030371,0.286266334773665,0.238904240888872,0.205907447843523
686,0.627323083479833,0.287236372741756,0.249561781327291,0.276626749501763,0.199491561253654,0.194059239855938
885,0.615828741507218,0.23977753355553,0.264301525715948,0.221274744825972,0.179875784505171,0.207376318697083
381,0.671359527115958,0.195393227873188,0.246862287018223,0.159655442358187,0.152618104976752,0.196066256873814
732,0.610516199655431,0.255943411389996,0.243298519444439,0.242414171861771,0.154470991130581,0.140279459933373
767,0.631738455286738,0.286266334773665,0.264301525715948,0.273759486818862,0.199491561253654,0.143552645462116
565,0.523735350546028,0.222891426963376,0.164940248736627,0.279506090033501,0.145622826217966,0.140279459933373
836,0.640560644506718,0.248659484023583,0.243298519444439,0.265239772398733,0.178181472416481,0.168257318749387
689,0.642323774366231,0.251373586915138,0.260567046745838,0.219672052767678,0.169237834303805,0.197424363331222
717,0.613173084606865,0.245075200706715,0.215727826366646,0.283362392853609,0.145622826217966,0.175977245746161
832,0.621136485069615,0.257786672914962,0.242414171861771,0.264301525715948,0.170233153496669,0.176522456496951
819,0.606971725447777,0.281431899695417,0.255943411389996,0.270905253648299,0.206639944148685,0.148143904307162
724,0.623788627185174,0.262430509724191,0.250466494772263,0.251373586915138,0.179307075461499,0.190794809258731
634,0.582982412426427,0.23033379664679,0.207376318697083,0.256863984839407,0.16357228121085,0.140279459933373
806,0.630855615748439,0.267121556704060,0.260567046745838,0.238033800236652,0.218083551882790,0.211875157547888
733,0.626439652176295,0.269010148553487,0.231177046607856,0.276626749501763,0.163123316426449,0.169237834303805
348,0.41331732873535,0.190794809258731,0.188884569174318,0.194724220966719,0.154094323280450,0.176522456496951
800,0.650252758171119,0.269010148553487,0.272806580486754,0.232023448734304,0.194059239855938,0.164940248736627
681,0.616713692539713,0.228656878414890,0.222081350052879,0.205907447843523,0.190794809258731,0.140539522938054
286,0.645848781067736,0.140279459933373,0.164480729737195,0.194724220966719,0.144424803121843,0.140279459933373
933,0.646729776551258,0.291125967010989,0.274713840722163,0.267121556704060,0.140279459933373,0.182190212262849
793,0.606085249352797,0.248659484023583,0.245967461561916,0.267121556704060,0.162677834203278,0.151542367809210
749,0.61494365721071,0.244185541162083,0.189517281185082,0.242414171861771,0.154470991130581,0.144720505822661
781,0.632621179272578,0.221274744825972,0.213405068833102,0.214949882112267,0.198109430350217,0.218876016213984
793,0.620252184825136,0.226165913043895,0.222891426963376,0.244185541162083,0.175977245746161,0.168257318749387
750,0.645848781067736,0.258711437790672,0.26336509235663,0.246862287018223,0.148801114525785,0.190794809258731
691,0.637915147508898,0.271855157449252,0.241532534498303,0.26806502014066,0.159237162188545,0.178742307944130
863,0.644086484322101,0.274713840722163,0.304834801321944,0.219672052767678,0.179307075461499,0.192741366843982
730,0.626439652176295,0.259638241659144,0.222891426963376,0.211875157547888,0.185781454960399,0.181605650010004
705,0.664329550930648,0.280468392646033,0.287236372741756,0.26806502014066,0.148801114525785,0.158002143279100
806,0.627323083479833,0.23977753355553,0.242414171861771,0.23033379664679,0.188255890082703,0.140279459933373
893,0.654654294039608,0.314687276192053,0.290152214217331,0.258711437790672,0.188884569174318,0.187631241909896
738,0.622020658211421,0.243298519444439,0.226165913043895,0.253194757033311,0.140279459933373,0.185172899926102
903,0.629089586309926,0.245967461561916,0.222891426963376,0.284329312589461,0.143840891542185,0.186394027664835
816,0.671359527115958,0.231177046607856,0.222081350052879,0.241532534498303,0.201594638931909,0.158410531669826
344,0.42188893060604,0.176522456496951,0.183967824035887,0.205178843545358,0.151897993103576,0.140279459933373
820,0.605198627992826,0.222891426963376,0.188884569174318,0.229493730258852,0.169237834303805,0.140279459933373
778,0.621136485069615,0.252283020211930,0.172787005806565,0.261497815323131,0.140279459933373,0.205907447843523
875,0.616713692539713,0.232872971194181,0.237166246337142,0.195393227873188,0.179307075461499,0.170233153496669
752,0.623788627185174,0.238033800236652,0.267121556704060,0.242414171861771,0.170736402643872,0.161362102255135
753,0.617598511353537,0.226992939983781,0.238904240888872,0.166814026627726,0.158410531669826,0.162677834203278
889,0.657294084136253,0.293075998312143,0.261497815323131,0.282396577544332,0.175435913518267,0.156400988328558
754,0.647610671197383,0.255024990396885,0.257786672914962,0.243298519444439,0.181605650010004,0.206639944148685
416,0.456708871220304,0.181025063276694,0.178742307944130,0.204454144375473,0.140279459933373,0.189517281185082
794,0.61494365721071,0.273759486818862,0.244185541162083,0.208116557082828,0.175435913518267,0.196743303664015
436,0.621136485069615,0.307786743279463,0.140279459933373,0.629972659733243,0.677506525321988,0.518295090270738
790,0.59099197716754,0.314687276192053,0.312714190948075,0.184568357977156,0.250466494772263,0.188255890082703
678,0.649372161207369,0.322587416871138,0.313700605163659,0.325551793923222,0.178742307944130,0.208116557082828
830,0.643205181411445,0.253194757033311,0.273759486818862,0.182190212262849,0.175435913518267,0.143266847840142
722,0.591881082994116,0.220471637257467,0.238033800236652,0.153350162717428,0.182190212262849,0.140279459933373
769,0.659053485350326,0.255024990396885,0.158002143279100,0.302869127130412,0.194059239855938,0.182190212262849
895,0.629089586309926,0.241532534498303,0.271855157449252,0.206639944148685,0.219672052767678,0.140279459933373
878,0.624672424998259,0.234581247743386,0.260567046745838,0.205178843545358,0.174364837136968,0.167772573247934
814,0.630855615748439,0.267121556704060,0.255024990396885,0.245075200706715,0.159655442358187,0.140279459933373
752,0.621136485069615,0.273759486818862,0.245967461561916,0.26336509235663,0.177071557205383,0.170233153496669
891,0.663450425192382,0.281431899695417,0.269956905233921,0.298944182722262,0.158002143279100,0.182190212262849
448,0.466011361565902,0.194059239855938,0.148471133452426,0.198109430350217,0.177071557205383,0.140279459933373
761,0.622904705251892,0.237166246337142,0.222891426963376,0.235439936165745,0.161797245314680,0.151897993103576
301,0.451106215483896,0.192741366843982,0.158002143279100,0.196743303664015,0.150839880430613,0.154850743467635
796,0.606971725447777,0.294052217151829,0.289179343702615,0.249561781327291,0.197424363331222,0.198109430350217
795,0.637915147508898,0.264301525715948,0.23977753355553,0.261497815323131,0.173309128978783,0.179875784505171
186,0.447362019176649,0.140279459933373,0.140279459933373,0.631738455286738,0.686281552185454,0.526451579334568
683,0.619367756469412,0.23977753355553,0.232872971194181,0.219672052767678,0.149133866930996,0.140279459933373
1014,0.660812526368302,0.302869127130412,0.319623752397046,0.291125967010989,0.216509434133377,0.194724220966719
872,0.645848781067736,0.251373586915138,0.216509434133377,0.248659484023583,0.140279459933373,0.140279459933373
811,0.648491465815105,0.296006914761259,0.294052217151829,0.250466494772263,0.167291481291287,0.208860644258667
390,0.434198112267997,0.183967824035887,0.140279459933373,0.244185541162083,0.140279459933373,0.140279459933373
663,0.605198627992826,0.242414171861771,0.243298519444439,0.209608564537159,0.149133866930996,0.175977245746161
781,0.615828741507218,0.247759640188542,0.197424363331222,0.274713840722163,0.140279459933373,0.156008702799071
838,0.655534316836593,0.275669606701894,0.271855157449252,0.233725581744281,0.154094323280450,0.140279459933373
812,0.622904705251892,0.282396577544332,0.258711437790672,0.23977753355553,0.185172899926102,0.174364837136968
511,0.523735350546028,0.228656878414890,0.242414171861771,0.274713840722163,0.161797245314680,0.150839880430613
857,0.61494365721071,0.222891426963376,0.189517281185082,0.243298519444439,0.140279459933373,0.140279459933373
769,0.634386284250911,0.236301613614802,0.172787005806565,0.250466494772263,0.160930368981928,0.162677834203278
985,0.629089586309926,0.326539995183568,0.311728055196152,0.296006914761259,0.211875157547888,0.165869963138432
748,0.639678919993987,0.23033379664679,0.227823271636467,0.282396577544332,0.146862120354825,0.193398287644562
353,0.473422844172892,0.177624558944457,0.186394027664835,0.186394027664835,0.154470991130581,0.145928733232941
838,0.641442262346675,0.51920253600366,0.4964219650051,0.505558530479263,0.404704249910189,0.330492731245164
807,0.612287594171303,0.23977753355553,0.203016510694019,0.250466494772263,0.187631241909896,0.16357228121085
439,0.512844066957349,0.179875784505171,0.16634019279706,0.216509434133377,0.140279459933373,0.140279459933373
819,0.631738455286738,0.279506090033501,0.264301525715948,0.259638241659144,0.224521889216861,0.169237834303805
701,0.608744246353995,0.248659484023583,0.201594638931909,0.220471637257467,0.160077057692081,0.140279459933373
691,0.603424944919196,0.217294683481912,0.226992939983781,0.222081350052879,0.178742307944130,0.169237834303805
851,0.629972659733243,0.258711437790672,0.200188610986799,0.283362392853609,0.168257318749387,0.146237238572002
692,0.586543936638165,0.199491561253654,0.237166246337142,0.191439626593958,0.140279459933373,0.140279459933373
828,0.605198627992826,0.244185541162083,0.225342219919308,0.227823271636467,0.154094323280450,0.247759640188542
1002,0.61494365721071,0.249561781327291,0.209608564537159,0.257786672914962,0.150839880430613,0.173309128978783
186,0.40662186593712,0.211875157547888,0.210360301592275,0.197424363331222,0.168745733831007,0.147178535004063
679,0.58209159090975,0.297964434643167,0.262430509724191,0.255943411389996,0.200889639762023,0.140279459933373
768,0.601650667029677,0.294052217151829,0.302869127130412,0.234581247743386,0.164940248736627,0.147497624383717
778,0.57585075439854,0.216509434133377,0.233725581744281,0.209608564537159,0.178181472416481,0.140279459933373
735,0.602537880906253,0.225342219919308,0.165403320798019,0.261497815323131,0.140279459933373,0.154850743467635
726,0.624672424998259,0.245967461561916,0.219672052767678,0.248659484023583,0.162677834203278,0.140279459933373
795,0.598100289370352,0.247759640188542,0.256863984839407,0.238904240888872,0.151897993103576,0.140279459933373
639,0.573173308757861,0.208860644258667,0.219672052767678,0.211875157547888,0.187010622123131,0.143266847840142
803,0.622904705251892,0.256863984839407,0.232023448734304,0.242414171861771,0.187631241909896,0.166814026627726
684,0.660812526368302,0.249561781327291,0.206639944148685,0.307786743279463,0.298944182722262,0.222081350052879
703,0.626439652176295,0.259638241659144,0.247759640188542,0.206639944148685,0.154094323280450,0.140279459933373
537,0.59099197716754,0.249561781327291,0.26336509235663,0.245075200706715,0.183967824035887,0.159655442358187
319,0.477118801080669,0.188255890082703,0.176522456496951,0.206639944148685,0.166814026627726,0.172268685450245
736,0.619367756469412,0.255024990396885,0.258711437790672,0.210360301592275,0.184568357977156,0.177071557205383
683,0.57763477259731,0.273759486818862,0.238033800236652,0.275669606701894,0.183371292540019,0.142147774681471
792,0.626439652176295,0.232872971194181,0.227823271636467,0.207376318697083,0.179875784505171,0.148801114525785
519,0.612287594171303,0.283362392853609,0.276626749501763,0.276626749501763,0.180448444205294,0.163123316426449
370,0.457641082102348,0.194059239855938,0.181605650010004,0.215727826366646,0.156400988328558,0.140279459933373
841,0.631738455286738,0.301887051542692,0.278545025785751,0.279506090033501,0.160930368981928,0.183371292540019
843,0.620252184825136,0.256863984839407,0.256863984839407,0.234581247743386,0.184568357977156,0.180448444205294
683,0.607858057407542,0.238033800236652,0.174364837136968,0.248659484023583,0.185781454960399,0.157195124574254
323,0.418084423539314,0.150839880430613,0.216509434133377,0.160077057692081,0.151542367809210,0.140279459933373
828,0.632621179272578,0.244185541162083,0.256863984839407,0.252283020211930,0.158002143279100,0.150839880430613
785,0.595435874427052,0.242414171861771,0.198109430350217,0.23033379664679,0.147497624383717,0.145622826217966
756,0.627323083479833,0.232872971194181,0.189517281185082,0.251373586915138,0.144424803121843,0.160930368981928
825,0.605198627992826,0.248659484023583,0.226165913043895,0.228656878414890,0.168257318749387,0.160930368981928
639,0.600763302119727,0.199491561253654,0.187010622123131,0.255943411389996,0.151189670120080,0.168257318749387
913,0.634386284250911,0.257786672914962,0.255024990396885,0.296006914761259,0.149469410107982,0.148471133452426
763,0.602537880906253,0.208860644258667,0.243298519444439,0.202303599215116,0.140279459933373,0.186394027664835
508,0.555277339714655,0.251373586915138,0.205907447843523,0.259638241659144,0.184568357977156,0.183371292540019
989,0.659933050519219,0.257786672914962,0.303851718893881,0.247759640188542,0.183967824035887,0.166814026627726
805,0.597212308466731,0.222891426963376,0.206639944148685,0.206639944148685,0.178742307944130,0.165403320798019
806,0.637915147508898,0.26336509235663,0.26336509235663,0.164480729737195,0.171754154191287,0.140279459933373
892,0.648491465815105,0.292100571713878,0.269010148553487,0.249561781327291,0.168745733831007,0.214949882112267
858,0.626439652176295,0.241532534498303,0.240653643199231,0.207376318697083,0.186394027664835,0.166814026627726
814,0.644967683931748,0.260567046745838,0.226992939983781,0.266179795115631,0.190794809258731,0.142423961905656
701,0.618483198986599,0.253194757033311,0.242414171861771,0.208116557082828,0.169733635746363,0.140279459933373
724,0.609630293401202,0.269956905233921,0.247759640188542,0.258711437790672,0.231177046607856,0.215727826366646
882,0.596324170558622,0.274713840722163,0.261497815323131,0.245075200706715,0.198109430350217,0.171754154191287
815,0.656414246618719,0.334444602573969,0.272806580486754,0.310742219942023,0.190154027575454,0.208860644258667
673,0.572280442910804,0.282396577544332,0.219672052767678,0.245075200706715,0.175435913518267,0.150148946700048
722,0.632621179272578,0.260567046745838,0.225342219919308,0.238033800236652,0.154470991130581,0.185781454960399
664,0.637915147508898,0.207376318697083,0.23033379664679,0.287236372741756,0.140279459933373,0.16634019279706
816,0.596324170558622,0.259638241659144,0.246862287018223,0.235439936165745,0.199491561253654,0.177624558944457
803,0.637915147508898,0.261497815323131,0.238904240888872,0.203733362812729,0.140279459933373,0.140279459933373
552,0.586543936638165,0.294052217151829,0.290152214217331,0.232023448734304,0.237166246337142,0.203016510694019
900,0.666966416344732,0.260567046745838,0.243298519444439,0.261497815323131,0.16634019279706,0.163123316426449
753,0.643205181411445,0.245075200706715,0.192741366843982,0.253194757033311,0.155233599845476,0.168745733831007
749,0.629089586309926,0.244185541162083,0.254108759679802,0.228656878414890,0.182778757451073,0.140279459933373
691,0.59454741884471,0.226992939983781,0.200188610986799,0.238033800236652,0.140279459933373,0.164480729737195
611,0.610516199655431,0.222081350052879,0.208860644258667,0.264301525715948,0.140279459933373,0.140279459933373
802,0.652893966371437,0.253194757033311,0.226165913043895,0.226165913043895,0.198798498578782,0.170233153496669
728,0.593658802575914,0.246862287018223,0.23033379664679,0.199491561253654,0.16357228121085,0.155619579790919
725,0.574065981658382,0.282396577544332,0.233725581744281,0.257786672914962,0.221274744825972,0.187631241909896
1012,0.621136485069615,0.319623752397046,0.283362392853609,0.272806580486754,0.189517281185082,0.140279459933373
359,0.441731771836077,0.183371292540019,0.208116557082828,0.145622826217966,0.172787005806565,0.171754154191287
877,0.629972659733243,0.284329312589461,0.278545025785751,0.269010148553487,0.181605650010004,0.173309128978783
818,0.617598511353537,0.251373586915138,0.276626749501763,0.214175622695954,0.188255890082703,0.201594638931909
712,0.608744246353995,0.226165913043895,0.240653643199231,0.141066417195949,0.165869963138432,0.168745733831007
585,0.615828741507218,0.260567046745838,0.251373586915138,0.237166246337142,0.169733635746363,0.145319498566922
912,0.663450425192382,0.265239772398733,0.257786672914962,0.269010148553487,0.16634019279706,0.172268685450245
818,0.622020658211421,0.222891426963376,0.236301613614802,0.252283020211930,0.163123316426449,0.157195124574254
835,0.622020658211421,0.322587416871138,0.278545025785751,0.282396577544332,0.181025063276694,0.188884569174318
968,0.646729776551258,0.274713840722163,0.281431899695417,0.280468392646033,0.266179795115631,0.194724220966719
884,0.62555609967103,0.275669606701894,0.272806580486754,0.261497815323131,0.180448444205294,0.187631241909896
706,0.612287594171303,0.221274744825972,0.23033379664679,0.201594638931909,0.150148946700048,0.140279459933373
735,0.606971725447777,0.253194757033311,0.26806502014066,0.257786672914962,0.171243398019944,0.167291481291287
815,0.633503788623644,0.262430509724191,0.237166246337142,0.237166246337142,0.179307075461499,0.161362102255135
355,0.42188893060604,0.172268685450245,0.167291481291287,0.208116557082828,0.140279459933373,0.140279459933373
798,0.590102705627282,0.238033800236652,0.254108759679802,0.238033800236652,0.140279459933373,0.140279459933373
676,0.603424944919196,0.225342219919308,0.224521889216861,0.203733362812729,0.184568357977156,0.179307075461499
150,0.414271770359505,0.146862120354825,0.229493730258852,0.157195124574254,0.159237162188545,0.140279459933373
781,0.630855615748439,0.311728055196152,0.308771540986705,0.208116557082828,0.215727826366646,0.185781454960399
807,0.649372161207369,0.264301525715948,0.287236372741756,0.264301525715948,0.198798498578782,0.150839880430613
721,0.593658802575914,0.210360301592275,0.222081350052879,0.213405068833102,0.158822198286243,0.163123316426449
728,0.624672424998259,0.212638240623736,0.245967461561916,0.222081350052879,0.177071557205383,0.205178843545358
755,0.629972659733243,0.226165913043895,0.215727826366646,0.290152214217331,0.188884569174318,0.140279459933373
751,0.596324170558622,0.221274744825972,0.26806502014066,0.188884569174318,0.160502026996677,0.153720720340875
696,0.606085249352797,0.265239772398733,0.240653643199231,0.271855157449252,0.171754154191287,0.181605650010004
676,0.615828741507218,0.250466494772263,0.225342219919308,0.248659484023583,0.170233153496669,0.190154027575454
969,0.623788627185174,0.285297304030371,0.292100571713878,0.258711437790672,0.198798498578782,0.194724220966719
845,0.591881082994116,0.240653643199231,0.245967461561916,0.251373586915138,0.158002143279100,0.140279459933373
729,0.629089586309926,0.256863984839407,0.224521889216861,0.247759640188542,0.211875157547888,0.183371292540019
761,0.644086484322101,0.264301525715948,0.238904240888872,0.266179795115631,0.159655442358187,0.183371292540019
926,0.648491465815105,0.266179795115631,0.247759640188542,0.257786672914962,0.165869963138432,0.214175622695954
763,0.618483198986599,0.23977753355553,0.219672052767678,0.242414171861771,0.167772573247934,0.189517281185082
644,0.605198627992826,0.229493730258852,0.206639944148685,0.246862287018223,0.180448444205294,0.140279459933373
605,0.617598511353537,0.365932579194558,0.358090854945044,0.352194131843378,0.26336509235663,0.175977245746161
348,0.455776216619560,0.171243398019944,0.194059239855938,0.207376318697083,0.160930368981928,0.140279459933373
757,0.630855615748439,0.280468392646033,0.236301613614802,0.257786672914962,0.199491561253654,0.140279459933373
721,0.661691913619881,0.266179795115631,0.241532534498303,0.280468392646033,0.178181472416481,0.16357228121085
812,0.62555609967103,0.273759486818862,0.274713840722163,0.269956905233921,0.175435913518267,0.201594638931909
830,0.630855615748439,0.279506090033501,0.278545025785751,0.222891426963376,0.218876016213984,0.140279459933373
774,0.609630293401202,0.246862287018223,0.210360301592275,0.284329312589461,0.150492979148870,0.172268685450245
823,0.573173308757861,0.301887051542692,0.300905518027404,0.273759486818862,0.155233599845476,0.171243398019944
681,0.62555609967103,0.257786672914962,0.238904240888872,0.288207386188063,0.145319498566922,0.178181472416481
773,0.610516199655431,0.253194757033311,0.223704949036996,0.26336509235663,0.187010622123131,0.174898448025698
891,0.597212308466731,0.359072414588444,0.327528205863718,0.317648619366148,0.200188610986799,0.208116557082828
755,0.634386284250911,0.245967461561916,0.241532534498303,0.262430509724191,0.172268685450245,0.205907447843523
994,0.617598511353537,0.264301525715948,0.261497815323131,0.261497815323131,0.192088479379025,0.201594638931909
797,0.622020658211421,0.23977753355553,0.237166246337142,0.209608564537159,0.198798498578782,0.140279459933373
727,0.623788627185174,0.256863984839407,0.273759486818862,0.192088479379025,0.209608564537159,0.179307075461499
367,0.43702685358426,0.209608564537159,0.235439936165745,0.154850743467635,0.180448444205294,0.147497624383717
737,0.593658802575914,0.258711437790672,0.209608564537159,0.252283020211930,0.158002143279100,0.156796455796649
947,0.635268667058686,0.244185541162083,0.252283020211930,0.26336509235663,0.146862120354825,0.162677834203278
960,0.634386284250911,0.364953752682284,0.347271459448055,0.261497815323131,0.215727826366646,0.157195124574254
155,0.457641082102348,0.168257318749387,0.167772573247934,0.192088479379025,0.160502026996677,0.153350162717428
714,0.622904705251892,0.255024990396885,0.219672052767678,0.254108759679802,0.142423961905656,0.148801114525785
756,0.637915147508898,0.216509434133377,0.198109430350217,0.237166246337142,0.156008702799071,0.173309128978783
735,0.637915147508898,0.242414171861771,0.258711437790672,0.232023448734304,0.155233599845476,0.185781454960399
758,0.627323083479833,0.232023448734304,0.202303599215116,0.218876016213984,0.176522456496951,0.192741366843982
860,0.635268667058686,0.284329312589461,0.255943411389996,0.213405068833102,0.218083551882790,0.173309128978783
684,0.648491465815105,0.219672052767678,0.248659484023583,0.213405068833102,0.140279459933373,0.144131604573628
648,0.606971725447777,0.224521889216861,0.238904240888872,0.203733362812729,0.149133866930996,0.185781454960399
742,0.611401966215199,0.251373586915138,0.233725581744281,0.286266334773665,0.174898448025698,0.188255890082703
743,0.617598511353537,0.237166246337142,0.185781454960399,0.226165913043895,0.167772573247934,0.178742307944130
376,0.43702685358426,0.185781454960399,0.210360301592275,0.192088479379025,0.140279459933373,0.177071557205383
919,0.659053485350326,0.319623752397046,0.341355528691973,0.344314559496454,0.232023448734304,0.143266847840142
183,0.548094589195255,0.144424803121843,0.158002143279100,0.203733362812729,0.140279459933373,0.140279459933373
809,0.59454741884471,0.204454144375473,0.192088479379025,0.229493730258852,0.140279459933373,0.177624558944457
774,0.598988114480156,0.241532534498303,0.205178843545358,0.256863984839407,0.146237238572002,0.165869963138432
779,0.608744246353995,0.242414171861771,0.220471637257467,0.26336509235663,0.159237162188545,0.167291481291287
673,0.585653817185493,0.208860644258667,0.236301613614802,0.190154027575454,0.156008702799071,0.168257318749387
744,0.622904705251892,0.23033379664679,0.213405068833102,0.215727826366646,0.168745733831007,0.140279459933373
891,0.659053485350326,0.26806502014066,0.262430509724191,0.23033379664679,0.153720720340875,0.175977245746161
742,0.619367756469412,0.213405068833102,0.223704949036996,0.228656878414890,0.14298348025674,0.176522456496951
656,0.629972659733243,0.242414171861771,0.210360301592275,0.255024990396885,0.16634019279706,0.164480729737195
348,0.468793774829766,0.192741366843982,0.179307075461499,0.214175622695954,0.14298348025674,0.140279459933373
734,0.578526502286961,0.210360301592275,0.215727826366646,0.198109430350217,0.170233153496669,0.140279459933373
755,0.63703309779987,0.246862287018223,0.209608564537159,0.284329312589461,0.148471133452426,0.159655442358187
867,0.633503788623644,0.255024990396885,0.254108759679802,0.262430509724191,0.203733362812729,0.188255890082703
685,0.588323660284695,0.245075200706715,0.216509434133377,0.232872971194181,0.140801836156987,0.161362102255135
921,0.621136485069615,0.274713840722163,0.198109430350217,0.299924552865763,0.213405068833102,0.179875784505171
355,0.446424815327873,0.154850743467635,0.221274744825972,0.173309128978783,0.144424803121843,0.145622826217966
711,0.615828741507218,0.232023448734304,0.237166246337142,0.280468392646033,0.187631241909896,0.144720505822661
854,0.657294084136253,0.259638241659144,0.238904240888872,0.276626749501763,0.162677834203278,0.165869963138432
172,0.498252004317859,0.156796455796649,0.176522456496951,0.168745733831007,0.140279459933373,0.176522456496951
667,0.604311860230174,0.23977753355553,0.196066256873814,0.221274744825972,0.167772573247934,0.161362102255135
798,0.646729776551258,0.238033800236652,0.274713840722163,0.235439936165745,0.184568357977156,0.172268685450245
174,0.402784577338547,0.14298348025674,0.222081350052879,0.140279459933373,0.142147774681471,0.169237834303805
742,0.642323774366231,0.277585234113443,0.224521889216861,0.256863984839407,0.173309128978783,0.156008702799071
699,0.620252184825136,0.222081350052879,0.204454144375473,0.223704949036996,0.172787005806565,0.152618104976752
827,0.660812526368302,0.277585234113443,0.250466494772263,0.272806580486754,0.151189670120080,0.140279459933373
637,0.617598511353537,0.201594638931909,0.222891426963376,0.220471637257467,0.160502026996677,0.185781454960399
718,0.627323083479833,0.248659484023583,0.233725581744281,0.260567046745838,0.152256565618780,0.188884569174318
790,0.616713692539713,0.250466494772263,0.206639944148685,0.273759486818862,0.142423961905656,0.181025063276694
879,0.624672424998259,0.226992939983781,0.181025063276694,0.277585234113443,0.155619579790919,0.168257318749387
808,0.640560644506718,0.240653643199231,0.193398287644562,0.236301613614802,0.16357228121085,0.140279459933373
745,0.621136485069615,0.222891426963376,0.183371292540019,0.241532534498303,0.140279459933373,0.174898448025698
980,0.610516199655431,0.276626749501763,0.259638241659144,0.23033379664679,0.140279459933373,0.178742307944130
638,0.581200590507501,0.245967461561916,0.286266334773665,0.183967824035887,0.149807763529887,0.156008702799071
796,0.59454741884471,0.215727826366646,0.249561781327291,0.190794809258731,0.167291481291287,0.173835068385563
784,0.634386284250911,0.257786672914962,0.245967461561916,0.219672052767678,0.150148946700048,0.172787005806565
590,0.574958463059337,0.234581247743386,0.205178843545358,0.211115838461421,0.164940248736627,0.178742307944130
980,0.623788627185174,0.26806502014066,0.269956905233921,0.216509434133377,0.193398287644562,0.164024746412181
790,0.622020658211421,0.337407372460796,0.304834801321944,0.269010148553487,0.160502026996677,0.205907447843523
666,0.605198627992826,0.232872971194181,0.222891426963376,0.247759640188542,0.141333283747465,0.140279459933373
764,0.629089586309926,0.232872971194181,0.249561781327291,0.242414171861771,0.182190212262849,0.150839880430613
741,0.61494365721071,0.223704949036996,0.232872971194181,0.214949882112267,0.144131604573628,0.182190212262849
764,0.613173084606865,0.224521889216861,0.208860644258667,0.246862287018223,0.181025063276694,0.140279459933373
746,0.600763302119727,0.258711437790672,0.204454144375473,0.272806580486754,0.152256565618780,0.160930368981928
803,0.65201365997105,0.278545025785751,0.262430509724191,0.223704949036996,0.183967824035887,0.173309128978783
744,0.603424944919196,0.257786672914962,0.251373586915138,0.245075200706715,0.150839880430613,0.167291481291287
941,0.629972659733243,0.277585234113443,0.226992939983781,0.284329312589461,0.143552645462116,0.185172899926102
854,0.669602528491819,0.288207386188063,0.279506090033501,0.23977753355553,0.208116557082828,0.141873944585676
735,0.61494365721071,0.234581247743386,0.214949882112267,0.233725581744281,0.158002143279100,0.164940248736627
803,0.612287594171303,0.219672052767678,0.250466494772263,0.198798498578782,0.168257318749387,0.153720720340875
664,0.603424944919196,0.245075200706715,0.232872971194181,0.290152214217331,0.169237834303805,0.183967824035887
803,0.637915147508898,0.214949882112267,0.240653643199231,0.250466494772263,0.188884569174318,0.143840891542185
701,0.598988114480156,0.198109430350217,0.213405068833102,0.250466494772263,0.160077057692081,0.144720505822661
857,0.633503788623644,0.262430509724191,0.241532534498303,0.255943411389996,0.178181472416481,0.165403320798019
740,0.613173084606865,0.252283020211930,0.223704949036996,0.270905253648299,0.179875784505171,0.152982630801945
853,0.639678919993987,0.255024990396885,0.222081350052879,0.231177046607856,0.161362102255135,0.145622826217966
891,0.608744246353995,0.23977753355553,0.176522456496951,0.236301613614802,0.152618104976752,0.173309128978783
771,0.586543936638165,0.203016510694019,0.219672052767678,0.225342219919308,0.159655442358187,0.183371292540019
756,0.672237905577799,0.35612665264182,0.359072414588444,0.373747820375976,0.285297304030371,0.145018731380577
845,0.639678919993987,0.255943411389996,0.274713840722163,0.264301525715948,0.140279459933373,0.143552645462116
726,0.609630293401202,0.214949882112267,0.185172899926102,0.23033379664679,0.140279459933373,0.194059239855938
778,0.658173830133798,0.247759640188542,0.255943411389996,0.209608564537159,0.171754154191287,0.178181472416481
739,0.607858057407542,0.341355528691973,0.334444602573969,0.327528205863718,0.211875157547888,0.183967824035887
335,0.684527124733494,0.228656878414890,0.181025063276694,0.418084423539314,0.462295554374572,0.302869127130412
540,0.570494126543261,0.294052217151829,0.23977753355553,0.296006914761259,0.209608564537159,0.140279459933373
721,0.59454741884471,0.231177046607856,0.253194757033311,0.256863984839407,0.170233153496669,0.201594638931909
803,0.596324170558622,0.214949882112267,0.200188610986799,0.23033379664679,0.144131604573628,0.140279459933373
804,0.630855615748439,0.251373586915138,0.287236372741756,0.241532534498303,0.176522456496951,0.142147774681471
182,0.574958463059337,0.205907447843523,0.219672052767678,0.279506090033501,0.182190212262849,0.144424803121843
704,0.597212308466731,0.198109430350217,0.222081350052879,0.256863984839407,0.156400988328558,0.190794809258731
508,0.59099197716754,0.246862287018223,0.196743303664015,0.215727826366646,0.176522456496951,0.140279459933373
851,0.680139802349038,0.267121556704060,0.257786672914962,0.281431899695417,0.175435913518267,0.158410531669826
798,0.628206394540431,0.309756707604237,0.284329312589461,0.293075998312143,0.197424363331222,0.199491561253654
907,0.623788627185174,0.255024990396885,0.247759640188542,0.255943411389996,0.140279459933373,0.140279459933373
789,0.62555609967103,0.275669606701894,0.243298519444439,0.274713840722163,0.140279459933373,0.156008702799071
206,0.430419611243593,0.232023448734304,0.176522456496951,0.240653643199231,0.140279459933373,0.166814026627726
922,0.61405843859737,0.295029198942614,0.279506090033501,0.253194757033311,0.179307075461499,0.149469410107982
657,0.607858057407542,0.270905253648299,0.23033379664679,0.302869127130412,0.180448444205294,0.150148946700048
871,0.643205181411445,0.266179795115631,0.246862287018223,0.221274744825972,0.171754154191287,0.174898448025698
744,0.602537880906253,0.258711437790672,0.23977753355553,0.211875157547888,0.16357228121085,0.140279459933373
628,0.643205181411445,0.210360301592275,0.191439626593958,0.269010148553487,0.175977245746161,0.140279459933373
720,0.593658802575914,0.326539995183568,0.302869127130412,0.353177756395209,0.187010622123131,0.196066256873814
560,0.606971725447777,0.302869127130412,0.273759486818862,0.301887051542692,0.177071557205383,0.225342219919308
839,0.619367756469412,0.23977753355553,0.249561781327291,0.252283020211930,0.162677834203278,0.184568357977156
802,0.612287594171303,0.237166246337142,0.248659484023583,0.261497815323131,0.140279459933373,0.151542367809210
814,0.628206394540431,0.232872971194181,0.264301525715948,0.205907447843523,0.140279459933373,0.140279459933373
690,0.599875784998553,0.236301613614802,0.208860644258667,0.244185541162083,0.140279459933373,0.172787005806565
276,0.633503788623644,0.151189670120080,0.180448444205294,0.169237834303805,0.146237238572002,0.141066417195949
898,0.642323774366231,0.269956905233921,0.240653643199231,0.276626749501763,0.172787005806565,0.150839880430613
219,0.596324170558622,0.141873944585676,0.16634019279706,0.232872971194181,0.140279459933373,0.141873944585676
893,0.629972659733243,0.277585234113443,0.247759640188542,0.291125967010989,0.202303599215116,0.156796455796649
868,0.646729776551258,0.251373586915138,0.279506090033501,0.201594638931909,0.208116557082828,0.155233599845476
755,0.654654294039608,0.257786672914962,0.296006914761259,0.182778757451073,0.155233599845476,0.170736402643872
263,0.641442262346675,0.151189670120080,0.165869963138432,0.227823271636467,0.140279459933373,0.185172899926102
750,0.645848781067736,0.258711437790672,0.231177046607856,0.278545025785751,0.140279459933373,0.175977245746161
772,0.615828741507218,0.23977753355553,0.247759640188542,0.252283020211930,0.179307075461499,0.179875784505171
713,0.74491868536905,0.316661303992259,0.302869127130412,0.271855157449252,0.200889639762023,0.187010622123131
409,0.425685350085428,0.179875784505171,0.165403320798019,0.213405068833102,0.140279459933373,0.160930368981928
783,0.627323083479833,0.233725581744281,0.188255890082703,0.283362392853609,0.162235816543637,0.170736402643872
809,0.628206394540431,0.258711437790672,0.276626749501763,0.228656878414890,0.154094323280450,0.148801114525785
350,0.562445761046978,0.258711437790672,0.212638240623736,0.291125967010989,0.140279459933373,0.175435913518267
706,0.591881082994116,0.227823271636467,0.237166246337142,0.208860644258667,0.184568357977156,0.178742307944130
797,0.618483198986599,0.222891426963376,0.206639944148685,0.23033379664679,0.140279459933373,0.143840891542185
562,0.627323083479833,0.242414171861771,0.227823271636467,0.254108759679802,0.154850743467635,0.141333283747465
154,0.433254223593108,0.140279459933373,0.174364837136968,0.195393227873188,0.153350162717428,0.140279459933373
754,0.622020658211421,0.246862287018223,0.238033800236652,0.238033800236652,0.151897993103576,0.175435913518267
754,0.590102705627282,0.206639944148685,0.169237834303805,0.234581247743386,0.179307075461499,0.148801114525785
834,0.626439652176295,0.245075200706715,0.26806502014066,0.185781454960399,0.149469410107982,0.191439626593958
737,0.62555609967103,0.246862287018223,0.216509434133377,0.243298519444439,0.153350162717428,0.165403320798019
774,0.617598511353537,0.221274744825972,0.213405068833102,0.236301613614802,0.158002143279100,0.166814026627726
796,0.612287594171303,0.290152214217331,0.259638241659144,0.240653643199231,0.181605650010004,0.182778757451073
888,0.630855615748439,0.296985336054750,0.275669606701894,0.266179795115631,0.206639944148685,0.190794809258731
737,0.621136485069615,0.252283020211930,0.191439626593958,0.198798498578782,0.148801114525785,0.196743303664015
931,0.703811180549243,0.345300444024283,0.279506090033501,0.308771540986705,0.225342219919308,0.178742307944130
784,0.637915147508898,0.201594638931909,0.242414171861771,0.242414171861771,0.16634019279706,0.165869963138432
760,0.59099197716754,0.238033800236652,0.247759640188542,0.232023448734304,0.201594638931909,0.188255890082703
721,0.632621179272578,0.214175622695954,0.219672052767678,0.200188610986799,0.161362102255135,0.150492979148870
771,0.635268667058686,0.244185541162083,0.222891426963376,0.226165913043895,0.144424803121843,0.182190212262849
788,0.665208590906176,0.281431899695417,0.218876016213984,0.278545025785751,0.167772573247934,0.147497624383717
378,0.430419611243593,0.194059239855938,0.165869963138432,0.196743303664015,0.147178535004063,0.140279459933373
752,0.631738455286738,0.245967461561916,0.277585234113443,0.261497815323131,0.172268685450245,0.187010622123131
777,0.636150937944643,0.277585234113443,0.242414171861771,0.231177046607856,0.202303599215116,0.140279459933373
279,0.412362374614871,0.179307075461499,0.192088479379025,0.308771540986705,0.311728055196152,0.215727826366646
838,0.637915147508898,0.255943411389996,0.229493730258852,0.260567046745838,0.160077057692081,0.170233153496669
812,0.636150937944643,0.255024990396885,0.232023448734304,0.269956905233921,0.177624558944457,0.200889639762023
796,0.636150937944643,0.228656878414890,0.232872971194181,0.191439626593958,0.151189670120080,0.203016510694019
798,0.629972659733243,0.283362392853609,0.296985336054750,0.202303599215116,0.183371292540019,0.140279459933373
747,0.588323660284695,0.254108759679802,0.245967461561916,0.214949882112267,0.178742307944130,0.140279459933373
829,0.622020658211421,0.272806580486754,0.209608564537159,0.271855157449252,0.164480729737195,0.156008702799071
695,0.605198627992826,0.217294683481912,0.209608564537159,0.205907447843523,0.171754154191287,0.167291481291287
892,0.637915147508898,0.235439936165745,0.222891426963376,0.200889639762023,0.155619579790919,0.145622826217966
689,0.624672424998259,0.259638241659144,0.181025063276694,0.296006914761259,0.190154027575454,0.159655442358187
672,0.574065981658382,0.294052217151829,0.292100571713878,0.194059239855938,0.196066256873814,0.159237162188545
764,0.608744246353995,0.243298519444439,0.265239772398733,0.214175622695954,0.179875784505171,0.142702524367706
767,0.63703309779987,0.244185541162083,0.220471637257467,0.255943411389996,0.141873944585676,0.151542367809210
756,0.600763302119727,0.338394673319409,0.309756707604237,0.287236372741756,0.178181472416481,0.238033800236652
769,0.606971725447777,0.247759640188542,0.262430509724191,0.232872971194181,0.157597013980819,0.149807763529887
831,0.648491465815105,0.258711437790672,0.199491561253654,0.227823271636467,0.166814026627726,0.16357228121085
854,0.633503788623644,0.270905253648299,0.248659484023583,0.294052217151829,0.205178843545358,0.185172899926102
850,0.649372161207369,0.261497815323131,0.188884569174318,0.291125967010989,0.181025063276694,0.140279459933373
860,0.644967683931748,0.270905253648299,0.202303599215116,0.270905253648299,0.182778757451073,0.16634019279706
841,0.630855615748439,0.23977753355553,0.246862287018223,0.241532534498303,0.154094323280450,0.161362102255135
475,0.59099197716754,0.261497815323131,0.209608564537159,0.279506090033501,0.156008702799071,0.150492979148870
899,0.631738455286738,0.295029198942614,0.302869127130412,0.308771540986705,0.272806580486754,0.202303599215116
743,0.608744246353995,0.277585234113443,0.26336509235663,0.244185541162083,0.183967824035887,0.144424803121843
326,0.417132025922147,0.195393227873188,0.156796455796649,0.243298519444439,0.140279459933373,0.155619579790919
777,0.617598511353537,0.206639944148685,0.221274744825972,0.236301613614802,0.140279459933373,0.182778757451073
695,0.642323774366231,0.267121556704060,0.232023448734304,0.208860644258667,0.156796455796649,0.159655442358187
816,0.630855615748439,0.266179795115631,0.282396577544332,0.260567046745838,0.140279459933373,0.173835068385563
681,0.570494126543261,0.282396577544332,0.26336509235663,0.266179795115631,0.187010622123131,0.177071557205383
474,0.467866722440866,0.187010622123131,0.228656878414890,0.197424363331222,0.183371292540019,0.140279459933373
779,0.645848781067736,0.278545025785751,0.271855157449252,0.147178535004063,0.192741366843982,0.214949882112267
696,0.627323083479833,0.227823271636467,0.264301525715948,0.184568357977156,0.149133866930996,0.172268685450245
729,0.618483198986599,0.235439936165745,0.209608564537159,0.224521889216861,0.180448444205294,0.140279459933373
718,0.624672424998259,0.251373586915138,0.255024990396885,0.249561781327291,0.145928733232941,0.149133866930996
704,0.62555609967103,0.238904240888872,0.222891426963376,0.241532534498303,0.168745733831007,0.158002143279100
767,0.617598511353537,0.246862287018223,0.242414171861771,0.212638240623736,0.190154027575454,0.146862120354825
833,0.654654294039608,0.278545025785751,0.269010148553487,0.254108759679802,0.186394027664835,0.181025063276694
709,0.608744246353995,0.246862287018223,0.200889639762023,0.238033800236652,0.140279459933373,0.168257318749387
819,0.662571212990782,0.278545025785751,0.242414171861771,0.214949882112267,0.174364837136968,0.16357228121085
222,0.598988114480156,0.147819407725247,0.206639944148685,0.188255890082703,0.143552645462116,0.159655442358187
843,0.664329550930648,0.278545025785751,0.287236372741756,0.251373586915138,0.204454144375473,0.140279459933373
786,0.636150937944643,0.248659484023583,0.232872971194181,0.262430509724191,0.181025063276694,0.145622826217966
192,0.571387382661058,0.203733362812729,0.235439936165745,0.255943411389996,0.140279459933373,0.145928733232941
759,0.603424944919196,0.258711437790672,0.252283020211930,0.198109430350217,0.170736402643872,0.140279459933373
729,0.611401966215199,0.236301613614802,0.217294683481912,0.247759640188542,0.148801114525785,0.196066256873814
709,0.601650667029677,0.343328438016707,0.333456768437105,0.344314559496454,0.251373586915138,0.227823271636467
745,0.635268667058686,0.279506090033501,0.222081350052879,0.26806502014066,0.163123316426449,0.157597013980819
801,0.629972659733243,0.238033800236652,0.238904240888872,0.216509434133377,0.140801836156987,0.179875784505171
789,0.631738455286738,0.244185541162083,0.179875784505171,0.23977753355553,0.141873944585676,0.166814026627726
776,0.641442262346675,0.248659484023583,0.245075200706715,0.215727826366646,0.162235816543637,0.162235816543637
906,0.619367756469412,0.272806580486754,0.249561781327291,0.300905518027404,0.167772573247934,0.164940248736627
857,0.649372161207369,0.223704949036996,0.257786672914962,0.229493730258852,0.163123316426449,0.209608564537159
858,0.644967683931748,0.248659484023583,0.240653643199231,0.269010148553487,0.140279459933373,0.178742307944130
825,0.641442262346675,0.242414171861771,0.255024990396885,0.264301525715948,0.158410531669826,0.154094323280450
488,0.707314131231881,0.26336509235663,0.213405068833102,0.310742219942023,0.204454144375473,0.159237162188545
680,0.652893966371437,0.222891426963376,0.229493730258852,0.236301613614802,0.160930368981928,0.140801836156987
636,0.608744246353995,0.220471637257467,0.218083551882790,0.219672052767678,0.140279459933373,0.140279459933373
688,0.619367756469412,0.232872971194181,0.241532534498303,0.209608564537159,0.183967824035887,0.147178535004063
375,0.605198627992826,0.262430509724191,0.208860644258667,0.387353706987488,0.399901217123282,0.244185541162083
753,0.611401966215199,0.256863984839407,0.237166246337142,0.217294683481912,0.221274744825972,0.173835068385563
167,0.474347434968947,0.140279459933373,0.187010622123131,0.181025063276694,0.140279459933373,0.140279459933373
775,0.612287594171303,0.250466494772263,0.248659484023583,0.214949882112267,0.176522456496951,0.177624558944457
178,0.5390946884908,0.215727826366646,0.256863984839407,0.235439936165745,0.222081350052879,0.224521889216861
777,0.607858057407542,0.224521889216861,0.235439936165745,0.241532534498303,0.144720505822661,0.159237162188545
719,0.61494365721071,0.238033800236652,0.226165913043895,0.264301525715948,0.140279459933373,0.171754154191287
721,0.576742857104671,0.216509434133377,0.232023448734304,0.255024990396885,0.140279459933373,0.179307075461499
634,0.617598511353537,0.238033800236652,0.216509434133377,0.225342219919308,0.165403320798019,0.142147774681471
761,0.592770024376564,0.229493730258852,0.213405068833102,0.273759486818862,0.160502026996677,0.165869963138432
882,0.657294084136253,0.265239772398733,0.247759640188542,0.243298519444439,0.180448444205294,0.165403320798019
634,0.673994424070159,0.267121556704060,0.23977753355553,0.252283020211930,0.154470991130581,0.188255890082703
771,0.646729776551258,0.260567046745838,0.269010148553487,0.267121556704060,0.162677834203278,0.140279459933373
697,0.626439652176295,0.269010148553487,0.260567046745838,0.283362392853609,0.151189670120080,0.141333283747465
490,0.623788627185174,0.259638241659144,0.226992939983781,0.211115838461421,0.180448444205294,0.154094323280450
163,0.472497848634527,0.145319498566922,0.160077057692081,0.172268685450245,0.140279459933373,0.165403320798019
600,0.571387382661058,0.213405068833102,0.245075200706715,0.202303599215116,0.149807763529887,0.210360301592275
792,0.641442262346675,0.217294683481912,0.225342219919308,0.231177046607856,0.160077057692081,0.199491561253654
793,0.658173830133798,0.281431899695417,0.201594638931909,0.279506090033501,0.173309128978783,0.140279459933373
726,0.650252758171119,0.273759486818862,0.273759486818862,0.216509434133377,0.174898448025698,0.170233153496669
851,0.650252758171119,0.254108759679802,0.231177046607856,0.280468392646033,0.178181472416481,0.173835068385563
946,0.607858057407542,0.311728055196152,0.315674182764382,0.252283020211930,0.207376318697083,0.177624558944457
742,0.620252184825136,0.238033800236652,0.228656878414890,0.221274744825972,0.16634019279706,0.160930368981928
752,0.63703309779987,0.240653643199231,0.23033379664679,0.253194757033311,0.140279459933373,0.208116557082828
511,0.456708871220304,0.167772573247934,0.160930368981928,0.202303599215116,0.143552645462116,0.16634019279706
568,0.581200590507501,0.308771540986705,0.262430509724191,0.250466494772263,0.179307075461499,0.178181472416481
356,0.572280442910804,0.236301613614802,0.243298519444439,0.224521889216861,0.208116557082828,0.151189670120080
720,0.640560644506718,0.291125967010989,0.284329312589461,0.274713840722163,0.201594638931909,0.177624558944457
926,0.613173084606865,0.26806502014066,0.254108759679802,0.218083551882790,0.194059239855938,0.145319498566922
851,0.630855615748439,0.229493730258852,0.290152214217331,0.231177046607856,0.208860644258667,0.169237834303805
773,0.637915147508898,0.243298519444439,0.216509434133377,0.272806580486754,0.140279459933373,0.181025063276694
827,0.688912670590823,0.248659484023583,0.140279459933373,0.585653817185493,0.638797087949753,0.471572446139952
789,0.615828741507218,0.292100571713878,0.271855157449252,0.280468392646033,0.194059239855938,0.169237834303805
182,0.526451579334568,0.143552645462116,0.140279459933373,0.226165913043895,0.140279459933373,0.141873944585676
202,0.441731771836077,0.158002143279100,0.168745733831007,0.214949882112267,0.156400988328558,0.153720720340875
910,0.66608754581422,0.247759640188542,0.226165913043895,0.258711437790672,0.141873944585676,0.140279459933373
734,0.604311860230174,0.26336509235663,0.257786672914962,0.209608564537159,0.23033379664679,0.211875157547888
691,0.621136485069615,0.248659484023583,0.276626749501763,0.264301525715948,0.183371292540019,0.168257318749387
799,0.639678919993987,0.240653643199231,0.26336509235663,0.232023448734304,0.182778757451073,0.191439626593958
754,0.593658802575914,0.225342219919308,0.243298519444439,0.175977245746161,0.193398287644562,0.140279459933373
833,0.620252184825136,0.232023448734304,0.233725581744281,0.255024990396885,0.140279459933373,0.175435913518267
638,0.630855615748439,0.265239772398733,0.211875157547888,0.267121556704060,0.183967824035887,0.167772573247934
385,0.431364974573073,0.145928733232941,0.182778757451073,0.199491561253654,0.140279459933373,0.140279459933373
793,0.634386284250911,0.266179795115631,0.276626749501763,0.218876016213984,0.182778757451073,0.140279459933373
741,0.600763302119727,0.288207386188063,0.289179343702615,0.26806502014066,0.234581247743386,0.234581247743386
996,0.640560644506718,0.295029198942614,0.294052217151829,0.257786672914962,0.198798498578782,0.168257318749387
364,0.445487145704544,0.164480729737195,0.174898448025698,0.209608564537159,0.146548361254107,0.164024746412181
407,0.451106215483896,0.203016510694019,0.150148946700048,0.214175622695954,0.141066417195949,0.14298348025674
785,0.636150937944643,0.249561781327291,0.216509434133377,0.261497815323131,0.190154027575454,0.191439626593958
699,0.566024855998128,0.315674182764382,0.279506090033501,0.298944182722262,0.196743303664015,0.171754154191287
759,0.653774177471793,0.241532534498303,0.215727826366646,0.264301525715948,0.179875784505171,0.148471133452426
714,0.631738455286738,0.232872971194181,0.250466494772263,0.270905253648299,0.159655442358187,0.167291481291287
898,0.616713692539713,0.248659484023583,0.203016510694019,0.261497815323131,0.164480729737195,0.192741366843982
620,0.587433883900336,0.214949882112267,0.196743303664015,0.252283020211930,0.151897993103576,0.182190212262849
726,0.612287594171303,0.241532534498303,0.246862287018223,0.243298519444439,0.176522456496951,0.141066417195949
639,0.598988114480156,0.259638241659144,0.275669606701894,0.217294683481912,0.190154027575454,0.162677834203278
742,0.613173084606865,0.23033379664679,0.238904240888872,0.226165913043895,0.158002143279100,0.151542367809210
941,0.62555609967103,0.269956905233921,0.269956905233921,0.218876016213984,0.170736402643872,0.179875784505171
927,0.609630293401202,0.254108759679802,0.238904240888872,0.226992939983781,0.207376318697083,0.162677834203278
790,0.592770024376564,0.255943411389996,0.275669606701894,0.262430509724191,0.196743303664015,0.178742307944130
796,0.595435874427052,0.255024990396885,0.233725581744281,0.205907447843523,0.185781454960399,0.153720720340875
771,0.618483198986599,0.245075200706715,0.196066256873814,0.244185541162083,0.164940248736627,0.140279459933373
805,0.616713692539713,0.261497815323131,0.264301525715948,0.245967461561916,0.181025063276694,0.181025063276694
791,0.607858057407542,0.217294683481912,0.236301613614802,0.199491561253654,0.164024746412181,0.157195124574254
775,0.643205181411445,0.238033800236652,0.218876016213984,0.276626749501763,0.147497624383717,0.196066256873814
802,0.640560644506718,0.233725581744281,0.243298519444439,0.242414171861771,0.148801114525785,0.158822198286243
978,0.75365225203902,0.388321919900050,0.296006914761259,0.526451579334568,0.571387382661058,0.42188893060604
779,0.611401966215199,0.300905518027404,0.302869127130412,0.319623752397046,0.222891426963376,0.199491561253654
997,0.641442262346675,0.294052217151829,0.269956905233921,0.244185541162083,0.205178843545358,0.155233599845476
837,0.658173830133798,0.299924552865763,0.290152214217331,0.292100571713878,0.213405068833102,0.226165913043895
759,0.635268667058686,0.303851718893881,0.289179343702615,0.206639944148685,0.187631241909896,0.140279459933373
712,0.622904705251892,0.243298519444439,0.204454144375473,0.227823271636467,0.172787005806565,0.165869963138432
730,0.615828741507218,0.257786672914962,0.173835068385563,0.286266334773665,0.140279459933373,0.181025063276694
926,0.633503788623644,0.260567046745838,0.277585234113443,0.217294683481912,0.188255890082703,0.158410531669826
712,0.584763524220902,0.223704949036996,0.187010622123131,0.260567046745838,0.140279459933373,0.169237834303805
745,0.607858057407542,0.238904240888872,0.181605650010004,0.234581247743386,0.165403320798019,0.200889639762023
721,0.630855615748439,0.215727826366646,0.234581247743386,0.203016510694019,0.140279459933373,0.16357228121085
725,0.582982412426427,0.299924552865763,0.278545025785751,0.272806580486754,0.156796455796649,0.140279459933373
854,0.624672424998259,0.226165913043895,0.255024990396885,0.23033379664679,0.140279459933373,0.161362102255135
951,0.663450425192382,0.325551793923222,0.287236372741756,0.308771540986705,0.188255890082703,0.171754154191287
820,0.641442262346675,0.270905253648299,0.248659484023583,0.23033379664679,0.221274744825972,0.154470991130581
958,0.650252758171119,0.280468392646033,0.255943411389996,0.226165913043895,0.201594638931909,0.176522456496951
788,0.626439652176295,0.252283020211930,0.244185541162083,0.278545025785751,0.141066417195949,0.140279459933373
853,0.654654294039608,0.248659484023583,0.274713840722163,0.245967461561916,0.175977245746161,0.160077057692081
370,0.439851241970584,0.174898448025698,0.229493730258852,0.165869963138432,0.164480729737195,0.140279459933373
256,0.662571212990782,0.234581247743386,0.244185541162083,0.316661303992259,0.359072414588444,0.250466494772263
664,0.61405843859737,0.231177046607856,0.182190212262849,0.217294683481912,0.141602453589765,0.174898448025698
786,0.627323083479833,0.246862287018223,0.236301613614802,0.234581247743386,0.201594638931909,0.140279459933373
759,0.61494365721071,0.242414171861771,0.247759640188542,0.218083551882790,0.169237834303805,0.188255890082703
159,0.453909567952752,0.147819407725247,0.188255890082703,0.187631241909896,0.168257318749387,0.140279459933373
661,0.597212308466731,0.218083551882790,0.200889639762023,0.226992939983781,0.174364837136968,0.167291481291287
356,0.702059351675758,0.241532534498303,0.212638240623736,0.262430509724191,0.208116557082828,0.143840891542185
694,0.596324170558622,0.207376318697083,0.202303599215116,0.203733362812729,0.140539522938054,0.164480729737195
166,0.479886604427388,0.140279459933373,0.175435913518267,0.199491561253654,0.140279459933373,0.189517281185082
762,0.637915147508898,0.282396577544332,0.271855157449252,0.227823271636467,0.235439936165745,0.209608564537159
741,0.638797087949753,0.254108759679802,0.173835068385563,0.317648619366148,0.140279459933373,0.164940248736627
275,0.632621179272578,0.16357228121085,0.174898448025698,0.198798498578782,0.140279459933373,0.149133866930996
717,0.622904705251892,0.245075200706715,0.256863984839407,0.220471637257467,0.198109430350217,0.208860644258667
592,0.567813168189284,0.212638240623736,0.210360301592275,0.255024990396885,0.140279459933373,0.152982630801945
772,0.629972659733243,0.237166246337142,0.223704949036996,0.251373586915138,0.151189670120080,0.163123316426449
347,0.479886604427388,0.191439626593958,0.208860644258667,0.184568357977156,0.140279459933373,0.155233599845476
976,0.627323083479833,0.281431899695417,0.262430509724191,0.265239772398733,0.140279459933373,0.174364837136968
799,0.634386284250911,0.237166246337142,0.234581247743386,0.272806580486754,0.148801114525785,0.158410531669826
820,0.646729776551258,0.234581247743386,0.26336509235663,0.245075200706715,0.145319498566922,0.156400988328558
800,0.633503788623644,0.249561781327291,0.233725581744281,0.273759486818862,0.150839880430613,0.156796455796649
915,0.627323083479833,0.314687276192053,0.295029198942614,0.297964434643167,0.192741366843982,0.155233599845476
470,0.466939252082330,0.171243398019944,0.191439626593958,0.222081350052879,0.140279459933373,0.14298348025674
845,0.642323774366231,0.289179343702615,0.269010148553487,0.269956905233921,0.218083551882790,0.179875784505171
906,0.661691913619881,0.281431899695417,0.266179795115631,0.231177046607856,0.209608564537159,0.177071557205383
871,0.627323083479833,0.233725581744281,0.232872971194181,0.245075200706715,0.193398287644562,0.147497624383717
816,0.640560644506718,0.287236372741756,0.251373586915138,0.256863984839407,0.192741366843982,0.203016510694019
739,0.620252184825136,0.264301525715948,0.259638241659144,0.236301613614802,0.171754154191287,0.172268685450245
591,0.689789572931803,0.205178843545358,0.208860644258667,0.284329312589461,0.200889639762023,0.178742307944130
825,0.631738455286738,0.250466494772263,0.217294683481912,0.251373586915138,0.175977245746161,0.160077057692081
324,0.446424815327873,0.187010622123131,0.184568357977156,0.218083551882790,0.140279459933373,0.167291481291287
717,0.593658802575914,0.225342219919308,0.207376318697083,0.258711437790672,0.151542367809210,0.143552645462116
910,0.622904705251892,0.294052217151829,0.286266334773665,0.286266334773665,0.161362102255135,0.140279459933373
899,0.622904705251892,0.271855157449252,0.280468392646033,0.284329312589461,0.179307075461499,0.192741366843982
843,0.671359527115958,0.255943411389996,0.279506090033501,0.180448444205294,0.162235816543637,0.143552645462116
355,0.437968797820157,0.170736402643872,0.187010622123131,0.197424363331222,0.143266847840142,0.141066417195949
215,0.584763524220902,0.174898448025698,0.203016510694019,0.181025063276694,0.148801114525785,0.140279459933373
884,0.631738455286738,0.256863984839407,0.231177046607856,0.23033379664679,0.192088479379025,0.195393227873188
782,0.629972659733243,0.254108759679802,0.213405068833102,0.234581247743386,0.140279459933373,0.173309128978783
732,0.610516199655431,0.245967461561916,0.214949882112267,0.224521889216861,0.187631241909896,0.154470991130581
738,0.600763302119727,0.214175622695954,0.173309128978783,0.205178843545358,0.164940248736627,0.157597013980819
721,0.649372161207369,0.249561781327291,0.265239772398733,0.192741366843982,0.164024746412181,0.184568357977156
855,0.633503788623644,0.282396577544332,0.245075200706715,0.248659484023583,0.194059239855938,0.168257318749387
845,0.647610671197383,0.226992939983781,0.218876016213984,0.245967461561916,0.177624558944457,0.167291481291287
450,0.451106215483896,0.172268685450245,0.161362102255135,0.207376318697083,0.156008702799071,0.149133866930996
752,0.622020658211421,0.213405068833102,0.243298519444439,0.219672052767678,0.181025063276694,0.157195124574254
683,0.627323083479833,0.250466494772263,0.23033379664679,0.23033379664679,0.140279459933373,0.169237834303805
630,0.642323774366231,0.23033379664679,0.285297304030371,0.185781454960399,0.172787005806565,0.142423961905656
334,0.473422844172892,0.183371292540019,0.169237834303805,0.188255890082703,0.140279459933373,0.156796455796649
958,0.677506525321988,0.285297304030371,0.261497815323131,0.307786743279463,0.178181472416481,0.225342219919308
833,0.65113325749733,0.267121556704060,0.269010148553487,0.227823271636467,0.180448444205294,0.187010622123131
192,0.504646384858735,0.140279459933373,0.226165913043895,0.173309128978783,0.148471133452426,0.140279459933373
435,0.527356424038935,0.182190212262849,0.204454144375473,0.243298519444439,0.140279459933373,0.140279459933373
831,0.627323083479833,0.259638241659144,0.232023448734304,0.258711437790672,0.16634019279706,0.187010622123131
684,0.608744246353995,0.211875157547888,0.205907447843523,0.183371292540019,0.175977245746161,0.157597013980819
609,0.611401966215199,0.257786672914962,0.267121556704060,0.262430509724191,0.144720505822661,0.140279459933373
363,0.684527124733494,0.216509434133377,0.158002143279100,0.389289635189169,0.428527399760189,0.269010148553487
702,0.623788627185174,0.242414171861771,0.208860644258667,0.232023448734304,0.175435913518267,0.175977245746161
156,0.393155485097713,0.146548361254107,0.168257318749387,0.350225945404854,0.340368763820501,0.148801114525785
874,0.592770024376564,0.32950458986508,0.318636108753548,0.258711437790672,0.221274744825972,0.226992939983781
828,0.627323083479833,0.259638241659144,0.290152214217331,0.162235816543637,0.215727826366646,0.152982630801945
741,0.611401966215199,0.243298519444439,0.238904240888872,0.229493730258852,0.172268685450245,0.158410531669826
669,0.621136485069615,0.264301525715948,0.242414171861771,0.301887051542692,0.175435913518267,0.140279459933373
648,0.613173084606865,0.240653643199231,0.246862287018223,0.182190212262849,0.165403320798019,0.16357228121085
776,0.680139802349038,0.264301525715948,0.242414171861771,0.217294683481912,0.146862120354825,0.171243398019944
754,0.617598511353537,0.245967461561916,0.244185541162083,0.23977753355553,0.159237162188545,0.140279459933373
728,0.624672424998259,0.234581247743386,0.252283020211930,0.251373586915138,0.158002143279100,0.157597013980819
862,0.634386284250911,0.304834801321944,0.283362392853609,0.283362392853609,0.196743303664015,0.177624558944457
762,0.637915147508898,0.299924552865763,0.278545025785751,0.286266334773665,0.205907447843523,0.205178843545358
334,0.461365530470573,0.198798498578782,0.188884569174318,0.209608564537159,0.172268685450245,0.168257318749387
786,0.606085249352797,0.238904240888872,0.225342219919308,0.234581247743386,0.146548361254107,0.151897993103576
765,0.613173084606865,0.294052217151829,0.284329312589461,0.320611530912211,0.192741366843982,0.158002143279100
714,0.612287594171303,0.350225945404854,0.328516409471957,0.337407372460796,0.219672052767678,0.190794809258731
204,0.383475920330798,0.156400988328558,0.140279459933373,0.238033800236652,0.147819407725247,0.140279459933373
863,0.644086484322101,0.242414171861771,0.244185541162083,0.226992939983781,0.182190212262849,0.208116557082828
691,0.623788627185174,0.237166246337142,0.271855157449252,0.232872971194181,0.16357228121085,0.155619579790919
749,0.627323083479833,0.258711437790672,0.224521889216861,0.250466494772263,0.178181472416481,0.194724220966719
629,0.596324170558622,0.224521889216861,0.190154027575454,0.294052217151829,0.152618104976752,0.182778757451073
850,0.641442262346675,0.250466494772263,0.262430509724191,0.237166246337142,0.169237834303805,0.140279459933373
385,0.686281552185454,0.345300444024283,0.327528205863718,0.357108931824631,0.293075998312143,0.208116557082828
915,0.646729776551258,0.285297304030371,0.249561781327291,0.265239772398733,0.157195124574254,0.140279459933373
790,0.631738455286738,0.238904240888872,0.254108759679802,0.140279459933373,0.166814026627726,0.161362102255135
849,0.680139802349038,0.281431899695417,0.265239772398733,0.233725581744281,0.199491561253654,0.168257318749387
902,0.665208590906176,0.289179343702615,0.26806502014066,0.218876016213984,0.173309128978783,0.158410531669826
821,0.604311860230174,0.270905253648299,0.253194757033311,0.227823271636467,0.224521889216861,0.171754154191287
675,0.513753336846181,0.208116557082828,0.214175622695954,0.200188610986799,0.163123316426449,0.158822198286243
831,0.62555609967103,0.23033379664679,0.214175622695954,0.220471637257467,0.161362102255135,0.164024746412181
778,0.622020658211421,0.274713840722163,0.272806580486754,0.247759640188542,0.181605650010004,0.200188610986799
962,0.620252184825136,0.376671178467619,0.383475920330798,0.330492731245164,0.252283020211930,0.204454144375473
943,0.61405843859737,0.341355528691973,0.32950458986508,0.267121556704060,0.205178843545358,0.185781454960399
648,0.589213267095234,0.313700605163659,0.300905518027404,0.288207386188063,0.23977753355553,0.200889639762023
739,0.599875784998553,0.231177046607856,0.195393227873188,0.260567046745838,0.170736402643872,0.140279459933373
793,0.621136485069615,0.244185541162083,0.236301613614802,0.255943411389996,0.161797245314680,0.166814026627726
761,0.636150937944643,0.252283020211930,0.256863984839407,0.140279459933373,0.182778757451073,0.147178535004063
694,0.642323774366231,0.236301613614802,0.251373586915138,0.208860644258667,0.177624558944457,0.169237834303805
803,0.629972659733243,0.242414171861771,0.236301613614802,0.252283020211930,0.158822198286243,0.16357228121085
560,0.61494365721071,0.338394673319409,0.310742219942023,0.318636108753548,0.233725581744281,0.203016510694019
770,0.589213267095234,0.208116557082828,0.207376318697083,0.192741366843982,0.171243398019944,0.188255890082703
891,0.666966416344732,0.260567046745838,0.223704949036996,0.254108759679802,0.156400988328558,0.140279459933373
735,0.61494365721071,0.249561781327291,0.237166246337142,0.233725581744281,0.170233153496669,0.204454144375473
877,0.668723907006677,0.26336509235663,0.251373586915138,0.302869127130412,0.149469410107982,0.180448444205294
447,0.457641082102348,0.211875157547888,0.169733635746363,0.227823271636467,0.140279459933373,0.140279459933373
728,0.646729776551258,0.273759486818862,0.246862287018223,0.265239772398733,0.188255890082703,0.198798498578782
230,0.592770024376564,0.209608564537159,0.198109430350217,0.275669606701894,0.140279459933373,0.140539522938054
480,0.458572851358513,0.201594638931909,0.211875157547888,0.219672052767678,0.146548361254107,0.194724220966719
553,0.640560644506718,0.281431899695417,0.259638241659144,0.289179343702615,0.150492979148870,0.156796455796649
321,0.447362019176649,0.179875784505171,0.16634019279706,0.209608564537159,0.159655442358187,0.143840891542185
259,0.420938564569721,0.167291481291287,0.196743303664015,0.200188610986799,0.156008702799071,0.174364837136968
673,0.606971725447777,0.241532534498303,0.202303599215116,0.237166246337142,0.160077057692081,0.189517281185082
842,0.661691913619881,0.260567046745838,0.294052217151829,0.184568357977156,0.151897993103576,0.174898448025698
825,0.644086484322101,0.247759640188542,0.296006914761259,0.237166246337142,0.167291481291287,0.178181472416481
669,0.608744246353995,0.275669606701894,0.257786672914962,0.252283020211930,0.150492979148870,0.140279459933373
825,0.629972659733243,0.235439936165745,0.232872971194181,0.237166246337142,0.153720720340875,0.193398287644562
757,0.621136485069615,0.211875157547888,0.181025063276694,0.255024990396885,0.145928733232941,0.190794809258731
770,0.622020658211421,0.266179795115631,0.224521889216861,0.202303599215116,0.179875784505171,0.149133866930996
706,0.58209159090975,0.261497815323131,0.217294683481912,0.254108759679802,0.147497624383717,0.175435913518267
862,0.650252758171119,0.289179343702615,0.255024990396885,0.205907447843523,0.209608564537159,0.194724220966719
803,0.573173308757861,0.253194757033311,0.214949882112267,0.228656878414890,0.185172899926102,0.140279459933373
938,0.601650667029677,0.275669606701894,0.260567046745838,0.228656878414890,0.169733635746363,0.140279459933373
715,0.633503788623644,0.256863984839407,0.238033800236652,0.238033800236652,0.178742307944130,0.146862120354825
751,0.646729776551258,0.271855157449252,0.282396577544332,0.227823271636467,0.188255890082703,0.158002143279100
777,0.624672424998259,0.320611530912211,0.296985336054750,0.198109430350217,0.234581247743386,0.16634019279706
679,0.626439652176295,0.232872971194181,0.250466494772263,0.205178843545358,0.194724220966719,0.140279459933373
712,0.599875784998553,0.214175622695954,0.220471637257467,0.227823271636467,0.140279459933373,0.174898448025698
598,0.568707020795868,0.203733362812729,0.23033379664679,0.210360301592275,0.143552645462116,0.140279459933373
861,0.641442262346675,0.32159942528535,0.304834801321944,0.232023448734304,0.206639944148685,0.140279459933373
825,0.633503788623644,0.272806580486754,0.233725581744281,0.245967461561916,0.140279459933373,0.164480729737195
339,0.417132025922147,0.177071557205383,0.180448444205294,0.195393227873188,0.140279459933373,0.140279459933373
785,0.62555609967103,0.238033800236652,0.224521889216861,0.278545025785751,0.192088479379025,0.180448444205294
715,0.629972659733243,0.233725581744281,0.245075200706715,0.226165913043895,0.167291481291287,0.182778757451073
194,0.606971725447777,0.345300444024283,0.292100571713878,0.234581247743386,0.187631241909896,0.140279459933373
640,0.613173084606865,0.279506090033501,0.255943411389996,0.226165913043895,0.188255890082703,0.149469410107982
776,0.63703309779987,0.253194757033311,0.272806580486754,0.248659484023583,0.156400988328558,0.140279459933373
157,0.439851241970584,0.140279459933373,0.140279459933373,0.220471637257467,0.158002143279100,0.156008702799071
808,0.601650667029677,0.269956905233921,0.274713840722163,0.225342219919308,0.173835068385563,0.214949882112267
825,0.607858057407542,0.272806580486754,0.23033379664679,0.250466494772263,0.144424803121843,0.152256565618780
876,0.638797087949753,0.276626749501763,0.254108759679802,0.271855157449252,0.183967824035887,0.141873944585676
597,0.606971725447777,0.205907447843523,0.204454144375473,0.254108759679802,0.165403320798019,0.140279459933373
866,0.661691913619881,0.272806580486754,0.246862287018223,0.283362392853609,0.164480729737195,0.182190212262849
755,0.603424944919196,0.23033379664679,0.261497815323131,0.217294683481912,0.16634019279706,0.213405068833102
818,0.621136485069615,0.246862287018223,0.255943411389996,0.205907447843523,0.172268685450245,0.140279459933373
802,0.622904705251892,0.237166246337142,0.286266334773665,0.165869963138432,0.157597013980819,0.155619579790919
713,0.623788627185174,0.265239772398733,0.224521889216861,0.245967461561916,0.202303599215116,0.146237238572002
658,0.613173084606865,0.245075200706715,0.246862287018223,0.227823271636467,0.181605650010004,0.153720720340875
843,0.65201365997105,0.236301613614802,0.26336509235663,0.209608564537159,0.146237238572002,0.173835068385563
770,0.601650667029677,0.302869127130412,0.253194757033311,0.309756707604237,0.158410531669826,0.188884569174318
758,0.660812526368302,0.259638241659144,0.248659484023583,0.259638241659144,0.186394027664835,0.150148946700048
814,0.611401966215199,0.295029198942614,0.277585234113443,0.291125967010989,0.196743303664015,0.145928733232941
384,0.436084425669404,0.193398287644562,0.175977245746161,0.216509434133377,0.149807763529887,0.160077057692081
842,0.638797087949753,0.249561781327291,0.282396577544332,0.190794809258731,0.154470991130581,0.175977245746161
478,0.529165277729617,0.141873944585676,0.197424363331222,0.210360301592275,0.159237162188545,0.149469410107982
776,0.593658802575914,0.264301525715948,0.208860644258667,0.240653643199231,0.179875784505171,0.183371292540019
597,0.607858057407542,0.192741366843982,0.171243398019944,0.255024990396885,0.14298348025674,0.175435913518267
790,0.602537880906253,0.258711437790672,0.247759640188542,0.248659484023583,0.183371292540019,0.183967824035887
851,0.61405843859737,0.238033800236652,0.228656878414890,0.233725581744281,0.184568357977156,0.169733635746363
300,0.470646634478409,0.160502026996677,0.218083551882790,0.157195124574254,0.145622826217966,0.140279459933373
777,0.636150937944643,0.256863984839407,0.249561781327291,0.214949882112267,0.171754154191287,0.165869963138432
722,0.616713692539713,0.227823271636467,0.234581247743386,0.220471637257467,0.164480729737195,0.140279459933373
693,0.59454741884471,0.209608564537159,0.229493730258852,0.218876016213984,0.148143904307162,0.147819407725247
769,0.619367756469412,0.232872971194181,0.259638241659144,0.216509434133377,0.214175622695954,0.140279459933373
773,0.624672424998259,0.222891426963376,0.215727826366646,0.283362392853609,0.140279459933373,0.140279459933373
703,0.613173084606865,0.216509434133377,0.209608564537159,0.205907447843523,0.140279459933373,0.140279459933373
625,0.598100289370352,0.292100571713878,0.269010148553487,0.283362392853609,0.233725581744281,0.175977245746161
841,0.644967683931748,0.229493730258852,0.223704949036996,0.241532534498303,0.177071557205383,0.140279459933373
316,0.453909567952752,0.167772573247934,0.162235816543637,0.220471637257467,0.160077057692081,0.165869963138432
896,0.618483198986599,0.274713840722163,0.261497815323131,0.201594638931909,0.149469410107982,0.219672052767678
697,0.610516199655431,0.302869127130412,0.288207386188063,0.282396577544332,0.200889639762023,0.172268685450245
798,0.618483198986599,0.243298519444439,0.249561781327291,0.223704949036996,0.154094323280450,0.174364837136968
624,0.564235724377818,0.316661303992259,0.275669606701894,0.269010148553487,0.193398287644562,0.140279459933373
665,0.598988114480156,0.296006914761259,0.282396577544332,0.308771540986705,0.191439626593958,0.140279459933373
752,0.613173084606865,0.248659484023583,0.240653643199231,0.259638241659144,0.170736402643872,0.160930368981928
701,0.640560644506718,0.280468392646033,0.26336509235663,0.303851718893881,0.160930368981928,0.166814026627726
307,0.443610401564419,0.168257318749387,0.167772573247934,0.203733362812729,0.148471133452426,0.150492979148870
788,0.609630293401202,0.217294683481912,0.238904240888872,0.205178843545358,0.140279459933373,0.218083551882790
818,0.612287594171303,0.242414171861771,0.269010148553487,0.309756707604237,0.237166246337142,0.179307075461499
758,0.642323774366231,0.306802338059224,0.293075998312143,0.296006914761259,0.157597013980819,0.140279459933373
786,0.627323083479833,0.256863984839407,0.187631241909896,0.277585234113443,0.171754154191287,0.199491561253654
741,0.640560644506718,0.273759486818862,0.245967461561916,0.270905253648299,0.161797245314680,0.14298348025674
794,0.607858057407542,0.240653643199231,0.240653643199231,0.259638241659144,0.172787005806565,0.181025063276694
647,0.607858057407542,0.298944182722262,0.274713840722163,0.232023448734304,0.255943411389996,0.238033800236652
697,0.598100289370352,0.208116557082828,0.222891426963376,0.216509434133377,0.156008702799071,0.140279459933373
379,0.578526502286961,0.276626749501763,0.255943411389996,0.274713840722163,0.173309128978783,0.147178535004063
463,0.437968797820157,0.170233153496669,0.210360301592275,0.159655442358187,0.156796455796649,0.165869963138432
778,0.639678919993987,0.282396577544332,0.287236372741756,0.261497815323131,0.157597013980819,0.160502026996677
781,0.609630293401202,0.226992939983781,0.253194757033311,0.208860644258667,0.182778757451073,0.187631241909896
708,0.630855615748439,0.255024990396885,0.26336509235663,0.265239772398733,0.190794809258731,0.169237834303805
360,0.459504181093247,0.157597013980819,0.169733635746363,0.232872971194181,0.140279459933373,0.145018731380577
865,0.652893966371437,0.258711437790672,0.236301613614802,0.289179343702615,0.159655442358187,0.154094323280450
1020,0.63703309779987,0.244185541162083,0.233725581744281,0.265239772398733,0.156796455796649,0.140279459933373
907,0.644967683931748,0.257786672914962,0.214949882112267,0.269956905233921,0.179875784505171,0.146862120354825
347,0.452041119617036,0.173835068385563,0.179307075461499,0.190154027575454,0.152256565618780,0.140279459933373
782,0.621136485069615,0.242414171861771,0.203733362812729,0.249561781327291,0.140279459933373,0.203733362812729
892,0.59454741884471,0.252283020211930,0.218083551882790,0.204454144375473,0.161797245314680,0.140279459933373
642,0.57585075439854,0.23033379664679,0.231177046607856,0.222081350052879,0.144424803121843,0.149807763529887
881,0.656414246618719,0.283362392853609,0.215727826366646,0.303851718893881,0.170233153496669,0.182190212262849
729,0.621136485069615,0.224521889216861,0.232023448734304,0.249561781327291,0.155233599845476,0.171754154191287
757,0.636150937944643,0.271855157449252,0.299924552865763,0.178181472416481,0.215727826366646,0.185172899926102
818,0.655534316836593,0.248659484023583,0.248659484023583,0.267121556704060,0.172268685450245,0.173309128978783
193,0.570494126543261,0.172268685450245,0.224521889216861,0.164024746412181,0.140279459933373,0.154094323280450
681,0.607858057407542,0.262430509724191,0.212638240623736,0.222081350052879,0.171754154191287,0.161797245314680
841,0.613173084606865,0.301887051542692,0.270905253648299,0.290152214217331,0.161797245314680,0.140279459933373
787,0.622020658211421,0.236301613614802,0.253194757033311,0.244185541162083,0.170233153496669,0.162677834203278
938,0.631738455286738,0.26806502014066,0.245967461561916,0.227823271636467,0.140279459933373,0.191439626593958
186,0.550789853506805,0.145928733232941,0.140279459933373,0.198798498578782,0.140279459933373,0.187631241909896
733,0.615828741507218,0.233725581744281,0.251373586915138,0.234581247743386,0.177624558944457,0.177624558944457
743,0.631738455286738,0.255024990396885,0.203733362812729,0.254108759679802,0.147819407725247,0.167772573247934
737,0.611401966215199,0.234581247743386,0.218083551882790,0.211875157547888,0.164480729737195,0.182190212262849
712,0.601650667029677,0.309756707604237,0.252283020211930,0.276626749501763,0.155619579790919,0.162235816543637
410,0.459504181093247,0.188884569174318,0.198798498578782,0.192088479379025,0.173835068385563,0.208116557082828
746,0.639678919993987,0.224521889216861,0.180448444205294,0.258711437790672,0.140279459933373,0.167772573247934
811,0.633503788623644,0.271855157449252,0.283362392853609,0.233725581744281,0.172268685450245,0.225342219919308
675,0.610516199655431,0.227823271636467,0.218083551882790,0.226165913043895,0.166814026627726,0.140279459933373
754,0.61494365721071,0.264301525715948,0.300905518027404,0.191439626593958,0.153720720340875,0.153350162717428
1005,0.627323083479833,0.276626749501763,0.265239772398733,0.272806580486754,0.140279459933373,0.156400988328558
773,0.603424944919196,0.244185541162083,0.247759640188542,0.255024990396885,0.201594638931909,0.146237238572002
800,0.619367756469412,0.295029198942614,0.232872971194181,0.279506090033501,0.205178843545358,0.140279459933373
755,0.612287594171303,0.231177046607856,0.203016510694019,0.283362392853609,0.140279459933373,0.164940248736627
313,0.404704249910189,0.140279459933373,0.177071557205383,0.204454144375473,0.140279459933373,0.156400988328558
793,0.638797087949753,0.287236372741756,0.224521889216861,0.285297304030371,0.152256565618780,0.177071557205383
733,0.619367756469412,0.249561781327291,0.214949882112267,0.231177046607856,0.140279459933373,0.190154027575454
775,0.670481068306923,0.267121556704060,0.242414171861771,0.271855157449252,0.142702524367706,0.142147774681471
163,0.461365530470573,0.169237834303805,0.143266847840142,0.238033800236652,0.151542367809210,0.183967824035887
372,0.432309844864813,0.211115838461421,0.207376318697083,0.188255890082703,0.156400988328558,0.149469410107982
933,0.620252184825136,0.224521889216861,0.23977753355553,0.216509434133377,0.199491561253654,0.191439626593958
932,0.644086484322101,0.244185541162083,0.140279459933373,0.61494365721071,0.664329550930648,0.502821101328797
807,0.630855615748439,0.279506090033501,0.233725581744281,0.197424363331222,0.183371292540019,0.150148946700048
990,0.631738455286738,0.274713840722163,0.281431899695417,0.247759640188542,0.169733635746363,0.170233153496669
724,0.652893966371437,0.281431899695417,0.219672052767678,0.302869127130412,0.179307075461499,0.180448444205294
748,0.639678919993987,0.267121556704060,0.258711437790672,0.255943411389996,0.16357228121085,0.154850743467635
712,0.61405843859737,0.238033800236652,0.174898448025698,0.269956905233921,0.141873944585676,0.147178535004063
838,0.623788627185174,0.225342219919308,0.203733362812729,0.244185541162083,0.164940248736627,0.149469410107982
446,0.41331732873535,0.171754154191287,0.156008702799071,0.238033800236652,0.145319498566922,0.140279459933373
801,0.648491465815105,0.235439936165745,0.212638240623736,0.273759486818862,0.142147774681471,0.182778757451073
744,0.63703309779987,0.231177046607856,0.26806502014066,0.140279459933373,0.16357228121085,0.160077057692081
691,0.63703309779987,0.264301525715948,0.224521889216861,0.259638241659144,0.158410531669826,0.140279459933373
1021,0.657294084136253,0.351210191887716,0.336419918223748,0.32159942528535,0.224521889216861,0.155619579790919
815,0.644967683931748,0.261497815323131,0.253194757033311,0.236301613614802,0.172268685450245,0.167291481291287
950,0.670481068306923,0.288207386188063,0.281431899695417,0.297964434643167,0.226165913043895,0.170233153496669
693,0.597212308466731,0.205178843545358,0.271855157449252,0.190154027575454,0.160077057692081,0.200889639762023
589,0.561550463611059,0.255024990396885,0.247759640188542,0.227823271636467,0.168257318749387,0.155619579790919
552,0.545397189457851,0.265239772398733,0.270905253648299,0.282396577544332,0.182190212262849,0.157195124574254
621,0.62555609967103,0.262430509724191,0.237166246337142,0.237166246337142,0.210360301592275,0.160077057692081
359,0.437968797820157,0.182190212262849,0.149469410107982,0.235439936165745,0.140279459933373,0.157597013980819
673,0.602537880906253,0.269010148553487,0.252283020211930,0.274713840722163,0.223704949036996,0.211875157547888
180,0.537291706764252,0.144424803121843,0.174364837136968,0.226992939983781,0.140279459933373,0.168257318749387
652,0.570494126543261,0.246862287018223,0.209608564537159,0.294052217151829,0.209608564537159,0.192088479379025
414,0.466939252082330,0.140279459933373,0.168745733831007,0.177071557205383,0.140279459933373,0.149469410107982
699,0.603424944919196,0.291125967010989,0.250466494772263,0.248659484023583,0.183967824035887,0.156008702799071
793,0.628206394540431,0.265239772398733,0.181605650010004,0.295029198942614,0.181605650010004,0.152256565618780
652,0.598100289370352,0.253194757033311,0.212638240623736,0.238033800236652,0.164940248736627,0.140539522938054
691,0.65113325749733,0.266179795115631,0.266179795115631,0.306802338059224,0.164940248736627,0.155233599845476
761,0.599875784998553,0.277585234113443,0.282396577544332,0.184568357977156,0.170233153496669,0.173835068385563
707,0.593658802575914,0.214175622695954,0.181025063276694,0.214175622695954,0.174898448025698,0.159655442358187
636,0.609630293401202,0.216509434133377,0.188255890082703,0.218876016213984,0.157195124574254,0.161797245314680
999,0.661691913619881,0.285297304030371,0.253194757033311,0.26336509235663,0.182190212262849,0.195393227873188
836,0.645848781067736,0.26336509235663,0.217294683481912,0.258711437790672,0.183967824035887,0.202303599215116
790,0.629089586309926,0.245075200706715,0.209608564537159,0.264301525715948,0.140279459933373,0.157195124574254
400,0.439851241970584,0.155233599845476,0.182190212262849,0.218083551882790,0.144131604573628,0.140279459933373
836,0.616713692539713,0.253194757033311,0.214175622695954,0.218876016213984,0.140279459933373,0.186394027664835
719,0.609630293401202,0.232872971194181,0.262430509724191,0.194059239855938,0.188884569174318,0.191439626593958
815,0.649372161207369,0.262430509724191,0.278545025785751,0.218083551882790,0.156400988328558,0.165869963138432
775,0.572280442910804,0.326539995183568,0.287236372741756,0.271855157449252,0.170233153496669,0.165403320798019
702,0.574958463059337,0.240653643199231,0.227823271636467,0.241532534498303,0.185781454960399,0.175435913518267
693,0.581200590507501,0.222081350052879,0.211875157547888,0.178742307944130,0.157597013980819,0.152982630801945
682,0.634386284250911,0.227823271636467,0.213405068833102,0.222891426963376,0.144720505822661,0.173835068385563
371,0.430419611243593,0.146548361254107,0.194059239855938,0.169733635746363,0.166814026627726,0.146548361254107
754,0.612287594171303,0.45297556976512,0.443610401564419,0.428527399760189,0.323575487390111,0.256863984839407
491,0.573173308757861,0.368866547920421,0.344314559496454,0.238033800236652,0.222081350052879,0.169237834303805
926,0.636150937944643,0.266179795115631,0.219672052767678,0.316661303992259,0.155233599845476,0.163123316426449
383,0.43702685358426,0.188255890082703,0.180448444205294,0.180448444205294,0.169733635746363,0.143840891542185
744,0.603424944919196,0.245967461561916,0.199491561253654,0.248659484023583,0.167772573247934,0.171754154191287
823,0.626439652176295,0.304834801321944,0.289179343702615,0.288207386188063,0.154094323280450,0.216509434133377
848,0.640560644506718,0.279506090033501,0.289179343702615,0.292100571713878,0.149133866930996,0.181025063276694
667,0.591881082994116,0.273759486818862,0.267121556704060,0.244185541162083,0.200889639762023,0.181605650010004
673,0.610516199655431,0.238904240888872,0.184568357977156,0.261497815323131,0.16357228121085,0.150492979148870
772,0.607858057407542,0.256863984839407,0.197424363331222,0.23033379664679,0.190794809258731,0.169733635746363
554,0.604311860230174,0.237166246337142,0.238904240888872,0.222081350052879,0.147819407725247,0.156796455796649
767,0.609630293401202,0.231177046607856,0.249561781327291,0.218876016213984,0.194724220966719,0.140801836156987
948,0.659053485350326,0.226165913043895,0.26806502014066,0.26336509235663,0.165403320798019,0.157597013980819
607,0.616713692539713,0.242414171861771,0.176522456496951,0.238904240888872,0.149807763529887,0.169733635746363
691,0.610516199655431,0.218083551882790,0.234581247743386,0.215727826366646,0.177071557205383,0.140279459933373
782,0.626439652176295,0.255024990396885,0.218876016213984,0.222081350052879,0.192741366843982,0.182778757451073
379,0.441731771836077,0.179307075461499,0.188884569174318,0.167291481291287,0.140279459933373,0.16357228121085
795,0.65113325749733,0.26806502014066,0.262430509724191,0.273759486818862,0.160077057692081,0.211115838461421
827,0.615828741507218,0.287236372741756,0.247759640188542,0.259638241659144,0.209608564537159,0.217294683481912
894,0.659933050519219,0.326539995183568,0.310742219942023,0.261497815323131,0.167291481291287,0.177071557205383
847,0.645848781067736,0.250466494772263,0.222891426963376,0.188255890082703,0.16634019279706,0.165869963138432
809,0.607858057407542,0.23033379664679,0.231177046607856,0.188884569174318,0.160077057692081,0.224521889216861
675,0.613173084606865,0.187010622123131,0.149469410107982,0.291125967010989,0.140279459933373,0.158822198286243
522,0.570494126543261,0.36005360357005,0.347271459448055,0.359072414588444,0.234581247743386,0.144424803121843
725,0.623788627185174,0.242414171861771,0.240653643199231,0.201594638931909,0.147819407725247,0.140279459933373
811,0.631738455286738,0.243298519444439,0.226165913043895,0.222081350052879,0.140279459933373,0.182190212262849
715,0.590102705627282,0.211115838461421,0.236301613614802,0.238904240888872,0.140539522938054,0.140279459933373
898,0.622904705251892,0.242414171861771,0.267121556704060,0.191439626593958,0.178742307944130,0.140279459933373
868,0.644967683931748,0.298944182722262,0.272806580486754,0.315674182764382,0.182190212262849,0.184568357977156
172,0.49459052794554,0.154470991130581,0.149807763529887,0.223704949036996,0.140279459933373,0.144424803121843
152,0.431364974573073,0.144720505822661,0.193398287644562,0.183967824035887,0.149133866930996,0.148143904307162
688,0.604311860230174,0.232023448734304,0.258711437790672,0.227823271636467,0.145622826217966,0.172268685450245
925,0.629972659733243,0.323575487390111,0.315674182764382,0.271855157449252,0.208116557082828,0.165403320798019
716,0.595435874427052,0.222891426963376,0.183371292540019,0.242414171861771,0.147178535004063,0.143266847840142
650,0.602537880906253,0.244185541162083,0.222891426963376,0.244185541162083,0.160077057692081,0.188255890082703
718,0.598100289370352,0.242414171861771,0.222081350052879,0.266179795115631,0.16357228121085,0.161362102255135
746,0.617598511353537,0.183967824035887,0.23033379664679,0.195393227873188,0.164940248736627,0.154850743467635
756,0.649372161207369,0.262430509724191,0.209608564537159,0.281431899695417,0.176522456496951,0.215727826366646
881,0.641442262346675,0.273759486818862,0.284329312589461,0.281431899695417,0.222891426963376,0.217294683481912
447,0.463225147278761,0.200889639762023,0.143552645462116,0.260567046745838,0.140279459933373,0.140279459933373
869,0.627323083479833,0.26336509235663,0.229493730258852,0.266179795115631,0.140279459933373,0.175435913518267
767,0.696802403180819,0.256863984839407,0.260567046745838,0.260567046745838,0.183371292540019,0.165403320798019
803,0.622904705251892,0.237166246337142,0.236301613614802,0.250466494772263,0.16357228121085,0.140279459933373
836,0.631738455286738,0.277585234113443,0.216509434133377,0.290152214217331,0.172787005806565,0.181025063276694
679,0.622020658211421,0.233725581744281,0.270905253648299,0.203016510694019,0.145928733232941,0.153720720340875
266,0.68540437369446,0.225342219919308,0.150492979148870,0.347271459448055,0.319623752397046,0.207376318697083
228,0.640560644506718,0.253194757033311,0.174898448025698,0.296006914761259,0.156008702799071,0.180448444205294
753,0.605198627992826,0.281431899695417,0.243298519444439,0.300905518027404,0.140279459933373,0.174898448025698
735,0.601650667029677,0.248659484023583,0.236301613614802,0.216509434133377,0.157597013980819,0.185781454960399
209,0.486331294331022,0.140279459933373,0.161362102255135,0.173835068385563,0.147178535004063,0.140279459933373
788,0.617598511353537,0.249561781327291,0.258711437790672,0.23033379664679,0.146237238572002,0.170736402643872
369,0.444549008408857,0.186394027664835,0.215727826366646,0.150492979148870,0.143840891542185,0.159237162188545
609,0.565130393380684,0.220471637257467,0.211875157547888,0.23033379664679,0.141602453589765,0.157597013980819
775,0.631738455286738,0.285297304030371,0.267121556704060,0.26806502014066,0.145622826217966,0.184568357977156
626,0.586543936638165,0.214949882112267,0.220471637257467,0.235439936165745,0.155233599845476,0.151542367809210
777,0.604311860230174,0.251373586915138,0.205178843545358,0.256863984839407,0.155233599845476,0.150839880430613
834,0.624672424998259,0.225342219919308,0.23977753355553,0.208860644258667,0.194059239855938,0.194059239855938
746,0.612287594171303,0.267121556704060,0.204454144375473,0.237166246337142,0.156796455796649,0.152618104976752
731,0.599875784998553,0.273759486818862,0.270905253648299,0.247759640188542,0.149133866930996,0.140279459933373
829,0.640560644506718,0.244185541162083,0.231177046607856,0.23977753355553,0.157195124574254,0.205178843545358
176,0.477118801080669,0.149469410107982,0.164940248736627,0.211875157547888,0.140279459933373,0.151189670120080
804,0.629972659733243,0.282396577544332,0.284329312589461,0.249561781327291,0.148801114525785,0.181025063276694
844,0.616713692539713,0.235439936165745,0.202303599215116,0.261497815323131,0.140279459933373,0.158410531669826
572,0.568707020795868,0.262430509724191,0.255024990396885,0.224521889216861,0.153720720340875,0.186394027664835
249,0.612287594171303,0.163123316426449,0.174898448025698,0.168745733831007,0.148801114525785,0.147178535004063
744,0.602537880906253,0.205178843545358,0.209608564537159,0.185781454960399,0.150148946700048,0.150148946700048
630,0.59099197716754,0.226992939983781,0.214949882112267,0.241532534498303,0.142423961905656,0.174364837136968
784,0.63703309779987,0.272806580486754,0.259638241659144,0.244185541162083,0.177624558944457,0.146237238572002
730,0.643205181411445,0.249561781327291,0.204454144375473,0.248659484023583,0.152982630801945,0.140279459933373
644,0.595435874427052,0.277585234113443,0.234581247743386,0.296985336054750,0.171754154191287,0.153720720340875
718,0.622020658211421,0.253194757033311,0.222081350052879,0.224521889216861,0.143552645462116,0.140279459933373
898,0.6678452031824,0.246862287018223,0.224521889216861,0.307786743279463,0.140279459933373,0.140801836156987
166,0.462295554374572,0.140539522938054,0.169237834303805,0.222891426963376,0.140279459933373,0.140279459933373
931,0.659053485350326,0.267121556704060,0.274713840722163,0.236301613614802,0.204454144375473,0.208116557082828
392,0.448298759169222,0.178181472416481,0.150839880430613,0.215727826366646,0.141602453589765,0.152256565618780
940,0.675750628954486,0.277585234113443,0.251373586915138,0.274713840722163,0.155619579790919,0.188255890082703
749,0.626439652176295,0.220471637257467,0.168257318749387,0.274713840722163,0.140279459933373,0.157195124574254
366,0.464154311336516,0.177624558944457,0.196066256873814,0.140279459933373,0.140279459933373,0.140279459933373
947,0.646729776551258,0.269956905233921,0.241532534498303,0.265239772398733,0.164480729737195,0.151542367809210
797,0.622020658211421,0.232023448734304,0.208860644258667,0.232872971194181,0.164024746412181,0.140279459933373
727,0.628206394540431,0.241532534498303,0.170233153496669,0.231177046607856,0.175977245746161,0.188884569174318
867,0.62555609967103,0.291125967010989,0.293075998312143,0.167772573247934,0.182778757451073,0.189517281185082
858,0.623788627185174,0.269956905233921,0.229493730258852,0.284329312589461,0.218083551882790,0.187631241909896
831,0.631738455286738,0.280468392646033,0.247759640188542,0.265239772398733,0.201594638931909,0.161362102255135
898,0.636150937944643,0.265239772398733,0.255024990396885,0.262430509724191,0.195393227873188,0.150148946700048
742,0.597212308466731,0.232023448734304,0.224521889216861,0.238033800236652,0.158002143279100,0.140279459933373
774,0.622020658211421,0.232023448734304,0.245075200706715,0.200889639762023,0.145319498566922,0.156796455796649
284,0.642323774366231,0.206639944148685,0.204454144375473,0.232023448734304,0.16357228121085,0.150839880430613
821,0.629089586309926,0.262430509724191,0.272806580486754,0.253194757033311,0.168257318749387,0.146862120354825
707,0.574065981658382,0.220471637257467,0.23033379664679,0.204454144375473,0.140279459933373,0.140279459933373
840,0.640560644506718,0.319623752397046,0.309756707604237,0.267121556704060,0.204454144375473,0.190154027575454
793,0.610516199655431,0.247759640188542,0.222081350052879,0.269010148553487,0.151542367809210,0.166814026627726
770,0.597212308466731,0.270905253648299,0.240653643199231,0.255024990396885,0.195393227873188,0.173835068385563
924,0.615828741507218,0.271855157449252,0.249561781327291,0.250466494772263,0.193398287644562,0.222891426963376
746,0.622020658211421,0.251373586915138,0.257786672914962,0.26336509235663,0.214949882112267,0.177071557205383
918,0.664329550930648,0.273759486818862,0.262430509724191,0.215727826366646,0.190794809258731,0.162677834203278
774,0.660812526368302,0.244185541162083,0.218876016213984,0.290152214217331,0.145319498566922,0.201594638931909
702,0.601650667029677,0.237166246337142,0.210360301592275,0.241532534498303,0.199491561253654,0.165403320798019
740,0.617598511353537,0.208116557082828,0.206639944148685,0.258711437790672,0.145928733232941,0.144720505822661
766,0.647610671197383,0.203733362812729,0.240653643199231,0.172268685450245,0.155619579790919,0.172268685450245
694,0.606085249352797,0.258711437790672,0.222081350052879,0.221274744825972,0.187010622123131,0.140279459933373
999,0.647610671197383,0.351210191887716,0.354161056920203,0.248659484023583,0.208860644258667,0.208860644258667
761,0.604311860230174,0.197424363331222,0.265239772398733,0.243298519444439,0.140279459933373,0.192088479379025
647,0.566024855998128,0.320611530912211,0.284329312589461,0.289179343702615,0.187010622123131,0.170233153496669
390,0.42188893060604,0.177071557205383,0.160077057692081,0.178742307944130,0.147819407725247,0.160930368981928
820,0.609630293401202,0.225342219919308,0.226165913043895,0.180448444205294,0.174364837136968,0.145319498566922
673,0.632621179272578,0.296006914761259,0.245075200706715,0.209608564537159,0.218083551882790,0.177071557205383
237,0.385415796280043,0.140279459933373,0.185781454960399,0.211115838461421,0.144720505822661,0.173835068385563
732,0.600763302119727,0.251373586915138,0.187631241909896,0.202303599215116,0.161362102255135,0.182190212262849
734,0.592770024376564,0.241532534498303,0.227823271636467,0.234581247743386,0.172787005806565,0.152256565618780
786,0.608744246353995,0.212638240623736,0.213405068833102,0.219672052767678,0.182190212262849,0.14298348025674
420,0.634386284250911,0.262430509724191,0.269956905233921,0.266179795115631,0.181025063276694,0.176522456496951
545,0.584763524220902,0.269010148553487,0.254108759679802,0.238904240888872,0.194059239855938,0.159237162188545
825,0.636150937944643,0.257786672914962,0.258711437790672,0.278545025785751,0.174364837136968,0.165403320798019
827,0.59099197716754,0.252283020211930,0.207376318697083,0.236301613614802,0.160930368981928,0.181025063276694
727,0.585653817185493,0.293075998312143,0.296006914761259,0.308771540986705,0.205178843545358,0.14298348025674
810,0.61405843859737,0.243298519444439,0.23977753355553,0.254108759679802,0.169733635746363,0.172787005806565
785,0.629972659733243,0.269956905233921,0.272806580486754,0.260567046745838,0.163123316426449,0.184568357977156
753,0.635268667058686,0.224521889216861,0.208116557082828,0.231177046607856,0.140279459933373,0.140279459933373
954,0.637915147508898,0.311728055196152,0.287236372741756,0.238033800236652,0.211875157547888,0.160930368981928
184,0.521016538660012,0.155619579790919,0.140279459933373,0.232023448734304,0.140279459933373,0.155619579790919
748,0.602537880906253,0.235439936165745,0.231177046607856,0.272806580486754,0.185781454960399,0.180448444205294
664,0.606085249352797,0.244185541162083,0.253194757033311,0.179307075461499,0.144720505822661,0.140279459933373
775,0.63703309779987,0.232872971194181,0.241532534498303,0.241532534498303,0.140279459933373,0.140279459933373
602,0.589213267095234,0.169733635746363,0.23977753355553,0.189517281185082,0.160502026996677,0.141602453589765
266,0.640560644506718,0.157597013980819,0.206639944148685,0.203733362812729,0.155619579790919,0.148801114525785
853,0.632621179272578,0.255943411389996,0.246862287018223,0.274713840722163,0.149807763529887,0.152982630801945
760,0.649372161207369,0.265239772398733,0.288207386188063,0.238904240888872,0.162235816543637,0.156400988328558
858,0.647610671197383,0.269956905233921,0.262430509724191,0.250466494772263,0.165869963138432,0.232023448734304
679,0.617598511353537,0.232023448734304,0.231177046607856,0.228656878414890,0.161797245314680,0.156796455796649
366,0.438910260048710,0.207376318697083,0.16357228121085,0.23977753355553,0.140279459933373,0.169237834303805
836,0.604311860230174,0.260567046745838,0.271855157449252,0.219672052767678,0.194059239855938,0.158410531669826
841,0.644967683931748,0.258711437790672,0.245967461561916,0.228656878414890,0.186394027664835,0.161797245314680
861,0.656414246618719,0.274713840722163,0.253194757033311,0.245075200706715,0.165869963138432,0.162677834203278
699,0.604311860230174,0.231177046607856,0.266179795115631,0.261497815323131,0.217294683481912,0.146862120354825
821,0.615828741507218,0.262430509724191,0.222891426963376,0.258711437790672,0.160077057692081,0.172787005806565
831,0.620252184825136,0.299924552865763,0.251373586915138,0.327528205863718,0.209608564537159,0.175435913518267
731,0.606085249352797,0.286266334773665,0.296985336054750,0.254108759679802,0.189517281185082,0.186394027664835
646,0.606085249352797,0.248659484023583,0.232023448734304,0.241532534498303,0.185172899926102,0.158410531669826
307,0.649372161207369,0.179307075461499,0.176522456496951,0.224521889216861,0.146862120354825,0.182778757451073
838,0.650252758171119,0.255943411389996,0.260567046745838,0.252283020211930,0.200889639762023,0.140279459933373
699,0.59099197716754,0.229493730258852,0.214949882112267,0.223704949036996,0.140279459933373,0.140279459933373
740,0.608744246353995,0.276626749501763,0.238033800236652,0.269956905233921,0.167772573247934,0.188884569174318
726,0.619367756469412,0.234581247743386,0.185172899926102,0.26336509235663,0.140279459933373,0.140279459933373
895,0.681017412481438,0.307786743279463,0.278545025785751,0.311728055196152,0.201594638931909,0.162677834203278
709,0.615828741507218,0.218083551882790,0.202303599215116,0.221274744825972,0.157597013980819,0.190794809258731
842,0.661691913619881,0.289179343702615,0.284329312589461,0.270905253648299,0.16634019279706,0.207376318697083
390,0.49459052794554,0.190794809258731,0.163123316426449,0.205178843545358,0.140279459933373,0.140279459933373
840,0.653774177471793,0.251373586915138,0.195393227873188,0.274713840722163,0.145018731380577,0.182190212262849
726,0.620252184825136,0.279506090033501,0.294052217151829,0.214949882112267,0.217294683481912,0.149469410107982
663,0.643205181411445,0.293075998312143,0.23977753355553,0.283362392853609,0.150839880430613,0.175435913518267
738,0.599875784998553,0.264301525715948,0.288207386188063,0.215727826366646,0.151542367809210,0.140279459933373
868,0.642323774366231,0.225342219919308,0.242414171861771,0.201594638931909,0.16357228121085,0.140279459933373
394,0.440791745314472,0.168745733831007,0.188255890082703,0.151542367809210,0.143552645462116,0.182778757451073
179,0.538193325982493,0.140279459933373,0.238904240888872,0.170233153496669,0.140279459933373,0.140279459933373
980,0.648491465815105,0.317648619366148,0.313700605163659,0.307786743279463,0.208116557082828,0.167772573247934
811,0.604311860230174,0.260567046745838,0.228656878414890,0.226165913043895,0.178742307944130,0.178181472416481
420,0.475271623239318,0.200889639762023,0.190794809258731,0.201594638931909,0.158002143279100,0.140279459933373
358,0.442671323317129,0.190154027575454,0.154850743467635,0.238904240888872,0.140279459933373,0.149469410107982
788,0.630855615748439,0.255024990396885,0.228656878414890,0.214175622695954,0.162235816543637,0.201594638931909
697,0.59454741884471,0.245967461561916,0.245075200706715,0.258711437790672,0.140279459933373,0.198798498578782
800,0.654654294039608,0.256863984839407,0.245967461561916,0.277585234113443,0.177071557205383,0.161797245314680
401,0.467866722440866,0.182190212262849,0.188255890082703,0.203733362812729,0.140279459933373,0.154850743467635
859,0.636150937944643,0.232023448734304,0.256863984839407,0.194724220966719,0.165403320798019,0.238904240888872
690,0.622020658211421,0.214175622695954,0.211115838461421,0.266179795115631,0.149469410107982,0.140279459933373
172,0.489087655334828,0.140279459933373,0.172787005806565,0.211115838461421,0.140279459933373,0.140279459933373
659,0.61405843859737,0.258711437790672,0.278545025785751,0.194059239855938,0.188255890082703,0.142702524367706
700,0.605198627992826,0.326539995183568,0.318636108753548,0.232872971194181,0.213405068833102,0.146548361254107
806,0.665208590906176,0.293075998312143,0.266179795115631,0.283362392853609,0.196066256873814,0.141873944585676
645,0.627323083479833,0.232872971194181,0.213405068833102,0.211875157547888,0.150839880430613,0.140279459933373
843,0.663450425192382,0.264301525715948,0.300905518027404,0.194059239855938,0.177071557205383,0.238904240888872
791,0.595435874427052,0.257786672914962,0.238033800236652,0.269956905233921,0.167772573247934,0.175435913518267
830,0.629972659733243,0.258711437790672,0.223704949036996,0.281431899695417,0.157597013980819,0.194059239855938
801,0.638797087949753,0.262430509724191,0.274713840722163,0.238033800236652,0.185172899926102,0.150839880430613
782,0.615828741507218,0.212638240623736,0.156796455796649,0.241532534498303,0.140279459933373,0.164024746412181
867,0.672237905577799,0.244185541162083,0.238033800236652,0.234581247743386,0.140279459933373,0.166814026627726
742,0.62555609967103,0.272806580486754,0.237166246337142,0.246862287018223,0.177071557205383,0.188255890082703
161,0.44923503724365,0.140279459933373,0.168257318749387,0.198798498578782,0.149133866930996,0.167291481291287
817,0.726564750007645,0.140279459933373,0.140279459933373,0.78332060280726,0.843439851339616,0.682772413069105
808,0.623788627185174,0.211875157547888,0.173835068385563,0.273759486818862,0.145928733232941,0.170233153496669
393,0.447362019176649,0.188255890082703,0.193398287644562,0.177624558944457,0.143552645462116,0.149133866930996
872,0.596324170558622,0.252283020211930,0.255943411389996,0.240653643199231,0.147178535004063,0.164480729737195
686,0.622904705251892,0.272806580486754,0.259638241659144,0.264301525715948,0.160502026996677,0.164940248736627
867,0.618483198986599,0.274713840722163,0.208116557082828,0.290152214217331,0.148471133452426,0.141602453589765
748,0.628206394540431,0.307786743279463,0.310742219942023,0.269956905233921,0.228656878414890,0.203016510694019
660,0.604311860230174,0.256863984839407,0.208860644258667,0.222081350052879,0.180448444205294,0.182190212262849
157,0.456708871220304,0.148143904307162,0.173309128978783,0.161797245314680,0.151542367809210,0.152618104976752
519,0.684527124733494,0.205907447843523,0.232872971194181,0.269956905233921,0.166814026627726,0.181025063276694
767,0.644086484322101,0.232872971194181,0.274713840722163,0.261497815323131,0.149133866930996,0.183371292540019
886,0.622904705251892,0.313700605163659,0.275669606701894,0.311728055196152,0.200188610986799,0.177624558944457
764,0.638797087949753,0.273759486818862,0.221274744825972,0.255943411389996,0.172268685450245,0.171754154191287
711,0.718692541359957,0.296006914761259,0.187631241909896,0.470646634478409,0.503733909185275,0.338394673319409
791,0.609630293401202,0.232023448734304,0.210360301592275,0.185781454960399,0.156400988328558,0.160502026996677
301,0.470646634478409,0.199491561253654,0.180448444205294,0.177071557205383,0.140279459933373,0.162235816543637
801,0.617598511353537,0.232023448734304,0.188884569174318,0.245967461561916,0.168257318749387,0.185172899926102
814,0.643205181411445,0.269956905233921,0.250466494772263,0.234581247743386,0.182190212262849,0.16634019279706
745,0.608744246353995,0.241532534498303,0.216509434133377,0.242414171861771,0.167291481291287,0.190154027575454
659,0.612287594171303,0.232872971194181,0.265239772398733,0.177071557205383,0.198109430350217,0.154094323280450
265,0.447362019176649,0.162677834203278,0.185781454960399,0.207376318697083,0.150148946700048,0.140279459933373
887,0.675750628954486,0.277585234113443,0.241532534498303,0.26806502014066,0.166814026627726,0.151897993103576
202,0.57585075439854,0.140279459933373,0.140279459933373,0.208860644258667,0.140279459933373,0.149469410107982
508,0.613173084606865,0.255024990396885,0.225342219919308,0.257786672914962,0.162677834203278,0.140279459933373
900,0.663450425192382,0.291125967010989,0.285297304030371,0.272806580486754,0.173309128978783,0.204454144375473
845,0.626439652176295,0.289179343702615,0.244185541162083,0.203733362812729,0.167291481291287,0.161362102255135
755,0.613173084606865,0.219672052767678,0.259638241659144,0.194059239855938,0.187631241909896,0.162677834203278
640,0.595435874427052,0.284329312589461,0.294052217151829,0.208860644258667,0.194724220966719,0.212638240623736
757,0.61494365721071,0.231177046607856,0.262430509724191,0.211115838461421,0.142147774681471,0.194724220966719
742,0.630855615748439,0.249561781327291,0.246862287018223,0.229493730258852,0.194724220966719,0.145622826217966
922,0.627323083479833,0.284329312589461,0.287236372741756,0.292100571713878,0.288207386188063,0.140279459933373
824,0.645848781067736,0.252283020211930,0.251373586915138,0.232872971194181,0.168745733831007,0.208860644258667
842,0.647610671197383,0.322587416871138,0.292100571713878,0.277585234113443,0.205178843545358,0.154094323280450
640,0.623788627185174,0.246862287018223,0.23977753355553,0.203016510694019,0.172268685450245,0.140279459933373
669,0.616713692539713,0.220471637257467,0.233725581744281,0.228656878414890,0.147178535004063,0.160502026996677
197,0.55975922935761,0.169237834303805,0.187010622123131,0.237166246337142,0.154850743467635,0.147819407725247
158,0.438910260048710,0.140279459933373,0.169237834303805,0.186394027664835,0.140279459933373,0.174364837136968
870,0.613173084606865,0.304834801321944,0.270905253648299,0.253194757033311,0.203016510694019,0.181605650010004
688,0.630855615748439,0.233725581744281,0.224521889216861,0.258711437790672,0.164480729737195,0.140279459933373
734,0.605198627992826,0.236301613614802,0.245967461561916,0.222081350052879,0.159655442358187,0.172268685450245
342,0.448298759169222,0.162677834203278,0.162235816543637,0.226992939983781,0.140279459933373,0.156008702799071
751,0.607858057407542,0.253194757033311,0.176522456496951,0.264301525715948,0.147178535004063,0.161362102255135
785,0.597212308466731,0.248659484023583,0.265239772398733,0.242414171861771,0.166814026627726,0.153350162717428
432,0.475271623239318,0.188255890082703,0.193398287644562,0.232023448734304,0.147497624383717,0.202303599215116
681,0.618483198986599,0.242414171861771,0.214175622695954,0.229493730258852,0.151189670120080,0.155233599845476
321,0.505558530479263,0.181025063276694,0.192088479379025,0.200889639762023,0.181025063276694,0.181605650010004
756,0.630855615748439,0.238904240888872,0.221274744825972,0.226165913043895,0.160502026996677,0.188884569174318
766,0.59454741884471,0.221274744825972,0.186394027664835,0.234581247743386,0.143840891542185,0.140279459933373
355,0.451106215483896,0.174364837136968,0.157195124574254,0.227823271636467,0.140279459933373,0.164480729737195
721,0.605198627992826,0.213405068833102,0.218876016213984,0.181605650010004,0.165403320798019,0.140279459933373
681,0.644967683931748,0.216509434133377,0.210360301592275,0.302869127130412,0.140279459933373,0.158410531669826
705,0.605198627992826,0.231177046607856,0.231177046607856,0.260567046745838,0.140279459933373,0.140279459933373
883,0.661691913619881,0.272806580486754,0.284329312589461,0.255943411389996,0.200188610986799,0.167772573247934
898,0.645848781067736,0.285297304030371,0.265239772398733,0.238033800236652,0.161362102255135,0.162235816543637
1014,0.66608754581422,0.283362392853609,0.270905253648299,0.245967461561916,0.173309128978783,0.151189670120080
745,0.610516199655431,0.259638241659144,0.246862287018223,0.254108759679802,0.164940248736627,0.140279459933373
748,0.607858057407542,0.238033800236652,0.187631241909896,0.23033379664679,0.140279459933373,0.160077057692081
749,0.626439652176295,0.250466494772263,0.193398287644562,0.234581247743386,0.149807763529887,0.140279459933373
720,0.569600673082815,0.232872971194181,0.23033379664679,0.269010148553487,0.179875784505171,0.151189670120080
904,0.647610671197383,0.305818349289740,0.271855157449252,0.296006914761259,0.181025063276694,0.164940248736627
739,0.62555609967103,0.232023448734304,0.173309128978783,0.278545025785751,0.175977245746161,0.161362102255135
821,0.598100289370352,0.257786672914962,0.257786672914962,0.192088479379025,0.182190212262849,0.140279459933373
366,0.462295554374572,0.185172899926102,0.194059239855938,0.197424363331222,0.140279459933373,0.161362102255135
775,0.623788627185174,0.346286080835727,0.303851718893881,0.354161056920203,0.194724220966719,0.185172899926102
772,0.623788627185174,0.246862287018223,0.254108759679802,0.249561781327291,0.143840891542185,0.171243398019944
868,0.642323774366231,0.242414171861771,0.251373586915138,0.278545025785751,0.181025063276694,0.152618104976752
218,0.447362019176649,0.177624558944457,0.151189670120080,0.149133866930996,0.145622826217966,0.140279459933373
771,0.641442262346675,0.254108759679802,0.238033800236652,0.221274744825972,0.16357228121085,0.148471133452426
801,0.623788627185174,0.226992939983781,0.226165913043895,0.244185541162083,0.178181472416481,0.175977245746161
476,0.549891666487745,0.187010622123131,0.182778757451073,0.240653643199231,0.143552645462116,0.183967824035887
771,0.610516199655431,0.223704949036996,0.247759640188542,0.164940248736627,0.177071557205383,0.161362102255135
842,0.641442262346675,0.248659484023583,0.278545025785751,0.223704949036996,0.160930368981928,0.156400988328558
656,0.679262118185675,0.259638241659144,0.196066256873814,0.257786672914962,0.156400988328558,0.163123316426449
891,0.639678919993987,0.316661303992259,0.295029198942614,0.302869127130412,0.218876016213984,0.179307075461499
824,0.628206394540431,0.266179795115631,0.204454144375473,0.275669606701894,0.166814026627726,0.170736402643872
767,0.646729776551258,0.261497815323131,0.220471637257467,0.246862287018223,0.182778757451073,0.154850743467635
510,0.542697607586951,0.266179795115631,0.266179795115631,0.242414171861771,0.194724220966719,0.178181472416481
809,0.609630293401202,0.267121556704060,0.282396577544332,0.220471637257467,0.193398287644562,0.238033800236652
780,0.61405843859737,0.232872971194181,0.215727826366646,0.241532534498303,0.161362102255135,0.140279459933373
671,0.63703309779987,0.251373586915138,0.244185541162083,0.226165913043895,0.181605650010004,0.181605650010004
859,0.611401966215199,0.240653643199231,0.229493730258852,0.225342219919308,0.145622826217966,0.152256565618780
810,0.634386284250911,0.235439936165745,0.246862287018223,0.269010148553487,0.161362102255135,0.150148946700048
844,0.633503788623644,0.245967461561916,0.232023448734304,0.242414171861771,0.165403320798019,0.181025063276694
663,0.622020658211421,0.232872971194181,0.187631241909896,0.238904240888872,0.140279459933373,0.154850743467635
700,0.604311860230174,0.233725581744281,0.198798498578782,0.246862287018223,0.162235816543637,0.161797245314680
723,0.634386284250911,0.241532534498303,0.273759486818862,0.172787005806565,0.208116557082828,0.140279459933373
590,0.639678919993987,0.277585234113443,0.251373586915138,0.233725581744281,0.195393227873188,0.146548361254107
692,0.624672424998259,0.257786672914962,0.188884569174318,0.248659484023583,0.154470991130581,0.140279459933373
176,0.437968797820157,0.142147774681471,0.211875157547888,0.190794809258731,0.152982630801945,0.157195124574254
378,0.445487145704544,0.160930368981928,0.154470991130581,0.214175622695954,0.140279459933373,0.140279459933373
831,0.590102705627282,0.272806580486754,0.289179343702615,0.207376318697083,0.227823271636467,0.194724220966719
673,0.581200590507501,0.194724220966719,0.208116557082828,0.226165913043895,0.140279459933373,0.140279459933373
775,0.608744246353995,0.259638241659144,0.272806580486754,0.26336509235663,0.169733635746363,0.140279459933373
710,0.608744246353995,0.255024990396885,0.237166246337142,0.242414171861771,0.147178535004063,0.164480729737195
738,0.61405843859737,0.248659484023583,0.240653643199231,0.246862287018223,0.159237162188545,0.140279459933373
857,0.62555609967103,0.26806502014066,0.227823271636467,0.260567046745838,0.168257318749387,0.163123316426449
331,0.440791745314472,0.198109430350217,0.168745733831007,0.222081350052879,0.140801836156987,0.140279459933373
594,0.629089586309926,0.232872971194181,0.23033379664679,0.237166246337142,0.149807763529887,0.149469410107982
179,0.539995796104345,0.157195124574254,0.154094323280450,0.215727826366646,0.140279459933373,0.140279459933373
834,0.633503788623644,0.267121556704060,0.23977753355553,0.26336509235663,0.153350162717428,0.147497624383717
791,0.637915147508898,0.265239772398733,0.269956905233921,0.241532534498303,0.164940248736627,0.140279459933373
163,0.460435073421994,0.140279459933373,0.16357228121085,0.199491561253654,0.174898448025698,0.160502026996677
736,0.586543936638165,0.190154027575454,0.215727826366646,0.231177046607856,0.140279459933373,0.156796455796649
724,0.642323774366231,0.265239772398733,0.242414171861771,0.273759486818862,0.173309128978783,0.158002143279100
721,0.629089586309926,0.274713840722163,0.246862287018223,0.247759640188542,0.150492979148870,0.191439626593958
786,0.630855615748439,0.238033800236652,0.175977245746161,0.257786672914962,0.153720720340875,0.161362102255135
923,0.624672424998259,0.294052217151829,0.281431899695417,0.205178843545358,0.174364837136968,0.16634019279706
833,0.626439652176295,0.198798498578782,0.251373586915138,0.236301613614802,0.140279459933373,0.23033379664679
775,0.607858057407542,0.244185541162083,0.177071557205383,0.235439936165745,0.167772573247934,0.174364837136968
348,0.464154311336516,0.188884569174318,0.220471637257467,0.154470991130581,0.144720505822661,0.140279459933373
816,0.646729776551258,0.211875157547888,0.276626749501763,0.237166246337142,0.183967824035887,0.158822198286243
789,0.633503788623644,0.249561781327291,0.205178843545358,0.269010148553487,0.140279459933373,0.154094323280450
828,0.610516199655431,0.275669606701894,0.26336509235663,0.202303599215116,0.152618104976752,0.208860644258667
667,0.592770024376564,0.23977753355553,0.245967461561916,0.245967461561916,0.140279459933373,0.218083551882790
857,0.643205181411445,0.323575487390111,0.323575487390111,0.231177046607856,0.194724220966719,0.190154027575454
886,0.645848781067736,0.248659484023583,0.228656878414890,0.262430509724191,0.158002143279100,0.145622826217966
909,0.664329550930648,0.259638241659144,0.270905253648299,0.257786672914962,0.163123316426449,0.182778757451073
707,0.598100289370352,0.214949882112267,0.269956905233921,0.189517281185082,0.154094323280450,0.140279459933373
827,0.633503788623644,0.264301525715948,0.23977753355553,0.277585234113443,0.180448444205294,0.188884569174318
740,0.628206394540431,0.248659484023583,0.244185541162083,0.231177046607856,0.16357228121085,0.170233153496669
843,0.631738455286738,0.231177046607856,0.214175622695954,0.271855157449252,0.156008702799071,0.152256565618780
167,0.508293008226672,0.160077057692081,0.227823271636467,0.206639944148685,0.197424363331222,0.186394027664835
180,0.545397189457851,0.140279459933373,0.156400988328558,0.192088479379025,0.140279459933373,0.142147774681471
701,0.605198627992826,0.222081350052879,0.194059239855938,0.232872971194181,0.140279459933373,0.179875784505171
767,0.647610671197383,0.256863984839407,0.215727826366646,0.23033379664679,0.158410531669826,0.177071557205383
964,0.690666407645512,0.397976414823837,0.379590352485876,0.310742219942023,0.229493730258852,0.192741366843982
701,0.618483198986599,0.229493730258852,0.23977753355553,0.226992939983781,0.172268685450245,0.142423961905656
732,0.610516199655431,0.219672052767678,0.227823271636467,0.188255890082703,0.173835068385563,0.153350162717428
844,0.636150937944643,0.255943411389996,0.227823271636467,0.254108759679802,0.188884569174318,0.151542367809210
464,0.546296562840502,0.189517281185082,0.205907447843523,0.238904240888872,0.159655442358187,0.174898448025698
777,0.601650667029677,0.264301525715948,0.265239772398733,0.284329312589461,0.173835068385563,0.140279459933373
836,0.646729776551258,0.269956905233921,0.246862287018223,0.252283020211930,0.163123316426449,0.209608564537159
166,0.442671323317129,0.152618104976752,0.180448444205294,0.203016510694019,0.142147774681471,0.145319498566922
797,0.636150937944643,0.265239772398733,0.279506090033501,0.258711437790672,0.184568357977156,0.151189670120080
166,0.487250452013843,0.140279459933373,0.203016510694019,0.167772573247934,0.158002143279100,0.148801114525785
169,0.466011361565902,0.140279459933373,0.196743303664015,0.164480729737195,0.141602453589765,0.152256565618780
936,0.607858057407542,0.270905253648299,0.261497815323131,0.260567046745838,0.164940248736627,0.177624558944457
922,0.65113325749733,0.273759486818862,0.234581247743386,0.240653643199231,0.160930368981928,0.168257318749387
853,0.65201365997105,0.266179795115631,0.219672052767678,0.264301525715948,0.172268685450245,0.186394027664835
313,0.453909567952752,0.150148946700048,0.182778757451073,0.198798498578782,0.143552645462116,0.140279459933373
960,0.600763302119727,0.238904240888872,0.238033800236652,0.205178843545358,0.187010622123131,0.154094323280450
583,0.582982412426427,0.280468392646033,0.232872971194181,0.351210191887716,0.352194131843378,0.238033800236652
871,0.637915147508898,0.250466494772263,0.248659484023583,0.258711437790672,0.161797245314680,0.182190212262849
910,0.636150937944643,0.269010148553487,0.245075200706715,0.288207386188063,0.160077057692081,0.178181472416481
680,0.591881082994116,0.222081350052879,0.233725581744281,0.217294683481912,0.179307075461499,0.152618104976752
883,0.654654294039608,0.293075998312143,0.279506090033501,0.215727826366646,0.220471637257467,0.168745733831007
807,0.65113325749733,0.294052217151829,0.285297304030371,0.245075200706715,0.141066417195949,0.193398287644562
173,0.479886604427388,0.149469410107982,0.209608564537159,0.145319498566922,0.140279459933373,0.144131604573628
834,0.628206394540431,0.255943411389996,0.198109430350217,0.277585234113443,0.140279459933373,0.140279459933373
756,0.634386284250911,0.269956905233921,0.240653643199231,0.232023448734304,0.168745733831007,0.140279459933373
935,0.653774177471793,0.251373586915138,0.274713840722163,0.287236372741756,0.167291481291287,0.140279459933373
173,0.499166505254691,0.156796455796649,0.140279459933373,0.242414171861771,0.181605650010004,0.162235816543637
676,0.617598511353537,0.246862287018223,0.202303599215116,0.251373586915138,0.182190212262849,0.166814026627726
672,0.587433883900336,0.219672052767678,0.208116557082828,0.269010148553487,0.154850743467635,0.174364837136968
834,0.635268667058686,0.228656878414890,0.223704949036996,0.212638240623736,0.140279459933373,0.179307075461499
823,0.62555609967103,0.271855157449252,0.241532534498303,0.283362392853609,0.140279459933373,0.188884569174318
871,0.643205181411445,0.264301525715948,0.269010148553487,0.197424363331222,0.192741366843982,0.182778757451073
872,0.642323774366231,0.286266334773665,0.249561781327291,0.260567046745838,0.211115838461421,0.150492979148870
913,0.608744246353995,0.238033800236652,0.238904240888872,0.233725581744281,0.140279459933373,0.156796455796649
790,0.634386284250911,0.269010148553487,0.243298519444439,0.250466494772263,0.173835068385563,0.200889639762023
711,0.608744246353995,0.255024990396885,0.218876016213984,0.208116557082828,0.155233599845476,0.144720505822661
930,0.671359527115958,0.249561781327291,0.242414171861771,0.236301613614802,0.188884569174318,0.187010622123131
657,0.590102705627282,0.260567046745838,0.226165913043895,0.282396577544332,0.143266847840142,0.149807763529887
754,0.595435874427052,0.295029198942614,0.296006914761259,0.292100571713878,0.253194757033311,0.151897993103576
156,0.458572851358513,0.144720505822661,0.140279459933373,0.176522456496951,0.140279459933373,0.153720720340875
808,0.647610671197383,0.253194757033311,0.257786672914962,0.249561781327291,0.161362102255135,0.159237162188545
166,0.466011361565902,0.140279459933373,0.157597013980819,0.198798498578782,0.140279459933373,0.140279459933373
811,0.638797087949753,0.242414171861771,0.237166246337142,0.198798498578782,0.171243398019944,0.175435913518267
170,0.50099448051522,0.148471133452426,0.197424363331222,0.189517281185082,0.141333283747465,0.148801114525785
862,0.616713692539713,0.222081350052879,0.245967461561916,0.181605650010004,0.140279459933373,0.140279459933373
902,0.629089586309926,0.234581247743386,0.259638241659144,0.234581247743386,0.178181472416481,0.140279459933373
896,0.644967683931748,0.260567046745838,0.253194757033311,0.269010148553487,0.140279459933373,0.169733635746363
346,0.464154311336516,0.190794809258731,0.197424363331222,0.179875784505171,0.151189670120080,0.153350162717428
388,0.388321919900050,0.157597013980819,0.176522456496951,0.200188610986799,0.148143904307162,0.164940248736627
741,0.640560644506718,0.272806580486754,0.245967461561916,0.246862287018223,0.190794809258731,0.198109430350217
920,0.645848781067736,0.258711437790672,0.200889639762023,0.240653643199231,0.151897993103576,0.164940248736627
691,0.619367756469412,0.242414171861771,0.214949882112267,0.224521889216861,0.173835068385563,0.178742307944130
729,0.598100289370352,0.220471637257467,0.235439936165745,0.204454144375473,0.156796455796649,0.140279459933373
580,0.637915147508898,0.222081350052879,0.194724220966719,0.245075200706715,0.144424803121843,0.181605650010004
808,0.640560644506718,0.270905253648299,0.275669606701894,0.247759640188542,0.192088479379025,0.140279459933373
241,0.382505251364152,0.181605650010004,0.191439626593958,0.221274744825972,0.140279459933373,0.164940248736627
770,0.624672424998259,0.249561781327291,0.258711437790672,0.188255890082703,0.169733635746363,0.140279459933373
827,0.601650667029677,0.254108759679802,0.275669606701894,0.179307075461499,0.162677834203278,0.140279459933373
881,0.633503788623644,0.256863984839407,0.207376318697083,0.281431899695417,0.140279459933373,0.174898448025698
757,0.597212308466731,0.23033379664679,0.245967461561916,0.199491561253654,0.190794809258731,0.144131604573628
897,0.619367756469412,0.358090854945044,0.341355528691973,0.33543232376894,0.227823271636467,0.194724220966719
726,0.612287594171303,0.211115838461421,0.16357228121085,0.246862287018223,0.140279459933373,0.176522456496951
648,0.61494365721071,0.245075200706715,0.264301525715948,0.242414171861771,0.200889639762023,0.182190212262849
430,0.433254223593108,0.174898448025698,0.205907447843523,0.188884569174318,0.146237238572002,0.158410531669826
238,0.602537880906253,0.189517281185082,0.193398287644562,0.193398287644562,0.178742307944130,0.179307075461499
810,0.635268667058686,0.216509434133377,0.253194757033311,0.245075200706715,0.155619579790919,0.153720720340875
764,0.602537880906253,0.249561781327291,0.226992939983781,0.213405068833102,0.170736402643872,0.161362102255135
348,0.433254223593108,0.164480729737195,0.154850743467635,0.217294683481912,0.140279459933373,0.140279459933373
235,0.652893966371437,0.178742307944130,0.140279459933373,0.385415796280043,0.426633199381427,0.275669606701894
860,0.639678919993987,0.271855157449252,0.273759486818862,0.253194757033311,0.151542367809210,0.170736402643872
737,0.612287594171303,0.242414171861771,0.232023448734304,0.246862287018223,0.174898448025698,0.160502026996677
730,0.620252184825136,0.219672052767678,0.241532534498303,0.192088479379025,0.161797245314680,0.140279459933373
802,0.65201365997105,0.245967461561916,0.219672052767678,0.297964434643167,0.172787005806565,0.140801836156987
166,0.465083048709257,0.141066417195949,0.167291481291287,0.170233153496669,0.178742307944130,0.140279459933373
854,0.634386284250911,0.256863984839407,0.266179795115631,0.259638241659144,0.146237238572002,0.140279459933373
299,0.411406907527978,0.149469410107982,0.198109430350217,0.163123316426449,0.140279459933373,0.149469410107982
797,0.647610671197383,0.276626749501763,0.267121556704060,0.212638240623736,0.177071557205383,0.140279459933373
248,0.612287594171303,0.140279459933373,0.174898448025698,0.181025063276694,0.140279459933373,0.140279459933373
180,0.603424944919196,0.349241401529061,0.325551793923222,0.233725581744281,0.205178843545358,0.199491561253654
818,0.615828741507218,0.252283020211930,0.210360301592275,0.269010148553487,0.170736402643872,0.190154027575454
721,0.624672424998259,0.233725581744281,0.261497815323131,0.241532534498303,0.155233599845476,0.217294683481912
746,0.628206394540431,0.227823271636467,0.237166246337142,0.203733362812729,0.140279459933373,0.140279459933373
719,0.605198627992826,0.225342219919308,0.193398287644562,0.254108759679802,0.156796455796649,0.172787005806565
641,0.590102705627282,0.246862287018223,0.257786672914962,0.227823271636467,0.175977245746161,0.167291481291287
987,0.672237905577799,0.299924552865763,0.272806580486754,0.288207386188063,0.174898448025698,0.150492979148870
769,0.619367756469412,0.255943411389996,0.257786672914962,0.185172899926102,0.164024746412181,0.171754154191287
684,0.617598511353537,0.249561781327291,0.240653643199231,0.201594638931909,0.172268685450245,0.151542367809210
821,0.666966416344732,0.274713840722163,0.271855157449252,0.258711437790672,0.185781454960399,0.140279459933373
791,0.648491465815105,0.296006914761259,0.254108759679802,0.306802338059224,0.176522456496951,0.167291481291287
997,0.650252758171119,0.286266334773665,0.227823271636467,0.291125967010989,0.191439626593958,0.219672052767678
747,0.579418047575081,0.222081350052879,0.214175622695954,0.237166246337142,0.16357228121085,0.171243398019944
711,0.611401966215199,0.238904240888872,0.215727826366646,0.229493730258852,0.149469410107982,0.143840891542185
813,0.606085249352797,0.238033800236652,0.203733362812729,0.260567046745838,0.149133866930996,0.162235816543637
850,0.63703309779987,0.250466494772263,0.253194757033311,0.146237238572002,0.177624558944457,0.194059239855938
825,0.630855615748439,0.256863984839407,0.265239772398733,0.226992939983781,0.185172899926102,0.208116557082828
903,0.626439652176295,0.276626749501763,0.245075200706715,0.198798498578782,0.182190212262849,0.174898448025698
730,0.61405843859737,0.238033800236652,0.223704949036996,0.174364837136968,0.140279459933373,0.192088479379025
695,0.585653817185493,0.215727826366646,0.196066256873814,0.219672052767678,0.173309128978783,0.140279459933373
835,0.669602528491819,0.316661303992259,0.315674182764382,0.245967461561916,0.203016510694019,0.193398287644562
745,0.596324170558622,0.238033800236652,0.217294683481912,0.250466494772263,0.140279459933373,0.140279459933373
834,0.61405843859737,0.235439936165745,0.275669606701894,0.172268685450245,0.140279459933373,0.189517281185082
625,0.601650667029677,0.245075200706715,0.240653643199231,0.220471637257467,0.155619579790919,0.169733635746363
713,0.639678919993987,0.254108759679802,0.201594638931909,0.245967461561916,0.152618104976752,0.181605650010004
763,0.597212308466731,0.261497815323131,0.244185541162083,0.248659484023583,0.170736402643872,0.150492979148870
342,0.417132025922147,0.156796455796649,0.213405068833102,0.160502026996677,0.140279459933373,0.172268685450245
958,0.644086484322101,0.284329312589461,0.269956905233921,0.323575487390111,0.149133866930996,0.223704949036996
317,0.474347434968947,0.175435913518267,0.205907447843523,0.208860644258667,0.160077057692081,0.140279459933373
811,0.596324170558622,0.250466494772263,0.228656878414890,0.234581247743386,0.179875784505171,0.196743303664015
757,0.63703309779987,0.273759486818862,0.234581247743386,0.315674182764382,0.172268685450245,0.143552645462116
800,0.632621179272578,0.278545025785751,0.231177046607856,0.287236372741756,0.180448444205294,0.169733635746363
866,0.629972659733243,0.240653643199231,0.226992939983781,0.269010148553487,0.145622826217966,0.175435913518267
169,0.497337158291481,0.140279459933373,0.235439936165745,0.140279459933373,0.153350162717428,0.156796455796649
744,0.599875784998553,0.224521889216861,0.197424363331222,0.226165913043895,0.158822198286243,0.145928733232941
764,0.631738455286738,0.275669606701894,0.208860644258667,0.280468392646033,0.145018731380577,0.168745733831007
722,0.613173084606865,0.226992939983781,0.227823271636467,0.240653643199231,0.173835068385563,0.147497624383717
742,0.606085249352797,0.223704949036996,0.177071557205383,0.245967461561916,0.140279459933373,0.151189670120080
789,0.62555609967103,0.238904240888872,0.225342219919308,0.201594638931909,0.154850743467635,0.16357228121085
762,0.627323083479833,0.272806580486754,0.273759486818862,0.266179795115631,0.182190212262849,0.220471637257467
729,0.610516199655431,0.237166246337142,0.252283020211930,0.218083551882790,0.185781454960399,0.176522456496951
634,0.588323660284695,0.216509434133377,0.221274744825972,0.196743303664015,0.155619579790919,0.140279459933373
184,0.553483028327823,0.158822198286243,0.159655442358187,0.194059239855938,0.140279459933373,0.140279459933373
956,0.664329550930648,0.270905253648299,0.274713840722163,0.248659484023583,0.140279459933373,0.157195124574254
342,0.434198112267997,0.159655442358187,0.141602453589765,0.226165913043895,0.151542367809210,0.140279459933373
721,0.646729776551258,0.269010148553487,0.234581247743386,0.245967461561916,0.165869963138432,0.175435913518267
822,0.608744246353995,0.283362392853609,0.282396577544332,0.249561781327291,0.190154027575454,0.217294683481912
799,0.629972659733243,0.227823271636467,0.255024990396885,0.192088479379025,0.140279459933373,0.196066256873814
181,0.535487690890414,0.148801114525785,0.170233153496669,0.221274744825972,0.140279459933373,0.167291481291287
803,0.643205181411445,0.255943411389996,0.198109430350217,0.283362392853609,0.173835068385563,0.156400988328558
728,0.609630293401202,0.326539995183568,0.262430509724191,0.281431899695417,0.187631241909896,0.154470991130581
408,0.445487145704544,0.170233153496669,0.168745733831007,0.194724220966719,0.152618104976752,0.148471133452426
158,0.454843116219575,0.140279459933373,0.180448444205294,0.140279459933373,0.16357228121085,0.163123316426449
391,0.466939252082330,0.170233153496669,0.205907447843523,0.152982630801945,0.160930368981928,0.140279459933373
570,0.632621179272578,0.274713840722163,0.250466494772263,0.251373586915138,0.156796455796649,0.169733635746363
784,0.633503788623644,0.247759640188542,0.238033800236652,0.234581247743386,0.156400988328558,0.167772573247934
357,0.444549008408857,0.191439626593958,0.196743303664015,0.186394027664835,0.150148946700048,0.144424803121843
749,0.565130393380684,0.214949882112267,0.243298519444439,0.210360301592275,0.206639944148685,0.140279459933373
798,0.627323083479833,0.258711437790672,0.216509434133377,0.278545025785751,0.140279459933373,0.172787005806565
719,0.628206394540431,0.218083551882790,0.224521889216861,0.248659484023583,0.148801114525785,0.197424363331222
879,0.654654294039608,0.245967461561916,0.240653643199231,0.234581247743386,0.172787005806565,0.140279459933373
714,0.62555609967103,0.254108759679802,0.217294683481912,0.245075200706715,0.179875784505171,0.168257318749387
749,0.636150937944643,0.238033800236652,0.229493730258852,0.240653643199231,0.154094323280450,0.188255890082703
896,0.623788627185174,0.249561781327291,0.243298519444439,0.256863984839407,0.199491561253654,0.169733635746363
317,0.435141512434088,0.164940248736627,0.190794809258731,0.183371292540019,0.167772573247934,0.161797245314680
817,0.601650667029677,0.224521889216861,0.238904240888872,0.231177046607856,0.188884569174318,0.179307075461499
900,0.631738455286738,0.270905253648299,0.236301613614802,0.23977753355553,0.193398287644562,0.160077057692081
169,0.497337158291481,0.140279459933373,0.196743303664015,0.170233153496669,0.175435913518267,0.140279459933373
863,0.645848781067736,0.273759486818862,0.240653643199231,0.286266334773665,0.172787005806565,0.161362102255135
733,0.595435874427052,0.250466494772263,0.241532534498303,0.208860644258667,0.181025063276694,0.140279459933373
665,0.579418047575081,0.289179343702615,0.298944182722262,0.307786743279463,0.174364837136968,0.140279459933373
415,0.443610401564419,0.173309128978783,0.195393227873188,0.182778757451073,0.145928733232941,0.144131604573628
707,0.604311860230174,0.255024990396885,0.259638241659144,0.238904240888872,0.181025063276694,0.189517281185082
764,0.629972659733243,0.246862287018223,0.240653643199231,0.255024990396885,0.140279459933373,0.164024746412181
795,0.637915147508898,0.218083551882790,0.23033379664679,0.238904240888872,0.154470991130581,0.140279459933373
678,0.592770024376564,0.218876016213984,0.218083551882790,0.200188610986799,0.158410531669826,0.187010622123131
723,0.613173084606865,0.238904240888872,0.212638240623736,0.302869127130412,0.182190212262849,0.176522456496951
675,0.599875784998553,0.235439936165745,0.252283020211930,0.213405068833102,0.165403320798019,0.147819407725247
886,0.617598511353537,0.241532534498303,0.250466494772263,0.253194757033311,0.164940248736627,0.174364837136968
727,0.600763302119727,0.238033800236652,0.269010148553487,0.164940248736627,0.140279459933373,0.197424363331222
497,0.604311860230174,0.245075200706715,0.190154027575454,0.257786672914962,0.147497624383717,0.194724220966719
368,0.41331732873535,0.194724220966719,0.149133866930996,0.238033800236652,0.152256565618780,0.167291481291287
283,0.642323774366231,0.204454144375473,0.234581247743386,0.341355528691973,0.36005360357005,0.16357228121085
190,0.553483028327823,0.140279459933373,0.160930368981928,0.219672052767678,0.158002143279100,0.161362102255135
167,0.489087655334828,0.150492979148870,0.140279459933373,0.214949882112267,0.140279459933373,0.140279459933373
345,0.45297556976512,0.175977245746161,0.169237834303805,0.186394027664835,0.154094323280450,0.141066417195949
764,0.653774177471793,0.238033800236652,0.224521889216861,0.255943411389996,0.140279459933373,0.178742307944130
807,0.622904705251892,0.26336509235663,0.246862287018223,0.223704949036996,0.182190212262849,0.140279459933373
860,0.660812526368302,0.362014841934518,0.308771540986705,0.310742219942023,0.207376318697083,0.157597013980819
625,0.602537880906253,0.264301525715948,0.244185541162083,0.277585234113443,0.177624558944457,0.140279459933373
817,0.640560644506718,0.261497815323131,0.210360301592275,0.284329312589461,0.156400988328558,0.180448444205294
358,0.445487145704544,0.161362102255135,0.185781454960399,0.174364837136968,0.156400988328558,0.149807763529887
181,0.549891666487745,0.298944182722262,0.26806502014066,0.255943411389996,0.179875784505171,0.16634019279706
635,0.579418047575081,0.228656878414890,0.209608564537159,0.253194757033311,0.164024746412181,0.156796455796649
386,0.462295554374572,0.182778757451073,0.183967824035887,0.244185541162083,0.140279459933373,0.140279459933373
173,0.504646384858735,0.140279459933373,0.140279459933373,0.216509434133377,0.140279459933373,0.140279459933373
873,0.650252758171119,0.240653643199231,0.231177046607856,0.220471637257467,0.183371292540019,0.140279459933373
890,0.659933050519219,0.269956905233921,0.250466494772263,0.252283020211930,0.190794809258731,0.165403320798019
938,0.623788627185174,0.271855157449252,0.253194757033311,0.26806502014066,0.192741366843982,0.202303599215116
788,0.648491465815105,0.253194757033311,0.258711437790672,0.208116557082828,0.141873944585676,0.140279459933373
847,0.630855615748439,0.26336509235663,0.248659484023583,0.242414171861771,0.175435913518267,0.161797245314680
827,0.618483198986599,0.235439936165745,0.221274744825972,0.271855157449252,0.166814026627726,0.148471133452426
672,0.627323083479833,0.253194757033311,0.26806502014066,0.180448444205294,0.152256565618780,0.203016510694019
1013,0.643205181411445,0.273759486818862,0.243298519444439,0.23033379664679,0.147178535004063,0.140279459933373
680,0.623788627185174,0.245075200706715,0.183967824035887,0.255024990396885,0.144424803121843,0.140279459933373
676,0.615828741507218,0.240653643199231,0.213405068833102,0.267121556704060,0.157597013980819,0.216509434133377
839,0.633503788623644,0.264301525715948,0.291125967010989,0.194724220966719,0.198798498578782,0.158002143279100
352,0.454843116219575,0.165403320798019,0.141333283747465,0.244185541162083,0.140279459933373,0.172268685450245
768,0.661691913619881,0.227823271636467,0.242414171861771,0.227823271636467,0.190154027575454,0.190154027575454
894,0.653774177471793,0.256863984839407,0.238904240888872,0.269010148553487,0.143266847840142,0.170736402643872
891,0.657294084136253,0.272806580486754,0.256863984839407,0.277585234113443,0.215727826366646,0.165403320798019
791,0.626439652176295,0.300905518027404,0.287236372741756,0.259638241659144,0.184568357977156,0.198798498578782
165,0.430419611243593,0.140279459933373,0.219672052767678,0.149469410107982,0.161797245314680,0.141066417195949
919,0.605198627992826,0.262430509724191,0.241532534498303,0.246862287018223,0.164024746412181,0.169733635746363
590,0.57585075439854,0.318636108753548,0.294052217151829,0.255024990396885,0.166814026627726,0.170736402643872
884,0.637915147508898,0.249561781327291,0.270905253648299,0.242414171861771,0.140279459933373,0.173309128978783
705,0.655534316836593,0.253194757033311,0.235439936165745,0.249561781327291,0.148143904307162,0.147819407725247
740,0.631738455286738,0.233725581744281,0.224521889216861,0.240653643199231,0.177624558944457,0.148143904307162
800,0.626439652176295,0.255943411389996,0.209608564537159,0.241532534498303,0.178181472416481,0.146237238572002
733,0.622904705251892,0.244185541162083,0.229493730258852,0.225342219919308,0.154850743467635,0.140279459933373
864,0.644086484322101,0.258711437790672,0.264301525715948,0.229493730258852,0.164024746412181,0.178181472416481
737,0.615828741507218,0.222081350052879,0.201594638931909,0.232872971194181,0.140279459933373,0.162235816543637
806,0.619367756469412,0.23977753355553,0.225342219919308,0.235439936165745,0.143840891542185,0.173835068385563
950,0.658173830133798,0.269956905233921,0.276626749501763,0.254108759679802,0.147178535004063,0.140279459933373
429,0.424736999725661,0.170736402643872,0.192088479379025,0.154850743467635,0.171754154191287,0.140279459933373
887,0.631738455286738,0.226165913043895,0.249561781327291,0.238033800236652,0.140801836156987,0.140279459933373
812,0.631738455286738,0.290152214217331,0.259638241659144,0.241532534498303,0.185172899926102,0.143840891542185
764,0.646729776551258,0.244185541162083,0.274713840722163,0.220471637257467,0.186394027664835,0.159655442358187
825,0.611401966215199,0.253194757033311,0.235439936165745,0.208860644258667,0.173309128978783,0.178742307944130
937,0.671359527115958,0.282396577544332,0.278545025785751,0.26336509235663,0.154850743467635,0.162677834203278
789,0.598988114480156,0.250466494772263,0.26806502014066,0.182778757451073,0.174364837136968,0.171243398019944
798,0.632621179272578,0.258711437790672,0.233725581744281,0.234581247743386,0.175435913518267,0.167291481291287
957,0.661691913619881,0.282396577544332,0.257786672914962,0.232872971194181,0.197424363331222,0.199491561253654
818,0.632621179272578,0.294052217151829,0.255024990396885,0.298944182722262,0.192088479379025,0.196743303664015
723,0.600763302119727,0.214175622695954,0.188255890082703,0.219672052767678,0.163123316426449,0.148143904307162
329,0.50099448051522,0.160077057692081,0.169733635746363,0.227823271636467,0.140279459933373,0.183371292540019
168,0.492757675678563,0.145928733232941,0.165403320798019,0.159237162188545,0.156008702799071,0.140279459933373
158,0.454843116219575,0.140279459933373,0.194059239855938,0.160502026996677,0.140279459933373,0.147819407725247
164,0.469720411442728,0.140279459933373,0.187010622123131,0.178181472416481,0.172787005806565,0.149133866930996
826,0.619367756469412,0.269956905233921,0.265239772398733,0.248659484023583,0.156008702799071,0.163123316426449
816,0.624672424998259,0.245967461561916,0.231177046607856,0.276626749501763,0.145319498566922,0.182190212262849
705,0.622020658211421,0.266179795115631,0.249561781327291,0.26336509235663,0.175977245746161,0.150492979148870
817,0.598100289370352,0.226992939983781,0.250466494772263,0.237166246337142,0.140279459933373,0.167291481291287
768,0.636150937944643,0.248659484023583,0.298944182722262,0.209608564537159,0.150839880430613,0.168745733831007
385,0.630855615748439,0.140279459933373,0.140279459933373,0.733559014452757,0.793783664873576,0.631738455286738
240,0.599875784998553,0.157597013980819,0.170736402643872,0.202303599215116,0.140279459933373,0.178181472416481
835,0.642323774366231,0.361034414931008,0.267121556704060,0.337407372460796,0.140279459933373,0.140279459933373
709,0.615828741507218,0.258711437790672,0.222891426963376,0.205907447843523,0.152256565618780,0.188884569174318
721,0.627323083479833,0.240653643199231,0.184568357977156,0.246862287018223,0.151189670120080,0.165403320798019
184,0.539995796104345,0.162235816543637,0.199491561253654,0.140279459933373,0.140279459933373,0.140279459933373
803,0.602537880906253,0.246862287018223,0.238033800236652,0.23033379664679,0.191439626593958,0.175435913518267
599,0.572280442910804,0.319623752397046,0.248659484023583,0.269956905233921,0.188884569174318,0.178181472416481
180,0.564235724377818,0.214175622695954,0.140279459933373,0.619367756469412,0.679262118185675,0.506470348170507
198,0.489087655334828,0.140279459933373,0.140279459933373,0.224521889216861,0.141602453589765,0.191439626593958
840,0.634386284250911,0.279506090033501,0.238033800236652,0.258711437790672,0.194724220966719,0.141602453589765
627,0.58030940985411,0.231177046607856,0.205907447843523,0.237166246337142,0.150492979148870,0.191439626593958
653,0.615828741507218,0.207376318697083,0.218876016213984,0.224521889216861,0.161362102255135,0.151189670120080
200,0.565130393380684,0.174364837136968,0.169237834303805,0.201594638931909,0.156796455796649,0.140279459933373
353,0.427580548847338,0.165869963138432,0.166814026627726,0.195393227873188,0.140279459933373,0.140279459933373
746,0.595435874427052,0.245075200706715,0.213405068833102,0.218083551882790,0.182190212262849,0.141333283747465
862,0.610516199655431,0.297964434643167,0.248659484023583,0.290152214217331,0.181605650010004,0.195393227873188
850,0.623788627185174,0.257786672914962,0.275669606701894,0.212638240623736,0.148143904307162,0.169733635746363
898,0.623788627185174,0.305818349289740,0.293075998312143,0.206639944148685,0.200889639762023,0.210360301592275
753,0.749285948067872,0.358090854945044,0.308771540986705,0.423788147113161,0.415225700022613,0.217294683481912
836,0.634386284250911,0.254108759679802,0.245967461561916,0.254108759679802,0.155619579790919,0.140279459933373
307,0.452041119617036,0.16357228121085,0.206639944148685,0.168745733831007,0.172268685450245,0.144720505822661
728,0.603424944919196,0.227823271636467,0.214175622695954,0.220471637257467,0.140279459933373,0.164940248736627
819,0.622020658211421,0.251373586915138,0.218876016213984,0.271855157449252,0.173835068385563,0.140279459933373
319,0.528260989528785,0.194724220966719,0.179307075461499,0.190794809258731,0.140801836156987,0.140279459933373
830,0.656414246618719,0.252283020211930,0.264301525715948,0.211875157547888,0.199491561253654,0.189517281185082
705,0.572280442910804,0.309756707604237,0.288207386188063,0.203733362812729,0.179307075461499,0.144720505822661
777,0.613173084606865,0.23977753355553,0.234581247743386,0.234581247743386,0.164024746412181,0.187631241909896
203,0.572280442910804,0.16357228121085,0.220471637257467,0.216509434133377,0.140279459933373,0.146862120354825
710,0.617598511353537,0.254108759679802,0.211115838461421,0.260567046745838,0.175977245746161,0.170233153496669
708,0.587433883900336,0.245075200706715,0.214949882112267,0.232872971194181,0.155619579790919,0.206639944148685
730,0.655534316836593,0.250466494772263,0.216509434133377,0.226165913043895,0.16634019279706,0.164940248736627
678,0.611401966215199,0.241532534498303,0.210360301592275,0.276626749501763,0.140279459933373,0.173835068385563
840,0.660812526368302,0.264301525715948,0.238033800236652,0.236301613614802,0.148143904307162,0.140279459933373
184,0.557070755717787,0.140279459933373,0.155619579790919,0.211875157547888,0.145319498566922,0.173309128978783
759,0.623788627185174,0.279506090033501,0.232023448734304,0.232872971194181,0.190154027575454,0.190154027575454
878,0.59099197716754,0.23033379664679,0.216509434133377,0.260567046745838,0.153720720340875,0.150492979148870
831,0.637915147508898,0.276626749501763,0.255943411389996,0.233725581744281,0.159655442358187,0.205178843545358
727,0.613173084606865,0.238033800236652,0.175435913518267,0.26336509235663,0.150148946700048,0.140279459933373
808,0.655534316836593,0.286266334773665,0.232872971194181,0.260567046745838,0.187010622123131,0.205178843545358
834,0.626439652176295,0.243298519444439,0.218876016213984,0.245075200706715,0.151542367809210,0.140279459933373
717,0.619367756469412,0.224521889216861,0.190154027575454,0.249561781327291,0.163123316426449,0.201594638931909
682,0.608744246353995,0.208860644258667,0.226165913043895,0.190794809258731,0.162677834203278,0.171754154191287
676,0.632621179272578,0.273759486818862,0.296985336054750,0.222081350052879,0.187010622123131,0.199491561253654
325,0.458572851358513,0.187010622123131,0.170233153496669,0.201594638931909,0.170233153496669,0.140279459933373
224,0.429473753439024,0.159237162188545,0.190794809258731,0.172268685450245,0.140279459933373,0.149469410107982
675,0.624672424998259,0.296985336054750,0.289179343702615,0.285297304030371,0.179307075461499,0.172268685450245
824,0.642323774366231,0.296006914761259,0.235439936165745,0.285297304030371,0.14298348025674,0.184568357977156
552,0.565130393380684,0.185172899926102,0.193398287644562,0.264301525715948,0.150148946700048,0.147819407725247
779,0.585653817185493,0.203733362812729,0.190154027575454,0.253194757033311,0.154470991130581,0.156796455796649
173,0.522829369551227,0.140279459933373,0.146548361254107,0.254108759679802,0.140279459933373,0.143552645462116
804,0.653774177471793,0.255024990396885,0.259638241659144,0.212638240623736,0.183967824035887,0.238033800236652
740,0.643205181411445,0.246862287018223,0.223704949036996,0.267121556704060,0.150492979148870,0.140279459933373
808,0.635268667058686,0.247759640188542,0.232023448734304,0.248659484023583,0.140279459933373,0.177071557205383
699,0.629972659733243,0.236301613614802,0.214949882112267,0.235439936165745,0.156796455796649,0.140279459933373
671,0.61494365721071,0.224521889216861,0.166814026627726,0.234581247743386,0.159655442358187,0.140279459933373
628,0.593658802575914,0.250466494772263,0.278545025785751,0.214175622695954,0.167772573247934,0.140279459933373
945,0.636150937944643,0.277585234113443,0.240653643199231,0.26806502014066,0.153350162717428,0.147819407725247
709,0.623788627185174,0.215727826366646,0.214175622695954,0.225342219919308,0.147819407725247,0.140279459933373
914,0.630855615748439,0.250466494772263,0.266179795115631,0.164024746412181,0.173309128978783,0.190154027575454
791,0.631738455286738,0.26336509235663,0.253194757033311,0.271855157449252,0.153720720340875,0.193398287644562
758,0.615828741507218,0.245967461561916,0.156008702799071,0.237166246337142,0.140279459933373,0.146237238572002
772,0.61405843859737,0.222081350052879,0.219672052767678,0.186394027664835,0.174898448025698,0.140279459933373
823,0.641442262346675,0.315674182764382,0.279506090033501,0.265239772398733,0.177071557205383,0.192088479379025
761,0.646729776551258,0.270905253648299,0.241532534498303,0.215727826366646,0.169237834303805,0.171243398019944
715,0.574065981658382,0.534585290557682,0.515570951288053,0.539995796104345,0.441731771836077,0.397976414823837
679,0.62555609967103,0.250466494772263,0.226992939983781,0.274713840722163,0.169733635746363,0.16357228121085
710,0.611401966215199,0.264301525715948,0.254108759679802,0.226992939983781,0.14298348025674,0.140279459933373
812,0.635268667058686,0.262430509724191,0.250466494772263,0.194059239855938,0.186394027664835,0.140279459933373
810,0.624672424998259,0.216509434133377,0.253194757033311,0.201594638931909,0.158410531669826,0.174898448025698
594,0.608744246353995,0.23033379664679,0.240653643199231,0.209608564537159,0.16634019279706,0.147497624383717
848,0.653774177471793,0.276626749501763,0.250466494772263,0.255024990396885,0.193398287644562,0.158822198286243
909,0.644086484322101,0.259638241659144,0.272806580486754,0.198109430350217,0.172787005806565,0.175977245746161
751,0.606085249352797,0.276626749501763,0.287236372741756,0.198109430350217,0.184568357977156,0.140279459933373
725,0.613173084606865,0.218083551882790,0.236301613614802,0.233725581744281,0.159237162188545,0.175435913518267
673,0.574065981658382,0.208860644258667,0.198109430350217,0.238904240888872,0.149469410107982,0.140279459933373
704,0.601650667029677,0.226165913043895,0.246862287018223,0.232872971194181,0.152256565618780,0.140279459933373
706,0.635268667058686,0.281431899695417,0.238033800236652,0.220471637257467,0.144424803121843,0.200889639762023
232,0.605198627992826,0.168745733831007,0.182190212262849,0.178742307944130,0.16357228121085,0.197424363331222
730,0.574065981658382,0.295029198942614,0.269010148553487,0.291125967010989,0.140279459933373,0.178742307944130
798,0.643205181411445,0.238033800236652,0.258711437790672,0.246862287018223,0.172787005806565,0.140279459933373
718,0.596324170558622,0.220471637257467,0.194059239855938,0.254108759679802,0.154850743467635,0.140279459933373
819,0.660812526368302,0.258711437790672,0.276626749501763,0.237166246337142,0.147497624383717,0.140279459933373
767,0.606971725447777,0.265239772398733,0.196066256873814,0.254108759679802,0.184568357977156,0.189517281185082
782,0.608744246353995,0.227823271636467,0.260567046745838,0.244185541162083,0.140279459933373,0.152256565618780
919,0.627323083479833,0.277585234113443,0.256863984839407,0.269956905233921,0.145319498566922,0.140279459933373
398,0.458572851358513,0.175977245746161,0.180448444205294,0.175977245746161,0.158002143279100,0.152256565618780
184,0.545397189457851,0.140279459933373,0.160077057692081,0.182778757451073,0.140279459933373,0.142147774681471
689,0.610516199655431,0.242414171861771,0.240653643199231,0.183371292540019,0.161797245314680,0.140279459933373
758,0.598100289370352,0.222891426963376,0.236301613614802,0.228656878414890,0.140279459933373,0.144424803121843
634,0.644967683931748,0.243298519444439,0.232872971194181,0.181025063276694,0.177071557205383,0.175435913518267
873,0.638797087949753,0.265239772398733,0.273759486818862,0.259638241659144,0.140279459933373,0.143840891542185
735,0.59454741884471,0.279506090033501,0.255943411389996,0.270905253648299,0.182190212262849,0.165403320798019
807,0.616713692539713,0.286266334773665,0.246862287018223,0.292100571713878,0.180448444205294,0.165403320798019
559,0.599875784998553,0.26806502014066,0.280468392646033,0.257786672914962,0.188884569174318,0.14298348025674
269,0.429473753439024,0.182778757451073,0.203016510694019,0.199491561253654,0.141333283747465,0.164024746412181
718,0.623788627185174,0.249561781327291,0.266179795115631,0.187631241909896,0.176522456496951,0.140279459933373
171,0.506470348170507,0.140539522938054,0.140279459933373,0.240653643199231,0.140279459933373,0.177624558944457
796,0.62555609967103,0.266179795115631,0.251373586915138,0.295029198942614,0.16634019279706,0.172787005806565
681,0.601650667029677,0.227823271636467,0.213405068833102,0.233725581744281,0.140279459933373,0.140279459933373
700,0.623788627185174,0.225342219919308,0.217294683481912,0.234581247743386,0.141066417195949,0.156796455796649
745,0.629089586309926,0.252283020211930,0.171243398019944,0.299924552865763,0.154470991130581,0.183371292540019
683,0.637915147508898,0.269010148553487,0.246862287018223,0.272806580486754,0.152256565618780,0.160930368981928
220,0.493674279807102,0.182778757451073,0.197424363331222,0.174364837136968,0.140279459933373,0.177071557205383
787,0.619367756469412,0.252283020211930,0.219672052767678,0.255024990396885,0.142702524367706,0.186394027664835
943,0.648491465815105,0.280468392646033,0.260567046745838,0.218083551882790,0.180448444205294,0.156796455796649
797,0.660812526368302,0.234581247743386,0.279506090033501,0.182778757451073,0.154470991130581,0.188255890082703
816,0.608744246353995,0.234581247743386,0.199491561253654,0.271855157449252,0.162235816543637,0.173835068385563
405,0.448298759169222,0.16634019279706,0.173835068385563,0.191439626593958,0.154470991130581,0.140279459933373
699,0.634386284250911,0.238033800236652,0.223704949036996,0.255024990396885,0.140279459933373,0.166814026627726
337,0.455776216619560,0.181605650010004,0.182778757451073,0.206639944148685,0.140279459933373,0.140279459933373
830,0.61405843859737,0.241532534498303,0.271855157449252,0.256863984839407,0.142423961905656,0.175977245746161
651,0.593658802575914,0.202303599215116,0.229493730258852,0.247759640188542,0.14298348025674,0.141873944585676
699,0.605198627992826,0.228656878414890,0.172787005806565,0.257786672914962,0.140279459933373,0.140279459933373
851,0.616713692539713,0.237166246337142,0.208116557082828,0.195393227873188,0.160077057692081,0.148801114525785
294,0.562445761046978,0.151542367809210,0.160930368981928,0.200889639762023,0.140279459933373,0.140279459933373
961,0.63703309779987,0.23033379664679,0.256863984839407,0.222891426963376,0.173835068385563,0.140279459933373
571,0.59099197716754,0.247759640188542,0.266179795115631,0.243298519444439,0.170736402643872,0.194724220966719
590,0.639678919993987,0.228656878414890,0.232872971194181,0.218083551882790,0.140279459933373,0.142147774681471
343,0.466939252082330,0.187010622123131,0.203016510694019,0.161797245314680,0.140279459933373,0.169733635746363
729,0.605198627992826,0.201594638931909,0.206639944148685,0.186394027664835,0.192741366843982,0.154470991130581
714,0.653774177471793,0.231177046607856,0.209608564537159,0.245075200706715,0.170736402643872,0.172787005806565
783,0.647610671197383,0.241532534498303,0.232023448734304,0.243298519444439,0.185172899926102,0.168745733831007
181,0.573173308757861,0.147819407725247,0.160502026996677,0.211115838461421,0.14298348025674,0.147178535004063
163,0.465083048709257,0.140279459933373,0.215727826366646,0.140539522938054,0.140279459933373,0.140279459933373
725,0.618483198986599,0.249561781327291,0.227823271636467,0.207376318697083,0.156796455796649,0.154850743467635
722,0.590102705627282,0.222891426963376,0.237166246337142,0.229493730258852,0.141066417195949,0.140279459933373
790,0.626439652176295,0.238904240888872,0.203733362812729,0.213405068833102,0.16634019279706,0.148143904307162
734,0.622020658211421,0.241532534498303,0.255943411389996,0.256863984839407,0.151189670120080,0.140279459933373
603,0.657294084136253,0.251373586915138,0.235439936165745,0.232023448734304,0.196066256873814,0.189517281185082
815,0.654654294039608,0.318636108753548,0.270905253648299,0.264301525715948,0.168745733831007,0.182190212262849
375,0.704687005870158,0.259638241659144,0.149469410107982,0.479886604427388,0.513753336846181,0.354161056920203
179,0.40566331506169,0.226165913043895,0.238904240888872,0.190154027575454,0.168257318749387,0.140279459933373
732,0.634386284250911,0.26806502014066,0.232872971194181,0.221274744825972,0.188884569174318,0.173835068385563
868,0.633503788623644,0.258711437790672,0.276626749501763,0.238033800236652,0.158822198286243,0.179875784505171
147,0.425685350085428,0.140279459933373,0.180448444205294,0.189517281185082,0.160930368981928,0.140279459933373
816,0.629972659733243,0.255024990396885,0.205907447843523,0.245967461561916,0.151897993103576,0.151897993103576
801,0.634386284250911,0.251373586915138,0.207376318697083,0.249561781327291,0.164480729737195,0.145928733232941
542,0.486331294331022,0.197424363331222,0.196066256873814,0.190794809258731,0.147819407725247,0.140279459933373
758,0.622020658211421,0.241532534498303,0.23033379664679,0.232872971194181,0.196743303664015,0.196066256873814
309,0.414271770359505,0.154470991130581,0.196743303664015,0.177071557205383,0.140279459933373,0.151542367809210
727,0.588323660284695,0.228656878414890,0.190794809258731,0.235439936165745,0.159655442358187,0.140279459933373
751,0.638797087949753,0.257786672914962,0.219672052767678,0.251373586915138,0.163123316426449,0.186394027664835
860,0.637915147508898,0.271855157449252,0.225342219919308,0.274713840722163,0.183967824035887,0.182190212262849
751,0.610516199655431,0.218876016213984,0.245075200706715,0.282396577544332,0.164940248736627,0.140279459933373
156,0.345300444024283,0.140279459933373,0.188255890082703,0.187010622123131,0.140279459933373,0.140279459933373
870,0.616713692539713,0.255943411389996,0.294052217151829,0.231177046607856,0.208116557082828,0.164024746412181
952,0.629972659733243,0.288207386188063,0.270905253648299,0.284329312589461,0.168745733831007,0.169237834303805
749,0.61405843859737,0.241532534498303,0.236301613614802,0.204454144375473,0.170736402643872,0.182778757451073
817,0.622904705251892,0.233725581744281,0.265239772398733,0.226165913043895,0.144131604573628,0.155619579790919
328,0.566024855998128,0.240653643199231,0.200188610986799,0.278545025785751,0.212638240623736,0.163123316426449
795,0.650252758171119,0.251373586915138,0.238904240888872,0.229493730258852,0.151189670120080,0.140279459933373
698,0.647610671197383,0.247759640188542,0.250466494772263,0.226165913043895,0.178181472416481,0.225342219919308
788,0.611401966215199,0.229493730258852,0.202303599215116,0.253194757033311,0.164480729737195,0.179875784505171
776,0.634386284250911,0.271855157449252,0.251373586915138,0.277585234113443,0.174898448025698,0.176522456496951
722,0.600763302119727,0.218876016213984,0.238033800236652,0.184568357977156,0.178742307944130,0.140279459933373
749,0.617598511353537,0.245075200706715,0.267121556704060,0.207376318697083,0.140279459933373,0.166814026627726
176,0.527356424038935,0.140279459933373,0.172787005806565,0.157195124574254,0.140279459933373,0.140801836156987
422,0.441731771836077,0.157195124574254,0.156008702799071,0.206639944148685,0.140279459933373,0.150148946700048
166,0.462295554374572,0.140279459933373,0.177624558944457,0.159237162188545,0.140279459933373,0.140279459933373
791,0.603424944919196,0.213405068833102,0.226165913043895,0.202303599215116,0.158822198286243,0.140279459933373
682,0.611401966215199,0.225342219919308,0.237166246337142,0.209608564537159,0.160502026996677,0.151897993103576
760,0.686281552185454,0.273759486818862,0.245075200706715,0.277585234113443,0.145319498566922,0.176522456496951
976,0.645848781067736,0.289179343702615,0.272806580486754,0.289179343702615,0.185781454960399,0.140279459933373
829,0.648491465815105,0.331480818156256,0.288207386188063,0.289179343702615,0.191439626593958,0.176522456496951
612,0.588323660284695,0.281431899695417,0.290152214217331,0.248659484023583,0.167772573247934,0.158002143279100
904,0.632621179272578,0.314687276192053,0.284329312589461,0.266179795115631,0.200188610986799,0.156008702799071
772,0.65201365997105,0.283362392853609,0.279506090033501,0.202303599215116,0.212638240623736,0.175977245746161
181,0.525546453481271,0.143552645462116,0.172787005806565,0.204454144375473,0.144424803121843,0.157195124574254
743,0.629089586309926,0.260567046745838,0.241532534498303,0.240653643199231,0.173835068385563,0.164480729737195
815,0.622904705251892,0.222891426963376,0.276626749501763,0.256863984839407,0.149133866930996,0.209608564537159
742,0.613173084606865,0.229493730258852,0.261497815323131,0.227823271636467,0.169733635746363,0.208116557082828
717,0.623788627185174,0.222891426963376,0.201594638931909,0.247759640188542,0.168257318749387,0.170233153496669
769,0.622904705251892,0.252283020211930,0.257786672914962,0.265239772398733,0.188884569174318,0.156796455796649
687,0.635268667058686,0.240653643199231,0.224521889216861,0.250466494772263,0.151189670120080,0.153350162717428
607,0.606085249352797,0.274713840722163,0.252283020211930,0.276626749501763,0.165869963138432,0.140279459933373
201,0.629972659733243,0.140279459933373,0.140279459933373,0.59454741884471,0.652893966371437,0.478041795094857
841,0.604311860230174,0.231177046607856,0.221274744825972,0.221274744825972,0.147819407725247,0.189517281185082
728,0.59454741884471,0.231177046607856,0.240653643199231,0.201594638931909,0.194059239855938,0.143552645462116
171,0.487250452013843,0.144424803121843,0.16634019279706,0.211115838461421,0.140279459933373,0.184568357977156
735,0.63703309779987,0.232872971194181,0.262430509724191,0.243298519444439,0.164480729737195,0.161362102255135
736,0.582982412426427,0.237166246337142,0.213405068833102,0.205178843545358,0.151542367809210,0.140279459933373
383,0.448298759169222,0.164024746412181,0.183967824035887,0.198109430350217,0.148471133452426,0.185781454960399
607,0.562445761046978,0.319623752397046,0.26336509235663,0.284329312589461,0.196066256873814,0.152256565618780
852,0.648491465815105,0.267121556704060,0.274713840722163,0.236301613614802,0.175435913518267,0.173835068385563
666,0.619367756469412,0.246862287018223,0.211115838461421,0.178742307944130,0.16634019279706,0.160930368981928
876,0.616713692539713,0.245075200706715,0.273759486818862,0.162235816543637,0.164024746412181,0.140279459933373
672,0.598100289370352,0.196066256873814,0.159655442358187,0.203016510694019,0.140279459933373,0.143266847840142
826,0.629089586309926,0.283362392853609,0.227823271636467,0.237166246337142,0.173309128978783,0.140279459933373
792,0.660812526368302,0.232872971194181,0.242414171861771,0.255943411389996,0.177071557205383,0.198109430350217
812,0.620252184825136,0.26336509235663,0.238033800236652,0.281431899695417,0.140279459933373,0.164480729737195
866,0.652893966371437,0.272806580486754,0.219672052767678,0.270905253648299,0.205907447843523,0.148801114525785
914,0.657294084136253,0.365932579194558,0.35612665264182,0.334444602573969,0.258711437790672,0.242414171861771
912,0.643205181411445,0.266179795115631,0.272806580486754,0.254108759679802,0.161362102255135,0.181605650010004
873,0.647610671197383,0.250466494772263,0.269010148553487,0.232872971194181,0.170233153496669,0.140279459933373
795,0.626439652176295,0.237166246337142,0.260567046745838,0.196066256873814,0.167772573247934,0.151189670120080
588,0.566024855998128,0.213405068833102,0.197424363331222,0.225342219919308,0.164024746412181,0.192741366843982
875,0.634386284250911,0.276626749501763,0.288207386188063,0.262430509724191,0.155619579790919,0.179875784505171
778,0.61405843859737,0.252283020211930,0.213405068833102,0.283362392853609,0.140279459933373,0.16357228121085
806,0.633503788623644,0.330492731245164,0.274713840722163,0.314687276192053,0.172268685450245,0.196066256873814
681,0.629972659733243,0.277585234113443,0.269956905233921,0.281431899695417,0.177071557205383,0.140279459933373
409,0.437968797820157,0.154094323280450,0.146862120354825,0.216509434133377,0.140279459933373,0.190154027575454
775,0.617598511353537,0.213405068833102,0.193398287644562,0.235439936165745,0.150492979148870,0.175435913518267
862,0.644086484322101,0.254108759679802,0.269956905233921,0.218083551882790,0.160077057692081,0.184568357977156
794,0.653774177471793,0.240653643199231,0.296006914761259,0.165403320798019,0.151897993103576,0.140279459933373
850,0.612287594171303,0.236301613614802,0.224521889216861,0.23033379664679,0.140279459933373,0.140279459933373
806,0.588323660284695,0.232023448734304,0.187631241909896,0.245967461561916,0.151897993103576,0.196743303664015
740,0.638797087949753,0.254108759679802,0.244185541162083,0.238033800236652,0.140279459933373,0.212638240623736
767,0.600763302119727,0.302869127130412,0.320611530912211,0.296006914761259,0.221274744825972,0.175977245746161
697,0.622904705251892,0.227823271636467,0.236301613614802,0.215727826366646,0.162235816543637,0.152618104976752
1001,0.669602528491819,0.293075998312143,0.294052217151829,0.244185541162083,0.160502026996677,0.161797245314680
723,0.61494365721071,0.238033800236652,0.233725581744281,0.212638240623736,0.151542367809210,0.153720720340875
818,0.629089586309926,0.221274744825972,0.218083551882790,0.248659484023583,0.156796455796649,0.161362102255135
354,0.423788147113161,0.179875784505171,0.16634019279706,0.198798498578782,0.140279459933373,0.143840891542185
860,0.653774177471793,0.287236372741756,0.238904240888872,0.267121556704060,0.172787005806565,0.172787005806565
800,0.606971725447777,0.235439936165745,0.219672052767678,0.223704949036996,0.151189670120080,0.146862120354825
704,0.618483198986599,0.233725581744281,0.267121556704060,0.210360301592275,0.16634019279706,0.193398287644562
756,0.611401966215199,0.251373586915138,0.243298519444439,0.288207386188063,0.145928733232941,0.170736402643872
693,0.593658802575914,0.272806580486754,0.277585234113443,0.207376318697083,0.177071557205383,0.192088479379025
721,0.609630293401202,0.352194131843378,0.322587416871138,0.290152214217331,0.208860644258667,0.151542367809210
154,0.440791745314472,0.140279459933373,0.149469410107982,0.226165913043895,0.145018731380577,0.16357228121085
861,0.643205181411445,0.26806502014066,0.238033800236652,0.261497815323131,0.161362102255135,0.140279459933373
704,0.608744246353995,0.265239772398733,0.237166246337142,0.255024990396885,0.178742307944130,0.154470991130581
957,0.654654294039608,0.286266334773665,0.23977753355553,0.241532534498303,0.155619579790919,0.147178535004063
167,0.477118801080669,0.147497624383717,0.200889639762023,0.140279459933373,0.177071557205383,0.170233153496669
721,0.61494365721071,0.218083551882790,0.168257318749387,0.234581247743386,0.140279459933373,0.140279459933373
162,0.462295554374572,0.145319498566922,0.200188610986799,0.234581247743386,0.140279459933373,0.146548361254107
695,0.622904705251892,0.244185541162083,0.23977753355553,0.218083551882790,0.140279459933373,0.146237238572002
296,0.452041119617036,0.145928733232941,0.192741366843982,0.204454144375473,0.162677834203278,0.140279459933373
352,0.438910260048710,0.184568357977156,0.227823271636467,0.155233599845476,0.175435913518267,0.165403320798019
787,0.629972659733243,0.234581247743386,0.244185541162083,0.222891426963376,0.171243398019944,0.158002143279100
237,0.487250452013843,0.140279459933373,0.186394027664835,0.165869963138432,0.140279459933373,0.156796455796649
806,0.640560644506718,0.255024990396885,0.245967461561916,0.226165913043895,0.185781454960399,0.150148946700048
958,0.66608754581422,0.300905518027404,0.279506090033501,0.295029198942614,0.190794809258731,0.140279459933373
468,0.662571212990782,0.269010148553487,0.285297304030371,0.276626749501763,0.271855157449252,0.173835068385563
161,0.464154311336516,0.142423961905656,0.140279459933373,0.208860644258667,0.140279459933373,0.179307075461499
748,0.62555609967103,0.227823271636467,0.218083551882790,0.185172899926102,0.167291481291287,0.150492979148870
674,0.616713692539713,0.266179795115631,0.208860644258667,0.26806502014066,0.172787005806565,0.151189670120080
803,0.629089586309926,0.269010148553487,0.238033800236652,0.273759486818862,0.144131604573628,0.171754154191287
768,0.649372161207369,0.260567046745838,0.224521889216861,0.203733362812729,0.179307075461499,0.140279459933373
792,0.629972659733243,0.257786672914962,0.267121556704060,0.282396577544332,0.178742307944130,0.140279459933373
685,0.609630293401202,0.226165913043895,0.225342219919308,0.234581247743386,0.156796455796649,0.140279459933373
908,0.664329550930648,0.275669606701894,0.272806580486754,0.295029198942614,0.172787005806565,0.166814026627726
746,0.616713692539713,0.319623752397046,0.290152214217331,0.301887051542692,0.212638240623736,0.140279459933373
784,0.61494365721071,0.249561781327291,0.227823271636467,0.198798498578782,0.161362102255135,0.165869963138432
184,0.558863289375474,0.140279459933373,0.184568357977156,0.203016510694019,0.140279459933373,0.140279459933373
870,0.643205181411445,0.246862287018223,0.214175622695954,0.270905253648299,0.146862120354825,0.146237238572002
750,0.611401966215199,0.252283020211930,0.232023448734304,0.249561781327291,0.164480729737195,0.140279459933373
352,0.456708871220304,0.190154027575454,0.167772573247934,0.209608564537159,0.140279459933373,0.157195124574254
760,0.616713692539713,0.23033379664679,0.238033800236652,0.198109430350217,0.140539522938054,0.140279459933373
465,0.681894949187986,0.287236372741756,0.237166246337142,0.260567046745838,0.143266847840142,0.181025063276694
775,0.617598511353537,0.296006914761259,0.26336509235663,0.279506090033501,0.189517281185082,0.188255890082703
630,0.615828741507218,0.244185541162083,0.204454144375473,0.222891426963376,0.159237162188545,0.140279459933373
765,0.610516199655431,0.201594638931909,0.200889639762023,0.183371292540019,0.140279459933373,0.201594638931909
712,0.561550463611059,0.221274744825972,0.224521889216861,0.185172899926102,0.165869963138432,0.176522456496951
708,0.589213267095234,0.222081350052879,0.212638240623736,0.211115838461421,0.161797245314680,0.189517281185082
648,0.611401966215199,0.280468392646033,0.305818349289740,0.237166246337142,0.191439626593958,0.165403320798019
912,0.644086484322101,0.247759640188542,0.207376318697083,0.275669606701894,0.180448444205294,0.14298348025674
224,0.605198627992826,0.140279459933373,0.164940248736627,0.179875784505171,0.150492979148870,0.173835068385563
613,0.589213267095234,0.307786743279463,0.265239772398733,0.283362392853609,0.165869963138432,0.141873944585676
741,0.63703309779987,0.258711437790672,0.200188610986799,0.276626749501763,0.140279459933373,0.143266847840142
295,0.492757675678563,0.194059239855938,0.196066256873814,0.189517281185082,0.140279459933373,0.140279459933373
724,0.589213267095234,0.218083551882790,0.218876016213984,0.235439936165745,0.161797245314680,0.146548361254107
622,0.607858057407542,0.225342219919308,0.183371292540019,0.249561781327291,0.140279459933373,0.163123316426449
674,0.61405843859737,0.196743303664015,0.222891426963376,0.207376318697083,0.173309128978783,0.197424363331222
192,0.662571212990782,0.226165913043895,0.238033800236652,0.307786743279463,0.33543232376894,0.192088479379025
772,0.620252184825136,0.304834801321944,0.306802338059224,0.253194757033311,0.188255890082703,0.158822198286243
634,0.591881082994116,0.222891426963376,0.222081350052879,0.218083551882790,0.147819407725247,0.179875784505171
676,0.613173084606865,0.232872971194181,0.238904240888872,0.218876016213984,0.152256565618780,0.140279459933373
714,0.59454741884471,0.205178843545358,0.177071557205383,0.277585234113443,0.140279459933373,0.140279459933373
783,0.629089586309926,0.249561781327291,0.231177046607856,0.258711437790672,0.181025063276694,0.167291481291287
329,0.463225147278761,0.173309128978783,0.196743303664015,0.196066256873814,0.151189670120080,0.140279459933373
752,0.621136485069615,0.242414171861771,0.208116557082828,0.271855157449252,0.165403320798019,0.178181472416481
831,0.606085249352797,0.294052217151829,0.296985336054750,0.265239772398733,0.211875157547888,0.148143904307162
728,0.592770024376564,0.218876016213984,0.222891426963376,0.278545025785751,0.182190212262849,0.151897993103576
175,0.536389829011528,0.140279459933373,0.180448444205294,0.165869963138432,0.163123316426449,0.140279459933373
802,0.655534316836593,0.240653643199231,0.208860644258667,0.241532534498303,0.140279459933373,0.140279459933373
789,0.626439652176295,0.248659484023583,0.259638241659144,0.257786672914962,0.164480729737195,0.165869963138432
388,0.456708871220304,0.193398287644562,0.211115838461421,0.168745733831007,0.142147774681471,0.140279459933373
727,0.63703309779987,0.274713840722163,0.253194757033311,0.285297304030371,0.175435913518267,0.177624558944457
663,0.622020658211421,0.23033379664679,0.200889639762023,0.218083551882790,0.177071557205383,0.149133866930996
831,0.66608754581422,0.243298519444439,0.275669606701894,0.246862287018223,0.182190212262849,0.140279459933373
716,0.619367756469412,0.229493730258852,0.189517281185082,0.244185541162083,0.140279459933373,0.158410531669826
681,0.581200590507501,0.228656878414890,0.189517281185082,0.223704949036996,0.148471133452426,0.140279459933373
848,0.634386284250911,0.255943411389996,0.265239772398733,0.242414171861771,0.154470991130581,0.194724220966719
820,0.644086484322101,0.269956905233921,0.258711437790672,0.269010148553487,0.152982630801945,0.183967824035887
359,0.447362019176649,0.211115838461421,0.209608564537159,0.223704949036996,0.140279459933373,0.164480729737195
822,0.607858057407542,0.237166246337142,0.211115838461421,0.184568357977156,0.150148946700048,0.170736402643872
848,0.624672424998259,0.254108759679802,0.258711437790672,0.222891426963376,0.175977245746161,0.207376318697083
641,0.601650667029677,0.222081350052879,0.232872971194181,0.264301525715948,0.176522456496951,0.156796455796649
800,0.672237905577799,0.255024990396885,0.248659484023583,0.229493730258852,0.16357228121085,0.178181472416481
167,0.482650905054512,0.150492979148870,0.140279459933373,0.211115838461421,0.164024746412181,0.140279459933373
886,0.670481068306923,0.288207386188063,0.282396577544332,0.228656878414890,0.190794809258731,0.140279459933373
916,0.660812526368302,0.254108759679802,0.232872971194181,0.240653643199231,0.146237238572002,0.170736402643872
738,0.639678919993987,0.249561781327291,0.211115838461421,0.220471637257467,0.140279459933373,0.194059239855938
169,0.497337158291481,0.144424803121843,0.150492979148870,0.206639944148685,0.151542367809210,0.140279459933373
693,0.619367756469412,0.226992939983781,0.254108759679802,0.183967824035887,0.143266847840142,0.160930368981928
951,0.68715866078394,0.270905253648299,0.277585234113443,0.275669606701894,0.140279459933373,0.140279459933373
1017,0.623788627185174,0.282396577544332,0.284329312589461,0.32159942528535,0.146862120354825,0.173309128978783
644,0.613173084606865,0.238033800236652,0.254108759679802,0.269956905233921,0.184568357977156,0.145622826217966
186,0.552585532749393,0.140279459933373,0.177071557205383,0.169237834303805,0.140279459933373,0.170233153496669
934,0.626439652176295,0.328516409471957,0.312714190948075,0.290152214217331,0.223704949036996,0.164024746412181
727,0.634386284250911,0.221274744825972,0.228656878414890,0.198109430350217,0.177624558944457,0.204454144375473
786,0.622904705251892,0.216509434133377,0.253194757033311,0.269956905233921,0.153720720340875,0.148143904307162
724,0.622904705251892,0.206639944148685,0.223704949036996,0.226165913043895,0.159237162188545,0.140279459933373
747,0.647610671197383,0.235439936165745,0.255024990396885,0.227823271636467,0.194724220966719,0.147497624383717
705,0.626439652176295,0.26336509235663,0.241532534498303,0.271855157449252,0.140279459933373,0.140279459933373
775,0.641442262346675,0.273759486818862,0.260567046745838,0.229493730258852,0.16634019279706,0.159655442358187
693,0.597212308466731,0.218083551882790,0.208860644258667,0.198798498578782,0.140279459933373,0.140279459933373
930,0.660812526368302,0.269010148553487,0.247759640188542,0.259638241659144,0.140279459933373,0.147819407725247
191,0.531876497718254,0.161362102255135,0.175435913518267,0.151189670120080,0.164024746412181,0.16357228121085
773,0.638797087949753,0.216509434133377,0.23033379664679,0.269956905233921,0.159237162188545,0.185172899926102
744,0.618483198986599,0.222081350052879,0.249561781327291,0.201594638931909,0.188884569174318,0.160930368981928
779,0.627323083479833,0.285297304030371,0.211875157547888,0.269956905233921,0.214175622695954,0.182190212262849
936,0.684527124733494,0.304834801321944,0.240653643199231,0.285297304030371,0.140279459933373,0.172787005806565
818,0.628206394540431,0.231177046607856,0.245967461561916,0.261497815323131,0.184568357977156,0.140279459933373
833,0.648491465815105,0.275669606701894,0.229493730258852,0.232872971194181,0.170736402643872,0.198798498578782
779,0.648491465815105,0.245967461561916,0.245075200706715,0.221274744825972,0.179307075461499,0.190154027575454
824,0.650252758171119,0.247759640188542,0.255024990396885,0.255943411389996,0.140279459933373,0.140279459933373
639,0.56334084744967,0.218083551882790,0.233725581744281,0.164940248736627,0.140279459933373,0.168745733831007
245,0.448298759169222,0.190794809258731,0.189517281185082,0.211115838461421,0.150492979148870,0.144131604573628
835,0.623788627185174,0.222891426963376,0.242414171861771,0.252283020211930,0.179875784505171,0.204454144375473
811,0.618483198986599,0.260567046745838,0.26336509235663,0.248659484023583,0.156796455796649,0.152256565618780
800,0.629089586309926,0.264301525715948,0.228656878414890,0.271855157449252,0.140279459933373,0.140279459933373
346,0.462295554374572,0.181025063276694,0.214175622695954,0.229493730258852,0.140279459933373,0.160077057692081
875,0.636150937944643,0.252283020211930,0.269956905233921,0.254108759679802,0.140279459933373,0.205178843545358
847,0.62555609967103,0.209608564537159,0.168745733831007,0.260567046745838,0.153350162717428,0.173835068385563
835,0.599875784998553,0.299924552865763,0.262430509724191,0.280468392646033,0.199491561253654,0.174898448025698
746,0.633503788623644,0.273759486818862,0.246862287018223,0.222081350052879,0.164480729737195,0.168745733831007
884,0.635268667058686,0.285297304030371,0.251373586915138,0.224521889216861,0.167772573247934,0.167291481291287
766,0.644086484322101,0.258711437790672,0.266179795115631,0.238904240888872,0.192088479379025,0.185781454960399
651,0.578526502286961,0.215727826366646,0.210360301592275,0.237166246337142,0.154094323280450,0.178742307944130
841,0.656414246618719,0.258711437790672,0.262430509724191,0.286266334773665,0.140279459933373,0.170233153496669
754,0.607858057407542,0.251373586915138,0.224521889216861,0.210360301592275,0.179875784505171,0.166814026627726
754,0.633503788623644,0.218083551882790,0.209608564537159,0.234581247743386,0.177071557205383,0.140279459933373
811,0.63703309779987,0.26336509235663,0.196743303664015,0.257786672914962,0.171243398019944,0.140279459933373
742,0.600763302119727,0.204454144375473,0.229493730258852,0.200889639762023,0.140279459933373,0.140279459933373
815,0.642323774366231,0.240653643199231,0.232872971194181,0.226992939983781,0.187010622123131,0.150492979148870
951,0.631738455286738,0.280468392646033,0.243298519444439,0.242414171861771,0.191439626593958,0.182778757451073
785,0.6678452031824,0.234581247743386,0.189517281185082,0.275669606701894,0.140279459933373,0.142702524367706
899,0.644086484322101,0.257786672914962,0.255943411389996,0.191439626593958,0.201594638931909,0.151542367809210
1013,0.633503788623644,0.26336509235663,0.234581247743386,0.275669606701894,0.140279459933373,0.140279459933373
889,0.631738455286738,0.246862287018223,0.244185541162083,0.214175622695954,0.164940248736627,0.182778757451073
801,0.66608754581422,0.23977753355553,0.264301525715948,0.212638240623736,0.16357228121085,0.186394027664835
217,0.578526502286961,0.152618104976752,0.155233599845476,0.236301613614802,0.144131604573628,0.140279459933373
219,0.621136485069615,0.176522456496951,0.216509434133377,0.219672052767678,0.183967824035887,0.158822198286243
738,0.615828741507218,0.245967461561916,0.198798498578782,0.248659484023583,0.160930368981928,0.140279459933373
834,0.645848781067736,0.245075200706715,0.222081350052879,0.232023448734304,0.143552645462116,0.206639944148685
396,0.460435073421994,0.16357228121085,0.172268685450245,0.200188610986799,0.158410531669826,0.155619579790919
231,0.55975922935761,0.220471637257467,0.140279459933373,0.598100289370352,0.650252758171119,0.501907959152939
990,0.643205181411445,0.237166246337142,0.217294683481912,0.279506090033501,0.177071557205383,0.195393227873188
690,0.613173084606865,0.226165913043895,0.215727826366646,0.232023448734304,0.141873944585676,0.170233153496669
745,0.600763302119727,0.211875157547888,0.169733635746363,0.218083551882790,0.159237162188545,0.140279459933373
303,0.689789572931803,0.211115838461421,0.219672052767678,0.338394673319409,0.328516409471957,0.208116557082828
229,0.42188893060604,0.150839880430613,0.245075200706715,0.140279459933373,0.173835068385563,0.140279459933373
707,0.579418047575081,0.203733362812729,0.184568357977156,0.206639944148685,0.146237238572002,0.146548361254107
739,0.628206394540431,0.241532534498303,0.272806580486754,0.178181472416481,0.180448444205294,0.165403320798019
845,0.626439652176295,0.244185541162083,0.227823271636467,0.226165913043895,0.164480729737195,0.220471637257467
299,0.653774177471793,0.385415796280043,0.349241401529061,0.452041119617036,0.466939252082330,0.330492731245164
719,0.610516199655431,0.213405068833102,0.228656878414890,0.209608564537159,0.164480729737195,0.156796455796649
704,0.634386284250911,0.248659484023583,0.293075998312143,0.216509434133377,0.202303599215116,0.159655442358187
790,0.603424944919196,0.242414171861771,0.196743303664015,0.257786672914962,0.140279459933373,0.140279459933373
335,0.423788147113161,0.180448444205294,0.140279459933373,0.181605650010004,0.142423961905656,0.147819407725247
458,0.429473753439024,0.185781454960399,0.205907447843523,0.164480729737195,0.152256565618780,0.140279459933373
820,0.640560644506718,0.254108759679802,0.259638241659144,0.235439936165745,0.169237834303805,0.141873944585676
906,0.629089586309926,0.269956905233921,0.196066256873814,0.284329312589461,0.140801836156987,0.218876016213984
736,0.639678919993987,0.229493730258852,0.232023448734304,0.188884569174318,0.173835068385563,0.140279459933373
860,0.636150937944643,0.311728055196152,0.278545025785751,0.252283020211930,0.147819407725247,0.151897993103576
399,0.738802828036142,0.292100571713878,0.179307075461499,0.433254223593108,0.468793774829766,0.315674182764382
718,0.542697607586951,0.293075998312143,0.276626749501763,0.225342219919308,0.167291481291287,0.146548361254107
758,0.616713692539713,0.251373586915138,0.228656878414890,0.228656878414890,0.160930368981928,0.157195124574254
816,0.618483198986599,0.255943411389996,0.227823271636467,0.264301525715948,0.140279459933373,0.152618104976752
427,0.467866722440866,0.172787005806565,0.167772573247934,0.214949882112267,0.171243398019944,0.153350162717428
901,0.63703309779987,0.283362392853609,0.289179343702615,0.244185541162083,0.174898448025698,0.178742307944130
811,0.617598511353537,0.255024990396885,0.229493730258852,0.214175622695954,0.152256565618780,0.165869963138432
763,0.61405843859737,0.207376318697083,0.227823271636467,0.219672052767678,0.169733635746363,0.171243398019944
154,0.440791745314472,0.140279459933373,0.140279459933373,0.208860644258667,0.140279459933373,0.140279459933373
857,0.608744246353995,0.240653643199231,0.234581247743386,0.165869963138432,0.188884569174318,0.161362102255135
754,0.640560644506718,0.26806502014066,0.238033800236652,0.240653643199231,0.156008702799071,0.141333283747465
727,0.645848781067736,0.213405068833102,0.186394027664835,0.265239772398733,0.140279459933373,0.188884569174318
792,0.622020658211421,0.214175622695954,0.192088479379025,0.227823271636467,0.143840891542185,0.23033379664679
245,0.61405843859737,0.379590352485876,0.302869127130412,0.318636108753548,0.191439626593958,0.176522456496951
781,0.618483198986599,0.287236372741756,0.281431899695417,0.257786672914962,0.208116557082828,0.208116557082828
670,0.589213267095234,0.221274744825972,0.211875157547888,0.238033800236652,0.156796455796649,0.148143904307162
765,0.613173084606865,0.26806502014066,0.236301613614802,0.261497815323131,0.156008702799071,0.157195124574254
228,0.553483028327823,0.155619579790919,0.226165913043895,0.188884569174318,0.156008702799071,0.140279459933373
379,0.412362374614871,0.149469410107982,0.165403320798019,0.222891426963376,0.140279459933373,0.152256565618780
850,0.617598511353537,0.246862287018223,0.252283020211930,0.199491561253654,0.162235816543637,0.178181472416481
781,0.646729776551258,0.262430509724191,0.214949882112267,0.216509434133377,0.172787005806565,0.140279459933373
777,0.61405843859737,0.240653643199231,0.212638240623736,0.219672052767678,0.157597013980819,0.152618104976752
807,0.619367756469412,0.280468392646033,0.280468392646033,0.269956905233921,0.190794809258731,0.140279459933373
659,0.603424944919196,0.243298519444439,0.213405068833102,0.232023448734304,0.168257318749387,0.140279459933373
619,0.598988114480156,0.238904240888872,0.179875784505171,0.26336509235663,0.150839880430613,0.187010622123131
648,0.569600673082815,0.182190212262849,0.218083551882790,0.211115838461421,0.140279459933373,0.158410531669826
808,0.62555609967103,0.285297304030371,0.272806580486754,0.243298519444439,0.153350162717428,0.160930368981928
770,0.600763302119727,0.283362392853609,0.26806502014066,0.252283020211930,0.184568357977156,0.167291481291287
624,0.571387382661058,0.233725581744281,0.252283020211930,0.203016510694019,0.190794809258731,0.185781454960399
747,0.604311860230174,0.238904240888872,0.266179795115631,0.172268685450245,0.152256565618780,0.219672052767678
703,0.643205181411445,0.255943411389996,0.250466494772263,0.203733362812729,0.145018731380577,0.140279459933373
635,0.611401966215199,0.293075998312143,0.222081350052879,0.291125967010989,0.16634019279706,0.169237834303805
948,0.67838435938152,0.320611530912211,0.348256569656263,0.419036311953547,0.291125967010989,0.220471637257467
605,0.657294084136253,0.241532534498303,0.274713840722163,0.261497815323131,0.211875157547888,0.188255890082703
745,0.638797087949753,0.245075200706715,0.154850743467635,0.285297304030371,0.140279459933373,0.154094323280450
459,0.530069290557968,0.211875157547888,0.223704949036996,0.194724220966719,0.158410531669826,0.154470991130581
876,0.622904705251892,0.26336509235663,0.26806502014066,0.272806580486754,0.159655442358187,0.140279459933373
879,0.621136485069615,0.286266334773665,0.255943411389996,0.278545025785751,0.172268685450245,0.151897993103576
707,0.635268667058686,0.226165913043895,0.238033800236652,0.198109430350217,0.181025063276694,0.184568357977156
839,0.649372161207369,0.26806502014066,0.242414171861771,0.247759640188542,0.161797245314680,0.173309128978783
713,0.606085249352797,0.200188610986799,0.243298519444439,0.269010148553487,0.164480729737195,0.164024746412181
775,0.65201365997105,0.269010148553487,0.277585234113443,0.232872971194181,0.186394027664835,0.226992939983781
348,0.446424815327873,0.179307075461499,0.217294683481912,0.164024746412181,0.178181472416481,0.16357228121085
150,0.424736999725661,0.148801114525785,0.195393227873188,0.159655442358187,0.140279459933373,0.140279459933373
753,0.572280442910804,0.26806502014066,0.252283020211930,0.26806502014066,0.169733635746363,0.144131604573628
685,0.620252184825136,0.221274744825972,0.242414171861771,0.174898448025698,0.158822198286243,0.164024746412181
811,0.595435874427052,0.253194757033311,0.249561781327291,0.244185541162083,0.150839880430613,0.183371292540019
748,0.608744246353995,0.26336509235663,0.217294683481912,0.308771540986705,0.140279459933373,0.204454144375473
808,0.623788627185174,0.208860644258667,0.248659484023583,0.200188610986799,0.178742307944130,0.192741366843982
682,0.589213267095234,0.198109430350217,0.207376318697083,0.221274744825972,0.140279459933373,0.151897993103576
705,0.631738455286738,0.241532534498303,0.244185541162083,0.226992939983781,0.152256565618780,0.155619579790919
690,0.606971725447777,0.233725581744281,0.200889639762023,0.251373586915138,0.160502026996677,0.195393227873188
762,0.622020658211421,0.253194757033311,0.226165913043895,0.222891426963376,0.198798498578782,0.164480729737195
701,0.617598511353537,0.275669606701894,0.266179795115631,0.294052217151829,0.143840891542185,0.147819407725247
801,0.620252184825136,0.200889639762023,0.215727826366646,0.240653643199231,0.140279459933373,0.171243398019944
165,0.489087655334828,0.163123316426449,0.140279459933373,0.203016510694019,0.158410531669826,0.149807763529887
881,0.653774177471793,0.244185541162083,0.287236372741756,0.218876016213984,0.167291481291287,0.158822198286243
696,0.596324170558622,0.198798498578782,0.182190212262849,0.236301613614802,0.152618104976752,0.140279459933373
611,0.622020658211421,0.319623752397046,0.294052217151829,0.317648619366148,0.176522456496951,0.208860644258667
738,0.598100289370352,0.313700605163659,0.242414171861771,0.318636108753548,0.159655442358187,0.159655442358187
605,0.659933050519219,0.241532534498303,0.231177046607856,0.264301525715948,0.162235816543637,0.140279459933373
734,0.61405843859737,0.240653643199231,0.182778757451073,0.274713840722163,0.140279459933373,0.140279459933373
761,0.634386284250911,0.250466494772263,0.185172899926102,0.291125967010989,0.156400988328558,0.152982630801945
595,0.61494365721071,0.223704949036996,0.257786672914962,0.189517281185082,0.184568357977156,0.167772573247934
289,0.425685350085428,0.198109430350217,0.179307075461499,0.185172899926102,0.169237834303805,0.194724220966719
754,0.636150937944643,0.235439936165745,0.264301525715948,0.23033379664679,0.172787005806565,0.157195124574254
813,0.656414246618719,0.284329312589461,0.282396577544332,0.279506090033501,0.142423961905656,0.163123316426449
545,0.606085249352797,0.218083551882790,0.236301613614802,0.201594638931909,0.184568357977156,0.149807763529887
762,0.638797087949753,0.240653643199231,0.255024990396885,0.254108759679802,0.162235816543637,0.140279459933373
659,0.611401966215199,0.246862287018223,0.271855157449252,0.147819407725247,0.167772573247934,0.142702524367706
167,0.468793774829766,0.140279459933373,0.145319498566922,0.222891426963376,0.140279459933373,0.140279459933373
688,0.608744246353995,0.198798498578782,0.253194757033311,0.191439626593958,0.156400988328558,0.175977245746161
868,0.645848781067736,0.237166246337142,0.149807763529887,0.251373586915138,0.140279459933373,0.212638240623736
730,0.633503788623644,0.261497815323131,0.182778757451073,0.266179795115631,0.158822198286243,0.169237834303805
811,0.630855615748439,0.236301613614802,0.269010148553487,0.245075200706715,0.159655442358187,0.196066256873814
711,0.61494365721071,0.279506090033501,0.276626749501763,0.191439626593958,0.196743303664015,0.140279459933373
748,0.59099197716754,0.214175622695954,0.257786672914962,0.169733635746363,0.149133866930996,0.156796455796649
872,0.650252758171119,0.282396577544332,0.277585234113443,0.276626749501763,0.146237238572002,0.185781454960399
732,0.615828741507218,0.241532534498303,0.229493730258852,0.240653643199231,0.197424363331222,0.140279459933373
681,0.616713692539713,0.224521889216861,0.253194757033311,0.190154027575454,0.143840891542185,0.167772573247934
194,0.506470348170507,0.174364837136968,0.198798498578782,0.209608564537159,0.200188610986799,0.150492979148870
844,0.607858057407542,0.236301613614802,0.260567046745838,0.269956905233921,0.168257318749387,0.202303599215116
841,0.644086484322101,0.253194757033311,0.266179795115631,0.261497815323131,0.140279459933373,0.177071557205383
938,0.633503788623644,0.328516409471957,0.293075998312143,0.266179795115631,0.216509434133377,0.156796455796649
702,0.655534316836593,0.275669606701894,0.26806502014066,0.219672052767678,0.176522456496951,0.196066256873814
369,0.451106215483896,0.150839880430613,0.152618104976752,0.206639944148685,0.151897993103576,0.140279459933373
677,0.605198627992826,0.276626749501763,0.259638241659144,0.220471637257467,0.192088479379025,0.168745733831007
777,0.630855615748439,0.252283020211930,0.242414171861771,0.245967461561916,0.172787005806565,0.165403320798019
777,0.652893966371437,0.231177046607856,0.256863984839407,0.246862287018223,0.140279459933373,0.143266847840142
738,0.600763302119727,0.228656878414890,0.232872971194181,0.226165913043895,0.183371292540019,0.170736402643872
764,0.627323083479833,0.235439936165745,0.236301613614802,0.211115838461421,0.185781454960399,0.168257318749387
749,0.592770024376564,0.259638241659144,0.256863984839407,0.272806580486754,0.173309128978783,0.175435913518267
824,0.618483198986599,0.436084425669404,0.416179118323367,0.435141512434088,0.339381807952053,0.328516409471957
717,0.59099197716754,0.247759640188542,0.168745733831007,0.203016510694019,0.179875784505171,0.158822198286243
792,0.658173830133798,0.275669606701894,0.274713840722163,0.259638241659144,0.177071557205383,0.140279459933373
193,0.604311860230174,0.36005360357005,0.310742219942023,0.286266334773665,0.212638240623736,0.183371292540019
821,0.663450425192382,0.299924552865763,0.246862287018223,0.286266334773665,0.172787005806565,0.207376318697083
677,0.591881082994116,0.234581247743386,0.221274744825972,0.259638241659144,0.140279459933373,0.179875784505171
780,0.583873056414207,0.229493730258852,0.233725581744281,0.266179795115631,0.156400988328558,0.176522456496951
698,0.664329550930648,0.255024990396885,0.189517281185082,0.292100571713878,0.217294683481912,0.166814026627726
623,0.584763524220902,0.211875157547888,0.203733362812729,0.226992939983781,0.140279459933373,0.140279459933373
799,0.637915147508898,0.252283020211930,0.199491561253654,0.251373586915138,0.140279459933373,0.151189670120080
168,0.480808424194665,0.140279459933373,0.194724220966719,0.190794809258731,0.140279459933373,0.140279459933373
882,0.629089586309926,0.345300444024283,0.280468392646033,0.325551793923222,0.199491561253654,0.152256565618780
737,0.639678919993987,0.264301525715948,0.242414171861771,0.254108759679802,0.178742307944130,0.171754154191287
718,0.644967683931748,0.26806502014066,0.223704949036996,0.256863984839407,0.140279459933373,0.169237834303805
584,0.615828741507218,0.242414171861771,0.26336509235663,0.206639944148685,0.146237238572002,0.166814026627726
773,0.63703309779987,0.228656878414890,0.218083551882790,0.238033800236652,0.168745733831007,0.140279459933373
749,0.615828741507218,0.266179795115631,0.248659484023583,0.234581247743386,0.176522456496951,0.167291481291287
867,0.62555609967103,0.269010148553487,0.226165913043895,0.245075200706715,0.151897993103576,0.160930368981928
719,0.624672424998259,0.233725581744281,0.216509434133377,0.222081350052879,0.167772573247934,0.154094323280450
808,0.662571212990782,0.283362392853609,0.280468392646033,0.249561781327291,0.150839880430613,0.182190212262849
737,0.593658802575914,0.245075200706715,0.254108759679802,0.209608564537159,0.162235816543637,0.151542367809210
738,0.626439652176295,0.238033800236652,0.252283020211930,0.237166246337142,0.153350162717428,0.185781454960399
855,0.630855615748439,0.253194757033311,0.262430509724191,0.26336509235663,0.164940248736627,0.142147774681471
602,0.593658802575914,0.264301525715948,0.277585234113443,0.242414171861771,0.206639944148685,0.140279459933373
444,0.565130393380684,0.365932579194558,0.353177756395209,0.328516409471957,0.260567046745838,0.255024990396885
489,0.684527124733494,0.181605650010004,0.164940248736627,0.187631241909896,0.141873944585676,0.145319498566922
846,0.624672424998259,0.249561781327291,0.223704949036996,0.265239772398733,0.183371292540019,0.168745733831007
657,0.619367756469412,0.205178843545358,0.207376318697083,0.232023448734304,0.156796455796649,0.140279459933373
796,0.599875784998553,0.220471637257467,0.224521889216861,0.188884569174318,0.179875784505171,0.188884569174318
873,0.646729776551258,0.264301525715948,0.254108759679802,0.259638241659144,0.198798498578782,0.148801114525785
374,0.451106215483896,0.195393227873188,0.226992939983781,0.159655442358187,0.151542367809210,0.145319498566922
274,0.649372161207369,0.301887051542692,0.241532534498303,0.346286080835727,0.361034414931008,0.201594638931909
652,0.61405843859737,0.242414171861771,0.216509434133377,0.258711437790672,0.175435913518267,0.187631241909896
477,0.680139802349038,0.255943411389996,0.233725581744281,0.246862287018223,0.262430509724191,0.175977245746161
638,0.610516199655431,0.237166246337142,0.23977753355553,0.232872971194181,0.187010622123131,0.175977245746161
621,0.621136485069615,0.248659484023583,0.248659484023583,0.213405068833102,0.166814026627726,0.149807763529887
1007,0.647610671197383,0.281431899695417,0.235439936165745,0.311728055196152,0.206639944148685,0.199491561253654
173,0.516479299936916,0.154094323280450,0.140279459933373,0.218083551882790,0.140279459933373,0.171243398019944
806,0.629089586309926,0.269956905233921,0.23977753355553,0.242414171861771,0.154470991130581,0.186394027664835
784,0.627323083479833,0.240653643199231,0.229493730258852,0.233725581744281,0.164480729737195,0.145018731380577
830,0.634386284250911,0.251373586915138,0.255943411389996,0.259638241659144,0.150148946700048,0.226165913043895
854,0.630855615748439,0.273759486818862,0.252283020211930,0.205907447843523,0.173309128978783,0.150492979148870
772,0.612287594171303,0.248659484023583,0.286266334773665,0.226992939983781,0.164940248736627,0.158002143279100
671,0.622020658211421,0.259638241659144,0.212638240623736,0.295029198942614,0.159237162188545,0.140279459933373
829,0.617598511353537,0.214949882112267,0.233725581744281,0.203016510694019,0.170736402643872,0.187010622123131
762,0.623788627185174,0.242414171861771,0.190794809258731,0.214175622695954,0.140279459933373,0.140279459933373
791,0.612287594171303,0.246862287018223,0.26806502014066,0.196066256873814,0.187631241909896,0.146862120354825
749,0.635268667058686,0.291125967010989,0.257786672914962,0.256863984839407,0.165869963138432,0.157597013980819
777,0.606085249352797,0.238033800236652,0.243298519444439,0.255024990396885,0.162677834203278,0.194724220966719
609,0.480808424194665,0.255024990396885,0.241532534498303,0.193398287644562,0.175977245746161,0.159237162188545
816,0.629089586309926,0.232023448734304,0.213405068833102,0.218876016213984,0.182778757451073,0.158002143279100
251,0.617598511353537,0.170736402643872,0.180448444205294,0.192088479379025,0.148471133452426,0.146237238572002
379,0.430419611243593,0.154470991130581,0.226165913043895,0.166814026627726,0.140539522938054,0.140279459933373
772,0.629089586309926,0.264301525715948,0.218083551882790,0.257786672914962,0.152618104976752,0.140279459933373
896,0.636150937944643,0.243298519444439,0.254108759679802,0.218876016213984,0.155233599845476,0.149469410107982
773,0.633503788623644,0.255943411389996,0.231177046607856,0.190794809258731,0.165869963138432,0.190794809258731
687,0.62555609967103,0.254108759679802,0.214175622695954,0.253194757033311,0.16357228121085,0.140279459933373
763,0.612287594171303,0.256863984839407,0.238033800236652,0.232872971194181,0.178181472416481,0.170233153496669
156,0.441731771836077,0.145622826217966,0.203016510694019,0.150148946700048,0.140279459933373,0.140279459933373
382,0.456708871220304,0.194059239855938,0.192088479379025,0.168257318749387,0.149807763529887,0.140279459933373
780,0.610516199655431,0.254108759679802,0.204454144375473,0.222081350052879,0.159655442358187,0.140279459933373
864,0.643205181411445,0.278545025785751,0.260567046745838,0.235439936165745,0.169237834303805,0.140279459933373
734,0.606085249352797,0.200889639762023,0.236301613614802,0.235439936165745,0.142702524367706,0.140279459933373
618,0.611401966215199,0.254108759679802,0.249561781327291,0.238904240888872,0.167291481291287,0.175977245746161
779,0.603424944919196,0.261497815323131,0.245967461561916,0.250466494772263,0.156796455796649,0.158002143279100
802,0.622904705251892,0.240653643199231,0.215727826366646,0.205178843545358,0.167291481291287,0.151542367809210
922,0.65201365997105,0.269956905233921,0.270905253648299,0.257786672914962,0.155619579790919,0.185172899926102
733,0.604311860230174,0.23033379664679,0.210360301592275,0.232023448734304,0.150492979148870,0.140279459933373
764,0.616713692539713,0.238033800236652,0.26336509235663,0.241532534498303,0.162235816543637,0.164024746412181
405,0.476195411202944,0.178742307944130,0.178742307944130,0.229493730258852,0.140279459933373,0.140801836156987
801,0.657294084136253,0.267121556704060,0.255943411389996,0.251373586915138,0.167291481291287,0.181025063276694
755,0.598100289370352,0.222891426963376,0.220471637257467,0.184568357977156,0.179875784505171,0.153720720340875
805,0.628206394540431,0.238033800236652,0.243298519444439,0.228656878414890,0.185781454960399,0.169237834303805
632,0.613173084606865,0.296985336054750,0.277585234113443,0.291125967010989,0.187010622123131,0.187631241909896
821,0.61494365721071,0.216509434133377,0.251373586915138,0.197424363331222,0.142423961905656,0.140279459933373
166,0.407579902497849,0.164480729737195,0.208116557082828,0.185172899926102,0.192741366843982,0.170736402643872
369,0.430419611243593,0.190794809258731,0.150148946700048,0.219672052767678,0.152618104976752,0.158822198286243
648,0.567813168189284,0.222891426963376,0.197424363331222,0.226992939983781,0.185172899926102,0.162235816543637
358,0.471572446139952,0.179875784505171,0.152982630801945,0.252283020211930,0.140279459933373,0.140279459933373
817,0.659053485350326,0.284329312589461,0.231177046607856,0.267121556704060,0.160077057692081,0.141602453589765
794,0.61494365721071,0.253194757033311,0.264301525715948,0.228656878414890,0.159237162188545,0.152982630801945
771,0.612287594171303,0.228656878414890,0.220471637257467,0.181605650010004,0.149133866930996,0.177071557205383
674,0.606971725447777,0.222891426963376,0.233725581744281,0.215727826366646,0.171243398019944,0.142423961905656
613,0.609630293401202,0.228656878414890,0.232023448734304,0.195393227873188,0.180448444205294,0.140279459933373
869,0.634386284250911,0.238033800236652,0.232872971194181,0.234581247743386,0.140279459933373,0.140279459933373
653,0.637915147508898,0.26806502014066,0.269010148553487,0.213405068833102,0.140539522938054,0.182778757451073
348,0.433254223593108,0.165403320798019,0.201594638931909,0.155233599845476,0.171754154191287,0.156008702799071
899,0.62555609967103,0.283362392853609,0.240653643199231,0.274713840722163,0.140279459933373,0.187631241909896
936,0.645848781067736,0.267121556704060,0.287236372741756,0.254108759679802,0.186394027664835,0.192088479379025
360,0.42188893060604,0.182778757451073,0.168745733831007,0.200889639762023,0.149807763529887,0.140279459933373
478,0.474347434968947,0.207376318697083,0.167772573247934,0.196066256873814,0.140279459933373,0.140279459933373
905,0.659053485350326,0.327528205863718,0.301887051542692,0.294052217151829,0.170233153496669,0.165403320798019
836,0.605198627992826,0.227823271636467,0.242414171861771,0.182778757451073,0.172268685450245,0.214175622695954
383,0.608744246353995,0.327528205863718,0.302869127130412,0.377644706128292,0.373747820375976,0.273759486818862
331,0.439851241970584,0.187010622123131,0.182778757451073,0.186394027664835,0.140279459933373,0.149807763529887
196,0.57585075439854,0.159237162188545,0.14298348025674,0.200889639762023,0.167772573247934,0.140279459933373
638,0.598100289370352,0.220471637257467,0.188884569174318,0.211875157547888,0.149133866930996,0.140279459933373
860,0.596324170558622,0.242414171861771,0.250466494772263,0.282396577544332,0.140279459933373,0.169237834303805
723,0.62555609967103,0.255024990396885,0.198109430350217,0.287236372741756,0.140279459933373,0.148143904307162
784,0.669602528491819,0.271855157449252,0.250466494772263,0.255024990396885,0.142423961905656,0.140279459933373
240,0.443610401564419,0.174898448025698,0.177071557205383,0.217294683481912,0.171243398019944,0.141873944585676
713,0.622904705251892,0.229493730258852,0.192088479379025,0.226992939983781,0.174364837136968,0.155233599845476
723,0.589213267095234,0.220471637257467,0.226165913043895,0.26806502014066,0.168745733831007,0.175435913518267
803,0.649372161207369,0.234581247743386,0.220471637257467,0.244185541162083,0.140279459933373,0.140279459933373
784,0.6678452031824,0.290152214217331,0.285297304030371,0.306802338059224,0.140279459933373,0.226992939983781
389,0.433254223593108,0.168745733831007,0.211875157547888,0.160077057692081,0.140279459933373,0.164024746412181
571,0.62555609967103,0.184568357977156,0.242414171861771,0.201594638931909,0.149469410107982,0.158410531669826
711,0.610516199655431,0.232023448734304,0.191439626593958,0.249561781327291,0.156008702799071,0.170233153496669
744,0.622904705251892,0.26806502014066,0.282396577544332,0.26806502014066,0.140279459933373,0.159237162188545
758,0.607858057407542,0.251373586915138,0.264301525715948,0.196066256873814,0.150492979148870,0.172268685450245
492,0.727439195907857,0.271855157449252,0.259638241659144,0.277585234113443,0.181605650010004,0.161797245314680
866,0.646729776551258,0.281431899695417,0.243298519444439,0.241532534498303,0.162235816543637,0.156796455796649
178,0.505558530479263,0.164940248736627,0.146862120354825,0.205178843545358,0.159237162188545,0.140279459933373
644,0.567813168189284,0.26806502014066,0.260567046745838,0.234581247743386,0.215727826366646,0.199491561253654
353,0.441731771836077,0.201594638931909,0.224521889216861,0.193398287644562,0.167291481291287,0.140279459933373
528,0.59099197716754,0.227823271636467,0.202303599215116,0.247759640188542,0.147819407725247,0.149807763529887
730,0.608744246353995,0.252283020211930,0.223704949036996,0.254108759679802,0.166814026627726,0.165403320798019
778,0.611401966215199,0.236301613614802,0.235439936165745,0.238033800236652,0.140279459933373,0.183967824035887
736,0.605198627992826,0.242414171861771,0.223704949036996,0.242414171861771,0.165403320798019,0.173835068385563
752,0.612287594171303,0.223704949036996,0.235439936165745,0.237166246337142,0.140279459933373,0.140279459933373
838,0.609630293401202,0.26806502014066,0.192741366843982,0.233725581744281,0.181605650010004,0.159655442358187
867,0.627323083479833,0.245075200706715,0.242414171861771,0.201594638931909,0.155233599845476,0.174364837136968
716,0.623788627185174,0.235439936165745,0.257786672914962,0.233725581744281,0.182190212262849,0.152618104976752
767,0.655534316836593,0.252283020211930,0.247759640188542,0.255024990396885,0.159237162188545,0.167291481291287
807,0.653774177471793,0.278545025785751,0.245967461561916,0.277585234113443,0.194059239855938,0.201594638931909
853,0.645848781067736,0.237166246337142,0.260567046745838,0.203733362812729,0.162235816543637,0.170233153496669
659,0.524641044535778,0.281431899695417,0.238033800236652,0.241532534498303,0.180448444205294,0.140279459933373
800,0.633503788623644,0.231177046607856,0.248659484023583,0.238904240888872,0.187631241909896,0.153350162717428
862,0.616713692539713,0.222081350052879,0.267121556704060,0.212638240623736,0.178742307944130,0.170233153496669
819,0.660812526368302,0.255943411389996,0.258711437790672,0.234581247743386,0.178742307944130,0.170233153496669
703,0.605198627992826,0.227823271636467,0.188884569174318,0.238033800236652,0.140279459933373,0.140279459933373
907,0.612287594171303,0.279506090033501,0.247759640188542,0.272806580486754,0.198798498578782,0.155619579790919
869,0.637915147508898,0.249561781327291,0.261497815323131,0.162235816543637,0.176522456496951,0.158822198286243
893,0.62555609967103,0.257786672914962,0.250466494772263,0.234581247743386,0.141602453589765,0.178742307944130
739,0.607858057407542,0.255024990396885,0.261497815323131,0.256863984839407,0.201594638931909,0.140539522938054
666,0.637915147508898,0.264301525715948,0.227823271636467,0.256863984839407,0.174364837136968,0.164480729737195
247,0.609630293401202,0.378617765257579,0.340368763820501,0.301887051542692,0.192088479379025,0.149469410107982
836,0.619367756469412,0.255943411389996,0.236301613614802,0.249561781327291,0.140279459933373,0.155233599845476
839,0.621136485069615,0.262430509724191,0.231177046607856,0.287236372741756,0.159237162188545,0.219672052767678
816,0.628206394540431,0.249561781327291,0.226992939983781,0.280468392646033,0.158822198286243,0.140279459933373
731,0.603424944919196,0.232023448734304,0.222081350052879,0.194059239855938,0.164940248736627,0.140279459933373
797,0.649372161207369,0.246862287018223,0.255024990396885,0.238033800236652,0.162677834203278,0.16634019279706
179,0.377644706128292,0.166814026627726,0.198798498578782,0.216509434133377,0.162677834203278,0.152256565618780
835,0.62555609967103,0.249561781327291,0.261497815323131,0.241532534498303,0.175435913518267,0.198109430350217
717,0.622020658211421,0.255943411389996,0.256863984839407,0.265239772398733,0.194059239855938,0.211875157547888
841,0.647610671197383,0.255943411389996,0.245967461561916,0.267121556704060,0.140279459933373,0.181025063276694
676,0.623788627185174,0.222891426963376,0.228656878414890,0.200188610986799,0.192088479379025,0.140279459933373
240,0.438910260048710,0.146862120354825,0.186394027664835,0.232872971194181,0.149133866930996,0.147497624383717
856,0.638797087949753,0.255024990396885,0.245967461561916,0.244185541162083,0.159237162188545,0.156796455796649
698,0.620252184825136,0.245967461561916,0.258711437790672,0.251373586915138,0.140279459933373,0.153350162717428
222,0.403744670601839,0.214175622695954,0.218876016213984,0.284329312589461,0.319623752397046,0.195393227873188
776,0.633503788623644,0.270905253648299,0.264301525715948,0.220471637257467,0.156400988328558,0.142147774681471
328,0.679262118185675,0.234581247743386,0.160502026996677,0.328516409471957,0.36005360357005,0.206639944148685
436,0.443610401564419,0.161362102255135,0.16357228121085,0.241532534498303,0.140279459933373,0.194724220966719
744,0.637915147508898,0.236301613614802,0.280468392646033,0.170233153496669,0.194724220966719,0.149133866930996
638,0.573173308757861,0.244185541162083,0.203733362812729,0.168745733831007,0.181605650010004,0.161797245314680
815,0.640560644506718,0.310742219942023,0.295029198942614,0.265239772398733,0.140279459933373,0.181605650010004
786,0.63703309779987,0.238904240888872,0.217294683481912,0.26806502014066,0.168257318749387,0.140279459933373
626,0.584763524220902,0.253194757033311,0.247759640188542,0.272806580486754,0.183967824035887,0.185781454960399
782,0.637915147508898,0.289179343702615,0.276626749501763,0.277585234113443,0.155619579790919,0.160077057692081
826,0.640560644506718,0.243298519444439,0.247759640188542,0.198798498578782,0.175977245746161,0.172268685450245
762,0.586543936638165,0.238033800236652,0.274713840722163,0.188255890082703,0.140279459933373,0.182778757451073
759,0.647610671197383,0.254108759679802,0.273759486818862,0.182778757451073,0.156008702799071,0.153720720340875
941,0.599875784998553,0.236301613614802,0.256863984839407,0.235439936165745,0.179307075461499,0.183967824035887
706,0.604311860230174,0.251373586915138,0.245967461561916,0.178181472416481,0.154094323280450,0.149133866930996
783,0.648491465815105,0.251373586915138,0.221274744825972,0.248659484023583,0.202303599215116,0.188884569174318
922,0.628206394540431,0.293075998312143,0.292100571713878,0.283362392853609,0.212638240623736,0.193398287644562
759,0.604311860230174,0.212638240623736,0.262430509724191,0.200889639762023,0.164940248736627,0.170233153496669
961,0.604311860230174,0.245075200706715,0.202303599215116,0.269010148553487,0.154094323280450,0.160930368981928
375,0.480808424194665,0.177624558944457,0.224521889216861,0.144424803121843,0.144720505822661,0.140279459933373
191,0.546296562840502,0.172787005806565,0.188255890082703,0.196743303664015,0.145622826217966,0.148471133452426
740,0.62555609967103,0.23033379664679,0.214949882112267,0.304834801321944,0.14298348025674,0.176522456496951
215,0.386384998416716,0.148801114525785,0.173835068385563,0.184568357977156,0.158002143279100,0.140279459933373
683,0.618483198986599,0.228656878414890,0.218083551882790,0.26336509235663,0.164940248736627,0.178742307944130
997,0.661691913619881,0.290152214217331,0.278545025785751,0.255943411389996,0.167772573247934,0.140279459933373
168,0.469720411442728,0.143552645462116,0.155233599845476,0.179875784505171,0.140279459933373,0.167772573247934
663,0.620252184825136,0.238904240888872,0.194724220966719,0.262430509724191,0.151542367809210,0.153350162717428
764,0.618483198986599,0.254108759679802,0.232023448734304,0.255024990396885,0.174364837136968,0.190794809258731
731,0.621136485069615,0.240653643199231,0.225342219919308,0.269010148553487,0.153720720340875,0.162677834203278
714,0.615828741507218,0.251373586915138,0.253194757033311,0.185781454960399,0.188255890082703,0.140279459933373
780,0.613173084606865,0.242414171861771,0.218083551882790,0.23977753355553,0.140279459933373,0.140279459933373
785,0.622904705251892,0.241532534498303,0.190154027575454,0.281431899695417,0.140279459933373,0.152618104976752
723,0.600763302119727,0.286266334773665,0.26806502014066,0.266179795115631,0.165869963138432,0.146548361254107
822,0.646729776551258,0.261497815323131,0.264301525715948,0.262430509724191,0.160930368981928,0.192088479379025
713,0.611401966215199,0.236301613614802,0.235439936165745,0.233725581744281,0.181605650010004,0.169237834303805
740,0.611401966215199,0.205907447843523,0.218876016213984,0.207376318697083,0.179307075461499,0.156400988328558
555,0.573173308757861,0.269010148553487,0.253194757033311,0.233725581744281,0.147178535004063,0.140279459933373
817,0.632621179272578,0.264301525715948,0.187631241909896,0.271855157449252,0.162235816543637,0.156008702799071
164,0.41331732873535,0.140279459933373,0.188255890082703,0.179307075461499,0.142702524367706,0.161797245314680
749,0.600763302119727,0.233725581744281,0.162677834203278,0.270905253648299,0.154470991130581,0.175977245746161
987,0.661691913619881,0.295029198942614,0.301887051542692,0.237166246337142,0.194059239855938,0.167291481291287
752,0.615828741507218,0.348256569656263,0.352194131843378,0.301887051542692,0.232023448734304,0.140279459933373
810,0.602537880906253,0.244185541162083,0.235439936165745,0.205178843545358,0.192088479379025,0.140279459933373
830,0.637915147508898,0.260567046745838,0.201594638931909,0.237166246337142,0.172268685450245,0.140279459933373
854,0.629972659733243,0.255024990396885,0.211115838461421,0.255024990396885,0.140279459933373,0.153350162717428
772,0.61405843859737,0.245075200706715,0.279506090033501,0.218083551882790,0.152618104976752,0.140539522938054
727,0.639678919993987,0.227823271636467,0.250466494772263,0.226992939983781,0.145018731380577,0.173835068385563
191,0.565130393380684,0.16357228121085,0.165403320798019,0.221274744825972,0.140279459933373,0.140279459933373
427,0.609630293401202,0.244185541162083,0.158822198286243,0.388321919900050,0.404704249910189,0.219672052767678
297,0.45297556976512,0.184568357977156,0.168257318749387,0.220471637257467,0.140279459933373,0.142147774681471
303,0.431364974573073,0.165403320798019,0.196066256873814,0.184568357977156,0.157597013980819,0.167772573247934
154,0.437968797820157,0.140279459933373,0.209608564537159,0.156008702799071,0.140279459933373,0.140279459933373
954,0.642323774366231,0.295029198942614,0.264301525715948,0.297964434643167,0.179875784505171,0.188255890082703
762,0.634386284250911,0.26336509235663,0.250466494772263,0.252283020211930,0.166814026627726,0.140279459933373
724,0.604311860230174,0.236301613614802,0.218083551882790,0.224521889216861,0.164940248736627,0.158002143279100
568,0.599875784998553,0.211115838461421,0.228656878414890,0.232872971194181,0.164024746412181,0.140279459933373
873,0.623788627185174,0.249561781327291,0.217294683481912,0.221274744825972,0.174898448025698,0.140279459933373
722,0.622904705251892,0.228656878414890,0.23033379664679,0.232023448734304,0.140279459933373,0.163123316426449
375,0.476195411202944,0.150839880430613,0.222891426963376,0.174364837136968,0.140279459933373,0.140279459933373
690,0.605198627992826,0.226165913043895,0.198109430350217,0.233725581744281,0.140279459933373,0.140279459933373
794,0.607858057407542,0.270905253648299,0.214949882112267,0.258711437790672,0.177071557205383,0.140279459933373
166,0.478041795094857,0.153350162717428,0.183967824035887,0.203733362812729,0.140279459933373,0.140279459933373
677,0.622020658211421,0.240653643199231,0.237166246337142,0.219672052767678,0.163123316426449,0.158822198286243
894,0.640560644506718,0.261497815323131,0.294052217151829,0.226165913043895,0.177624558944457,0.140279459933373
752,0.595435874427052,0.217294683481912,0.228656878414890,0.208860644258667,0.145319498566922,0.149133866930996
881,0.65113325749733,0.245967461561916,0.255024990396885,0.271855157449252,0.159655442358187,0.149469410107982
643,0.620252184825136,0.23033379664679,0.235439936165745,0.175435913518267,0.156796455796649,0.145928733232941
595,0.550789853506805,0.309756707604237,0.266179795115631,0.293075998312143,0.158822198286243,0.162677834203278
192,0.488169238277247,0.172268685450245,0.198798498578782,0.231177046607856,0.161797245314680,0.155233599845476
819,0.618483198986599,0.222081350052879,0.190154027575454,0.282396577544332,0.150839880430613,0.180448444205294
783,0.626439652176295,0.254108759679802,0.204454144375473,0.279506090033501,0.157597013980819,0.164024746412181
719,0.622020658211421,0.231177046607856,0.257786672914962,0.209608564537159,0.157195124574254,0.166814026627726
331,0.441731771836077,0.164024746412181,0.171754154191287,0.198109430350217,0.140279459933373,0.154470991130581
455,0.446424815327873,0.162235816543637,0.175435913518267,0.188255890082703,0.141602453589765,0.140279459933373
789,0.641442262346675,0.236301613614802,0.245075200706715,0.261497815323131,0.172787005806565,0.156796455796649
656,0.593658802575914,0.215727826366646,0.224521889216861,0.218083551882790,0.140279459933373,0.155619579790919
805,0.65113325749733,0.265239772398733,0.259638241659144,0.281431899695417,0.156400988328558,0.155619579790919
734,0.655534316836593,0.251373586915138,0.275669606701894,0.165403320798019,0.202303599215116,0.140279459933373
758,0.602537880906253,0.201594638931909,0.250466494772263,0.178181472416481,0.171754154191287,0.140279459933373
805,0.617598511353537,0.252283020211930,0.282396577544332,0.245075200706715,0.160930368981928,0.173835068385563
950,0.659053485350326,0.23977753355553,0.220471637257467,0.237166246337142,0.145319498566922,0.140279459933373
793,0.618483198986599,0.240653643199231,0.257786672914962,0.248659484023583,0.201594638931909,0.185172899926102
820,0.626439652176295,0.274713840722163,0.269956905233921,0.244185541162083,0.206639944148685,0.162235816543637
802,0.613173084606865,0.259638241659144,0.295029198942614,0.227823271636467,0.186394027664835,0.143552645462116
830,0.648491465815105,0.281431899695417,0.269956905233921,0.26806502014066,0.142147774681471,0.145319498566922
962,0.641442262346675,0.258711437790672,0.245075200706715,0.258711437790672,0.165869963138432,0.151897993103576
684,0.57585075439854,0.202303599215116,0.203733362812729,0.236301613614802,0.159237162188545,0.163123316426449
901,0.652893966371437,0.269010148553487,0.241532534498303,0.191439626593958,0.196743303664015,0.142423961905656
541,0.674872565393281,0.286266334773665,0.274713840722163,0.279506090033501,0.251373586915138,0.191439626593958
239,0.639678919993987,0.172787005806565,0.140279459933373,0.573173308757861,0.626439652176295,0.466011361565902
912,0.665208590906176,0.319623752397046,0.23977753355553,0.313700605163659,0.158410531669826,0.168745733831007
628,0.613173084606865,0.226165913043895,0.222081350052879,0.201594638931909,0.151542367809210,0.140279459933373
821,0.630855615748439,0.233725581744281,0.23977753355553,0.255943411389996,0.157195124574254,0.140279459933373
355,0.430419611243593,0.176522456496951,0.177624558944457,0.217294683481912,0.158002143279100,0.188255890082703
563,0.56334084744967,0.254108759679802,0.207376318697083,0.262430509724191,0.181025063276694,0.165869963138432
828,0.646729776551258,0.252283020211930,0.271855157449252,0.188255890082703,0.194724220966719,0.140279459933373
840,0.615828741507218,0.244185541162083,0.257786672914962,0.260567046745838,0.150839880430613,0.182190212262849
814,0.596324170558622,0.303851718893881,0.260567046745838,0.305818349289740,0.150492979148870,0.142423961905656
805,0.598100289370352,0.424736999725661,0.383475920330798,0.336419918223748,0.236301613614802,0.196743303664015
632,0.590102705627282,0.264301525715948,0.276626749501763,0.269956905233921,0.170233153496669,0.140279459933373
669,0.621136485069615,0.222891426963376,0.225342219919308,0.210360301592275,0.170233153496669,0.162235816543637
938,0.6678452031824,0.269956905233921,0.26806502014066,0.226992939983781,0.204454144375473,0.168257318749387
200,0.581200590507501,0.140279459933373,0.198798498578782,0.140279459933373,0.140279459933373,0.184568357977156
880,0.638797087949753,0.262430509724191,0.235439936165745,0.271855157449252,0.167772573247934,0.164480729737195
149,0.432309844864813,0.140279459933373,0.148471133452426,0.182778757451073,0.140279459933373,0.140279459933373
765,0.644967683931748,0.318636108753548,0.294052217151829,0.284329312589461,0.198798498578782,0.153350162717428
791,0.644086484322101,0.243298519444439,0.206639944148685,0.276626749501763,0.140279459933373,0.146548361254107
708,0.615828741507218,0.225342219919308,0.245075200706715,0.211875157547888,0.147819407725247,0.156400988328558
776,0.634386284250911,0.227823271636467,0.232872971194181,0.281431899695417,0.187010622123131,0.140279459933373
775,0.615828741507218,0.252283020211930,0.207376318697083,0.26806502014066,0.140279459933373,0.164480729737195
835,0.640560644506718,0.269956905233921,0.211875157547888,0.251373586915138,0.161362102255135,0.169733635746363
792,0.659933050519219,0.293075998312143,0.284329312589461,0.269010148553487,0.181605650010004,0.177624558944457
809,0.639678919993987,0.248659484023583,0.243298519444439,0.203016510694019,0.150492979148870,0.158002143279100
361,0.438910260048710,0.170736402643872,0.140279459933373,0.252283020211930,0.140279459933373,0.151897993103576
187,0.548094589195255,0.152982630801945,0.173309128978783,0.212638240623736,0.140279459933373,0.145622826217966
786,0.65201365997105,0.255024990396885,0.258711437790672,0.237166246337142,0.174898448025698,0.190154027575454
326,0.459504181093247,0.157597013980819,0.205907447843523,0.181605650010004,0.142147774681471,0.185172899926102
870,0.620252184825136,0.236301613614802,0.286266334773665,0.238904240888872,0.172268685450245,0.165403320798019
719,0.656414246618719,0.270905253648299,0.261497815323131,0.217294683481912,0.200188610986799,0.181605650010004
787,0.618483198986599,0.207376318697083,0.185172899926102,0.244185541162083,0.140279459933373,0.203733362812729
804,0.607858057407542,0.228656878414890,0.200889639762023,0.238033800236652,0.172787005806565,0.140279459933373
173,0.511024591546248,0.140279459933373,0.190154027575454,0.154094323280450,0.140279459933373,0.148801114525785
680,0.578526502286961,0.235439936165745,0.241532534498303,0.224521889216861,0.157597013980819,0.140279459933373
322,0.422838791105066,0.192741366843982,0.209608564537159,0.211875157547888,0.140279459933373,0.154470991130581
172,0.490923390673098,0.140279459933373,0.164940248736627,0.177071557205383,0.140279459933373,0.195393227873188
295,0.483571570595327,0.149807763529887,0.156400988328558,0.179307075461499,0.148801114525785,0.164940248736627
770,0.649372161207369,0.279506090033501,0.284329312589461,0.314687276192053,0.183967824035887,0.244185541162083
830,0.648491465815105,0.255024990396885,0.270905253648299,0.208860644258667,0.145319498566922,0.147178535004063
937,0.617598511353537,0.255943411389996,0.258711437790672,0.245967461561916,0.172787005806565,0.172787005806565
748,0.608744246353995,0.265239772398733,0.203733362812729,0.279506090033501,0.156796455796649,0.159237162188545
800,0.602537880906253,0.232872971194181,0.277585234113443,0.229493730258852,0.182778757451073,0.140279459933373
783,0.656414246618719,0.247759640188542,0.202303599215116,0.266179795115631,0.158822198286243,0.140279459933373
768,0.633503788623644,0.245075200706715,0.259638241659144,0.225342219919308,0.152982630801945,0.151897993103576
759,0.621136485069615,0.261497815323131,0.238033800236652,0.279506090033501,0.175435913518267,0.188255890082703
414,0.45297556976512,0.175435913518267,0.161797245314680,0.179875784505171,0.178742307944130,0.140279459933373
764,0.604311860230174,0.232023448734304,0.236301613614802,0.238904240888872,0.146862120354825,0.168745733831007
421,0.423788147113161,0.205907447843523,0.16634019279706,0.218083551882790,0.140279459933373,0.147497624383717
723,0.601650667029677,0.232872971194181,0.198798498578782,0.231177046607856,0.140279459933373,0.156400988328558
768,0.567813168189284,0.255024990396885,0.245967461561916,0.265239772398733,0.183967824035887,0.159655442358187
825,0.649372161207369,0.283362392853609,0.224521889216861,0.314687276192053,0.140279459933373,0.196066256873814
770,0.637915147508898,0.285297304030371,0.255943411389996,0.212638240623736,0.165403320798019,0.140279459933373
249,0.622904705251892,0.148143904307162,0.191439626593958,0.226992939983781,0.140279459933373,0.165403320798019
198,0.58030940985411,0.142702524367706,0.169237834303805,0.173835068385563,0.140279459933373,0.140279459933373
613,0.604311860230174,0.373747820375976,0.355144025044986,0.364953752682284,0.245075200706715,0.200889639762023
985,0.641442262346675,0.251373586915138,0.242414171861771,0.199491561253654,0.140279459933373,0.205178843545358
245,0.515570951288053,0.156400988328558,0.202303599215116,0.23033379664679,0.162235816543637,0.174898448025698
714,0.615828741507218,0.226165913043895,0.198109430350217,0.241532534498303,0.140279459933373,0.175435913518267
917,0.710816164858919,0.363974517009122,0.320611530912211,0.361034414931008,0.177071557205383,0.184568357977156
738,0.601650667029677,0.255943411389996,0.210360301592275,0.246862287018223,0.153720720340875,0.140279459933373
637,0.628206394540431,0.247759640188542,0.245075200706715,0.206639944148685,0.190794809258731,0.171243398019944
847,0.624672424998259,0.287236372741756,0.26806502014066,0.269010148553487,0.167772573247934,0.222081350052879
813,0.63703309779987,0.221274744825972,0.181605650010004,0.266179795115631,0.145928733232941,0.149469410107982
803,0.649372161207369,0.267121556704060,0.270905253648299,0.240653643199231,0.194724220966719,0.201594638931909
390,0.365932579194558,0.186394027664835,0.164024746412181,0.314687276192053,0.295029198942614,0.214949882112267
598,0.626439652176295,0.267121556704060,0.23977753355553,0.254108759679802,0.169237834303805,0.181605650010004
700,0.600763302119727,0.218083551882790,0.244185541162083,0.190794809258731,0.16634019279706,0.140279459933373
970,0.643205181411445,0.287236372741756,0.269956905233921,0.288207386188063,0.185172899926102,0.164480729737195
759,0.61494365721071,0.203733362812729,0.221274744825972,0.205178843545358,0.141333283747465,0.140279459933373
666,0.606085249352797,0.265239772398733,0.279506090033501,0.182778757451073,0.176522456496951,0.140279459933373
741,0.618483198986599,0.238033800236652,0.258711437790672,0.249561781327291,0.140279459933373,0.157195124574254
717,0.601650667029677,0.198109430350217,0.226992939983781,0.166814026627726,0.140539522938054,0.150148946700048
665,0.598100289370352,0.218876016213984,0.23977753355553,0.192741366843982,0.166814026627726,0.151542367809210
705,0.616713692539713,0.222891426963376,0.188884569174318,0.256863984839407,0.140279459933373,0.175435913518267
726,0.617598511353537,0.246862287018223,0.236301613614802,0.205178843545358,0.151897993103576,0.152256565618780
864,0.630855615748439,0.226165913043895,0.235439936165745,0.277585234113443,0.180448444205294,0.174898448025698
424,0.440791745314472,0.185172899926102,0.213405068833102,0.222891426963376,0.141066417195949,0.151897993103576
872,0.639678919993987,0.354161056920203,0.318636108753548,0.304834801321944,0.162235816543637,0.225342219919308
809,0.623788627185174,0.285297304030371,0.255024990396885,0.271855157449252,0.202303599215116,0.184568357977156
844,0.629089586309926,0.261497815323131,0.229493730258852,0.222891426963376,0.183371292540019,0.195393227873188
968,0.664329550930648,0.26336509235663,0.223704949036996,0.289179343702615,0.143266847840142,0.179307075461499
716,0.632621179272578,0.23033379664679,0.252283020211930,0.203016510694019,0.171754154191287,0.161362102255135
795,0.606085249352797,0.234581247743386,0.275669606701894,0.199491561253654,0.153720720340875,0.140279459933373
923,0.626439652176295,0.269010148553487,0.219672052767678,0.248659484023583,0.169733635746363,0.172268685450245
181,0.525546453481271,0.309756707604237,0.256863984839407,0.232872971194181,0.170736402643872,0.170736402643872
247,0.471572446139952,0.194724220966719,0.241532534498303,0.187631241909896,0.190154027575454,0.140279459933373
770,0.65201365997105,0.222891426963376,0.240653643199231,0.235439936165745,0.140801836156987,0.149133866930996
224,0.446424815327873,0.16357228121085,0.190154027575454,0.205178843545358,0.153350162717428,0.140279459933373
767,0.624672424998259,0.235439936165745,0.248659484023583,0.210360301592275,0.149807763529887,0.140279459933373
862,0.638797087949753,0.292100571713878,0.265239772398733,0.266179795115631,0.142423961905656,0.158410531669826
706,0.647610671197383,0.247759640188542,0.221274744825972,0.256863984839407,0.158002143279100,0.163123316426449
360,0.428527399760189,0.148143904307162,0.190154027575454,0.182190212262849,0.140279459933373,0.163123316426449
924,0.629089586309926,0.261497815323131,0.235439936165745,0.237166246337142,0.200889639762023,0.140279459933373
821,0.612287594171303,0.254108759679802,0.234581247743386,0.214949882112267,0.202303599215116,0.140279459933373
765,0.618483198986599,0.252283020211930,0.212638240623736,0.265239772398733,0.171243398019944,0.160077057692081
386,0.464154311336516,0.223704949036996,0.168745733831007,0.176522456496951,0.171243398019944,0.148801114525785
559,0.57763477259731,0.305818349289740,0.272806580486754,0.269010148553487,0.194059239855938,0.142702524367706
770,0.596324170558622,0.255943411389996,0.210360301592275,0.259638241659144,0.146237238572002,0.171243398019944
906,0.631738455286738,0.257786672914962,0.237166246337142,0.278545025785751,0.171754154191287,0.171754154191287
331,0.461365530470573,0.204454144375473,0.232023448734304,0.192741366843982,0.144720505822661,0.200188610986799
686,0.606971725447777,0.219672052767678,0.232023448734304,0.215727826366646,0.146548361254107,0.175435913518267
745,0.629972659733243,0.233725581744281,0.243298519444439,0.195393227873188,0.174898448025698,0.192088479379025
838,0.618483198986599,0.245075200706715,0.209608564537159,0.251373586915138,0.183967824035887,0.140279459933373
658,0.597212308466731,0.194724220966719,0.195393227873188,0.235439936165745,0.140279459933373,0.153350162717428
167,0.517387345588464,0.140279459933373,0.175977245746161,0.145622826217966,0.140279459933373,0.144131604573628
751,0.638797087949753,0.233725581744281,0.254108759679802,0.202303599215116,0.140279459933373,0.140279459933373
651,0.607858057407542,0.269010148553487,0.234581247743386,0.292100571713878,0.16357228121085,0.147178535004063
774,0.578526502286961,0.261497815323131,0.265239772398733,0.267121556704060,0.156796455796649,0.144424803121843
754,0.59454741884471,0.218083551882790,0.252283020211930,0.205178843545358,0.140279459933373,0.140539522938054
849,0.61494365721071,0.267121556704060,0.237166246337142,0.260567046745838,0.149133866930996,0.188884569174318
617,0.600763302119727,0.225342219919308,0.246862287018223,0.218876016213984,0.156796455796649,0.153720720340875
896,0.654654294039608,0.26806502014066,0.282396577544332,0.244185541162083,0.168257318749387,0.223704949036996
726,0.598100289370352,0.241532534498303,0.228656878414890,0.236301613614802,0.177071557205383,0.171243398019944
809,0.613173084606865,0.245075200706715,0.240653643199231,0.306802338059224,0.148143904307162,0.148471133452426
805,0.618483198986599,0.232023448734304,0.233725581744281,0.184568357977156,0.160502026996677,0.180448444205294
432,0.538193325982493,0.190794809258731,0.192088479379025,0.256863984839407,0.158822198286243,0.144424803121843
688,0.611401966215199,0.218876016213984,0.193398287644562,0.234581247743386,0.165869963138432,0.172787005806565
332,0.465083048709257,0.164940248736627,0.205178843545358,0.167291481291287,0.148471133452426,0.140279459933373
894,0.655534316836593,0.288207386188063,0.209608564537159,0.295029198942614,0.162235816543637,0.150148946700048
186,0.549891666487745,0.147819407725247,0.196066256873814,0.194724220966719,0.140279459933373,0.140279459933373
811,0.607858057407542,0.192088479379025,0.177624558944457,0.233725581744281,0.145928733232941,0.171754154191287
730,0.649372161207369,0.257786672914962,0.232872971194181,0.246862287018223,0.155619579790919,0.155233599845476
731,0.606085249352797,0.208116557082828,0.248659484023583,0.241532534498303,0.145018731380577,0.140279459933373
845,0.643205181411445,0.253194757033311,0.309756707604237,0.140279459933373,0.177071557205383,0.149469410107982
352,0.550789853506805,0.309756707604237,0.285297304030371,0.284329312589461,0.175977245746161,0.170233153496669
795,0.619367756469412,0.238904240888872,0.186394027664835,0.286266334773665,0.140279459933373,0.194059239855938
718,0.611401966215199,0.220471637257467,0.246862287018223,0.232872971194181,0.147819407725247,0.160077057692081
365,0.478964395469008,0.179307075461499,0.16634019279706,0.205178843545358,0.148471133452426,0.152618104976752
735,0.618483198986599,0.222081350052879,0.254108759679802,0.233725581744281,0.160077057692081,0.167291481291287
360,0.459504181093247,0.226992939983781,0.237166246337142,0.232872971194181,0.184568357977156,0.190794809258731
928,0.63703309779987,0.300905518027404,0.282396577544332,0.264301525715948,0.180448444205294,0.140279459933373
383,0.463225147278761,0.178742307944130,0.147497624383717,0.229493730258852,0.140279459933373,0.181605650010004
695,0.585653817185493,0.232872971194181,0.26336509235663,0.183371292540019,0.186394027664835,0.148801114525785
729,0.632621179272578,0.269010148553487,0.228656878414890,0.244185541162083,0.195393227873188,0.218083551882790
793,0.627323083479833,0.222081350052879,0.214949882112267,0.213405068833102,0.149469410107982,0.152982630801945
823,0.646729776551258,0.271855157449252,0.257786672914962,0.236301613614802,0.186394027664835,0.200188610986799
788,0.642323774366231,0.228656878414890,0.252283020211930,0.225342219919308,0.142147774681471,0.192088479379025
751,0.616713692539713,0.250466494772263,0.219672052767678,0.234581247743386,0.214175622695954,0.177071557205383
928,0.659053485350326,0.272806580486754,0.252283020211930,0.244185541162083,0.168745733831007,0.181605650010004
632,0.605198627992826,0.214175622695954,0.218083551882790,0.257786672914962,0.160502026996677,0.147178535004063
590,0.629972659733243,0.246862287018223,0.217294683481912,0.261497815323131,0.172787005806565,0.152982630801945
834,0.629089586309926,0.253194757033311,0.203016510694019,0.287236372741756,0.140279459933373,0.140279459933373
686,0.663450425192382,0.255024990396885,0.279506090033501,0.243298519444439,0.175977245746161,0.140279459933373
624,0.576742857104671,0.264301525715948,0.243298519444439,0.295029198942614,0.166814026627726,0.172268685450245
802,0.620252184825136,0.255943411389996,0.23977753355553,0.238033800236652,0.168257318749387,0.140279459933373
661,0.626439652176295,0.322587416871138,0.267121556704060,0.311728055196152,0.179875784505171,0.165403320798019
790,0.611401966215199,0.212638240623736,0.235439936165745,0.198798498578782,0.149807763529887,0.140279459933373
890,0.656414246618719,0.262430509724191,0.232872971194181,0.222891426963376,0.183967824035887,0.166814026627726
779,0.622020658211421,0.234581247743386,0.262430509724191,0.274713840722163,0.194724220966719,0.180448444205294
738,0.608744246353995,0.244185541162083,0.226165913043895,0.222081350052879,0.164940248736627,0.151897993103576
727,0.617598511353537,0.209608564537159,0.218083551882790,0.198798498578782,0.194059239855938,0.170736402643872
768,0.65113325749733,0.261497815323131,0.189517281185082,0.270905253648299,0.151542367809210,0.173309128978783
335,0.713442106338661,0.232872971194181,0.187010622123131,0.32159942528535,0.345300444024283,0.216509434133377
812,0.626439652176295,0.271855157449252,0.258711437790672,0.270905253648299,0.156796455796649,0.213405068833102
835,0.610516199655431,0.211115838461421,0.242414171861771,0.200889639762023,0.140279459933373,0.156796455796649
922,0.653774177471793,0.290152214217331,0.241532534498303,0.287236372741756,0.151189670120080,0.158002143279100
870,0.672237905577799,0.259638241659144,0.234581247743386,0.283362392853609,0.170736402643872,0.162235816543637
690,0.617598511353537,0.212638240623736,0.178181472416481,0.260567046745838,0.152256565618780,0.140279459933373
726,0.606971725447777,0.231177046607856,0.177071557205383,0.226165913043895,0.142702524367706,0.149807763529887
813,0.622904705251892,0.339381807952053,0.326539995183568,0.327528205863718,0.188255890082703,0.231177046607856
297,0.44923503724365,0.183371292540019,0.168257318749387,0.210360301592275,0.143266847840142,0.176522456496951
768,0.61494365721071,0.306802338059224,0.322587416871138,0.243298519444439,0.212638240623736,0.223704949036996
829,0.647610671197383,0.285297304030371,0.260567046745838,0.305818349289740,0.174364837136968,0.156796455796649
765,0.617598511353537,0.270905253648299,0.207376318697083,0.253194757033311,0.179307075461499,0.165403320798019
668,0.612287594171303,0.218083551882790,0.233725581744281,0.170233153496669,0.161797245314680,0.190154027575454
810,0.631738455286738,0.297964434643167,0.272806580486754,0.269010148553487,0.156796455796649,0.140279459933373
751,0.627323083479833,0.255943411389996,0.226992939983781,0.218083551882790,0.156796455796649,0.16357228121085
813,0.623788627185174,0.26336509235663,0.240653643199231,0.308771540986705,0.148471133452426,0.185781454960399
677,0.621136485069615,0.232023448734304,0.221274744825972,0.238904240888872,0.140279459933373,0.144720505822661
843,0.644086484322101,0.307786743279463,0.254108759679802,0.284329312589461,0.184568357977156,0.178181472416481
826,0.638797087949753,0.240653643199231,0.255024990396885,0.177624558944457,0.167291481291287,0.211115838461421
826,0.644086484322101,0.280468392646033,0.26336509235663,0.286266334773665,0.208116557082828,0.182778757451073
771,0.628206394540431,0.285297304030371,0.283362392853609,0.241532534498303,0.167772573247934,0.182778757451073
662,0.612287594171303,0.253194757033311,0.192088479379025,0.251373586915138,0.169237834303805,0.140279459933373
720,0.62555609967103,0.269010148553487,0.279506090033501,0.261497815323131,0.180448444205294,0.140279459933373
709,0.637915147508898,0.272806580486754,0.266179795115631,0.223704949036996,0.140279459933373,0.148801114525785
794,0.606085249352797,0.210360301592275,0.211875157547888,0.226165913043895,0.164940248736627,0.147497624383717
827,0.648491465815105,0.272806580486754,0.212638240623736,0.290152214217331,0.181025063276694,0.191439626593958
835,0.608744246353995,0.269010148553487,0.245967461561916,0.194059239855938,0.187010622123131,0.140279459933373
749,0.617598511353537,0.238904240888872,0.235439936165745,0.232872971194181,0.186394027664835,0.202303599215116
805,0.638797087949753,0.233725581744281,0.245967461561916,0.212638240623736,0.156400988328558,0.162235816543637
707,0.631738455286738,0.208116557082828,0.206639944148685,0.226992939983781,0.140539522938054,0.141066417195949
653,0.59099197716754,0.235439936165745,0.236301613614802,0.214949882112267,0.142147774681471,0.140279459933373
326,0.463225147278761,0.164940248736627,0.186394027664835,0.218876016213984,0.148471133452426,0.194724220966719
818,0.640560644506718,0.265239772398733,0.257786672914962,0.208860644258667,0.196743303664015,0.185172899926102
928,0.643205181411445,0.277585234113443,0.250466494772263,0.247759640188542,0.149807763529887,0.140279459933373
730,0.606085249352797,0.248659484023583,0.212638240623736,0.248659484023583,0.177071557205383,0.140279459933373
510,0.581200590507501,0.250466494772263,0.300905518027404,0.205907447843523,0.213405068833102,0.174898448025698
799,0.621136485069615,0.357108931824631,0.336419918223748,0.318636108753548,0.232023448734304,0.140279459933373
769,0.592770024376564,0.238904240888872,0.231177046607856,0.247759640188542,0.143266847840142,0.150148946700048
624,0.602537880906253,0.220471637257467,0.237166246337142,0.192088479379025,0.167772573247934,0.140279459933373
831,0.648491465815105,0.252283020211930,0.267121556704060,0.222891426963376,0.168745733831007,0.154850743467635
852,0.636150937944643,0.248659484023583,0.228656878414890,0.259638241659144,0.179307075461499,0.153720720340875
677,0.597212308466731,0.213405068833102,0.199491561253654,0.234581247743386,0.154850743467635,0.148801114525785
747,0.615828741507218,0.232023448734304,0.222081350052879,0.231177046607856,0.149469410107982,0.156400988328558
678,0.61494365721071,0.228656878414890,0.256863984839407,0.220471637257467,0.16357228121085,0.162235816543637
334,0.456708871220304,0.179307075461499,0.213405068833102,0.201594638931909,0.162235816543637,0.164940248736627
787,0.661691913619881,0.26806502014066,0.265239772398733,0.240653643199231,0.140279459933373,0.140279459933373
283,0.43702685358426,0.185172899926102,0.203733362812729,0.167291481291287,0.140279459933373,0.140279459933373
814,0.609630293401202,0.242414171861771,0.240653643199231,0.278545025785751,0.144720505822661,0.140279459933373
725,0.61494365721071,0.229493730258852,0.233725581744281,0.194724220966719,0.169733635746363,0.141333283747465
795,0.635268667058686,0.245967461561916,0.284329312589461,0.187631241909896,0.191439626593958,0.165403320798019
768,0.646729776551258,0.245967461561916,0.225342219919308,0.245075200706715,0.141333283747465,0.154850743467635
775,0.646729776551258,0.215727826366646,0.254108759679802,0.23977753355553,0.175435913518267,0.179307075461499
881,0.6678452031824,0.283362392853609,0.303851718893881,0.172268685450245,0.174898448025698,0.164024746412181
819,0.630855615748439,0.257786672914962,0.243298519444439,0.266179795115631,0.176522456496951,0.140279459933373
851,0.619367756469412,0.226165913043895,0.291125967010989,0.158410531669826,0.170233153496669,0.181605650010004
722,0.640560644506718,0.257786672914962,0.235439936165745,0.223704949036996,0.182190212262849,0.143840891542185
831,0.63703309779987,0.298944182722262,0.260567046745838,0.253194757033311,0.158410531669826,0.140279459933373
702,0.647610671197383,0.241532534498303,0.226992939983781,0.191439626593958,0.152618104976752,0.188884569174318
380,0.39893907178823,0.177071557205383,0.177071557205383,0.196066256873814,0.140279459933373,0.160502026996677
743,0.645848781067736,0.245075200706715,0.240653643199231,0.250466494772263,0.16634019279706,0.172787005806565
759,0.641442262346675,0.26806502014066,0.205907447843523,0.23033379664679,0.147819407725247,0.155233599845476
686,0.607858057407542,0.215727826366646,0.178742307944130,0.245967461561916,0.150492979148870,0.140279459933373
169,0.508293008226672,0.140279459933373,0.203016510694019,0.202303599215116,0.140279459933373,0.140279459933373
751,0.612287594171303,0.277585234113443,0.280468392646033,0.244185541162083,0.163123316426449,0.148801114525785
719,0.653774177471793,0.236301613614802,0.211875157547888,0.241532534498303,0.156400988328558,0.140279459933373
676,0.63703309779987,0.23977753355553,0.269010148553487,0.220471637257467,0.151189670120080,0.149133866930996
916,0.648491465815105,0.261497815323131,0.262430509724191,0.269956905233921,0.156796455796649,0.188255890082703
433,0.471572446139952,0.183967824035887,0.154094323280450,0.177071557205383,0.140279459933373,0.140279459933373
727,0.600763302119727,0.235439936165745,0.246862287018223,0.208116557082828,0.140279459933373,0.174364837136968
276,0.432309844864813,0.178742307944130,0.209608564537159,0.197424363331222,0.154850743467635,0.147497624383717
230,0.591881082994116,0.362994878061971,0.302869127130412,0.328516409471957,0.156008702799071,0.171754154191287
756,0.630855615748439,0.241532534498303,0.224521889216861,0.232872971194181,0.162235816543637,0.140279459933373
756,0.629089586309926,0.228656878414890,0.255943411389996,0.189517281185082,0.168745733831007,0.183967824035887
757,0.597212308466731,0.216509434133377,0.238904240888872,0.170736402643872,0.158410531669826,0.143266847840142
526,0.548094589195255,0.195393227873188,0.204454144375473,0.193398287644562,0.154850743467635,0.206639944148685
325,0.431364974573073,0.190154027575454,0.140279459933373,0.253194757033311,0.147819407725247,0.150492979148870
757,0.647610671197383,0.26336509235663,0.26336509235663,0.246862287018223,0.185781454960399,0.146548361254107
885,0.63703309779987,0.284329312589461,0.250466494772263,0.235439936165745,0.182778757451073,0.145018731380577
403,0.425685350085428,0.175435913518267,0.172268685450245,0.229493730258852,0.140279459933373,0.149469410107982
866,0.633503788623644,0.296006914761259,0.292100571713878,0.215727826366646,0.187010622123131,0.210360301592275
875,0.601650667029677,0.238904240888872,0.253194757033311,0.253194757033311,0.173835068385563,0.143840891542185
772,0.601650667029677,0.235439936165745,0.205907447843523,0.266179795115631,0.140279459933373,0.140279459933373
784,0.636150937944643,0.273759486818862,0.279506090033501,0.200889639762023,0.183967824035887,0.216509434133377
626,0.662571212990782,0.259638241659144,0.227823271636467,0.254108759679802,0.160077057692081,0.194059239855938
610,0.659933050519219,0.272806580486754,0.260567046745838,0.316661303992259,0.144424803121843,0.158002143279100
187,0.383475920330798,0.154094323280450,0.208116557082828,0.151542367809210,0.153350162717428,0.140279459933373
774,0.624672424998259,0.291125967010989,0.274713840722163,0.223704949036996,0.196743303664015,0.187631241909896
788,0.623788627185174,0.238904240888872,0.246862287018223,0.23977753355553,0.140279459933373,0.140279459933373
811,0.630855615748439,0.276626749501763,0.273759486818862,0.275669606701894,0.201594638931909,0.182190212262849
827,0.657294084136253,0.283362392853609,0.301887051542692,0.251373586915138,0.171754154191287,0.145622826217966
727,0.622020658211421,0.240653643199231,0.190794809258731,0.248659484023583,0.140279459933373,0.151189670120080
888,0.642323774366231,0.265239772398733,0.256863984839407,0.238033800236652,0.181025063276694,0.163123316426449
212,0.572280442910804,0.170736402643872,0.141333283747465,0.247759640188542,0.140279459933373,0.158002143279100
206,0.59099197716754,0.140279459933373,0.206639944148685,0.182190212262849,0.180448444205294,0.140279459933373
798,0.621136485069615,0.229493730258852,0.224521889216861,0.236301613614802,0.158822198286243,0.183371292540019
579,0.554380296765044,0.278545025785751,0.256863984839407,0.26336509235663,0.195393227873188,0.171243398019944
818,0.622020658211421,0.286266334773665,0.232023448734304,0.274713840722163,0.16634019279706,0.140279459933373
778,0.63703309779987,0.227823271636467,0.221274744825972,0.235439936165745,0.177071557205383,0.157195124574254
812,0.657294084136253,0.264301525715948,0.218083551882790,0.274713840722163,0.192741366843982,0.140279459933373
608,0.565130393380684,0.285297304030371,0.241532534498303,0.298944182722262,0.157597013980819,0.164940248736627
180,0.538193325982493,0.140279459933373,0.205178843545358,0.192741366843982,0.140279459933373,0.198109430350217
827,0.636150937944643,0.245967461561916,0.208116557082828,0.253194757033311,0.148143904307162,0.168745733831007
607,0.61494365721071,0.222891426963376,0.218083551882790,0.228656878414890,0.140801836156987,0.189517281185082
248,0.61494365721071,0.168257318749387,0.202303599215116,0.164480729737195,0.165869963138432,0.168257318749387
207,0.582982412426427,0.151897993103576,0.171243398019944,0.198109430350217,0.140279459933373,0.140279459933373
839,0.627323083479833,0.277585234113443,0.265239772398733,0.269010148553487,0.152982630801945,0.177071557205383
273,0.668723907006677,0.228656878414890,0.218876016213984,0.323575487390111,0.314687276192053,0.23033379664679
801,0.620252184825136,0.233725581744281,0.222081350052879,0.249561781327291,0.140279459933373,0.167291481291287
152,0.533682626160806,0.338394673319409,0.301887051542692,0.242414171861771,0.240653643199231,0.179875784505171
781,0.628206394540431,0.23977753355553,0.228656878414890,0.211115838461421,0.140279459933373,0.168745733831007
699,0.619367756469412,0.257786672914962,0.242414171861771,0.249561781327291,0.177624558944457,0.160930368981928
723,0.638797087949753,0.246862287018223,0.225342219919308,0.269010148553487,0.150148946700048,0.151189670120080
802,0.628206394540431,0.23977753355553,0.245967461561916,0.227823271636467,0.140279459933373,0.154850743467635
898,0.665208590906176,0.257786672914962,0.264301525715948,0.209608564537159,0.164024746412181,0.163123316426449
774,0.637915147508898,0.249561781327291,0.245075200706715,0.176522456496951,0.179307075461499,0.166814026627726
767,0.598100289370352,0.237166246337142,0.172787005806565,0.254108759679802,0.152618104976752,0.203016510694019
767,0.629089586309926,0.236301613614802,0.219672052767678,0.257786672914962,0.149469410107982,0.172787005806565
841,0.630855615748439,0.245967461561916,0.222891426963376,0.197424363331222,0.151897993103576,0.179307075461499
761,0.597212308466731,0.227823271636467,0.219672052767678,0.237166246337142,0.140279459933373,0.140279459933373
713,0.633503788623644,0.247759640188542,0.232023448734304,0.251373586915138,0.159237162188545,0.162677834203278
710,0.619367756469412,0.241532534498303,0.223704949036996,0.291125967010989,0.174898448025698,0.142147774681471
836,0.624672424998259,0.253194757033311,0.269010148553487,0.258711437790672,0.164480729737195,0.144424803121843
570,0.59454741884471,0.290152214217331,0.296006914761259,0.286266334773665,0.16357228121085,0.140279459933373
762,0.623788627185174,0.253194757033311,0.256863984839407,0.160077057692081,0.175977245746161,0.147497624383717
192,0.57585075439854,0.156400988328558,0.246862287018223,0.140279459933373,0.168257318749387,0.192088479379025
762,0.615828741507218,0.232872971194181,0.223704949036996,0.228656878414890,0.158002143279100,0.150839880430613
665,0.599875784998553,0.214175622695954,0.210360301592275,0.223704949036996,0.140279459933373,0.141873944585676
151,0.450170855356869,0.140279459933373,0.160930368981928,0.164024746412181,0.155619579790919,0.140279459933373
726,0.599875784998553,0.218083551882790,0.226992939983781,0.208116557082828,0.179307075461499,0.140279459933373
829,0.629972659733243,0.267121556704060,0.293075998312143,0.175977245746161,0.147497624383717,0.164480729737195
935,0.647610671197383,0.281431899695417,0.279506090033501,0.276626749501763,0.187631241909896,0.204454144375473
655,0.598988114480156,0.203733362812729,0.185172899926102,0.228656878414890,0.140279459933373,0.140279459933373
748,0.615828741507218,0.214949882112267,0.220471637257467,0.232023448734304,0.152256565618780,0.146862120354825
841,0.661691913619881,0.26336509235663,0.222081350052879,0.236301613614802,0.140279459933373,0.16634019279706
739,0.611401966215199,0.262430509724191,0.191439626593958,0.223704949036996,0.162677834203278,0.140279459933373
148,0.435141512434088,0.141602453589765,0.141873944585676,0.179307075461499,0.151189670120080,0.170233153496669
169,0.513753336846181,0.313700605163659,0.272806580486754,0.283362392853609,0.151542367809210,0.171243398019944
983,0.635268667058686,0.26806502014066,0.275669606701894,0.220471637257467,0.169237834303805,0.185172899926102
857,0.633503788623644,0.291125967010989,0.238033800236652,0.252283020211930,0.164024746412181,0.141602453589765
170,0.515570951288053,0.149807763529887,0.140279459933373,0.199491561253654,0.150839880430613,0.176522456496951
287,0.439851241970584,0.177071557205383,0.140279459933373,0.201594638931909,0.152618104976752,0.140279459933373
825,0.612287594171303,0.269010148553487,0.242414171861771,0.254108759679802,0.175977245746161,0.178181472416481
848,0.616713692539713,0.252283020211930,0.269956905233921,0.248659484023583,0.181025063276694,0.195393227873188
621,0.607858057407542,0.236301613614802,0.214175622695954,0.236301613614802,0.157597013980819,0.168745733831007
768,0.599875784998553,0.245967461561916,0.188255890082703,0.234581247743386,0.163123316426449,0.140279459933373
734,0.628206394540431,0.270905253648299,0.236301613614802,0.285297304030371,0.162677834203278,0.215727826366646
383,0.45297556976512,0.225342219919308,0.188255890082703,0.183967824035887,0.151189670120080,0.140279459933373
726,0.588323660284695,0.215727826366646,0.142423961905656,0.23977753355553,0.157195124574254,0.152982630801945
147,0.436084425669404,0.145622826217966,0.187631241909896,0.182778757451073,0.154470991130581,0.147178535004063
736,0.588323660284695,0.261497815323131,0.229493730258852,0.249561781327291,0.177071557205383,0.177624558944457
852,0.645848781067736,0.262430509724191,0.23033379664679,0.286266334773665,0.164024746412181,0.153720720340875
709,0.627323083479833,0.265239772398733,0.247759640188542,0.240653643199231,0.182778757451073,0.140279459933373
231,0.467866722440866,0.164480729737195,0.188255890082703,0.179875784505171,0.140279459933373,0.155619579790919
753,0.616713692539713,0.222081350052879,0.226165913043895,0.215727826366646,0.178742307944130,0.159237162188545
872,0.668723907006677,0.290152214217331,0.270905253648299,0.278545025785751,0.16634019279706,0.174898448025698
836,0.619367756469412,0.228656878414890,0.185172899926102,0.26806502014066,0.147819407725247,0.200889639762023
775,0.627323083479833,0.232872971194181,0.190154027575454,0.260567046745838,0.164940248736627,0.140279459933373
781,0.598988114480156,0.193398287644562,0.200889639762023,0.245075200706715,0.140279459933373,0.188255890082703
428,0.68715866078394,0.265239772398733,0.206639944148685,0.368866547920421,0.42188893060604,0.272806580486754
792,0.636150937944643,0.269956905233921,0.250466494772263,0.219672052767678,0.192741366843982,0.169733635746363
163,0.470646634478409,0.140279459933373,0.232023448734304,0.146548361254107,0.140279459933373,0.184568357977156
662,0.598988114480156,0.232023448734304,0.237166246337142,0.225342219919308,0.140279459933373,0.160077057692081
808,0.636150937944643,0.240653643199231,0.275669606701894,0.251373586915138,0.140279459933373,0.154850743467635
641,0.600763302119727,0.237166246337142,0.222891426963376,0.200188610986799,0.161362102255135,0.140279459933373
286,0.436084425669404,0.192741366843982,0.169733635746363,0.206639944148685,0.140279459933373,0.144131604573628
819,0.655534316836593,0.254108759679802,0.228656878414890,0.275669606701894,0.197424363331222,0.145018731380577
197,0.453909567952752,0.147819407725247,0.193398287644562,0.194059239855938,0.140279459933373,0.147178535004063
228,0.593658802575914,0.140279459933373,0.172268685450245,0.192088479379025,0.161797245314680,0.140279459933373
775,0.632621179272578,0.238904240888872,0.189517281185082,0.269956905233921,0.140279459933373,0.174364837136968
808,0.605198627992826,0.249561781327291,0.236301613614802,0.305818349289740,0.159237162188545,0.164940248736627
329,0.466939252082330,0.192088479379025,0.183371292540019,0.214949882112267,0.151897993103576,0.181025063276694
743,0.637915147508898,0.219672052767678,0.196066256873814,0.238904240888872,0.164940248736627,0.191439626593958
593,0.557967132030868,0.51920253600366,0.502821101328797,0.507381840049532,0.40566331506169,0.359072414588444
758,0.592770024376564,0.219672052767678,0.204454144375473,0.217294683481912,0.170736402643872,0.194724220966719
755,0.606971725447777,0.214175622695954,0.205907447843523,0.287236372741756,0.154470991130581,0.170736402643872
764,0.613173084606865,0.229493730258852,0.242414171861771,0.225342219919308,0.16357228121085,0.140279459933373
704,0.621136485069615,0.245075200706715,0.232023448734304,0.271855157449252,0.146548361254107,0.197424363331222
710,0.633503788623644,0.229493730258852,0.177624558944457,0.292100571713878,0.140279459933373,0.203733362812729
770,0.609630293401202,0.215727826366646,0.196743303664015,0.23033379664679,0.173309128978783,0.150492979148870
171,0.476195411202944,0.140279459933373,0.140279459933373,0.210360301592275,0.140279459933373,0.175977245746161
249,0.502821101328797,0.178742307944130,0.177624558944457,0.194724220966719,0.140279459933373,0.140279459933373
694,0.622020658211421,0.280468392646033,0.264301525715948,0.206639944148685,0.190794809258731,0.155619579790919
840,0.646729776551258,0.244185541162083,0.242414171861771,0.140279459933373,0.176522456496951,0.165869963138432
721,0.606085249352797,0.238904240888872,0.235439936165745,0.228656878414890,0.154850743467635,0.140279459933373
651,0.598988114480156,0.227823271636467,0.196743303664015,0.235439936165745,0.143552645462116,0.164024746412181
751,0.640560644506718,0.222081350052879,0.255943411389996,0.255943411389996,0.141602453589765,0.14298348025674
887,0.619367756469412,0.270905253648299,0.255943411389996,0.213405068833102,0.16357228121085,0.198109430350217
182,0.550789853506805,0.150148946700048,0.170233153496669,0.181605650010004,0.164940248736627,0.162677834203278
725,0.598988114480156,0.26336509235663,0.208116557082828,0.294052217151829,0.140279459933373,0.153720720340875
632,0.684527124733494,0.257786672914962,0.236301613614802,0.232872971194181,0.161797245314680,0.190154027575454
753,0.631738455286738,0.246862287018223,0.258711437790672,0.250466494772263,0.164480729737195,0.140279459933373
714,0.613173084606865,0.253194757033311,0.232023448734304,0.260567046745838,0.163123316426449,0.140279459933373
761,0.612287594171303,0.232872971194181,0.265239772398733,0.164024746412181,0.168257318749387,0.169237834303805
677,0.607858057407542,0.223704949036996,0.245967461561916,0.188884569174318,0.165869963138432,0.167291481291287
688,0.590102705627282,0.195393227873188,0.177071557205383,0.23033379664679,0.140279459933373,0.164024746412181
710,0.641442262346675,0.243298519444439,0.226992939983781,0.241532534498303,0.140279459933373,0.177624558944457
791,0.61494365721071,0.259638241659144,0.255024990396885,0.247759640188542,0.16634019279706,0.140279459933373
767,0.620252184825136,0.267121556704060,0.235439936165745,0.188884569174318,0.183967824035887,0.140279459933373
668,0.584763524220902,0.278545025785751,0.288207386188063,0.200889639762023,0.161797245314680,0.171754154191287
193,0.565130393380684,0.171754154191287,0.144131604573628,0.237166246337142,0.140279459933373,0.161362102255135
702,0.609630293401202,0.217294683481912,0.245075200706715,0.192741366843982,0.161362102255135,0.171754154191287
826,0.636150937944643,0.247759640188542,0.243298519444439,0.262430509724191,0.168745733831007,0.160077057692081
771,0.616713692539713,0.237166246337142,0.232023448734304,0.269010148553487,0.140279459933373,0.144720505822661
689,0.588323660284695,0.311728055196152,0.266179795115631,0.296985336054750,0.171754154191287,0.214949882112267
772,0.602537880906253,0.251373586915138,0.151897993103576,0.269010148553487,0.140279459933373,0.140279459933373
854,0.626439652176295,0.278545025785751,0.245967461561916,0.270905253648299,0.16357228121085,0.157597013980819
473,0.538193325982493,0.231177046607856,0.218083551882790,0.246862287018223,0.171754154191287,0.164480729737195
866,0.620252184825136,0.255943411389996,0.260567046745838,0.264301525715948,0.179307075461499,0.140279459933373
888,0.655534316836593,0.259638241659144,0.26806502014066,0.26336509235663,0.16634019279706,0.186394027664835
178,0.533682626160806,0.140279459933373,0.163123316426449,0.219672052767678,0.144720505822661,0.141873944585676
733,0.643205181411445,0.261497815323131,0.285297304030371,0.198109430350217,0.194059239855938,0.140279459933373
741,0.647610671197383,0.252283020211930,0.257786672914962,0.255024990396885,0.140279459933373,0.200889639762023
696,0.604311860230174,0.23977753355553,0.266179795115631,0.262430509724191,0.144131604573628,0.162235816543637
678,0.613173084606865,0.211115838461421,0.244185541162083,0.193398287644562,0.140279459933373,0.168745733831007
776,0.656414246618719,0.245967461561916,0.240653643199231,0.221274744825972,0.162677834203278,0.140279459933373
694,0.648491465815105,0.240653643199231,0.212638240623736,0.251373586915138,0.161797245314680,0.159237162188545
837,0.615828741507218,0.233725581744281,0.215727826366646,0.266179795115631,0.149469410107982,0.174364837136968
766,0.627323083479833,0.232872971194181,0.200889639762023,0.262430509724191,0.142423961905656,0.140279459933373
816,0.615828741507218,0.23033379664679,0.235439936165745,0.222081350052879,0.160502026996677,0.16634019279706
324,0.444549008408857,0.16634019279706,0.202303599215116,0.177624558944457,0.146548361254107,0.16357228121085
913,0.630855615748439,0.255943411389996,0.233725581744281,0.287236372741756,0.142702524367706,0.140279459933373
734,0.646729776551258,0.355144025044986,0.314687276192053,0.373747820375976,0.231177046607856,0.242414171861771
626,0.597212308466731,0.212638240623736,0.216509434133377,0.236301613614802,0.160502026996677,0.140279459933373
356,0.456708871220304,0.170736402643872,0.187010622123131,0.164940248736627,0.151542367809210,0.171243398019944
779,0.58209159090975,0.232872971194181,0.219672052767678,0.217294683481912,0.140279459933373,0.172268685450245
342,0.655534316836593,0.244185541162083,0.211875157547888,0.327528205863718,0.326539995183568,0.232872971194181
589,0.587433883900336,0.260567046745838,0.249561781327291,0.245075200706715,0.164940248736627,0.140279459933373
711,0.61405843859737,0.233725581744281,0.201594638931909,0.237166246337142,0.140279459933373,0.140279459933373
687,0.592770024376564,0.219672052767678,0.222081350052879,0.150492979148870,0.164940248736627,0.140279459933373
797,0.635268667058686,0.256863984839407,0.259638241659144,0.251373586915138,0.164940248736627,0.177624558944457
640,0.658173830133798,0.233725581744281,0.167772573247934,0.270905253648299,0.145319498566922,0.141333283747465
199,0.61494365721071,0.154470991130581,0.175435913518267,0.211115838461421,0.140279459933373,0.156796455796649
851,0.669602528491819,0.265239772398733,0.26806502014066,0.198798498578782,0.192741366843982,0.156796455796649
708,0.610516199655431,0.286266334773665,0.236301613614802,0.304834801321944,0.161362102255135,0.208116557082828
386,0.438910260048710,0.182778757451073,0.180448444205294,0.175435913518267,0.162235816543637,0.144720505822661
696,0.595435874427052,0.247759640188542,0.170233153496669,0.255024990396885,0.140279459933373,0.166814026627726
945,0.609630293401202,0.272806580486754,0.269956905233921,0.277585234113443,0.205907447843523,0.140279459933373
745,0.605198627992826,0.232023448734304,0.23977753355553,0.26336509235663,0.140279459933373,0.224521889216861
161,0.462295554374572,0.140279459933373,0.140279459933373,0.183371292540019,0.143552645462116,0.140279459933373
624,0.617598511353537,0.204454144375473,0.23977753355553,0.240653643199231,0.145018731380577,0.140279459933373
745,0.644967683931748,0.257786672914962,0.233725581744281,0.250466494772263,0.168257318749387,0.178742307944130
736,0.642323774366231,0.244185541162083,0.276626749501763,0.141333283747465,0.148471133452426,0.169237834303805
744,0.624672424998259,0.256863984839407,0.237166246337142,0.270905253648299,0.160077057692081,0.195393227873188
314,0.63703309779987,0.222891426963376,0.219672052767678,0.229493730258852,0.194059239855938,0.210360301592275
720,0.630855615748439,0.221274744825972,0.208116557082828,0.255943411389996,0.147497624383717,0.165403320798019
898,0.6678452031824,0.279506090033501,0.285297304030371,0.241532534498303,0.166814026627726,0.169237834303805
330,0.457641082102348,0.159237162188545,0.183371292540019,0.207376318697083,0.149133866930996,0.186394027664835
753,0.612287594171303,0.258711437790672,0.262430509724191,0.244185541162083,0.154850743467635,0.160930368981928
594,0.58209159090975,0.208860644258667,0.180448444205294,0.231177046607856,0.157597013980819,0.150148946700048
617,0.61405843859737,0.217294683481912,0.219672052767678,0.208116557082828,0.150148946700048,0.140279459933373
792,0.609630293401202,0.229493730258852,0.194724220966719,0.254108759679802,0.140279459933373,0.140279459933373
773,0.618483198986599,0.302869127130412,0.313700605163659,0.252283020211930,0.205907447843523,0.188884569174318
437,0.473422844172892,0.186394027664835,0.140279459933373,0.251373586915138,0.140279459933373,0.184568357977156
889,0.643205181411445,0.252283020211930,0.244185541162083,0.235439936165745,0.149133866930996,0.164480729737195
710,0.659933050519219,0.254108759679802,0.257786672914962,0.285297304030371,0.170233153496669,0.167291481291287
641,0.593658802575914,0.216509434133377,0.238033800236652,0.226165913043895,0.164940248736627,0.140279459933373
693,0.597212308466731,0.229493730258852,0.169733635746363,0.245967461561916,0.141333283747465,0.151897993103576
734,0.622904705251892,0.254108759679802,0.241532534498303,0.269956905233921,0.153350162717428,0.162235816543637
185,0.382505251364152,0.140279459933373,0.165869963138432,0.209608564537159,0.140279459933373,0.142423961905656
347,0.466011361565902,0.160502026996677,0.185172899926102,0.207376318697083,0.158002143279100,0.166814026627726
613,0.601650667029677,0.273759486818862,0.259638241659144,0.221274744825972,0.238904240888872,0.192741366843982
720,0.590102705627282,0.232872971194181,0.158002143279100,0.281431899695417,0.160930368981928,0.140279459933373
907,0.622904705251892,0.221274744825972,0.253194757033311,0.219672052767678,0.143552645462116,0.157597013980819
834,0.621136485069615,0.228656878414890,0.257786672914962,0.236301613614802,0.151897993103576,0.154094323280450
330,0.417132025922147,0.173309128978783,0.180448444205294,0.153720720340875,0.151897993103576,0.16357228121085
813,0.617598511353537,0.216509434133377,0.232872971194181,0.218876016213984,0.14298348025674,0.140279459933373
261,0.475271623239318,0.166814026627726,0.150839880430613,0.205907447843523,0.146548361254107,0.140279459933373
702,0.629089586309926,0.249561781327291,0.250466494772263,0.224521889216861,0.171243398019944,0.142702524367706
751,0.635268667058686,0.291125967010989,0.269010148553487,0.266179795115631,0.151542367809210,0.193398287644562
727,0.618483198986599,0.229493730258852,0.210360301592275,0.247759640188542,0.174898448025698,0.148471133452426
819,0.626439652176295,0.219672052767678,0.245967461561916,0.202303599215116,0.144720505822661,0.168745733831007
790,0.628206394540431,0.296985336054750,0.251373586915138,0.319623752397046,0.218876016213984,0.186394027664835
497,0.623788627185174,0.317648619366148,0.26806502014066,0.340368763820501,0.192741366843982,0.140279459933373
745,0.598988114480156,0.203016510694019,0.255024990396885,0.205907447843523,0.16357228121085,0.14298348025674
844,0.653774177471793,0.266179795115631,0.267121556704060,0.253194757033311,0.162677834203278,0.194059239855938
734,0.600763302119727,0.322587416871138,0.297964434643167,0.303851718893881,0.195393227873188,0.170233153496669
466,0.547195695509664,0.173835068385563,0.183967824035887,0.232872971194181,0.140279459933373,0.140279459933373
723,0.609630293401202,0.218876016213984,0.231177046607856,0.218083551882790,0.140279459933373,0.181605650010004
704,0.59454741884471,0.259638241659144,0.238033800236652,0.249561781327291,0.160077057692081,0.147178535004063
789,0.65201365997105,0.26336509235663,0.242414171861771,0.226165913043895,0.186394027664835,0.140279459933373
825,0.663450425192382,0.187631241909896,0.140279459933373,0.653774177471793,0.707314131231881,0.544497573622266
926,0.626439652176295,0.319623752397046,0.308771540986705,0.280468392646033,0.237166246337142,0.173309128978783
816,0.633503788623644,0.231177046607856,0.269010148553487,0.226992939983781,0.153350162717428,0.151189670120080
389,0.418084423539314,0.187631241909896,0.196743303664015,0.204454144375473,0.160930368981928,0.155619579790919
395,0.436084425669404,0.187010622123131,0.155233599845476,0.232023448734304,0.140279459933373,0.140279459933373
712,0.582982412426427,0.260567046745838,0.256863984839407,0.237166246337142,0.172787005806565,0.182778757451073
771,0.658173830133798,0.258711437790672,0.26806502014066,0.244185541162083,0.162677834203278,0.169733635746363
330,0.677506525321988,0.236301613614802,0.156008702799071,0.446424815327873,0.502821101328797,0.359072414588444
758,0.622904705251892,0.232872971194181,0.188884569174318,0.274713840722163,0.140279459933373,0.149807763529887
837,0.634386284250911,0.279506090033501,0.167772573247934,0.271855157449252,0.222081350052879,0.190794809258731
789,0.61494365721071,0.305818349289740,0.289179343702615,0.259638241659144,0.189517281185082,0.146548361254107
297,0.466939252082330,0.190794809258731,0.161362102255135,0.223704949036996,0.140279459933373,0.152982630801945
564,0.595435874427052,0.235439936165745,0.225342219919308,0.180448444205294,0.181605650010004,0.140801836156987
794,0.576742857104671,0.253194757033311,0.245967461561916,0.303851718893881,0.164940248736627,0.145622826217966
765,0.622904705251892,0.244185541162083,0.216509434133377,0.234581247743386,0.156008702799071,0.140279459933373
841,0.648491465815105,0.245075200706715,0.243298519444439,0.226992939983781,0.140279459933373,0.198798498578782
643,0.620252184825136,0.379590352485876,0.357108931824631,0.338394673319409,0.192088479379025,0.143840891542185
886,0.636150937944643,0.224521889216861,0.204454144375473,0.283362392853609,0.140279459933373,0.172787005806565
772,0.627323083479833,0.238033800236652,0.214175622695954,0.272806580486754,0.140279459933373,0.182778757451073
716,0.643205181411445,0.248659484023583,0.190154027575454,0.234581247743386,0.157195124574254,0.140279459933373
793,0.598100289370352,0.209608564537159,0.232023448734304,0.167772573247934,0.179307075461499,0.140279459933373
856,0.612287594171303,0.252283020211930,0.23033379664679,0.210360301592275,0.175977245746161,0.190794809258731
705,0.606085249352797,0.241532534498303,0.206639944148685,0.294052217151829,0.140279459933373,0.159237162188545
168,0.49459052794554,0.140279459933373,0.196743303664015,0.144424803121843,0.167291481291287,0.156796455796649
678,0.593658802575914,0.236301613614802,0.208860644258667,0.238904240888872,0.140279459933373,0.152618104976752
660,0.61405843859737,0.211115838461421,0.196743303664015,0.217294683481912,0.154470991130581,0.188884569174318
814,0.61494365721071,0.242414171861771,0.257786672914962,0.243298519444439,0.140279459933373,0.169733635746363
653,0.598988114480156,0.269956905233921,0.218083551882790,0.227823271636467,0.157195124574254,0.172268685450245
321,0.626439652176295,0.240653643199231,0.209608564537159,0.258711437790672,0.154850743467635,0.194724220966719
743,0.612287594171303,0.240653643199231,0.233725581744281,0.245075200706715,0.140279459933373,0.188255890082703
699,0.604311860230174,0.234581247743386,0.261497815323131,0.208116557082828,0.154094323280450,0.140279459933373
771,0.622020658211421,0.226992939983781,0.26336509235663,0.237166246337142,0.140279459933373,0.156008702799071
763,0.653774177471793,0.282396577544332,0.236301613614802,0.322587416871138,0.198109430350217,0.167291481291287
780,0.586543936638165,0.227823271636467,0.213405068833102,0.236301613614802,0.164024746412181,0.140279459933373
906,0.609630293401202,0.264301525715948,0.253194757033311,0.260567046745838,0.170233153496669,0.174898448025698
692,0.609630293401202,0.290152214217331,0.229493730258852,0.267121556704060,0.163123316426449,0.140279459933373
606,0.58209159090975,0.181605650010004,0.208860644258667,0.232872971194181,0.140801836156987,0.187010622123131
638,0.598988114480156,0.232023448734304,0.203016510694019,0.198798498578782,0.181025063276694,0.154094323280450
599,0.619367756469412,0.223704949036996,0.208860644258667,0.238033800236652,0.140279459933373,0.169733635746363
814,0.632621179272578,0.269956905233921,0.245967461561916,0.283362392853609,0.203733362812729,0.183371292540019
738,0.636150937944643,0.246862287018223,0.245967461561916,0.220471637257467,0.145018731380577,0.169733635746363
854,0.622020658211421,0.202303599215116,0.272806580486754,0.216509434133377,0.167291481291287,0.140279459933373
710,0.622020658211421,0.272806580486754,0.254108759679802,0.236301613614802,0.173309128978783,0.16357228121085
583,0.578526502286961,0.222891426963376,0.243298519444439,0.23977753355553,0.161362102255135,0.146237238572002
803,0.615828741507218,0.311728055196152,0.280468392646033,0.293075998312143,0.178181472416481,0.140279459933373
165,0.517387345588464,0.297964434643167,0.238904240888872,0.255943411389996,0.146548361254107,0.151542367809210
812,0.638797087949753,0.355144025044986,0.323575487390111,0.275669606701894,0.190154027575454,0.171754154191287
940,0.6678452031824,0.243298519444439,0.192741366843982,0.258711437790672,0.140279459933373,0.173835068385563
770,0.596324170558622,0.238033800236652,0.26336509235663,0.211875157547888,0.146548361254107,0.140279459933373
698,0.644967683931748,0.256863984839407,0.209608564537159,0.264301525715948,0.155233599845476,0.170233153496669
786,0.596324170558622,0.226992939983781,0.209608564537159,0.242414171861771,0.159655442358187,0.193398287644562
740,0.605198627992826,0.220471637257467,0.238033800236652,0.238033800236652,0.140279459933373,0.140801836156987
182,0.50099448051522,0.194724220966719,0.196743303664015,0.258711437790672,0.152618104976752,0.140279459933373
166,0.495506422283226,0.140279459933373,0.16357228121085,0.174364837136968,0.147178535004063,0.140279459933373
827,0.65201365997105,0.249561781327291,0.213405068833102,0.238904240888872,0.146548361254107,0.140279459933373
780,0.63703309779987,0.285297304030371,0.257786672914962,0.280468392646033,0.140279459933373,0.155233599845476
828,0.652893966371437,0.273759486818862,0.236301613614802,0.311728055196152,0.140279459933373,0.160930368981928
788,0.621136485069615,0.252283020211930,0.232023448734304,0.222081350052879,0.143840891542185,0.145928733232941
615,0.632621179272578,0.214949882112267,0.219672052767678,0.276626749501763,0.140279459933373,0.142423961905656
736,0.598988114480156,0.216509434133377,0.234581247743386,0.211875157547888,0.164480729737195,0.150839880430613
785,0.608744246353995,0.221274744825972,0.280468392646033,0.188884569174318,0.140279459933373,0.157195124574254
775,0.630855615748439,0.267121556704060,0.232023448734304,0.225342219919308,0.158002143279100,0.174898448025698
648,0.567813168189284,0.281431899695417,0.269010148553487,0.233725581744281,0.16357228121085,0.140279459933373
684,0.607858057407542,0.255943411389996,0.211875157547888,0.249561781327291,0.160502026996677,0.140279459933373
643,0.596324170558622,0.226992939983781,0.212638240623736,0.179307075461499,0.151189670120080,0.162235816543637
809,0.637915147508898,0.340368763820501,0.351210191887716,0.291125967010989,0.200889639762023,0.146548361254107
900,0.618483198986599,0.328516409471957,0.296985336054750,0.26336509235663,0.177624558944457,0.173835068385563
703,0.588323660284695,0.287236372741756,0.262430509724191,0.304834801321944,0.153720720340875,0.177624558944457
748,0.66608754581422,0.281431899695417,0.269010148553487,0.245967461561916,0.187010622123131,0.156796455796649
870,0.629089586309926,0.256863984839407,0.254108759679802,0.290152214217331,0.158822198286243,0.177071557205383
717,0.606085249352797,0.238033800236652,0.232872971194181,0.172787005806565,0.181605650010004,0.140279459933373
715,0.624672424998259,0.226992939983781,0.242414171861771,0.226992939983781,0.183371292540019,0.140279459933373
869,0.63703309779987,0.269010148553487,0.232023448734304,0.233725581744281,0.144131604573628,0.140279459933373
821,0.624672424998259,0.262430509724191,0.242414171861771,0.256863984839407,0.198798498578782,0.146548361254107
776,0.608744246353995,0.220471637257467,0.225342219919308,0.216509434133377,0.157597013980819,0.179875784505171
758,0.65113325749733,0.257786672914962,0.280468392646033,0.178742307944130,0.164480729737195,0.195393227873188
854,0.646729776551258,0.305818349289740,0.265239772398733,0.293075998312143,0.158002143279100,0.167291481291287
871,0.623788627185174,0.255024990396885,0.189517281185082,0.269010148553487,0.175435913518267,0.205178843545358
811,0.583873056414207,0.236301613614802,0.213405068833102,0.256863984839407,0.160930368981928,0.140279459933373
701,0.590102705627282,0.211115838461421,0.211115838461421,0.261497815323131,0.140279459933373,0.140279459933373
149,0.429473753439024,0.140279459933373,0.187631241909896,0.196066256873814,0.140279459933373,0.187631241909896
393,0.450170855356869,0.188884569174318,0.171243398019944,0.186394027664835,0.149807763529887,0.140279459933373
725,0.611401966215199,0.255024990396885,0.233725581744281,0.269010148553487,0.188255890082703,0.195393227873188
331,0.483571570595327,0.215727826366646,0.140279459933373,0.228656878414890,0.140279459933373,0.140279459933373
199,0.579418047575081,0.140279459933373,0.150148946700048,0.191439626593958,0.140279459933373,0.140279459933373
271,0.59454741884471,0.299924552865763,0.294052217151829,0.291125967010989,0.337407372460796,0.218083551882790
613,0.554380296765044,0.241532534498303,0.23033379664679,0.213405068833102,0.178742307944130,0.160077057692081
724,0.618483198986599,0.216509434133377,0.245967461561916,0.23977753355553,0.151897993103576,0.162677834203278
169,0.487250452013843,0.140279459933373,0.164024746412181,0.154470991130581,0.140279459933373,0.154470991130581
730,0.595435874427052,0.203733362812729,0.220471637257467,0.218083551882790,0.147497624383717,0.151189670120080
188,0.548993245617665,0.161362102255135,0.200188610986799,0.173835068385563,0.162677834203278,0.173835068385563
222,0.626439652176295,0.208860644258667,0.231177046607856,0.232023448734304,0.161797245314680,0.205178843545358
751,0.618483198986599,0.226992939983781,0.227823271636467,0.222081350052879,0.168257318749387,0.179307075461499
870,0.61494365721071,0.261497815323131,0.249561781327291,0.218876016213984,0.147819407725247,0.192741366843982
875,0.649372161207369,0.26336509235663,0.164024746412181,0.253194757033311,0.145319498566922,0.140279459933373
339,0.438910260048710,0.174364837136968,0.140279459933373,0.23977753355553,0.157195124574254,0.140279459933373
698,0.634386284250911,0.281431899695417,0.247759640188542,0.214949882112267,0.190154027575454,0.148143904307162
687,0.611401966215199,0.205907447843523,0.255024990396885,0.168257318749387,0.156008702799071,0.152256565618780
386,0.445487145704544,0.185172899926102,0.185172899926102,0.196066256873814,0.140279459933373,0.16634019279706
760,0.616713692539713,0.200188610986799,0.220471637257467,0.194724220966719,0.152256565618780,0.168257318749387
171,0.464154311336516,0.218876016213984,0.231177046607856,0.226992939983781,0.160502026996677,0.152618104976752
879,0.638797087949753,0.288207386188063,0.292100571713878,0.220471637257467,0.155233599845476,0.140279459933373
737,0.629972659733243,0.245075200706715,0.253194757033311,0.233725581744281,0.140279459933373,0.16634019279706
768,0.589213267095234,0.222081350052879,0.191439626593958,0.292100571713878,0.140279459933373,0.140279459933373
729,0.649372161207369,0.265239772398733,0.251373586915138,0.253194757033311,0.147497624383717,0.140279459933373
791,0.57763477259731,0.228656878414890,0.229493730258852,0.219672052767678,0.177624558944457,0.140279459933373
729,0.644967683931748,0.299924552865763,0.259638241659144,0.246862287018223,0.214175622695954,0.145319498566922
797,0.642323774366231,0.245075200706715,0.220471637257467,0.265239772398733,0.146237238572002,0.158002143279100
712,0.613173084606865,0.232872971194181,0.225342219919308,0.222081350052879,0.148801114525785,0.188255890082703
646,0.622904705251892,0.246862287018223,0.241532534498303,0.23977753355553,0.171754154191287,0.154470991130581
816,0.615828741507218,0.270905253648299,0.267121556704060,0.250466494772263,0.234581247743386,0.207376318697083
719,0.601650667029677,0.247759640188542,0.238033800236652,0.260567046745838,0.154470991130581,0.160502026996677
261,0.492757675678563,0.178742307944130,0.188255890082703,0.197424363331222,0.163123316426449,0.154094323280450
647,0.599875784998553,0.237166246337142,0.214175622695954,0.274713840722163,0.149469410107982,0.146862120354825
670,0.595435874427052,0.237166246337142,0.169237834303805,0.290152214217331,0.146237238572002,0.140279459933373
552,0.63703309779987,0.285297304030371,0.294052217151829,0.257786672914962,0.155619579790919,0.168257318749387
696,0.607858057407542,0.250466494772263,0.222081350052879,0.247759640188542,0.146237238572002,0.175435913518267
806,0.628206394540431,0.248659484023583,0.250466494772263,0.269956905233921,0.151542367809210,0.140279459933373
779,0.650252758171119,0.272806580486754,0.232023448734304,0.257786672914962,0.177624558944457,0.157597013980819
375,0.437968797820157,0.158822198286243,0.185781454960399,0.207376318697083,0.140279459933373,0.140279459933373
824,0.618483198986599,0.227823271636467,0.223704949036996,0.260567046745838,0.140279459933373,0.153350162717428
815,0.633503788623644,0.252283020211930,0.226165913043895,0.288207386188063,0.140279459933373,0.202303599215116
862,0.633503788623644,0.240653643199231,0.218876016213984,0.245967461561916,0.155619579790919,0.179875784505171
829,0.616713692539713,0.258711437790672,0.256863984839407,0.262430509724191,0.180448444205294,0.162235816543637
666,0.586543936638165,0.217294683481912,0.232023448734304,0.195393227873188,0.158822198286243,0.155233599845476
818,0.641442262346675,0.23977753355553,0.218876016213984,0.265239772398733,0.152982630801945,0.183967824035887
720,0.613173084606865,0.226992939983781,0.216509434133377,0.26806502014066,0.171754154191287,0.144720505822661
414,0.466939252082330,0.183967824035887,0.167772573247934,0.220471637257467,0.140801836156987,0.158002143279100
851,0.63703309779987,0.310742219942023,0.281431899695417,0.254108759679802,0.167291481291287,0.164024746412181
802,0.640560644506718,0.342342090635241,0.352194131843378,0.314687276192053,0.195393227873188,0.208860644258667
760,0.629089586309926,0.226165913043895,0.205907447843523,0.214949882112267,0.140279459933373,0.198109430350217
699,0.616713692539713,0.226165913043895,0.257786672914962,0.190154027575454,0.148471133452426,0.16357228121085
825,0.600763302119727,0.240653643199231,0.203733362812729,0.23033379664679,0.156400988328558,0.149469410107982
779,0.59454741884471,0.226165913043895,0.215727826366646,0.206639944148685,0.170233153496669,0.170233153496669
767,0.595435874427052,0.235439936165745,0.256863984839407,0.211875157547888,0.140279459933373,0.167772573247934
722,0.58030940985411,0.296985336054750,0.298944182722262,0.312714190948075,0.223704949036996,0.190154027575454
800,0.608744246353995,0.255024990396885,0.247759640188542,0.262430509724191,0.172787005806565,0.157195124574254
768,0.634386284250911,0.232872971194181,0.237166246337142,0.203733362812729,0.140279459933373,0.140279459933373
795,0.608744246353995,0.328516409471957,0.282396577544332,0.291125967010989,0.200188610986799,0.140279459933373
878,0.664329550930648,0.284329312589461,0.26336509235663,0.26336509235663,0.194724220966719,0.172787005806565
782,0.619367756469412,0.238033800236652,0.203733362812729,0.244185541162083,0.140279459933373,0.140279459933373
737,0.65113325749733,0.247759640188542,0.225342219919308,0.240653643199231,0.157597013980819,0.198109430350217
924,0.622020658211421,0.226992939983781,0.241532534498303,0.244185541162083,0.140279459933373,0.191439626593958
817,0.644086484322101,0.320611530912211,0.297964434643167,0.287236372741756,0.162677834203278,0.154094323280450
759,0.586543936638165,0.290152214217331,0.301887051542692,0.255024990396885,0.161362102255135,0.194059239855938
744,0.576742857104671,0.240653643199231,0.205178843545358,0.278545025785751,0.156008702799071,0.140279459933373
902,0.610516199655431,0.269010148553487,0.293075998312143,0.232872971194181,0.190154027575454,0.182778757451073
735,0.626439652176295,0.247759640188542,0.243298519444439,0.234581247743386,0.187631241909896,0.140279459933373
730,0.62555609967103,0.302869127130412,0.285297304030371,0.299924552865763,0.172787005806565,0.158822198286243
737,0.632621179272578,0.231177046607856,0.218083551882790,0.214175622695954,0.154094323280450,0.144131604573628
882,0.634386284250911,0.305818349289740,0.283362392853609,0.293075998312143,0.183371292540019,0.151542367809210
334,0.432309844864813,0.158002143279100,0.221274744825972,0.177071557205383,0.145319498566922,0.144720505822661
696,0.621136485069615,0.294052217151829,0.298944182722262,0.278545025785751,0.194724220966719,0.140279459933373
844,0.646729776551258,0.219672052767678,0.243298519444439,0.214949882112267,0.148471133452426,0.187010622123131
678,0.604311860230174,0.245967461561916,0.222081350052879,0.250466494772263,0.152982630801945,0.152256565618780
609,0.605198627992826,0.214949882112267,0.197424363331222,0.208860644258667,0.171243398019944,0.170233153496669
817,0.653774177471793,0.274713840722163,0.236301613614802,0.274713840722163,0.147497624383717,0.182778757451073
848,0.644086484322101,0.242414171861771,0.23977753355553,0.222891426963376,0.173835068385563,0.159655442358187
376,0.429473753439024,0.199491561253654,0.140279459933373,0.238904240888872,0.140279459933373,0.145622826217966
930,0.659053485350326,0.261497815323131,0.243298519444439,0.244185541162083,0.174364837136968,0.176522456496951
846,0.613173084606865,0.241532534498303,0.228656878414890,0.228656878414890,0.156008702799071,0.150148946700048
773,0.618483198986599,0.242414171861771,0.242414171861771,0.177624558944457,0.157597013980819,0.147497624383717
389,0.458572851358513,0.248659484023583,0.216509434133377,0.233725581744281,0.169733635746363,0.194724220966719
671,0.627323083479833,0.259638241659144,0.246862287018223,0.198798498578782,0.177624558944457,0.165869963138432
948,0.682772413069105,0.348256569656263,0.334444602573969,0.301887051542692,0.201594638931909,0.214949882112267
748,0.622904705251892,0.23033379664679,0.187010622123131,0.253194757033311,0.140279459933373,0.170233153496669
169,0.507381840049532,0.152618104976752,0.159237162188545,0.179307075461499,0.140279459933373,0.140279459933373
838,0.622904705251892,0.253194757033311,0.273759486818862,0.203733362812729,0.140279459933373,0.193398287644562
917,0.605198627992826,0.323575487390111,0.286266334773665,0.303851718893881,0.195393227873188,0.156008702799071
820,0.630855615748439,0.252283020211930,0.235439936165745,0.238033800236652,0.169733635746363,0.198109430350217
655,0.604311860230174,0.259638241659144,0.202303599215116,0.258711437790672,0.153720720340875,0.176522456496951
369,0.446424815327873,0.156796455796649,0.169237834303805,0.232023448734304,0.140279459933373,0.148801114525785
844,0.608744246353995,0.262430509724191,0.277585234113443,0.208860644258667,0.161797245314680,0.174898448025698
803,0.621136485069615,0.215727826366646,0.226992939983781,0.214949882112267,0.150839880430613,0.190154027575454
880,0.615828741507218,0.256863984839407,0.254108759679802,0.256863984839407,0.177071557205383,0.208116557082828
671,0.592770024376564,0.218876016213984,0.223704949036996,0.202303599215116,0.152618104976752,0.160930368981928
708,0.623788627185174,0.228656878414890,0.234581247743386,0.212638240623736,0.140279459933373,0.149133866930996
682,0.621136485069615,0.288207386188063,0.257786672914962,0.232023448734304,0.171243398019944,0.171754154191287
802,0.638797087949753,0.216509434133377,0.182778757451073,0.26806502014066,0.182778757451073,0.140279459933373
815,0.63703309779987,0.255943411389996,0.23033379664679,0.297964434643167,0.158002143279100,0.188884569174318
969,0.633503788623644,0.282396577544332,0.288207386188063,0.286266334773665,0.217294683481912,0.171754154191287
730,0.632621179272578,0.257786672914962,0.219672052767678,0.236301613614802,0.174898448025698,0.173309128978783
584,0.65113325749733,0.258711437790672,0.259638241659144,0.219672052767678,0.179875784505171,0.140279459933373
362,0.474347434968947,0.190154027575454,0.140279459933373,0.229493730258852,0.140279459933373,0.140279459933373
720,0.611401966215199,0.269010148553487,0.227823271636467,0.255024990396885,0.159655442358187,0.143840891542185
849,0.658173830133798,0.276626749501763,0.26336509235663,0.274713840722163,0.179307075461499,0.140279459933373
653,0.627323083479833,0.245075200706715,0.215727826366646,0.246862287018223,0.164024746412181,0.174364837136968
749,0.607858057407542,0.224521889216861,0.205907447843523,0.203016510694019,0.140279459933373,0.151542367809210
610,0.61405843859737,0.214175622695954,0.223704949036996,0.218876016213984,0.140279459933373,0.150148946700048
666,0.590102705627282,0.194059239855938,0.169733635746363,0.251373586915138,0.143840891542185,0.190154027575454
847,0.626439652176295,0.238033800236652,0.280468392646033,0.221274744825972,0.185781454960399,0.186394027664835
732,0.639678919993987,0.269956905233921,0.237166246337142,0.242414171861771,0.161797245314680,0.187631241909896
806,0.635268667058686,0.219672052767678,0.198798498578782,0.242414171861771,0.142423961905656,0.207376318697083
795,0.619367756469412,0.264301525715948,0.261497815323131,0.212638240623736,0.140279459933373,0.140279459933373
765,0.600763302119727,0.238033800236652,0.223704949036996,0.243298519444439,0.144424803121843,0.173835068385563
863,0.638797087949753,0.231177046607856,0.269956905233921,0.183967824035887,0.151897993103576,0.167291481291287
360,0.436084425669404,0.164940248736627,0.198798498578782,0.181605650010004,0.140279459933373,0.140279459933373
824,0.644967683931748,0.240653643199231,0.235439936165745,0.254108759679802,0.151897993103576,0.171754154191287
893,0.672237905577799,0.299924552865763,0.290152214217331,0.311728055196152,0.179307075461499,0.16357228121085
860,0.636150937944643,0.259638241659144,0.274713840722163,0.23033379664679,0.181605650010004,0.160077057692081
899,0.629089586309926,0.261497815323131,0.226992939983781,0.258711437790672,0.145622826217966,0.167772573247934
738,0.646729776551258,0.260567046745838,0.250466494772263,0.256863984839407,0.167291481291287,0.140279459933373
816,0.637915147508898,0.229493730258852,0.241532534498303,0.262430509724191,0.161362102255135,0.164480729737195
698,0.611401966215199,0.238033800236652,0.242414171861771,0.243298519444439,0.141873944585676,0.160077057692081
666,0.617598511353537,0.216509434133377,0.206639944148685,0.222081350052879,0.185781454960399,0.191439626593958
751,0.611401966215199,0.227823271636467,0.219672052767678,0.236301613614802,0.150148946700048,0.140279459933373
749,0.611401966215199,0.255943411389996,0.284329312589461,0.169733635746363,0.173835068385563,0.178181472416481
770,0.642323774366231,0.272806580486754,0.260567046745838,0.234581247743386,0.156400988328558,0.148471133452426
868,0.639678919993987,0.247759640188542,0.269956905233921,0.242414171861771,0.154850743467635,0.140279459933373
763,0.65201365997105,0.253194757033311,0.183371292540019,0.259638241659144,0.140279459933373,0.164940248736627
624,0.598988114480156,0.234581247743386,0.221274744825972,0.240653643199231,0.159237162188545,0.140279459933373
733,0.632621179272578,0.236301613614802,0.234581247743386,0.245967461561916,0.160077057692081,0.160077057692081
688,0.642323774366231,0.241532534498303,0.243298519444439,0.182190212262849,0.177071557205383,0.140279459933373
713,0.640560644506718,0.232872971194181,0.214175622695954,0.218876016213984,0.185172899926102,0.178742307944130
168,0.495506422283226,0.142147774681471,0.141333283747465,0.208860644258667,0.156008702799071,0.154850743467635
715,0.571387382661058,0.227823271636467,0.205907447843523,0.196066256873814,0.140279459933373,0.178181472416481
818,0.640560644506718,0.276626749501763,0.286266334773665,0.203733362812729,0.175977245746161,0.200188610986799
765,0.657294084136253,0.251373586915138,0.219672052767678,0.249561781327291,0.159237162188545,0.203733362812729
809,0.630855615748439,0.340368763820501,0.297964434643167,0.330492731245164,0.224521889216861,0.159655442358187
582,0.666966416344732,0.236301613614802,0.148471133452426,0.257786672914962,0.140279459933373,0.160930368981928
706,0.613173084606865,0.237166246337142,0.232023448734304,0.237166246337142,0.155233599845476,0.160077057692081
856,0.637915147508898,0.248659484023583,0.212638240623736,0.255024990396885,0.140279459933373,0.140279459933373
616,0.578526502286961,0.213405068833102,0.255943411389996,0.205178843545358,0.154850743467635,0.146862120354825
557,0.58209159090975,0.212638240623736,0.229493730258852,0.182190212262849,0.140279459933373,0.164024746412181
817,0.617598511353537,0.257786672914962,0.258711437790672,0.203016510694019,0.140279459933373,0.183371292540019
865,0.61494365721071,0.256863984839407,0.224521889216861,0.244185541162083,0.153720720340875,0.159655442358187
780,0.644967683931748,0.245967461561916,0.232872971194181,0.296985336054750,0.154094323280450,0.203733362812729
785,0.630855615748439,0.227823271636467,0.199491561253654,0.215727826366646,0.140279459933373,0.203016510694019
861,0.650252758171119,0.304834801321944,0.270905253648299,0.281431899695417,0.211875157547888,0.167291481291287
689,0.629089586309926,0.277585234113443,0.269010148553487,0.194059239855938,0.179875784505171,0.172787005806565
847,0.55975922935761,0.298944182722262,0.237166246337142,0.283362392853609,0.172268685450245,0.200889639762023
735,0.601650667029677,0.200889639762023,0.261497815323131,0.183371292540019,0.160930368981928,0.172787005806565
851,0.627323083479833,0.247759640188542,0.248659484023583,0.206639944148685,0.144720505822661,0.160930368981928
758,0.622904705251892,0.307786743279463,0.316661303992259,0.272806580486754,0.236301613614802,0.186394027664835
808,0.670481068306923,0.246862287018223,0.257786672914962,0.214949882112267,0.182190212262849,0.140279459933373
443,0.591881082994116,0.208116557082828,0.246862287018223,0.214949882112267,0.146237238572002,0.153350162717428
188,0.564235724377818,0.142147774681471,0.192741366843982,0.147497624383717,0.145018731380577,0.164940248736627
843,0.59099197716754,0.276626749501763,0.259638241659144,0.312714190948075,0.177071557205383,0.150492979148870
1019,0.695049586089508,0.315674182764382,0.308771540986705,0.26806502014066,0.191439626593958,0.148801114525785
815,0.622904705251892,0.244185541162083,0.165869963138432,0.267121556704060,0.165869963138432,0.146237238572002
705,0.613173084606865,0.234581247743386,0.188884569174318,0.238904240888872,0.146237238572002,0.157195124574254
646,0.595435874427052,0.215727826366646,0.179875784505171,0.222081350052879,0.163123316426449,0.152256565618780
666,0.589213267095234,0.280468392646033,0.251373586915138,0.226992939983781,0.190794809258731,0.179875784505171
766,0.606085249352797,0.23033379664679,0.246862287018223,0.211875157547888,0.145018731380577,0.140279459933373
318,0.441731771836077,0.147178535004063,0.215727826366646,0.183967824035887,0.151897993103576,0.140279459933373
814,0.632621179272578,0.253194757033311,0.209608564537159,0.245075200706715,0.174898448025698,0.140279459933373
848,0.653774177471793,0.26336509235663,0.234581247743386,0.308771540986705,0.160930368981928,0.172268685450245
788,0.644967683931748,0.231177046607856,0.228656878414890,0.266179795115631,0.160077057692081,0.140279459933373
792,0.609630293401202,0.253194757033311,0.205907447843523,0.212638240623736,0.151189670120080,0.148801114525785
786,0.650252758171119,0.240653643199231,0.264301525715948,0.205178843545358,0.181025063276694,0.158410531669826
265,0.643205181411445,0.162235816543637,0.140279459933373,0.623788627185174,0.676628615387707,0.504646384858735
662,0.57585075439854,0.369843682925459,0.328516409471957,0.341355528691973,0.273759486818862,0.276626749501763
723,0.58209159090975,0.209608564537159,0.218876016213984,0.244185541162083,0.153350162717428,0.154094323280450
805,0.611401966215199,0.226165913043895,0.229493730258852,0.274713840722163,0.140279459933373,0.172268685450245
857,0.634386284250911,0.238033800236652,0.226992939983781,0.298944182722262,0.154850743467635,0.204454144375473
803,0.616713692539713,0.275669606701894,0.222891426963376,0.269956905233921,0.184568357977156,0.162235816543637
531,0.659933050519219,0.278545025785751,0.255024990396885,0.39893907178823,0.428527399760189,0.26336509235663
168,0.525546453481271,0.169733635746363,0.187631241909896,0.214175622695954,0.145622826217966,0.147819407725247
787,0.618483198986599,0.252283020211930,0.259638241659144,0.269010148553487,0.167772573247934,0.178742307944130
807,0.650252758171119,0.251373586915138,0.280468392646033,0.188884569174318,0.195393227873188,0.209608564537159
669,0.586543936638165,0.269010148553487,0.269956905233921,0.227823271636467,0.192088479379025,0.140279459933373
717,0.598100289370352,0.215727826366646,0.206639944148685,0.225342219919308,0.155233599845476,0.179307075461499
708,0.609630293401202,0.247759640188542,0.223704949036996,0.241532534498303,0.164024746412181,0.175435913518267
696,0.597212308466731,0.264301525715948,0.225342219919308,0.287236372741756,0.157195124574254,0.170233153496669
807,0.639678919993987,0.262430509724191,0.235439936165745,0.257786672914962,0.156796455796649,0.205178843545358
843,0.634386284250911,0.272806580486754,0.223704949036996,0.261497815323131,0.140279459933373,0.140279459933373
687,0.613173084606865,0.226165913043895,0.210360301592275,0.222891426963376,0.162235816543637,0.140279459933373
723,0.595435874427052,0.23977753355553,0.214175622695954,0.220471637257467,0.198109430350217,0.140279459933373
735,0.606971725447777,0.222081350052879,0.23033379664679,0.229493730258852,0.145018731380577,0.140279459933373
742,0.660812526368302,0.244185541162083,0.223704949036996,0.279506090033501,0.140279459933373,0.182778757451073
900,0.642323774366231,0.328516409471957,0.295029198942614,0.312714190948075,0.219672052767678,0.170736402643872
840,0.65113325749733,0.26806502014066,0.274713840722163,0.260567046745838,0.174898448025698,0.186394027664835
719,0.617598511353537,0.211115838461421,0.158822198286243,0.284329312589461,0.140279459933373,0.160077057692081
736,0.616713692539713,0.234581247743386,0.247759640188542,0.203016510694019,0.140279459933373,0.184568357977156
205,0.659053485350326,0.272806580486754,0.250466494772263,0.362994878061971,0.375697185802696,0.200889639762023
168,0.500080663267207,0.142147774681471,0.196743303664015,0.181605650010004,0.146237238572002,0.140279459933373
791,0.63703309779987,0.252283020211930,0.215727826366646,0.238904240888872,0.149133866930996,0.172268685450245
734,0.602537880906253,0.231177046607856,0.227823271636467,0.222081350052879,0.140279459933373,0.140279459933373
377,0.443610401564419,0.161797245314680,0.159237162188545,0.222891426963376,0.140279459933373,0.145928733232941
633,0.612287594171303,0.250466494772263,0.262430509724191,0.231177046607856,0.170736402643872,0.164480729737195
794,0.606971725447777,0.270905253648299,0.250466494772263,0.226165913043895,0.151189670120080,0.201594638931909
764,0.630855615748439,0.369843682925459,0.327528205863718,0.305818349289740,0.174898448025698,0.153720720340875
769,0.604311860230174,0.226165913043895,0.236301613614802,0.203733362812729,0.161362102255135,0.164024746412181
727,0.622904705251892,0.255943411389996,0.212638240623736,0.256863984839407,0.178181472416481,0.140279459933373
233,0.445487145704544,0.199491561253654,0.185172899926102,0.16357228121085,0.145928733232941,0.150492979148870
745,0.618483198986599,0.238033800236652,0.233725581744281,0.228656878414890,0.158002143279100,0.160502026996677
761,0.606971725447777,0.309756707604237,0.271855157449252,0.296985336054750,0.172787005806565,0.140279459933373
433,0.466011361565902,0.188884569174318,0.203016510694019,0.195393227873188,0.140279459933373,0.148801114525785
852,0.629972659733243,0.238904240888872,0.233725581744281,0.244185541162083,0.155619579790919,0.173835068385563
714,0.590102705627282,0.309756707604237,0.33543232376894,0.287236372741756,0.177624558944457,0.140279459933373
843,0.646729776551258,0.261497815323131,0.235439936165745,0.303851718893881,0.140279459933373,0.168257318749387
594,0.581200590507501,0.240653643199231,0.240653643199231,0.211115838461421,0.14298348025674,0.157195124574254
917,0.632621179272578,0.286266334773665,0.300905518027404,0.148471133452426,0.166814026627726,0.140279459933373
747,0.623788627185174,0.214949882112267,0.206639944148685,0.226992939983781,0.170233153496669,0.140279459933373
923,0.642323774366231,0.255024990396885,0.266179795115631,0.269010148553487,0.16357228121085,0.185781454960399
722,0.619367756469412,0.251373586915138,0.250466494772263,0.238904240888872,0.140279459933373,0.159237162188545
437,0.457641082102348,0.200188610986799,0.140279459933373,0.219672052767678,0.161362102255135,0.182778757451073
343,0.436084425669404,0.154850743467635,0.163123316426449,0.196066256873814,0.147497624383717,0.142702524367706
429,0.476195411202944,0.170233153496669,0.179875784505171,0.231177046607856,0.147178535004063,0.145018731380577
925,0.644967683931748,0.26806502014066,0.238033800236652,0.257786672914962,0.188884569174318,0.175977245746161
743,0.61405843859737,0.218083551882790,0.198798498578782,0.259638241659144,0.140279459933373,0.154470991130581
865,0.643205181411445,0.266179795115631,0.281431899695417,0.200889639762023,0.143840891542185,0.166814026627726
254,0.424736999725661,0.151189670120080,0.140279459933373,0.237166246337142,0.141066417195949,0.140279459933373
796,0.582982412426427,0.226165913043895,0.219672052767678,0.257786672914962,0.165869963138432,0.145018731380577
352,0.441731771836077,0.197424363331222,0.184568357977156,0.243298519444439,0.140279459933373,0.151542367809210
350,0.474347434968947,0.156400988328558,0.170233153496669,0.231177046607856,0.151542367809210,0.153720720340875
174,0.410450927071570,0.199491561253654,0.218083551882790,0.212638240623736,0.200889639762023,0.177071557205383
782,0.643205181411445,0.269956905233921,0.238904240888872,0.249561781327291,0.152982630801945,0.156796455796649
752,0.629089586309926,0.306802338059224,0.286266334773665,0.248659484023583,0.190154027575454,0.183371292540019
776,0.627323083479833,0.215727826366646,0.190794809258731,0.26336509235663,0.146862120354825,0.140279459933373
821,0.661691913619881,0.294052217151829,0.265239772398733,0.270905253648299,0.188884569174318,0.181605650010004
852,0.641442262346675,0.292100571713878,0.285297304030371,0.318636108753548,0.140279459933373,0.174364837136968
803,0.627323083479833,0.240653643199231,0.218083551882790,0.202303599215116,0.185781454960399,0.169733635746363
804,0.637915147508898,0.251373586915138,0.26806502014066,0.232023448734304,0.146237238572002,0.221274744825972
936,0.604311860230174,0.277585234113443,0.232872971194181,0.235439936165745,0.185781454960399,0.152256565618780
799,0.626439652176295,0.26806502014066,0.262430509724191,0.201594638931909,0.192741366843982,0.202303599215116
855,0.662571212990782,0.273759486818862,0.248659484023583,0.278545025785751,0.143840891542185,0.183371292540019
666,0.596324170558622,0.241532534498303,0.172268685450245,0.216509434133377,0.168257318749387,0.171754154191287
947,0.617598511353537,0.393155485097713,0.374722731821464,0.352194131843378,0.252283020211930,0.177071557205383
871,0.634386284250911,0.251373586915138,0.235439936165745,0.247759640188542,0.150492979148870,0.140279459933373
805,0.58030940985411,0.198109430350217,0.250466494772263,0.223704949036996,0.160077057692081,0.204454144375473
763,0.642323774366231,0.266179795115631,0.253194757033311,0.222081350052879,0.168257318749387,0.162235816543637
751,0.613173084606865,0.225342219919308,0.203733362812729,0.253194757033311,0.155619579790919,0.181605650010004
173,0.499166505254691,0.140279459933373,0.168257318749387,0.196066256873814,0.140279459933373,0.140279459933373
364,0.445487145704544,0.16634019279706,0.172268685450245,0.215727826366646,0.140279459933373,0.154470991130581
703,0.606971725447777,0.234581247743386,0.200188610986799,0.248659484023583,0.158822198286243,0.167772573247934
1007,0.6678452031824,0.295029198942614,0.302869127130412,0.278545025785751,0.190794809258731,0.173835068385563
343,0.397013246974146,0.149807763529887,0.142147774681471,0.205178843545358,0.140279459933373,0.158410531669826
675,0.618483198986599,0.228656878414890,0.209608564537159,0.252283020211930,0.140279459933373,0.149133866930996
867,0.672237905577799,0.339381807952053,0.302869127130412,0.296985336054750,0.229493730258852,0.164024746412181
687,0.593658802575914,0.226165913043895,0.238904240888872,0.221274744825972,0.140279459933373,0.174364837136968
707,0.588323660284695,0.233725581744281,0.216509434133377,0.218876016213984,0.166814026627726,0.158002143279100
665,0.635268667058686,0.201594638931909,0.204454144375473,0.249561781327291,0.152618104976752,0.162677834203278
704,0.629089586309926,0.232872971194181,0.232023448734304,0.219672052767678,0.150492979148870,0.140279459933373
868,0.639678919993987,0.292100571713878,0.245967461561916,0.300905518027404,0.170233153496669,0.144720505822661
601,0.572280442910804,0.214949882112267,0.246862287018223,0.188884569174318,0.190794809258731,0.164024746412181
672,0.652893966371437,0.231177046607856,0.261497815323131,0.246862287018223,0.180448444205294,0.140279459933373
335,0.45297556976512,0.186394027664835,0.195393227873188,0.211115838461421,0.169237834303805,0.200188610986799
802,0.62555609967103,0.244185541162083,0.210360301592275,0.244185541162083,0.160930368981928,0.202303599215116
777,0.627323083479833,0.271855157449252,0.226992939983781,0.269956905233921,0.16357228121085,0.157195124574254
780,0.617598511353537,0.249561781327291,0.231177046607856,0.270905253648299,0.180448444205294,0.201594638931909
354,0.441731771836077,0.178181472416481,0.156796455796649,0.226992939983781,0.140279459933373,0.164940248736627
210,0.440791745314472,0.161797245314680,0.216509434133377,0.181605650010004,0.140279459933373,0.177071557205383
857,0.628206394540431,0.264301525715948,0.261497815323131,0.232023448734304,0.202303599215116,0.155619579790919
737,0.579418047575081,0.331480818156256,0.314687276192053,0.274713840722163,0.208116557082828,0.221274744825972
762,0.62555609967103,0.240653643199231,0.177071557205383,0.280468392646033,0.140279459933373,0.168745733831007
368,0.491840713366392,0.187010622123131,0.204454144375473,0.193398287644562,0.170233153496669,0.168745733831007
767,0.61405843859737,0.257786672914962,0.23977753355553,0.221274744825972,0.183371292540019,0.168257318749387
162,0.463225147278761,0.140279459933373,0.164024746412181,0.205907447843523,0.145928733232941,0.140279459933373
827,0.643205181411445,0.269010148553487,0.260567046745838,0.220471637257467,0.160502026996677,0.183967824035887
747,0.59099197716754,0.23033379664679,0.255024990396885,0.225342219919308,0.185172899926102,0.208116557082828
404,0.466011361565902,0.180448444205294,0.157195124574254,0.223704949036996,0.140279459933373,0.172787005806565
280,0.443610401564419,0.173309128978783,0.182190212262849,0.213405068833102,0.140279459933373,0.166814026627726
832,0.607858057407542,0.265239772398733,0.231177046607856,0.264301525715948,0.160502026996677,0.140279459933373
344,0.458572851358513,0.160077057692081,0.197424363331222,0.209608564537159,0.151542367809210,0.183371292540019
746,0.59099197716754,0.208116557082828,0.229493730258852,0.251373586915138,0.156400988328558,0.163123316426449
357,0.411406907527978,0.160930368981928,0.194724220966719,0.216509434133377,0.140279459933373,0.140279459933373
707,0.574065981658382,0.232872971194181,0.269956905233921,0.176522456496951,0.174898448025698,0.150839880430613
848,0.616713692539713,0.343328438016707,0.305818349289740,0.286266334773665,0.199491561253654,0.173835068385563
689,0.61405843859737,0.248659484023583,0.235439936165745,0.285297304030371,0.143840891542185,0.145928733232941
164,0.400862850180983,0.247759640188542,0.247759640188542,0.306802338059224,0.325551793923222,0.162235816543637
671,0.630855615748439,0.288207386188063,0.298944182722262,0.275669606701894,0.193398287644562,0.143552645462116
597,0.573173308757861,0.281431899695417,0.285297304030371,0.222081350052879,0.213405068833102,0.158002143279100
733,0.650252758171119,0.250466494772263,0.232023448734304,0.233725581744281,0.165403320798019,0.194724220966719
886,0.644967683931748,0.312714190948075,0.278545025785751,0.280468392646033,0.177071557205383,0.204454144375473
659,0.603424944919196,0.310742219942023,0.310742219942023,0.294052217151829,0.186394027664835,0.140279459933373
311,0.431364974573073,0.167291481291287,0.140279459933373,0.257786672914962,0.140279459933373,0.140279459933373
879,0.595435874427052,0.222891426963376,0.222081350052879,0.225342219919308,0.140279459933373,0.140279459933373
815,0.642323774366231,0.257786672914962,0.278545025785751,0.197424363331222,0.187010622123131,0.161797245314680
793,0.652893966371437,0.326539995183568,0.317648619366148,0.312714190948075,0.238904240888872,0.205907447843523
761,0.631738455286738,0.252283020211930,0.269956905233921,0.169733635746363,0.155619579790919,0.195393227873188
828,0.618483198986599,0.277585234113443,0.261497815323131,0.245075200706715,0.163123316426449,0.153350162717428
777,0.644967683931748,0.346286080835727,0.334444602573969,0.284329312589461,0.218876016213984,0.161797245314680
738,0.617598511353537,0.308771540986705,0.297964434643167,0.249561781327291,0.184568357977156,0.146862120354825
369,0.466939252082330,0.184568357977156,0.152256565618780,0.217294683481912,0.140279459933373,0.140279459933373
840,0.596324170558622,0.256863984839407,0.255024990396885,0.272806580486754,0.185172899926102,0.209608564537159
797,0.643205181411445,0.270905253648299,0.26806502014066,0.211115838461421,0.211875157547888,0.191439626593958
714,0.612287594171303,0.231177046607856,0.194059239855938,0.218876016213984,0.168257318749387,0.150839880430613
756,0.607858057407542,0.273759486818862,0.251373586915138,0.266179795115631,0.168745733831007,0.155619579790919
787,0.622904705251892,0.237166246337142,0.249561781327291,0.187631241909896,0.170233153496669,0.149807763529887
710,0.629972659733243,0.232872971194181,0.200188610986799,0.200889639762023,0.174364837136968,0.159237162188545
635,0.634386284250911,0.249561781327291,0.270905253648299,0.277585234113443,0.149807763529887,0.148143904307162
709,0.61494365721071,0.297964434643167,0.231177046607856,0.301887051542692,0.182190212262849,0.162677834203278
664,0.601650667029677,0.199491561253654,0.238033800236652,0.220471637257467,0.140279459933373,0.140279459933373
640,0.587433883900336,0.236301613614802,0.210360301592275,0.264301525715948,0.145622826217966,0.140279459933373
675,0.633503788623644,0.255943411389996,0.251373586915138,0.255943411389996,0.175977245746161,0.174898448025698
694,0.605198627992826,0.222891426963376,0.207376318697083,0.225342219919308,0.141873944585676,0.140279459933373
726,0.622904705251892,0.315674182764382,0.290152214217331,0.280468392646033,0.248659484023583,0.186394027664835
831,0.633503788623644,0.270905253648299,0.232872971194181,0.275669606701894,0.172787005806565,0.142423961905656
829,0.62555609967103,0.256863984839407,0.242414171861771,0.244185541162083,0.145928733232941,0.183371292540019
768,0.631738455286738,0.204454144375473,0.232872971194181,0.26806502014066,0.140279459933373,0.142147774681471
776,0.617598511353537,0.235439936165745,0.232023448734304,0.236301613614802,0.152256565618780,0.163123316426449
775,0.608744246353995,0.249561781327291,0.210360301592275,0.23977753355553,0.169237834303805,0.179875784505171
671,0.608744246353995,0.232023448734304,0.236301613614802,0.237166246337142,0.16634019279706,0.151542367809210
790,0.57763477259731,0.203016510694019,0.227823271636467,0.219672052767678,0.152256565618780,0.154094323280450
864,0.592770024376564,0.306802338059224,0.298944182722262,0.241532534498303,0.223704949036996,0.187010622123131
942,0.629089586309926,0.26336509235663,0.231177046607856,0.251373586915138,0.164480729737195,0.198798498578782
743,0.605198627992826,0.238904240888872,0.200889639762023,0.233725581744281,0.172787005806565,0.140279459933373
228,0.488169238277247,0.190154027575454,0.145018731380577,0.199491561253654,0.154470991130581,0.140279459933373
855,0.607858057407542,0.366910990862085,0.323575487390111,0.362014841934518,0.23977753355553,0.259638241659144
670,0.58030940985411,0.204454144375473,0.191439626593958,0.226992939983781,0.176522456496951,0.146548361254107
752,0.641442262346675,0.256863984839407,0.271855157449252,0.26336509235663,0.140279459933373,0.162235816543637
727,0.585653817185493,0.242414171861771,0.212638240623736,0.232023448734304,0.183371292540019,0.148801114525785
776,0.610516199655431,0.252283020211930,0.223704949036996,0.241532534498303,0.150148946700048,0.140279459933373
918,0.622020658211421,0.274713840722163,0.227823271636467,0.250466494772263,0.16357228121085,0.154850743467635
173,0.523735350546028,0.165869963138432,0.140279459933373,0.189517281185082,0.174364837136968,0.158822198286243
692,0.611401966215199,0.301887051542692,0.283362392853609,0.303851718893881,0.190794809258731,0.203016510694019
773,0.638797087949753,0.261497815323131,0.275669606701894,0.248659484023583,0.154470991130581,0.192741366843982
689,0.601650667029677,0.246862287018223,0.254108759679802,0.232023448734304,0.16357228121085,0.152256565618780
863,0.621136485069615,0.322587416871138,0.332468835480985,0.319623752397046,0.196066256873814,0.224521889216861
743,0.623788627185174,0.252283020211930,0.238904240888872,0.191439626593958,0.155619579790919,0.171754154191287
438,0.434198112267997,0.190154027575454,0.191439626593958,0.198798498578782,0.149133866930996,0.140279459933373
749,0.620252184825136,0.232872971194181,0.211875157547888,0.248659484023583,0.148471133452426,0.140279459933373
680,0.611401966215199,0.206639944148685,0.226165913043895,0.223704949036996,0.158002143279100,0.192088479379025
733,0.642323774366231,0.284329312589461,0.223704949036996,0.244185541162083,0.187631241909896,0.140279459933373
754,0.603424944919196,0.280468392646033,0.256863984839407,0.231177046607856,0.212638240623736,0.223704949036996
721,0.636150937944643,0.232872971194181,0.250466494772263,0.219672052767678,0.163123316426449,0.140279459933373
736,0.61405843859737,0.226992939983781,0.200188610986799,0.256863984839407,0.161362102255135,0.194724220966719
227,0.638797087949753,0.376671178467619,0.32159942528535,0.483571570595327,0.499166505254691,0.343328438016707
718,0.574065981658382,0.32950458986508,0.301887051542692,0.272806580486754,0.194724220966719,0.173309128978783
719,0.59454741884471,0.220471637257467,0.190794809258731,0.255943411389996,0.158002143279100,0.149133866930996
754,0.611401966215199,0.224521889216861,0.232023448734304,0.247759640188542,0.140279459933373,0.185781454960399
729,0.617598511353537,0.245075200706715,0.254108759679802,0.235439936165745,0.164024746412181,0.152256565618780
700,0.598100289370352,0.233725581744281,0.232023448734304,0.244185541162083,0.174364837136968,0.155233599845476
779,0.584763524220902,0.232023448734304,0.198109430350217,0.255943411389996,0.140279459933373,0.184568357977156
997,0.666966416344732,0.312714190948075,0.238033800236652,0.281431899695417,0.183967824035887,0.206639944148685
300,0.435141512434088,0.194059239855938,0.177624558944457,0.175977245746161,0.142423961905656,0.140279459933373
785,0.632621179272578,0.265239772398733,0.255943411389996,0.273759486818862,0.140279459933373,0.167291481291287
907,0.629089586309926,0.261497815323131,0.260567046745838,0.220471637257467,0.147819407725247,0.197424363331222
593,0.553483028327823,0.275669606701894,0.231177046607856,0.261497815323131,0.163123316426449,0.181605650010004
672,0.587433883900336,0.26806502014066,0.278545025785751,0.257786672914962,0.16357228121085,0.143552645462116
723,0.616713692539713,0.254108759679802,0.214949882112267,0.252283020211930,0.149133866930996,0.203733362812729
241,0.647610671197383,0.176522456496951,0.209608564537159,0.341355528691973,0.334444602573969,0.23977753355553
868,0.637915147508898,0.255024990396885,0.253194757033311,0.199491561253654,0.185781454960399,0.148471133452426
758,0.626439652176295,0.253194757033311,0.244185541162083,0.219672052767678,0.167772573247934,0.172787005806565
315,0.454843116219575,0.181605650010004,0.149469410107982,0.215727826366646,0.140279459933373,0.146237238572002
814,0.653774177471793,0.262430509724191,0.271855157449252,0.214949882112267,0.203016510694019,0.164024746412181
618,0.644086484322101,0.23977753355553,0.211875157547888,0.23033379664679,0.179875784505171,0.168257318749387
800,0.632621179272578,0.277585234113443,0.26336509235663,0.267121556704060,0.173309128978783,0.177071557205383
813,0.644967683931748,0.265239772398733,0.215727826366646,0.258711437790672,0.146862120354825,0.140279459933373
709,0.619367756469412,0.222891426963376,0.270905253648299,0.154470991130581,0.175977245746161,0.149469410107982
734,0.620252184825136,0.23977753355553,0.233725581744281,0.225342219919308,0.173835068385563,0.178181472416481
590,0.579418047575081,0.227823271636467,0.246862287018223,0.228656878414890,0.169237834303805,0.155619579790919
748,0.58209159090975,0.251373586915138,0.235439936165745,0.203733362812729,0.181605650010004,0.144424803121843
159,0.460435073421994,0.142702524367706,0.183371292540019,0.183371292540019,0.140279459933373,0.144424803121843
794,0.598100289370352,0.238033800236652,0.219672052767678,0.226165913043895,0.156008702799071,0.152256565618780
412,0.672237905577799,0.232872971194181,0.207376318697083,0.281431899695417,0.140279459933373,0.167291481291287
857,0.639678919993987,0.270905253648299,0.182190212262849,0.266179795115631,0.156796455796649,0.159655442358187
739,0.638797087949753,0.252283020211930,0.222081350052879,0.278545025785751,0.171243398019944,0.156400988328558
172,0.527356424038935,0.140279459933373,0.140279459933373,0.245075200706715,0.140279459933373,0.140279459933373
821,0.635268667058686,0.247759640188542,0.250466494772263,0.194059239855938,0.188884569174318,0.188884569174318
819,0.611401966215199,0.261497815323131,0.214175622695954,0.285297304030371,0.156008702799071,0.159237162188545
725,0.608744246353995,0.232023448734304,0.245967461561916,0.234581247743386,0.140279459933373,0.162235816543637
783,0.642323774366231,0.238904240888872,0.238904240888872,0.265239772398733,0.157195124574254,0.167772573247934
634,0.621136485069615,0.236301613614802,0.221274744825972,0.241532534498303,0.159655442358187,0.143552645462116
749,0.624672424998259,0.275669606701894,0.231177046607856,0.256863984839407,0.199491561253654,0.140279459933373
349,0.438910260048710,0.195393227873188,0.172787005806565,0.211875157547888,0.140279459933373,0.173835068385563
606,0.624672424998259,0.243298519444439,0.229493730258852,0.208860644258667,0.165869963138432,0.140539522938054
634,0.569600673082815,0.255943411389996,0.264301525715948,0.173835068385563,0.179875784505171,0.140279459933373
740,0.63703309779987,0.271855157449252,0.211115838461421,0.256863984839407,0.140279459933373,0.177624558944457
800,0.624672424998259,0.226992939983781,0.225342219919308,0.257786672914962,0.140279459933373,0.140279459933373
660,0.574958463059337,0.265239772398733,0.260567046745838,0.194059239855938,0.199491561253654,0.140539522938054
803,0.628206394540431,0.237166246337142,0.244185541162083,0.181605650010004,0.149807763529887,0.218083551882790
759,0.654654294039608,0.277585234113443,0.265239772398733,0.254108759679802,0.187631241909896,0.194724220966719
985,0.67838435938152,0.430419611243593,0.40662186593712,0.387353706987488,0.287236372741756,0.26336509235663
694,0.635268667058686,0.326539995183568,0.276626749501763,0.314687276192053,0.201594638931909,0.159655442358187
528,0.593658802575914,0.255943411389996,0.212638240623736,0.265239772398733,0.203016510694019,0.140279459933373
825,0.642323774366231,0.271855157449252,0.224521889216861,0.255943411389996,0.191439626593958,0.194724220966719
803,0.63703309779987,0.270905253648299,0.243298519444439,0.23977753355553,0.173835068385563,0.196743303664015
745,0.607858057407542,0.242414171861771,0.260567046745838,0.198109430350217,0.145018731380577,0.200188610986799
633,0.586543936638165,0.205907447843523,0.215727826366646,0.251373586915138,0.140279459933373,0.140279459933373
323,0.469720411442728,0.196066256873814,0.190794809258731,0.222891426963376,0.216509434133377,0.196743303664015
804,0.61494365721071,0.255943411389996,0.238904240888872,0.246862287018223,0.151897993103576,0.145928733232941
216,0.454843116219575,0.155233599845476,0.201594638931909,0.160930368981928,0.173835068385563,0.162677834203278
729,0.598100289370352,0.192088479379025,0.225342219919308,0.224521889216861,0.146548361254107,0.140279459933373
894,0.638797087949753,0.250466494772263,0.294052217151829,0.159655442358187,0.194724220966719,0.144720505822661
796,0.635268667058686,0.257786672914962,0.271855157449252,0.190794809258731,0.188884569174318,0.140279459933373
697,0.643205181411445,0.23033379664679,0.238033800236652,0.266179795115631,0.185172899926102,0.165869963138432
705,0.629089586309926,0.257786672914962,0.243298519444439,0.261497815323131,0.140279459933373,0.176522456496951
678,0.648491465815105,0.236301613614802,0.222891426963376,0.256863984839407,0.196743303664015,0.140279459933373
840,0.617598511353537,0.248659484023583,0.266179795115631,0.234581247743386,0.146237238572002,0.144131604573628
807,0.571387382661058,0.221274744825972,0.236301613614802,0.190154027575454,0.159655442358187,0.158410531669826
808,0.611401966215199,0.238033800236652,0.229493730258852,0.226992939983781,0.164024746412181,0.140279459933373
760,0.629089586309926,0.246862287018223,0.283362392853609,0.234581247743386,0.218083551882790,0.140279459933373
841,0.640560644506718,0.260567046745838,0.255024990396885,0.251373586915138,0.173309128978783,0.185172899926102
813,0.665208590906176,0.274713840722163,0.248659484023583,0.286266334773665,0.16357228121085,0.164024746412181
169,0.518295090270738,0.140279459933373,0.160930368981928,0.218083551882790,0.143552645462116,0.140279459933373
345,0.45297556976512,0.168745733831007,0.190154027575454,0.171243398019944,0.194059239855938,0.144424803121843
803,0.619367756469412,0.244185541162083,0.207376318697083,0.218083551882790,0.172787005806565,0.161797245314680
884,0.633503788623644,0.261497815323131,0.236301613614802,0.258711437790672,0.187010622123131,0.157195124574254
798,0.640560644506718,0.316661303992259,0.286266334773665,0.291125967010989,0.150839880430613,0.148471133452426
705,0.609630293401202,0.201594638931909,0.247759640188542,0.205907447843523,0.163123316426449,0.150839880430613
662,0.57763477259731,0.205178843545358,0.194724220966719,0.256863984839407,0.140279459933373,0.168745733831007
737,0.598100289370352,0.225342219919308,0.217294683481912,0.181605650010004,0.179875784505171,0.140279459933373
827,0.630855615748439,0.231177046607856,0.218876016213984,0.229493730258852,0.152618104976752,0.161797245314680
271,0.562445761046978,0.51193448587976,0.476195411202944,0.490005705397473,0.395085382089401,0.339381807952053
813,0.607858057407542,0.276626749501763,0.223704949036996,0.278545025785751,0.171754154191287,0.206639944148685
714,0.604311860230174,0.237166246337142,0.177071557205383,0.288207386188063,0.140279459933373,0.145928733232941
704,0.622904705251892,0.246862287018223,0.271855157449252,0.211115838461421,0.176522456496951,0.175977245746161
756,0.61494365721071,0.222891426963376,0.206639944148685,0.26336509235663,0.169237834303805,0.160077057692081
149,0.448298759169222,0.140279459933373,0.164480729737195,0.182778757451073,0.145018731380577,0.156796455796649
725,0.647610671197383,0.293075998312143,0.290152214217331,0.310742219942023,0.179875784505171,0.200889639762023
406,0.448298759169222,0.152256565618780,0.235439936165745,0.140279459933373,0.181605650010004,0.140279459933373
768,0.653774177471793,0.231177046607856,0.218876016213984,0.227823271636467,0.158002143279100,0.186394027664835
654,0.566024855998128,0.186394027664835,0.208116557082828,0.214175622695954,0.140279459933373,0.142423961905656
378,0.440791745314472,0.197424363331222,0.208116557082828,0.201594638931909,0.178181472416481,0.140279459933373
832,0.612287594171303,0.258711437790672,0.235439936165745,0.238904240888872,0.157195124574254,0.140279459933373
718,0.61494365721071,0.289179343702615,0.287236372741756,0.214175622695954,0.165403320798019,0.167772573247934
167,0.500080663267207,0.140801836156987,0.156400988328558,0.189517281185082,0.153350162717428,0.151542367809210
731,0.626439652176295,0.255943411389996,0.183371292540019,0.261497815323131,0.173835068385563,0.185781454960399
257,0.628206394540431,0.147819407725247,0.171754154191287,0.207376318697083,0.140279459933373,0.148143904307162
812,0.596324170558622,0.222081350052879,0.203016510694019,0.245075200706715,0.174898448025698,0.141066417195949
195,0.661691913619881,0.218083551882790,0.140279459933373,0.358090854945044,0.367888982200334,0.245967461561916
782,0.628206394540431,0.200889639762023,0.23977753355553,0.277585234113443,0.142702524367706,0.150839880430613
593,0.59099197716754,0.236301613614802,0.211875157547888,0.26336509235663,0.159237162188545,0.190154027575454
767,0.622904705251892,0.205907447843523,0.211875157547888,0.224521889216861,0.175977245746161,0.140279459933373
591,0.588323660284695,0.351210191887716,0.32950458986508,0.301887051542692,0.201594638931909,0.184568357977156
900,0.626439652176295,0.32159942528535,0.305818349289740,0.320611530912211,0.212638240623736,0.215727826366646
698,0.621136485069615,0.270905253648299,0.245075200706715,0.245075200706715,0.160930368981928,0.164480729737195
886,0.633503788623644,0.317648619366148,0.253194757033311,0.300905518027404,0.160502026996677,0.184568357977156
788,0.659933050519219,0.264301525715948,0.237166246337142,0.275669606701894,0.140801836156987,0.140279459933373
842,0.665208590906176,0.265239772398733,0.255024990396885,0.246862287018223,0.174364837136968,0.194059239855938
708,0.665208590906176,0.281431899695417,0.245967461561916,0.264301525715948,0.203733362812729,0.165869963138432
623,0.740550422678178,0.296006914761259,0.140279459933373,0.602537880906253,0.652893966371437,0.489087655334828
252,0.618483198986599,0.160077057692081,0.176522456496951,0.221274744825972,0.140279459933373,0.159237162188545
838,0.635268667058686,0.280468392646033,0.244185541162083,0.272806580486754,0.176522456496951,0.14298348025674
661,0.59454741884471,0.299924552865763,0.292100571713878,0.247759640188542,0.188255890082703,0.160930368981928
814,0.633503788623644,0.26806502014066,0.276626749501763,0.249561781327291,0.140279459933373,0.151542367809210
687,0.613173084606865,0.246862287018223,0.211115838461421,0.283362392853609,0.140279459933373,0.169733635746363
878,0.65113325749733,0.295029198942614,0.244185541162083,0.310742219942023,0.142702524367706,0.151897993103576
769,0.646729776551258,0.278545025785751,0.254108759679802,0.246862287018223,0.174364837136968,0.157195124574254
857,0.602537880906253,0.284329312589461,0.250466494772263,0.209608564537159,0.194059239855938,0.172787005806565
352,0.632621179272578,0.241532534498303,0.226992939983781,0.39893907178823,0.423788147113161,0.260567046745838
591,0.565130393380684,0.33543232376894,0.324563618926047,0.339381807952053,0.199491561253654,0.194724220966719
170,0.498252004317859,0.140279459933373,0.148471133452426,0.205178843545358,0.141602453589765,0.140279459933373
847,0.62555609967103,0.226165913043895,0.218083551882790,0.264301525715948,0.140279459933373,0.182190212262849
1021,0.629972659733243,0.362994878061971,0.316661303992259,0.308771540986705,0.214175622695954,0.177071557205383
643,0.598988114480156,0.224521889216861,0.196066256873814,0.255943411389996,0.140279459933373,0.165869963138432
623,0.583873056414207,0.228656878414890,0.229493730258852,0.247759640188542,0.145319498566922,0.140279459933373
701,0.621136485069615,0.241532534498303,0.205178843545358,0.198109430350217,0.177624558944457,0.145319498566922
629,0.585653817185493,0.232023448734304,0.232872971194181,0.260567046745838,0.188255890082703,0.149469410107982
867,0.605198627992826,0.242414171861771,0.217294683481912,0.276626749501763,0.180448444205294,0.171754154191287
733,0.576742857104671,0.266179795115631,0.26806502014066,0.282396577544332,0.238033800236652,0.156796455796649
703,0.618483198986599,0.251373586915138,0.259638241659144,0.253194757033311,0.161362102255135,0.164024746412181
311,0.458572851358513,0.155619579790919,0.159655442358187,0.190154027575454,0.164024746412181,0.140279459933373
930,0.646729776551258,0.226165913043895,0.215727826366646,0.214949882112267,0.179875784505171,0.187010622123131
343,0.422838791105066,0.198109430350217,0.184568357977156,0.196066256873814,0.145622826217966,0.167772573247934
701,0.626439652176295,0.205178843545358,0.209608564537159,0.281431899695417,0.174364837136968,0.155619579790919
880,0.642323774366231,0.266179795115631,0.191439626593958,0.26806502014066,0.149133866930996,0.177071557205383
834,0.644967683931748,0.238904240888872,0.226992939983781,0.279506090033501,0.140279459933373,0.165869963138432
815,0.645848781067736,0.354161056920203,0.325551793923222,0.303851718893881,0.227823271636467,0.225342219919308
774,0.604311860230174,0.222891426963376,0.227823271636467,0.228656878414890,0.144424803121843,0.164024746412181
168,0.483571570595327,0.151897993103576,0.180448444205294,0.208860644258667,0.145018731380577,0.166814026627726
932,0.629972659733243,0.279506090033501,0.253194757033311,0.280468392646033,0.187631241909896,0.173835068385563
576,0.585653817185493,0.297964434643167,0.298944182722262,0.282396577544332,0.199491561253654,0.212638240623736
776,0.648491465815105,0.243298519444439,0.226992939983781,0.254108759679802,0.140801836156987,0.172787005806565
784,0.633503788623644,0.228656878414890,0.209608564537159,0.26336509235663,0.140279459933373,0.140279459933373
743,0.62555609967103,0.228656878414890,0.232872971194181,0.185172899926102,0.170233153496669,0.173835068385563
812,0.619367756469412,0.257786672914962,0.260567046745838,0.265239772398733,0.140279459933373,0.144720505822661
720,0.61405843859737,0.208116557082828,0.266179795115631,0.201594638931909,0.140279459933373,0.147178535004063
740,0.602537880906253,0.245075200706715,0.196066256873814,0.244185541162083,0.174898448025698,0.182778757451073
702,0.611401966215199,0.204454144375473,0.247759640188542,0.194724220966719,0.144424803121843,0.155233599845476
903,0.659933050519219,0.307786743279463,0.288207386188063,0.269956905233921,0.185781454960399,0.203016510694019
772,0.646729776551258,0.294052217151829,0.267121556704060,0.264301525715948,0.175435913518267,0.140279459933373
747,0.578526502286961,0.236301613614802,0.204454144375473,0.246862287018223,0.147497624383717,0.190794809258731
742,0.613173084606865,0.215727826366646,0.214949882112267,0.238904240888872,0.162677834203278,0.158002143279100
179,0.430419611243593,0.173309128978783,0.203016510694019,0.145319498566922,0.170233153496669,0.150839880430613
763,0.598988114480156,0.325551793923222,0.313700605163659,0.337407372460796,0.175977245746161,0.182190212262849
792,0.635268667058686,0.279506090033501,0.205907447843523,0.277585234113443,0.149133866930996,0.233725581744281
798,0.607858057407542,0.258711437790672,0.255024990396885,0.210360301592275,0.171754154191287,0.146862120354825
643,0.626439652176295,0.242414171861771,0.223704949036996,0.240653643199231,0.174898448025698,0.155233599845476
321,0.431364974573073,0.158002143279100,0.200188610986799,0.220471637257467,0.151189670120080,0.149133866930996
839,0.688035700062894,0.362994878061971,0.330492731245164,0.338394673319409,0.226165913043895,0.204454144375473
669,0.615828741507218,0.253194757033311,0.252283020211930,0.208860644258667,0.140279459933373,0.188255890082703
602,0.57585075439854,0.243298519444439,0.222891426963376,0.222891426963376,0.161797245314680,0.173309128978783
278,0.490923390673098,0.189517281185082,0.141333283747465,0.229493730258852,0.147178535004063,0.140279459933373
805,0.634386284250911,0.241532534498303,0.234581247743386,0.213405068833102,0.149133866930996,0.192088479379025
682,0.591881082994116,0.309756707604237,0.280468392646033,0.298944182722262,0.187010622123131,0.194724220966719
180,0.530069290557968,0.140279459933373,0.147819407725247,0.238904240888872,0.140279459933373,0.141602453589765
834,0.655534316836593,0.266179795115631,0.240653643199231,0.267121556704060,0.163123316426449,0.161797245314680
832,0.644086484322101,0.261497815323131,0.178181472416481,0.264301525715948,0.173309128978783,0.158002143279100
172,0.478041795094857,0.140279459933373,0.174364837136968,0.185781454960399,0.140279459933373,0.158410531669826
814,0.622020658211421,0.255024990396885,0.248659484023583,0.187631241909896,0.176522456496951,0.140279459933373
877,0.612287594171303,0.222891426963376,0.266179795115631,0.213405068833102,0.140279459933373,0.157597013980819
899,0.654654294039608,0.280468392646033,0.287236372741756,0.252283020211930,0.189517281185082,0.214175622695954
701,0.604311860230174,0.232872971194181,0.187010622123131,0.218876016213984,0.156008702799071,0.156400988328558
307,0.450170855356869,0.176522456496951,0.156796455796649,0.232023448734304,0.149133866930996,0.192088479379025
841,0.623788627185174,0.247759640188542,0.243298519444439,0.207376318697083,0.194059239855938,0.16357228121085
788,0.665208590906176,0.252283020211930,0.232872971194181,0.277585234113443,0.187631241909896,0.160502026996677
803,0.58209159090975,0.237166246337142,0.226165913043895,0.208860644258667,0.171243398019944,0.208116557082828
765,0.626439652176295,0.255943411389996,0.215727826366646,0.282396577544332,0.165869963138432,0.162677834203278
838,0.640560644506718,0.210360301592275,0.226165913043895,0.231177046607856,0.164480729737195,0.185172899926102
803,0.618483198986599,0.260567046745838,0.208116557082828,0.266179795115631,0.148143904307162,0.191439626593958
859,0.649372161207369,0.250466494772263,0.242414171861771,0.26806502014066,0.140279459933373,0.169237834303805
744,0.617598511353537,0.247759640188542,0.238904240888872,0.255024990396885,0.167772573247934,0.140279459933373
785,0.620252184825136,0.260567046745838,0.203016510694019,0.257786672914962,0.173835068385563,0.218876016213984
395,0.456708871220304,0.154094323280450,0.211875157547888,0.168745733831007,0.147819407725247,0.148801114525785
718,0.598988114480156,0.232872971194181,0.228656878414890,0.222081350052879,0.174364837136968,0.140279459933373
890,0.630855615748439,0.277585234113443,0.233725581744281,0.312714190948075,0.162677834203278,0.177624558944457
763,0.644967683931748,0.300905518027404,0.255943411389996,0.316661303992259,0.158822198286243,0.153720720340875
711,0.598100289370352,0.227823271636467,0.246862287018223,0.259638241659144,0.154850743467635,0.156400988328558
768,0.627323083479833,0.254108759679802,0.238033800236652,0.241532534498303,0.154470991130581,0.177624558944457
857,0.649372161207369,0.252283020211930,0.283362392853609,0.259638241659144,0.144424803121843,0.140801836156987
158,0.462295554374572,0.154470991130581,0.205907447843523,0.208860644258667,0.183967824035887,0.174898448025698
780,0.601650667029677,0.252283020211930,0.246862287018223,0.242414171861771,0.159655442358187,0.184568357977156
810,0.652893966371437,0.283362392853609,0.235439936165745,0.276626749501763,0.165869963138432,0.171243398019944
854,0.608744246353995,0.254108759679802,0.247759640188542,0.265239772398733,0.144424803121843,0.145018731380577
768,0.623788627185174,0.237166246337142,0.238904240888872,0.264301525715948,0.143266847840142,0.172268685450245
904,0.622904705251892,0.23033379664679,0.174364837136968,0.261497815323131,0.158002143279100,0.140279459933373
867,0.655534316836593,0.272806580486754,0.252283020211930,0.212638240623736,0.193398287644562,0.159237162188545
803,0.639678919993987,0.266179795115631,0.275669606701894,0.183967824035887,0.182190212262849,0.140279459933373
329,0.677506525321988,0.273759486818862,0.278545025785751,0.309756707604237,0.256863984839407,0.222081350052879
901,0.645848781067736,0.273759486818862,0.219672052767678,0.219672052767678,0.150839880430613,0.140279459933373
845,0.647610671197383,0.275669606701894,0.26806502014066,0.226992939983781,0.158002143279100,0.148471133452426
688,0.617598511353537,0.226992939983781,0.236301613614802,0.226165913043895,0.145928733232941,0.145928733232941
613,0.566024855998128,0.375697185802696,0.362014841934518,0.267121556704060,0.232023448734304,0.205178843545358
766,0.653774177471793,0.279506090033501,0.266179795115631,0.229493730258852,0.183371292540019,0.156008702799071
173,0.457641082102348,0.140279459933373,0.140279459933373,0.214949882112267,0.140279459933373,0.141066417195949
789,0.638797087949753,0.271855157449252,0.279506090033501,0.264301525715948,0.154850743467635,0.154470991130581
833,0.627323083479833,0.242414171861771,0.228656878414890,0.267121556704060,0.140279459933373,0.157195124574254
828,0.630855615748439,0.287236372741756,0.251373586915138,0.265239772398733,0.171754154191287,0.189517281185082
641,0.617598511353537,0.276626749501763,0.298944182722262,0.214175622695954,0.198109430350217,0.194724220966719
479,0.474347434968947,0.181025063276694,0.140279459933373,0.219672052767678,0.140279459933373,0.140279459933373
744,0.619367756469412,0.226992939983781,0.207376318697083,0.235439936165745,0.140279459933373,0.174364837136968
850,0.619367756469412,0.235439936165745,0.231177046607856,0.255943411389996,0.140279459933373,0.140279459933373
704,0.622020658211421,0.208116557082828,0.189517281185082,0.234581247743386,0.164940248736627,0.140279459933373
171,0.508293008226672,0.14298348025674,0.216509434133377,0.140279459933373,0.147178535004063,0.150492979148870
765,0.629089586309926,0.260567046745838,0.237166246337142,0.269956905233921,0.166814026627726,0.142147774681471
670,0.61405843859737,0.26336509235663,0.250466494772263,0.257786672914962,0.196066256873814,0.140279459933373
918,0.640560644506718,0.257786672914962,0.215727826366646,0.271855157449252,0.233725581744281,0.173309128978783
777,0.635268667058686,0.253194757033311,0.244185541162083,0.240653643199231,0.140279459933373,0.152982630801945
862,0.630855615748439,0.270905253648299,0.255943411389996,0.241532534498303,0.170736402643872,0.211115838461421
721,0.612287594171303,0.212638240623736,0.206639944148685,0.229493730258852,0.154094323280450,0.140279459933373
757,0.65201365997105,0.244185541162083,0.241532534498303,0.222891426963376,0.159237162188545,0.200188610986799
611,0.640560644506718,0.294052217151829,0.255943411389996,0.264301525715948,0.147178535004063,0.170736402643872
554,0.598988114480156,0.350225945404854,0.300905518027404,0.276626749501763,0.178742307944130,0.158410531669826
344,0.430419611243593,0.162677834203278,0.213405068833102,0.182778757451073,0.141333283747465,0.182778757451073
878,0.641442262346675,0.259638241659144,0.213405068833102,0.244185541162083,0.187631241909896,0.181605650010004
847,0.607858057407542,0.275669606701894,0.203016510694019,0.257786672914962,0.143840891542185,0.142702524367706
804,0.640560644506718,0.269010148553487,0.280468392646033,0.212638240623736,0.192741366843982,0.174898448025698
819,0.653774177471793,0.245075200706715,0.236301613614802,0.154470991130581,0.191439626593958,0.156008702799071
774,0.616713692539713,0.214175622695954,0.245967461561916,0.245967461561916,0.153350162717428,0.152618104976752
462,0.59099197716754,0.288207386188063,0.290152214217331,0.262430509724191,0.183967824035887,0.159655442358187
651,0.622020658211421,0.214175622695954,0.237166246337142,0.228656878414890,0.157597013980819,0.140279459933373
470,0.49459052794554,0.183967824035887,0.189517281185082,0.188884569174318,0.140279459933373,0.140279459933373
720,0.58030940985411,0.225342219919308,0.225342219919308,0.213405068833102,0.16357228121085,0.165403320798019
313,0.440791745314472,0.196066256873814,0.16634019279706,0.211115838461421,0.140279459933373,0.146548361254107
178,0.544497573622266,0.156008702799071,0.200188610986799,0.208116557082828,0.156008702799071,0.159655442358187
801,0.655534316836593,0.302869127130412,0.243298519444439,0.269010148553487,0.211115838461421,0.154850743467635
768,0.632621179272578,0.246862287018223,0.177624558944457,0.238904240888872,0.152982630801945,0.157195124574254
757,0.623788627185174,0.237166246337142,0.227823271636467,0.225342219919308,0.203016510694019,0.168257318749387
754,0.618483198986599,0.228656878414890,0.242414171861771,0.262430509724191,0.178742307944130,0.205907447843523
402,0.635268667058686,0.252283020211930,0.252283020211930,0.266179795115631,0.16357228121085,0.161797245314680
927,0.607858057407542,0.273759486818862,0.251373586915138,0.193398287644562,0.161797245314680,0.141873944585676
841,0.640560644506718,0.273759486818862,0.220471637257467,0.23977753355553,0.165403320798019,0.149469410107982
165,0.475271623239318,0.140279459933373,0.195393227873188,0.211115838461421,0.140279459933373,0.151897993103576
724,0.602537880906253,0.244185541162083,0.216509434133377,0.250466494772263,0.150148946700048,0.153720720340875
712,0.605198627992826,0.245967461561916,0.205907447843523,0.222081350052879,0.140539522938054,0.163123316426449
800,0.652893966371437,0.258711437790672,0.250466494772263,0.265239772398733,0.152618104976752,0.181025063276694
548,0.560654953573793,0.323575487390111,0.219672052767678,0.290152214217331,0.270905253648299,0.209608564537159
708,0.640560644506718,0.26806502014066,0.210360301592275,0.242414171861771,0.143266847840142,0.173309128978783
530,0.569600673082815,0.290152214217331,0.291125967010989,0.255024990396885,0.190794809258731,0.150839880430613
779,0.604311860230174,0.281431899695417,0.241532534498303,0.304834801321944,0.161797245314680,0.154470991130581
647,0.57585075439854,0.287236372741756,0.279506090033501,0.255024990396885,0.199491561253654,0.141333283747465
805,0.652893966371437,0.278545025785751,0.219672052767678,0.295029198942614,0.146862120354825,0.179307075461499
726,0.61494365721071,0.23977753355553,0.260567046745838,0.199491561253654,0.152256565618780,0.169237834303805
756,0.617598511353537,0.215727826366646,0.240653643199231,0.221274744825972,0.144424803121843,0.140279459933373
806,0.646729776551258,0.311728055196152,0.325551793923222,0.276626749501763,0.205178843545358,0.188884569174318
873,0.627323083479833,0.256863984839407,0.275669606701894,0.206639944148685,0.178742307944130,0.192088479379025
651,0.566919113760625,0.296985336054750,0.296006914761259,0.273759486818862,0.175977245746161,0.190794809258731
782,0.634386284250911,0.240653643199231,0.278545025785751,0.237166246337142,0.151897993103576,0.150492979148870
833,0.616713692539713,0.221274744825972,0.217294683481912,0.255024990396885,0.140279459933373,0.162677834203278
363,0.440791745314472,0.170736402643872,0.198798498578782,0.224521889216861,0.140279459933373,0.143552645462116
909,0.639678919993987,0.259638241659144,0.244185541162083,0.241532534498303,0.147819407725247,0.186394027664835
183,0.593658802575914,0.168257318749387,0.211875157547888,0.232023448734304,0.151189670120080,0.148471133452426
225,0.595435874427052,0.150492979148870,0.140279459933373,0.197424363331222,0.156796455796649,0.140279459933373
920,0.643205181411445,0.270905253648299,0.267121556704060,0.247759640188542,0.172787005806565,0.190794809258731
842,0.635268667058686,0.322587416871138,0.286266334773665,0.295029198942614,0.169237834303805,0.140279459933373
823,0.582982412426427,0.26336509235663,0.254108759679802,0.245967461561916,0.173835068385563,0.157597013980819
782,0.617598511353537,0.250466494772263,0.217294683481912,0.26806502014066,0.149133866930996,0.189517281185082
678,0.619367756469412,0.222891426963376,0.244185541162083,0.202303599215116,0.156796455796649,0.147497624383717
742,0.662571212990782,0.271855157449252,0.229493730258852,0.243298519444439,0.155619579790919,0.140279459933373
677,0.573173308757861,0.238033800236652,0.244185541162083,0.16357228121085,0.190154027575454,0.163123316426449
734,0.600763302119727,0.289179343702615,0.254108759679802,0.297964434643167,0.203733362812729,0.235439936165745
680,0.62555609967103,0.208116557082828,0.197424363331222,0.267121556704060,0.146548361254107,0.140279459933373
386,0.466011361565902,0.196066256873814,0.218083551882790,0.210360301592275,0.140279459933373,0.140279459933373
261,0.567813168189284,0.238033800236652,0.178742307944130,0.417132025922147,0.463225147278761,0.295029198942614
972,0.656414246618719,0.551687808366613,0.534585290557682,0.521923099581909,0.439851241970584,0.381534098529382
780,0.597212308466731,0.220471637257467,0.219672052767678,0.238904240888872,0.140279459933373,0.150148946700048
361,0.450170855356869,0.160502026996677,0.189517281185082,0.200889639762023,0.160930368981928,0.140279459933373
725,0.605198627992826,0.235439936165745,0.244185541162083,0.235439936165745,0.164024746412181,0.207376318697083
697,0.615828741507218,0.269956905233921,0.254108759679802,0.278545025785751,0.158822198286243,0.154850743467635
747,0.612287594171303,0.237166246337142,0.241532534498303,0.275669606701894,0.140279459933373,0.140279459933373
739,0.649372161207369,0.261497815323131,0.245967461561916,0.277585234113443,0.146237238572002,0.177071557205383
819,0.624672424998259,0.242414171861771,0.269010148553487,0.224521889216861,0.172787005806565,0.161362102255135
676,0.626439652176295,0.221274744825972,0.252283020211930,0.225342219919308,0.160502026996677,0.148471133452426
730,0.606085249352797,0.238033800236652,0.226992939983781,0.271855157449252,0.140279459933373,0.141873944585676
439,0.574065981658382,0.305818349289740,0.255943411389996,0.291125967010989,0.196066256873814,0.140279459933373
717,0.634386284250911,0.262430509724191,0.219672052767678,0.291125967010989,0.151897993103576,0.16634019279706
596,0.609630293401202,0.249561781327291,0.212638240623736,0.227823271636467,0.170233153496669,0.164480729737195
844,0.644086484322101,0.313700605163659,0.282396577544332,0.297964434643167,0.163123316426449,0.140279459933373
793,0.620252184825136,0.232872971194181,0.245075200706715,0.264301525715948,0.163123316426449,0.219672052767678
349,0.490923390673098,0.228656878414890,0.154470991130581,0.254108759679802,0.160077057692081,0.141873944585676
832,0.639678919993987,0.299924552865763,0.307786743279463,0.248659484023583,0.188255890082703,0.147178535004063
744,0.61494365721071,0.205178843545358,0.220471637257467,0.188255890082703,0.179875784505171,0.166814026627726
647,0.587433883900336,0.285297304030371,0.256863984839407,0.265239772398733,0.143840891542185,0.140279459933373
892,0.660812526368302,0.279506090033501,0.274713840722163,0.257786672914962,0.179307075461499,0.205178843545358
612,0.611401966215199,0.258711437790672,0.250466494772263,0.196743303664015,0.196066256873814,0.163123316426449
832,0.62555609967103,0.269010148553487,0.218083551882790,0.238033800236652,0.203016510694019,0.161797245314680
786,0.600763302119727,0.257786672914962,0.232023448734304,0.26336509235663,0.158822198286243,0.163123316426449
877,0.644967683931748,0.223704949036996,0.254108759679802,0.222891426963376,0.170233153496669,0.140801836156987
859,0.665208590906176,0.281431899695417,0.258711437790672,0.249561781327291,0.190794809258731,0.142147774681471
835,0.647610671197383,0.234581247743386,0.252283020211930,0.179307075461499,0.209608564537159,0.166814026627726
820,0.644086484322101,0.253194757033311,0.215727826366646,0.299924552865763,0.146862120354825,0.179307075461499
707,0.629089586309926,0.260567046745838,0.244185541162083,0.293075998312143,0.159655442358187,0.174898448025698
696,0.623788627185174,0.237166246337142,0.229493730258852,0.254108759679802,0.140279459933373,0.190794809258731
740,0.645848781067736,0.269010148553487,0.276626749501763,0.252283020211930,0.194724220966719,0.169733635746363
696,0.640560644506718,0.232023448734304,0.249561781327291,0.232872971194181,0.152982630801945,0.140279459933373
811,0.66608754581422,0.39604956908159,0.377644706128292,0.370820382306947,0.299924552865763,0.255024990396885
413,0.463225147278761,0.154470991130581,0.185781454960399,0.229493730258852,0.140279459933373,0.140279459933373
654,0.622904705251892,0.227823271636467,0.195393227873188,0.232872971194181,0.154850743467635,0.185172899926102
857,0.646729776551258,0.241532534498303,0.289179343702615,0.256863984839407,0.169237834303805,0.149133866930996
816,0.621136485069615,0.227823271636467,0.249561781327291,0.261497815323131,0.145928733232941,0.184568357977156
915,0.67838435938152,0.278545025785751,0.270905253648299,0.235439936165745,0.148471133452426,0.140279459933373
680,0.587433883900336,0.226165913043895,0.210360301592275,0.220471637257467,0.140279459933373,0.180448444205294
825,0.650252758171119,0.240653643199231,0.241532534498303,0.279506090033501,0.140279459933373,0.142147774681471
760,0.633503788623644,0.240653643199231,0.231177046607856,0.256863984839407,0.159237162188545,0.145622826217966
731,0.593658802575914,0.307786743279463,0.281431899695417,0.270905253648299,0.168257318749387,0.170233153496669
824,0.634386284250911,0.279506090033501,0.288207386188063,0.246862287018223,0.191439626593958,0.179875784505171
754,0.598100289370352,0.216509434133377,0.226165913043895,0.250466494772263,0.146548361254107,0.140279459933373
832,0.649372161207369,0.250466494772263,0.250466494772263,0.269010148553487,0.164940248736627,0.204454144375473
196,0.523735350546028,0.14298348025674,0.193398287644562,0.173309128978783,0.140279459933373,0.140279459933373
760,0.603424944919196,0.224521889216861,0.243298519444439,0.234581247743386,0.155233599845476,0.160502026996677
816,0.622904705251892,0.242414171861771,0.235439936165745,0.244185541162083,0.140279459933373,0.188884569174318
717,0.621136485069615,0.223704949036996,0.241532534498303,0.215727826366646,0.153350162717428,0.140279459933373
679,0.578526502286961,0.214949882112267,0.227823271636467,0.203733362812729,0.150148946700048,0.148143904307162
759,0.605198627992826,0.216509434133377,0.200188610986799,0.255024990396885,0.170233153496669,0.157195124574254
168,0.482650905054512,0.140279459933373,0.177071557205383,0.215727826366646,0.140279459933373,0.142423961905656
819,0.648491465815105,0.281431899695417,0.270905253648299,0.242414171861771,0.164024746412181,0.149469410107982
317,0.438910260048710,0.150839880430613,0.140279459933373,0.209608564537159,0.150839880430613,0.140279459933373
732,0.632621179272578,0.258711437790672,0.243298519444439,0.248659484023583,0.16634019279706,0.161362102255135
952,0.637915147508898,0.271855157449252,0.241532534498303,0.274713840722163,0.147819407725247,0.140279459933373
758,0.621136485069615,0.232023448734304,0.220471637257467,0.214175622695954,0.174898448025698,0.145622826217966
810,0.631738455286738,0.235439936165745,0.244185541162083,0.219672052767678,0.153350162717428,0.193398287644562
168,0.484491855840873,0.143266847840142,0.173309128978783,0.184568357977156,0.145018731380577,0.140279459933373
760,0.611401966215199,0.295029198942614,0.276626749501763,0.240653643199231,0.165403320798019,0.195393227873188
863,0.643205181411445,0.271855157449252,0.23977753355553,0.280468392646033,0.140279459933373,0.164024746412181
823,0.636150937944643,0.287236372741756,0.257786672914962,0.202303599215116,0.168257318749387,0.160930368981928
421,0.464154311336516,0.204454144375473,0.164480729737195,0.214175622695954,0.140279459933373,0.140279459933373
745,0.600763302119727,0.26806502014066,0.260567046745838,0.226992939983781,0.172268685450245,0.140801836156987
770,0.635268667058686,0.257786672914962,0.249561781327291,0.214175622695954,0.159655442358187,0.187010622123131
769,0.619367756469412,0.234581247743386,0.219672052767678,0.252283020211930,0.159237162188545,0.176522456496951
778,0.606971725447777,0.339381807952053,0.307786743279463,0.32950458986508,0.219672052767678,0.177071557205383
828,0.623788627185174,0.232023448734304,0.261497815323131,0.201594638931909,0.169237834303805,0.140279459933373
622,0.599875784998553,0.222081350052879,0.225342219919308,0.207376318697083,0.152618104976752,0.187010622123131
768,0.653774177471793,0.241532534498303,0.250466494772263,0.200889639762023,0.210360301592275,0.170736402643872
782,0.642323774366231,0.215727826366646,0.223704949036996,0.244185541162083,0.153350162717428,0.154094323280450
724,0.604311860230174,0.214175622695954,0.277585234113443,0.16634019279706,0.140279459933373,0.140279459933373
255,0.621136485069615,0.140279459933373,0.192741366843982,0.185781454960399,0.140279459933373,0.160930368981928
1004,0.65201365997105,0.293075998312143,0.267121556704060,0.299924552865763,0.177624558944457,0.170736402643872
827,0.61494365721071,0.279506090033501,0.242414171861771,0.296006914761259,0.173309128978783,0.151189670120080
230,0.606971725447777,0.143266847840142,0.187010622123131,0.166814026627726,0.140279459933373,0.160930368981928
845,0.615828741507218,0.252283020211930,0.238033800236652,0.260567046745838,0.140279459933373,0.160077057692081
835,0.640560644506718,0.251373586915138,0.23977753355553,0.218876016213984,0.179307075461499,0.140279459933373
723,0.609630293401202,0.219672052767678,0.276626749501763,0.193398287644562,0.154094323280450,0.155619579790919
183,0.5390946884908,0.156796455796649,0.140279459933373,0.189517281185082,0.168257318749387,0.143552645462116
765,0.612287594171303,0.317648619366148,0.281431899695417,0.322587416871138,0.179307075461499,0.159237162188545
723,0.598100289370352,0.211115838461421,0.190154027575454,0.238904240888872,0.151897993103576,0.167291481291287
764,0.631738455286738,0.26336509235663,0.205907447843523,0.245075200706715,0.161797245314680,0.144720505822661
909,0.634386284250911,0.264301525715948,0.204454144375473,0.269956905233921,0.140279459933373,0.140279459933373
621,0.612287594171303,0.209608564537159,0.245075200706715,0.205907447843523,0.152256565618780,0.156796455796649
243,0.612287594171303,0.159655442358187,0.164940248736627,0.222891426963376,0.140279459933373,0.140279459933373
753,0.591881082994116,0.23033379664679,0.204454144375473,0.226165913043895,0.140279459933373,0.145622826217966
670,0.608744246353995,0.245075200706715,0.220471637257467,0.249561781327291,0.163123316426449,0.189517281185082
252,0.617598511353537,0.158822198286243,0.182778757451073,0.173835068385563,0.141602453589765,0.154094323280450
838,0.62555609967103,0.255943411389996,0.23977753355553,0.173835068385563,0.140279459933373,0.188255890082703
669,0.590102705627282,0.234581247743386,0.194059239855938,0.212638240623736,0.140279459933373,0.140279459933373
394,0.668723907006677,0.202303599215116,0.238033800236652,0.245075200706715,0.153720720340875,0.185172899926102
497,0.589213267095234,0.273759486818862,0.259638241659144,0.247759640188542,0.213405068833102,0.14298348025674
807,0.612287594171303,0.246862287018223,0.237166246337142,0.196066256873814,0.194724220966719,0.156008702799071
710,0.595435874427052,0.204454144375473,0.216509434133377,0.237166246337142,0.159237162188545,0.149807763529887
669,0.595435874427052,0.247759640188542,0.205907447843523,0.244185541162083,0.173835068385563,0.200889639762023
843,0.627323083479833,0.249561781327291,0.269956905233921,0.231177046607856,0.141066417195949,0.145319498566922
147,0.432309844864813,0.140279459933373,0.175977245746161,0.150492979148870,0.141333283747465,0.149807763529887
952,0.644967683931748,0.274713840722163,0.269010148553487,0.255943411389996,0.174898448025698,0.168257318749387
764,0.590102705627282,0.247759640188542,0.222891426963376,0.227823271636467,0.172268685450245,0.140279459933373
878,0.65113325749733,0.219672052767678,0.23977753355553,0.246862287018223,0.140539522938054,0.168745733831007
170,0.440791745314472,0.147819407725247,0.181605650010004,0.185781454960399,0.140279459933373,0.180448444205294
750,0.647610671197383,0.272806580486754,0.223704949036996,0.246862287018223,0.158002143279100,0.140279459933373
431,0.622904705251892,0.300905518027404,0.264301525715948,0.279506090033501,0.183371292540019,0.140279459933373
746,0.61494365721071,0.229493730258852,0.205907447843523,0.193398287644562,0.160502026996677,0.140279459933373
801,0.609630293401202,0.213405068833102,0.240653643199231,0.174364837136968,0.153720720340875,0.140279459933373
836,0.603424944919196,0.254108759679802,0.181605650010004,0.241532534498303,0.152256565618780,0.140539522938054
724,0.588323660284695,0.264301525715948,0.222891426963376,0.286266334773665,0.143840891542185,0.140279459933373
291,0.460435073421994,0.178181472416481,0.203733362812729,0.195393227873188,0.144720505822661,0.140279459933373
180,0.535487690890414,0.140279459933373,0.159237162188545,0.210360301592275,0.140279459933373,0.140279459933373
715,0.61405843859737,0.233725581744281,0.216509434133377,0.226992939983781,0.169237834303805,0.157597013980819
907,0.626439652176295,0.238904240888872,0.226992939983781,0.260567046745838,0.140279459933373,0.178181472416481
733,0.629089586309926,0.260567046745838,0.245967461561916,0.254108759679802,0.157597013980819,0.168257318749387
1003,0.65201365997105,0.276626749501763,0.243298519444439,0.285297304030371,0.177624558944457,0.140279459933373
830,0.632621179272578,0.254108759679802,0.214949882112267,0.243298519444439,0.165403320798019,0.211875157547888
638,0.604311860230174,0.244185541162083,0.269010148553487,0.217294683481912,0.208116557082828,0.177624558944457
755,0.613173084606865,0.23977753355553,0.245967461561916,0.243298519444439,0.187010622123131,0.140279459933373
408,0.459504181093247,0.166814026627726,0.212638240623736,0.175977245746161,0.140279459933373,0.140279459933373
675,0.556174158820723,0.262430509724191,0.23977753355553,0.254108759679802,0.170233153496669,0.147178535004063
194,0.537291706764252,0.186394027664835,0.162235816543637,0.212638240623736,0.156796455796649,0.203733362812729
818,0.59454741884471,0.272806580486754,0.291125967010989,0.270905253648299,0.190154027575454,0.156008702799071
740,0.618483198986599,0.245075200706715,0.185781454960399,0.255024990396885,0.170736402643872,0.140279459933373
747,0.606085249352797,0.222081350052879,0.203016510694019,0.241532534498303,0.158002143279100,0.196743303664015
821,0.633503788623644,0.274713840722163,0.253194757033311,0.258711437790672,0.170233153496669,0.182778757451073
839,0.598100289370352,0.234581247743386,0.223704949036996,0.185781454960399,0.149807763529887,0.144131604573628
720,0.645848781067736,0.265239772398733,0.215727826366646,0.229493730258852,0.177071557205383,0.140801836156987
922,0.653774177471793,0.233725581744281,0.243298519444439,0.264301525715948,0.172268685450245,0.144720505822661
965,0.660812526368302,0.299924552865763,0.285297304030371,0.244185541162083,0.215727826366646,0.140279459933373
719,0.596324170558622,0.226165913043895,0.190794809258731,0.248659484023583,0.154094323280450,0.155233599845476
697,0.608744246353995,0.23033379664679,0.227823271636467,0.257786672914962,0.140279459933373,0.182778757451073
604,0.492757675678563,0.232023448734304,0.188884569174318,0.182778757451073,0.140279459933373,0.16357228121085
169,0.507381840049532,0.150148946700048,0.174898448025698,0.145928733232941,0.141873944585676,0.140279459933373
880,0.638797087949753,0.23977753355553,0.260567046745838,0.235439936165745,0.140279459933373,0.181605650010004
681,0.593658802575914,0.222891426963376,0.219672052767678,0.223704949036996,0.140279459933373,0.140279459933373
630,0.583873056414207,0.194724220966719,0.188884569174318,0.234581247743386,0.140279459933373,0.176522456496951
857,0.59099197716754,0.245075200706715,0.262430509724191,0.271855157449252,0.140279459933373,0.173835068385563
766,0.622020658211421,0.264301525715948,0.198109430350217,0.271855157449252,0.181025063276694,0.144131604573628
760,0.596324170558622,0.256863984839407,0.214175622695954,0.246862287018223,0.195393227873188,0.164024746412181
709,0.622020658211421,0.240653643199231,0.264301525715948,0.184568357977156,0.161797245314680,0.179875784505171
693,0.620252184825136,0.228656878414890,0.217294683481912,0.274713840722163,0.16634019279706,0.189517281185082
253,0.603424944919196,0.14298348025674,0.190794809258731,0.194724220966719,0.174364837136968,0.169237834303805
658,0.603424944919196,0.23977753355553,0.215727826366646,0.245075200706715,0.146548361254107,0.146862120354825
816,0.636150937944643,0.26336509235663,0.302869127130412,0.229493730258852,0.201594638931909,0.196743303664015
789,0.633503788623644,0.285297304030371,0.254108759679802,0.281431899695417,0.146548361254107,0.208860644258667
358,0.438910260048710,0.177624558944457,0.193398287644562,0.210360301592275,0.161797245314680,0.140279459933373
743,0.615828741507218,0.255024990396885,0.214949882112267,0.243298519444439,0.140279459933373,0.140279459933373
503,0.444549008408857,0.192088479379025,0.173835068385563,0.191439626593958,0.146862120354825,0.161797245314680
833,0.659053485350326,0.260567046745838,0.250466494772263,0.256863984839407,0.148143904307162,0.202303599215116
1005,0.645848781067736,0.299924552865763,0.291125967010989,0.259638241659144,0.200889639762023,0.165403320798019
673,0.595435874427052,0.240653643199231,0.223704949036996,0.245075200706715,0.140801836156987,0.145319498566922
718,0.627323083479833,0.245967461561916,0.245967461561916,0.218876016213984,0.140279459933373,0.157195124574254
654,0.659933050519219,0.340368763820501,0.298944182722262,0.32950458986508,0.212638240623736,0.162677834203278
902,0.647610671197383,0.246862287018223,0.243298519444439,0.254108759679802,0.140279459933373,0.170736402643872
751,0.604311860230174,0.221274744825972,0.216509434133377,0.200889639762023,0.154470991130581,0.140279459933373
692,0.605198627992826,0.235439936165745,0.226165913043895,0.270905253648299,0.140279459933373,0.165403320798019
354,0.419036311953547,0.179875784505171,0.178181472416481,0.211115838461421,0.149133866930996,0.158002143279100
457,0.488169238277247,0.214949882112267,0.210360301592275,0.225342219919308,0.140279459933373,0.194059239855938
767,0.626439652176295,0.23033379664679,0.264301525715948,0.226165913043895,0.171754154191287,0.140279459933373
756,0.623788627185174,0.238904240888872,0.210360301592275,0.252283020211930,0.145018731380577,0.140279459933373
808,0.631738455286738,0.262430509724191,0.23977753355553,0.26806502014066,0.140279459933373,0.140279459933373
776,0.636150937944643,0.264301525715948,0.188884569174318,0.265239772398733,0.156796455796649,0.164480729737195
730,0.58209159090975,0.296006914761259,0.286266334773665,0.261497815323131,0.171754154191287,0.194059239855938
764,0.598988114480156,0.224521889216861,0.218083551882790,0.174364837136968,0.156008702799071,0.200889639762023
751,0.615828741507218,0.238033800236652,0.231177046607856,0.211115838461421,0.152618104976752,0.140279459933373
980,0.648491465815105,0.301887051542692,0.294052217151829,0.270905253648299,0.189517281185082,0.212638240623736
390,0.451106215483896,0.181025063276694,0.150148946700048,0.211875157547888,0.140279459933373,0.159655442358187
744,0.610516199655431,0.237166246337142,0.200188610986799,0.274713840722163,0.152618104976752,0.182778757451073
742,0.62555609967103,0.273759486818862,0.257786672914962,0.242414171861771,0.164480729737195,0.169733635746363
763,0.616713692539713,0.219672052767678,0.227823271636467,0.205907447843523,0.164480729737195,0.174364837136968
701,0.604311860230174,0.299924552865763,0.296006914761259,0.332468835480985,0.178742307944130,0.162677834203278
792,0.622904705251892,0.315674182764382,0.298944182722262,0.301887051542692,0.210360301592275,0.199491561253654
707,0.630855615748439,0.279506090033501,0.254108759679802,0.236301613614802,0.164480729737195,0.159237162188545
984,0.615828741507218,0.287236372741756,0.254108759679802,0.281431899695417,0.151189670120080,0.187631241909896
851,0.630855615748439,0.266179795115631,0.203733362812729,0.266179795115631,0.177071557205383,0.183371292540019
803,0.624672424998259,0.247759640188542,0.256863984839407,0.229493730258852,0.144131604573628,0.203016510694019
833,0.619367756469412,0.223704949036996,0.238904240888872,0.249561781327291,0.140279459933373,0.140279459933373
767,0.606085249352797,0.251373586915138,0.232023448734304,0.218876016213984,0.191439626593958,0.151189670120080
702,0.627323083479833,0.273759486818862,0.240653643199231,0.260567046745838,0.152618104976752,0.211115838461421
752,0.623788627185174,0.26336509235663,0.238033800236652,0.287236372741756,0.155619579790919,0.140279459933373
594,0.574958463059337,0.261497815323131,0.260567046745838,0.226165913043895,0.193398287644562,0.140279459933373
827,0.636150937944643,0.256863984839407,0.234581247743386,0.273759486818862,0.141333283747465,0.140279459933373
760,0.632621179272578,0.243298519444439,0.282396577544332,0.237166246337142,0.188255890082703,0.202303599215116
796,0.584763524220902,0.217294683481912,0.220471637257467,0.221274744825972,0.172787005806565,0.170233153496669
617,0.58030940985411,0.210360301592275,0.178742307944130,0.222081350052879,0.140279459933373,0.147178535004063
164,0.479886604427388,0.144131604573628,0.152982630801945,0.211115838461421,0.140279459933373,0.187010622123131
691,0.573173308757861,0.296006914761259,0.270905253648299,0.258711437790672,0.199491561253654,0.181025063276694
720,0.698554967049639,0.179875784505171,0.179875784505171,0.242414171861771,0.140279459933373,0.173309128978783
244,0.474347434968947,0.185172899926102,0.150148946700048,0.214949882112267,0.151189670120080,0.140279459933373
860,0.635268667058686,0.248659484023583,0.272806580486754,0.220471637257467,0.198109430350217,0.168745733831007
803,0.663450425192382,0.265239772398733,0.196066256873814,0.283362392853609,0.140801836156987,0.172268685450245
899,0.646729776551258,0.298944182722262,0.308771540986705,0.229493730258852,0.203733362812729,0.140279459933373
606,0.585653817185493,0.35612665264182,0.333456768437105,0.324563618926047,0.243298519444439,0.215727826366646
790,0.655534316836593,0.26336509235663,0.205178843545358,0.206639944148685,0.173309128978783,0.183967824035887
184,0.442671323317129,0.140279459933373,0.140279459933373,0.196743303664015,0.140279459933373,0.156796455796649
778,0.634386284250911,0.250466494772263,0.232872971194181,0.210360301592275,0.140279459933373,0.169733635746363
719,0.604311860230174,0.32950458986508,0.311728055196152,0.264301525715948,0.196066256873814,0.156008702799071
695,0.632621179272578,0.253194757033311,0.238033800236652,0.192088479379025,0.150492979148870,0.153720720340875
869,0.690666407645512,0.269956905233921,0.247759640188542,0.255943411389996,0.153720720340875,0.140279459933373
732,0.620252184825136,0.246862287018223,0.256863984839407,0.219672052767678,0.16634019279706,0.146237238572002
693,0.62555609967103,0.231177046607856,0.218876016213984,0.264301525715948,0.162235816543637,0.152618104976752
719,0.58209159090975,0.223704949036996,0.179307075461499,0.211875157547888,0.185172899926102,0.176522456496951
753,0.611401966215199,0.215727826366646,0.251373586915138,0.240653643199231,0.149807763529887,0.166814026627726
819,0.612287594171303,0.243298519444439,0.163123316426449,0.308771540986705,0.171243398019944,0.140279459933373
326,0.436084425669404,0.204454144375473,0.167291481291287,0.205178843545358,0.140279459933373,0.190154027575454
732,0.62555609967103,0.210360301592275,0.214175622695954,0.270905253648299,0.140279459933373,0.140279459933373
840,0.657294084136253,0.266179795115631,0.282396577544332,0.192741366843982,0.203733362812729,0.156400988328558
800,0.645848781067736,0.261497815323131,0.187631241909896,0.269010148553487,0.167772573247934,0.140279459933373
938,0.628206394540431,0.349241401529061,0.324563618926047,0.281431899695417,0.145928733232941,0.200889639762023
754,0.611401966215199,0.207376318697083,0.219672052767678,0.228656878414890,0.152256565618780,0.146237238572002
202,0.473422844172892,0.140279459933373,0.140279459933373,0.689789572931803,0.746665708099147,0.590102705627282
164,0.453909567952752,0.153350162717428,0.180448444205294,0.166814026627726,0.140279459933373,0.140801836156987
876,0.605198627992826,0.221274744825972,0.270905253648299,0.210360301592275,0.165403320798019,0.160930368981928
807,0.615828741507218,0.260567046745838,0.225342219919308,0.265239772398733,0.192088479379025,0.208860644258667
687,0.63703309779987,0.254108759679802,0.259638241659144,0.173835068385563,0.192741366843982,0.157195124574254
285,0.457641082102348,0.185781454960399,0.173309128978783,0.185172899926102,0.177071557205383,0.140279459933373
783,0.609630293401202,0.242414171861771,0.228656878414890,0.274713840722163,0.140279459933373,0.160502026996677
735,0.616713692539713,0.26806502014066,0.262430509724191,0.245075200706715,0.170736402643872,0.182190212262849
684,0.579418047575081,0.222891426963376,0.185781454960399,0.310742219942023,0.233725581744281,0.187631241909896
775,0.600763302119727,0.269010148553487,0.197424363331222,0.271855157449252,0.141602453589765,0.150148946700048
861,0.676628615387707,0.337407372460796,0.292100571713878,0.271855157449252,0.200188610986799,0.160077057692081
849,0.63703309779987,0.336419918223748,0.297964434643167,0.318636108753548,0.190154027575454,0.201594638931909
756,0.638797087949753,0.233725581744281,0.267121556704060,0.226165913043895,0.140279459933373,0.141066417195949
165,0.484491855840873,0.148801114525785,0.143552645462116,0.234581247743386,0.140279459933373,0.152982630801945
703,0.636150937944643,0.257786672914962,0.255943411389996,0.245075200706715,0.170233153496669,0.140279459933373
856,0.62555609967103,0.237166246337142,0.188884569174318,0.252283020211930,0.178742307944130,0.177624558944457
739,0.631738455286738,0.227823271636467,0.233725581744281,0.259638241659144,0.144720505822661,0.140279459933373
742,0.640560644506718,0.254108759679802,0.255024990396885,0.258711437790672,0.144424803121843,0.152618104976752
292,0.391223565654671,0.149133866930996,0.179875784505171,0.194724220966719,0.141066417195949,0.154850743467635
745,0.655534316836593,0.269010148553487,0.253194757033311,0.297964434643167,0.144131604573628,0.185172899926102
745,0.611401966215199,0.331480818156256,0.304834801321944,0.298944182722262,0.213405068833102,0.174364837136968
951,0.659053485350326,0.282396577544332,0.304834801321944,0.210360301592275,0.191439626593958,0.205178843545358
908,0.660812526368302,0.273759486818862,0.289179343702615,0.211875157547888,0.181605650010004,0.179875784505171
231,0.703811180549243,0.264301525715948,0.180448444205294,0.343328438016707,0.346286080835727,0.26336509235663
675,0.592770024376564,0.213405068833102,0.223704949036996,0.238033800236652,0.183371292540019,0.170736402643872
784,0.615828741507218,0.222891426963376,0.242414171861771,0.256863984839407,0.188255890082703,0.175977245746161
725,0.618483198986599,0.241532534498303,0.234581247743386,0.172268685450245,0.177071557205383,0.164940248736627
756,0.617598511353537,0.236301613614802,0.202303599215116,0.255024990396885,0.150492979148870,0.183967824035887
753,0.612287594171303,0.310742219942023,0.278545025785751,0.294052217151829,0.196066256873814,0.205907447843523
760,0.63703309779987,0.255943411389996,0.251373586915138,0.204454144375473,0.165869963138432,0.183371292540019
748,0.601650667029677,0.238033800236652,0.173309128978783,0.269956905233921,0.153350162717428,0.175435913518267
777,0.597212308466731,0.262430509724191,0.240653643199231,0.256863984839407,0.140279459933373,0.140279459933373
706,0.61405843859737,0.23033379664679,0.249561781327291,0.236301613614802,0.160077057692081,0.143552645462116
825,0.621136485069615,0.245967461561916,0.269010148553487,0.237166246337142,0.164940248736627,0.192741366843982
718,0.61405843859737,0.303851718893881,0.293075998312143,0.256863984839407,0.173835068385563,0.140279459933373
686,0.600763302119727,0.253194757033311,0.243298519444439,0.257786672914962,0.176522456496951,0.151189670120080
729,0.583873056414207,0.218876016213984,0.218876016213984,0.194059239855938,0.152256565618780,0.155233599845476
840,0.623788627185174,0.261497815323131,0.286266334773665,0.194724220966719,0.173835068385563,0.141602453589765
846,0.655534316836593,0.26806502014066,0.252283020211930,0.192088479379025,0.162677834203278,0.149133866930996
809,0.631738455286738,0.252283020211930,0.242414171861771,0.176522456496951,0.171754154191287,0.144424803121843
835,0.655534316836593,0.267121556704060,0.23977753355553,0.240653643199231,0.177624558944457,0.140279459933373
853,0.634386284250911,0.304834801321944,0.238033800236652,0.296985336054750,0.140279459933373,0.164480729737195
756,0.628206394540431,0.302869127130412,0.318636108753548,0.228656878414890,0.190794809258731,0.197424363331222
718,0.595435874427052,0.23033379664679,0.246862287018223,0.213405068833102,0.152618104976752,0.140279459933373
930,0.65113325749733,0.285297304030371,0.260567046745838,0.275669606701894,0.151542367809210,0.161797245314680
650,0.587433883900336,0.232023448734304,0.232872971194181,0.272806580486754,0.172268685450245,0.156400988328558
773,0.574065981658382,0.237166246337142,0.219672052767678,0.255943411389996,0.171754154191287,0.140279459933373
654,0.627323083479833,0.232872971194181,0.244185541162083,0.249561781327291,0.140279459933373,0.159655442358187
842,0.55975922935761,0.337407372460796,0.306802338059224,0.272806580486754,0.217294683481912,0.199491561253654
718,0.59454741884471,0.235439936165745,0.232872971194181,0.244185541162083,0.178742307944130,0.147178535004063
543,0.551687808366613,0.208860644258667,0.240653643199231,0.220471637257467,0.151542367809210,0.155233599845476
757,0.632621179272578,0.23977753355553,0.245075200706715,0.232023448734304,0.168257318749387,0.140279459933373
749,0.629972659733243,0.243298519444439,0.261497815323131,0.172787005806565,0.185781454960399,0.190794809258731
163,0.478964395469008,0.140279459933373,0.185172899926102,0.16357228121085,0.149133866930996,0.152618104976752
649,0.560654953573793,0.291125967010989,0.275669606701894,0.261497815323131,0.182778757451073,0.152256565618780
638,0.61405843859737,0.244185541162083,0.232872971194181,0.255943411389996,0.148471133452426,0.189517281185082
379,0.456708871220304,0.175435913518267,0.211875157547888,0.167772573247934,0.154470991130581,0.154094323280450
782,0.592770024376564,0.222891426963376,0.232023448734304,0.246862287018223,0.167772573247934,0.140279459933373
201,0.688035700062894,0.241532534498303,0.172268685450245,0.308771540986705,0.351210191887716,0.193398287644562
734,0.632621179272578,0.264301525715948,0.235439936165745,0.254108759679802,0.161797245314680,0.191439626593958
729,0.59454741884471,0.264301525715948,0.229493730258852,0.243298519444439,0.182778757451073,0.140279459933373
253,0.444549008408857,0.153350162717428,0.194724220966719,0.181605650010004,0.153350162717428,0.165403320798019
675,0.598988114480156,0.232023448734304,0.194724220966719,0.218083551882790,0.141602453589765,0.140279459933373
691,0.630855615748439,0.272806580486754,0.278545025785751,0.241532534498303,0.168745733831007,0.174364837136968
878,0.632621179272578,0.257786672914962,0.197424363331222,0.269956905233921,0.184568357977156,0.180448444205294
760,0.641442262346675,0.260567046745838,0.238904240888872,0.270905253648299,0.140279459933373,0.151897993103576
730,0.613173084606865,0.238033800236652,0.201594638931909,0.217294683481912,0.182190212262849,0.150148946700048
935,0.649372161207369,0.297964434643167,0.252283020211930,0.291125967010989,0.190154027575454,0.185781454960399
665,0.607858057407542,0.261497815323131,0.26336509235663,0.264301525715948,0.186394027664835,0.172268685450245
720,0.606085249352797,0.227823271636467,0.245967461561916,0.193398287644562,0.173835068385563,0.146548361254107
677,0.588323660284695,0.200188610986799,0.218876016213984,0.23033379664679,0.179307075461499,0.150839880430613
736,0.663450425192382,0.238033800236652,0.252283020211930,0.200889639762023,0.153720720340875,0.155619579790919
779,0.610516199655431,0.213405068833102,0.259638241659144,0.244185541162083,0.146862120354825,0.156796455796649
716,0.613173084606865,0.214949882112267,0.241532534498303,0.216509434133377,0.140279459933373,0.200889639762023
753,0.640560644506718,0.212638240623736,0.231177046607856,0.238904240888872,0.164024746412181,0.151897993103576
786,0.605198627992826,0.296006914761259,0.289179343702615,0.211875157547888,0.193398287644562,0.180448444205294
793,0.629972659733243,0.276626749501763,0.269010148553487,0.258711437790672,0.203016510694019,0.140279459933373
854,0.641442262346675,0.267121556704060,0.23977753355553,0.245967461561916,0.179307075461499,0.163123316426449
656,0.618483198986599,0.226165913043895,0.264301525715948,0.233725581744281,0.149469410107982,0.152618104976752
380,0.437968797820157,0.172268685450245,0.162235816543637,0.194724220966719,0.154470991130581,0.140279459933373
720,0.611401966215199,0.234581247743386,0.255943411389996,0.257786672914962,0.143266847840142,0.169237834303805
755,0.644086484322101,0.212638240623736,0.227823271636467,0.229493730258852,0.167772573247934,0.212638240623736
753,0.621136485069615,0.269010148553487,0.266179795115631,0.273759486818862,0.185172899926102,0.178742307944130
722,0.640560644506718,0.236301613614802,0.205907447843523,0.270905253648299,0.159237162188545,0.164480729737195
454,0.430419611243593,0.185781454960399,0.203733362812729,0.198798498578782,0.145319498566922,0.154850743467635
770,0.63703309779987,0.315674182764382,0.300905518027404,0.252283020211930,0.198798498578782,0.150839880430613
720,0.61405843859737,0.271855157449252,0.237166246337142,0.257786672914962,0.152256565618780,0.140279459933373
723,0.609630293401202,0.277585234113443,0.245967461561916,0.238904240888872,0.178742307944130,0.234581247743386
666,0.557070755717787,0.212638240623736,0.244185541162083,0.201594638931909,0.156008702799071,0.180448444205294
1011,0.70643848072778,0.345300444024283,0.311728055196152,0.307786743279463,0.181025063276694,0.175435913518267
301,0.393155485097713,0.171754154191287,0.156400988328558,0.211115838461421,0.140279459933373,0.140279459933373
868,0.612287594171303,0.269956905233921,0.274713840722163,0.277585234113443,0.175435913518267,0.16634019279706
815,0.659933050519219,0.286266334773665,0.234581247743386,0.292100571713878,0.196066256873814,0.160077057692081
802,0.610516199655431,0.245075200706715,0.160077057692081,0.231177046607856,0.140279459933373,0.187631241909896
852,0.61405843859737,0.235439936165745,0.209608564537159,0.242414171861771,0.140279459933373,0.156796455796649
804,0.633503788623644,0.246862287018223,0.255024990396885,0.23977753355553,0.151189670120080,0.156008702799071
691,0.636150937944643,0.224521889216861,0.223704949036996,0.192088479379025,0.156400988328558,0.157195124574254
879,0.63703309779987,0.273759486818862,0.238033800236652,0.273759486818862,0.160077057692081,0.140279459933373
733,0.589213267095234,0.255943411389996,0.265239772398733,0.209608564537159,0.196066256873814,0.217294683481912
852,0.622904705251892,0.260567046745838,0.240653643199231,0.211115838461421,0.177071557205383,0.147178535004063
766,0.591881082994116,0.197424363331222,0.234581247743386,0.208116557082828,0.140279459933373,0.171243398019944
878,0.629972659733243,0.264301525715948,0.300905518027404,0.232023448734304,0.176522456496951,0.141333283747465
709,0.600763302119727,0.211875157547888,0.232872971194181,0.238033800236652,0.150492979148870,0.144131604573628
735,0.606085249352797,0.232023448734304,0.256863984839407,0.223704949036996,0.140279459933373,0.140279459933373
672,0.604311860230174,0.271855157449252,0.23033379664679,0.242414171861771,0.184568357977156,0.140279459933373
150,0.440791745314472,0.140279459933373,0.192741366843982,0.158410531669826,0.145319498566922,0.140279459933373
570,0.621136485069615,0.277585234113443,0.264301525715948,0.299924552865763,0.181025063276694,0.172787005806565
836,0.646729776551258,0.238033800236652,0.182190212262849,0.300905518027404,0.170736402643872,0.140279459933373
821,0.641442262346675,0.295029198942614,0.282396577544332,0.296985336054750,0.198798498578782,0.152982630801945
858,0.623788627185174,0.284329312589461,0.270905253648299,0.257786672914962,0.194724220966719,0.209608564537159
816,0.646729776551258,0.285297304030371,0.238033800236652,0.287236372741756,0.194059239855938,0.191439626593958
785,0.617598511353537,0.218083551882790,0.214175622695954,0.242414171861771,0.149807763529887,0.144424803121843
339,0.445487145704544,0.159655442358187,0.178181472416481,0.214175622695954,0.154470991130581,0.140279459933373
738,0.623788627185174,0.241532534498303,0.215727826366646,0.188255890082703,0.181025063276694,0.208116557082828
427,0.4964219650051,0.211875157547888,0.182778757451073,0.187010622123131,0.140279459933373,0.140279459933373
667,0.604311860230174,0.250466494772263,0.198798498578782,0.216509434133377,0.183967824035887,0.165403320798019
782,0.626439652176295,0.252283020211930,0.248659484023583,0.226165913043895,0.167291481291287,0.198109430350217
788,0.61494365721071,0.259638241659144,0.220471637257467,0.26336509235663,0.158410531669826,0.164940248736627
863,0.648491465815105,0.255024990396885,0.275669606701894,0.305818349289740,0.156796455796649,0.153350162717428
808,0.644967683931748,0.307786743279463,0.272806580486754,0.261497815323131,0.172268685450245,0.140279459933373
254,0.673116204346268,0.246862287018223,0.204454144375473,0.349241401529061,0.35612665264182,0.219672052767678
795,0.633503788623644,0.236301613614802,0.240653643199231,0.288207386188063,0.140801836156987,0.145622826217966
787,0.65201365997105,0.271855157449252,0.26806502014066,0.219672052767678,0.167291481291287,0.158822198286243
836,0.63703309779987,0.273759486818862,0.250466494772263,0.238904240888872,0.162677834203278,0.175977245746161
961,0.664329550930648,0.261497815323131,0.248659484023583,0.232872971194181,0.162677834203278,0.157597013980819
768,0.599875784998553,0.240653643199231,0.199491561253654,0.245075200706715,0.181025063276694,0.199491561253654
795,0.633503788623644,0.269956905233921,0.245967461561916,0.255024990396885,0.172787005806565,0.140279459933373
959,0.654654294039608,0.310742219942023,0.312714190948075,0.292100571713878,0.222891426963376,0.179875784505171
862,0.648491465815105,0.275669606701894,0.242414171861771,0.264301525715948,0.164940248736627,0.223704949036996
760,0.631738455286738,0.227823271636467,0.210360301592275,0.256863984839407,0.141066417195949,0.141333283747465
755,0.639678919993987,0.251373586915138,0.151897993103576,0.296006914761259,0.140279459933373,0.158822198286243
299,0.431364974573073,0.177624558944457,0.210360301592275,0.190154027575454,0.149133866930996,0.140279459933373
741,0.631738455286738,0.251373586915138,0.271855157449252,0.246862287018223,0.150148946700048,0.155233599845476
170,0.505558530479263,0.140279459933373,0.140279459933373,0.234581247743386,0.140279459933373,0.140279459933373
713,0.562445761046978,0.291125967010989,0.272806580486754,0.283362392853609,0.159237162188545,0.149807763529887
825,0.635268667058686,0.250466494772263,0.222891426963376,0.277585234113443,0.140279459933373,0.147497624383717
706,0.589213267095234,0.232872971194181,0.222081350052879,0.249561781327291,0.188255890082703,0.140279459933373
714,0.606971725447777,0.248659484023583,0.266179795115631,0.213405068833102,0.192741366843982,0.154094323280450
164,0.466011361565902,0.140279459933373,0.173835068385563,0.190794809258731,0.140279459933373,0.164024746412181
770,0.62555609967103,0.221274744825972,0.233725581744281,0.238033800236652,0.147819407725247,0.140279459933373
631,0.57763477259731,0.314687276192053,0.295029198942614,0.244185541162083,0.181605650010004,0.161362102255135
788,0.639678919993987,0.260567046745838,0.291125967010989,0.261497815323131,0.170736402643872,0.140279459933373
777,0.638797087949753,0.255943411389996,0.267121556704060,0.23977753355553,0.185781454960399,0.159655442358187
851,0.615828741507218,0.235439936165745,0.187631241909896,0.275669606701894,0.151542367809210,0.140279459933373
714,0.622020658211421,0.244185541162083,0.225342219919308,0.26806502014066,0.174898448025698,0.140279459933373
220,0.67838435938152,0.140279459933373,0.140279459933373,0.611401966215199,0.674872565393281,0.515570951288053
805,0.63703309779987,0.244185541162083,0.275669606701894,0.241532534498303,0.165403320798019,0.140279459933373
289,0.40566331506169,0.178181472416481,0.152256565618780,0.206639944148685,0.140279459933373,0.154850743467635
417,0.451106215483896,0.173309128978783,0.187631241909896,0.218876016213984,0.181025063276694,0.171754154191287
771,0.62555609967103,0.246862287018223,0.256863984839407,0.265239772398733,0.142147774681471,0.145928733232941
802,0.631738455286738,0.224521889216861,0.253194757033311,0.223704949036996,0.159237162188545,0.140279459933373
193,0.569600673082815,0.140279459933373,0.177624558944457,0.179307075461499,0.140279459933373,0.186394027664835
663,0.629972659733243,0.250466494772263,0.236301613614802,0.267121556704060,0.16357228121085,0.148143904307162
751,0.621136485069615,0.330492731245164,0.327528205863718,0.359072414588444,0.215727826366646,0.140279459933373
861,0.658173830133798,0.308771540986705,0.308771540986705,0.323575487390111,0.255024990396885,0.222891426963376
760,0.611401966215199,0.251373586915138,0.255943411389996,0.232023448734304,0.152982630801945,0.194724220966719
693,0.635268667058686,0.23977753355553,0.217294683481912,0.242414171861771,0.162235816543637,0.174364837136968
702,0.613173084606865,0.227823271636467,0.227823271636467,0.217294683481912,0.177624558944457,0.162235816543637
714,0.61494365721071,0.231177046607856,0.179307075461499,0.255943411389996,0.166814026627726,0.170736402643872
163,0.366910990862085,0.140279459933373,0.140279459933373,0.222891426963376,0.148143904307162,0.165403320798019
916,0.628206394540431,0.267121556704060,0.248659484023583,0.26336509235663,0.155233599845476,0.140539522938054
818,0.597212308466731,0.290152214217331,0.157195124574254,0.269010148553487,0.190154027575454,0.150148946700048
731,0.616713692539713,0.241532534498303,0.255024990396885,0.221274744825972,0.149469410107982,0.181605650010004
824,0.632621179272578,0.273759486818862,0.204454144375473,0.280468392646033,0.140279459933373,0.173309128978783
465,0.459504181093247,0.208860644258667,0.178181472416481,0.179307075461499,0.140279459933373,0.158002143279100
827,0.628206394540431,0.23977753355553,0.238033800236652,0.261497815323131,0.142147774681471,0.140279459933373
769,0.647610671197383,0.26806502014066,0.208860644258667,0.289179343702615,0.155619579790919,0.143266847840142
730,0.608744246353995,0.186394027664835,0.253194757033311,0.227823271636467,0.140279459933373,0.151189670120080
918,0.62555609967103,0.26336509235663,0.251373586915138,0.314687276192053,0.195393227873188,0.158822198286243
788,0.601650667029677,0.255024990396885,0.226165913043895,0.211875157547888,0.147819407725247,0.140279459933373
599,0.554380296765044,0.285297304030371,0.249561781327291,0.253194757033311,0.197424363331222,0.141873944585676
840,0.606085249352797,0.252283020211930,0.26806502014066,0.274713840722163,0.211875157547888,0.140279459933373
859,0.65201365997105,0.264301525715948,0.228656878414890,0.254108759679802,0.166814026627726,0.145928733232941
907,0.626439652176295,0.282396577544332,0.253194757033311,0.270905253648299,0.182190212262849,0.182778757451073
299,0.652893966371437,0.147497624383717,0.170233153496669,0.185781454960399,0.140279459933373,0.142702524367706
824,0.639678919993987,0.287236372741756,0.26336509235663,0.266179795115631,0.140279459933373,0.220471637257467
695,0.623788627185174,0.249561781327291,0.226992939983781,0.234581247743386,0.176522456496951,0.190794809258731
346,0.452041119617036,0.183967824035887,0.211115838461421,0.182190212262849,0.164480729737195,0.140279459933373
283,0.636150937944643,0.148471133452426,0.140279459933373,0.160077057692081,0.140279459933373,0.193398287644562
903,0.601650667029677,0.225342219919308,0.227823271636467,0.250466494772263,0.140279459933373,0.140279459933373
768,0.655534316836593,0.262430509724191,0.246862287018223,0.238904240888872,0.194724220966719,0.140279459933373
674,0.592770024376564,0.247759640188542,0.233725581744281,0.281431899695417,0.140279459933373,0.171243398019944
716,0.641442262346675,0.235439936165745,0.232872971194181,0.272806580486754,0.156400988328558,0.200188610986799
600,0.664329550930648,0.307786743279463,0.314687276192053,0.208116557082828,0.199491561253654,0.160930368981928
778,0.598100289370352,0.274713840722163,0.293075998312143,0.224521889216861,0.164024746412181,0.175977245746161
1001,0.672237905577799,0.262430509724191,0.233725581744281,0.249561781327291,0.142147774681471,0.149469410107982
336,0.423788147113161,0.157597013980819,0.179875784505171,0.218876016213984,0.143840891542185,0.177071557205383
168,0.510114381882143,0.147178535004063,0.221274744825972,0.192741366843982,0.147497624383717,0.146862120354825
729,0.626439652176295,0.260567046745838,0.270905253648299,0.202303599215116,0.183371292540019,0.140279459933373
682,0.606971725447777,0.226992939983781,0.228656878414890,0.266179795115631,0.140279459933373,0.159655442358187
744,0.598100289370352,0.236301613614802,0.205907447843523,0.245967461561916,0.154850743467635,0.149469410107982
614,0.557070755717787,0.305818349289740,0.248659484023583,0.278545025785751,0.193398287644562,0.222891426963376
776,0.615828741507218,0.274713840722163,0.231177046607856,0.23977753355553,0.192088479379025,0.192088479379025
228,0.596324170558622,0.347271459448055,0.319623752397046,0.282396577544332,0.200889639762023,0.161362102255135
900,0.642323774366231,0.237166246337142,0.260567046745838,0.221274744825972,0.204454144375473,0.174898448025698
922,0.634386284250911,0.269956905233921,0.281431899695417,0.262430509724191,0.146237238572002,0.140279459933373
823,0.620252184825136,0.225342219919308,0.205907447843523,0.219672052767678,0.143840891542185,0.151897993103576
700,0.617598511353537,0.240653643199231,0.227823271636467,0.220471637257467,0.160077057692081,0.177624558944457
771,0.624672424998259,0.269956905233921,0.257786672914962,0.229493730258852,0.178742307944130,0.168257318749387
811,0.647610671197383,0.266179795115631,0.258711437790672,0.289179343702615,0.183371292540019,0.147819407725247
216,0.40662186593712,0.162677834203278,0.192741366843982,0.160930368981928,0.156400988328558,0.178181472416481
661,0.598988114480156,0.23977753355553,0.214175622695954,0.202303599215116,0.173835068385563,0.151189670120080
703,0.627323083479833,0.228656878414890,0.220471637257467,0.220471637257467,0.181605650010004,0.165403320798019
746,0.624672424998259,0.202303599215116,0.214949882112267,0.236301613614802,0.160077057692081,0.169733635746363
696,0.619367756469412,0.253194757033311,0.254108759679802,0.304834801321944,0.152256565618780,0.187631241909896
860,0.579418047575081,0.302869127130412,0.260567046745838,0.281431899695417,0.149807763529887,0.186394027664835
737,0.629972659733243,0.248659484023583,0.237166246337142,0.188255890082703,0.146548361254107,0.143552645462116
756,0.615828741507218,0.246862287018223,0.250466494772263,0.210360301592275,0.169237834303805,0.164940248736627
650,0.597212308466731,0.212638240623736,0.240653643199231,0.181605650010004,0.141066417195949,0.188884569174318
742,0.59454741884471,0.226165913043895,0.211875157547888,0.243298519444439,0.159237162188545,0.161797245314680
793,0.590102705627282,0.264301525715948,0.215727826366646,0.250466494772263,0.175435913518267,0.167291481291287
214,0.583873056414207,0.147819407725247,0.211115838461421,0.147178535004063,0.140279459933373,0.171243398019944
653,0.59454741884471,0.214949882112267,0.181605650010004,0.264301525715948,0.140279459933373,0.140279459933373
791,0.593658802575914,0.222081350052879,0.23033379664679,0.234581247743386,0.168745733831007,0.164024746412181
810,0.610516199655431,0.234581247743386,0.179875784505171,0.252283020211930,0.146548361254107,0.199491561253654
710,0.626439652176295,0.218876016213984,0.242414171861771,0.211875157547888,0.140279459933373,0.140279459933373
378,0.452041119617036,0.154094323280450,0.202303599215116,0.218083551882790,0.140279459933373,0.148801114525785
695,0.618483198986599,0.233725581744281,0.262430509724191,0.180448444205294,0.174364837136968,0.178181472416481
895,0.646729776551258,0.252283020211930,0.293075998312143,0.171243398019944,0.175977245746161,0.162235816543637
780,0.613173084606865,0.261497815323131,0.267121556704060,0.259638241659144,0.144131604573628,0.160077057692081
191,0.408537424783786,0.140279459933373,0.140279459933373,0.226165913043895,0.140279459933373,0.140279459933373
750,0.633503788623644,0.275669606701894,0.242414171861771,0.273759486818862,0.188255890082703,0.161797245314680
374,0.426633199381427,0.148143904307162,0.164940248736627,0.211875157547888,0.156008702799071,0.162235816543637
756,0.603424944919196,0.256863984839407,0.247759640188542,0.214175622695954,0.152618104976752,0.175435913518267
740,0.650252758171119,0.290152214217331,0.236301613614802,0.246862287018223,0.172787005806565,0.170736402643872
171,0.517387345588464,0.146862120354825,0.179875784505171,0.193398287644562,0.156400988328558,0.140279459933373
763,0.61494365721071,0.214949882112267,0.200889639762023,0.223704949036996,0.140279459933373,0.171243398019944
676,0.593658802575914,0.257786672914962,0.284329312589461,0.229493730258852,0.157195124574254,0.148143904307162
870,0.606085249352797,0.296985336054750,0.311728055196152,0.288207386188063,0.219672052767678,0.182190212262849
598,0.599875784998553,0.226992939983781,0.202303599215116,0.258711437790672,0.170736402643872,0.140279459933373
746,0.623788627185174,0.225342219919308,0.180448444205294,0.224521889216861,0.151189670120080,0.151897993103576
168,0.50099448051522,0.140279459933373,0.142147774681471,0.228656878414890,0.140279459933373,0.140279459933373
956,0.58030940985411,0.32159942528535,0.208116557082828,0.301887051542692,0.170736402643872,0.140279459933373
877,0.61405843859737,0.26336509235663,0.262430509724191,0.269956905233921,0.168257318749387,0.140801836156987
833,0.631738455286738,0.257786672914962,0.211115838461421,0.304834801321944,0.140279459933373,0.183967824035887
738,0.657294084136253,0.271855157449252,0.232023448734304,0.238033800236652,0.172787005806565,0.212638240623736
560,0.618483198986599,0.292100571713878,0.282396577544332,0.213405068833102,0.171754154191287,0.153720720340875
863,0.641442262346675,0.255943411389996,0.234581247743386,0.209608564537159,0.140279459933373,0.187631241909896
231,0.610516199655431,0.36005360357005,0.351210191887716,0.361034414931008,0.346286080835727,0.200889639762023
826,0.619367756469412,0.240653643199231,0.257786672914962,0.246862287018223,0.188255890082703,0.156796455796649
355,0.448298759169222,0.144131604573628,0.203733362812729,0.174364837136968,0.140279459933373,0.140279459933373
751,0.622904705251892,0.233725581744281,0.228656878414890,0.26806502014066,0.140279459933373,0.187010622123131
873,0.596324170558622,0.341355528691973,0.311728055196152,0.292100571713878,0.200188610986799,0.140279459933373
803,0.613173084606865,0.229493730258852,0.246862287018223,0.221274744825972,0.191439626593958,0.140279459933373
782,0.596324170558622,0.200889639762023,0.227823271636467,0.140279459933373,0.167772573247934,0.140279459933373
712,0.612287594171303,0.221274744825972,0.258711437790672,0.224521889216861,0.161362102255135,0.163123316426449
580,0.604311860230174,0.222081350052879,0.205907447843523,0.232872971194181,0.215727826366646,0.160930368981928
781,0.638797087949753,0.273759486818862,0.208116557082828,0.304834801321944,0.185172899926102,0.198798498578782
233,0.601650667029677,0.174364837136968,0.153350162717428,0.207376318697083,0.164940248736627,0.162677834203278
167,0.385415796280043,0.180448444205294,0.188884569174318,0.202303599215116,0.174364837136968,0.159655442358187
813,0.619367756469412,0.327528205863718,0.299924552865763,0.291125967010989,0.181605650010004,0.140279459933373
778,0.656414246618719,0.272806580486754,0.271855157449252,0.195393227873188,0.180448444205294,0.236301613614802
863,0.659933050519219,0.243298519444439,0.256863984839407,0.246862287018223,0.203016510694019,0.143552645462116
773,0.617598511353537,0.261497815323131,0.291125967010989,0.175977245746161,0.160077057692081,0.198109430350217
673,0.590102705627282,0.286266334773665,0.280468392646033,0.208860644258667,0.192088479379025,0.152982630801945
829,0.653774177471793,0.249561781327291,0.278545025785751,0.243298519444439,0.160502026996677,0.156796455796649
734,0.623788627185174,0.226992939983781,0.210360301592275,0.194724220966719,0.140279459933373,0.168257318749387
633,0.570494126543261,0.243298519444439,0.208116557082828,0.246862287018223,0.186394027664835,0.180448444205294
404,0.441731771836077,0.162235816543637,0.213405068833102,0.199491561253654,0.140279459933373,0.140279459933373
915,0.65113325749733,0.265239772398733,0.232872971194181,0.296985336054750,0.16634019279706,0.159655442358187
176,0.53097302992136,0.147819407725247,0.161362102255135,0.144424803121843,0.140279459933373,0.162235816543637
724,0.640560644506718,0.233725581744281,0.232872971194181,0.209608564537159,0.140279459933373,0.174364837136968
819,0.633503788623644,0.267121556704060,0.267121556704060,0.260567046745838,0.174364837136968,0.140279459933373
717,0.602537880906253,0.232023448734304,0.233725581744281,0.261497815323131,0.170736402643872,0.147178535004063
681,0.619367756469412,0.258711437790672,0.213405068833102,0.275669606701894,0.156400988328558,0.149469410107982
162,0.521016538660012,0.195393227873188,0.185172899926102,0.245967461561916,0.140279459933373,0.179307075461499
899,0.662571212990782,0.26806502014066,0.251373586915138,0.237166246337142,0.175977245746161,0.193398287644562
675,0.605198627992826,0.254108759679802,0.234581247743386,0.219672052767678,0.166814026627726,0.140279459933373
759,0.62555609967103,0.247759640188542,0.244185541162083,0.232872971194181,0.178742307944130,0.189517281185082
745,0.61494365721071,0.262430509724191,0.259638241659144,0.246862287018223,0.151542367809210,0.144424803121843
376,0.443610401564419,0.193398287644562,0.161797245314680,0.229493730258852,0.175977245746161,0.144131604573628
775,0.631738455286738,0.255943411389996,0.267121556704060,0.228656878414890,0.143840891542185,0.161362102255135
860,0.654654294039608,0.257786672914962,0.257786672914962,0.218876016213984,0.176522456496951,0.160502026996677
668,0.606971725447777,0.240653643199231,0.232023448734304,0.245967461561916,0.173309128978783,0.152618104976752
779,0.645848781067736,0.254108759679802,0.220471637257467,0.269010148553487,0.145928733232941,0.147819407725247
862,0.65201365997105,0.243298519444439,0.251373586915138,0.252283020211930,0.159237162188545,0.140279459933373
680,0.644967683931748,0.260567046745838,0.223704949036996,0.255024990396885,0.177624558944457,0.165869963138432
829,0.641442262346675,0.273759486818862,0.286266334773665,0.255024990396885,0.168745733831007,0.165403320798019
697,0.620252184825136,0.227823271636467,0.226992939983781,0.212638240623736,0.196743303664015,0.161797245314680
770,0.649372161207369,0.316661303992259,0.255024990396885,0.297964434643167,0.171754154191287,0.165403320798019
747,0.689789572931803,0.26806502014066,0.341355528691973,0.422838791105066,0.260567046745838,0.188884569174318
356,0.446424815327873,0.196066256873814,0.140279459933373,0.226992939983781,0.140279459933373,0.187010622123131
165,0.555277339714655,0.148143904307162,0.218876016213984,0.140279459933373,0.148801114525785,0.151189670120080
914,0.665208590906176,0.297964434643167,0.251373586915138,0.292100571713878,0.16634019279706,0.185781454960399
786,0.584763524220902,0.238033800236652,0.227823271636467,0.234581247743386,0.149807763529887,0.16357228121085
864,0.636150937944643,0.270905253648299,0.259638241659144,0.274713840722163,0.140279459933373,0.182190212262849
743,0.61494365721071,0.250466494772263,0.220471637257467,0.236301613614802,0.160502026996677,0.144424803121843
845,0.643205181411445,0.269010148553487,0.267121556704060,0.257786672914962,0.178742307944130,0.153720720340875
415,0.679262118185675,0.173309128978783,0.226992939983781,0.193398287644562,0.150148946700048,0.140279459933373
675,0.610516199655431,0.249561781327291,0.223704949036996,0.247759640188542,0.154470991130581,0.175977245746161
738,0.58030940985411,0.306802338059224,0.294052217151829,0.292100571713878,0.189517281185082,0.194724220966719
505,0.526451579334568,0.204454144375473,0.198798498578782,0.226165913043895,0.158822198286243,0.177071557205383
852,0.59099197716754,0.194059239855938,0.226992939983781,0.196743303664015,0.140279459933373,0.140279459933373
452,0.446424815327873,0.181605650010004,0.16634019279706,0.23033379664679,0.140279459933373,0.148801114525785
785,0.635268667058686,0.262430509724191,0.245967461561916,0.261497815323131,0.184568357977156,0.177071557205383
796,0.642323774366231,0.339381807952053,0.317648619366148,0.36005360357005,0.284329312589461,0.246862287018223
738,0.657294084136253,0.272806580486754,0.279506090033501,0.225342219919308,0.179875784505171,0.168745733831007
747,0.642323774366231,0.220471637257467,0.267121556704060,0.229493730258852,0.140279459933373,0.156008702799071
703,0.579418047575081,0.223704949036996,0.224521889216861,0.217294683481912,0.140279459933373,0.140279459933373
350,0.433254223593108,0.187631241909896,0.161797245314680,0.209608564537159,0.158822198286243,0.203016510694019
711,0.564235724377818,0.229493730258852,0.237166246337142,0.224521889216861,0.140279459933373,0.157597013980819
743,0.601650667029677,0.222081350052879,0.228656878414890,0.250466494772263,0.142702524367706,0.171243398019944
886,0.643205181411445,0.233725581744281,0.238033800236652,0.261497815323131,0.142423961905656,0.192088479379025
679,0.621136485069615,0.249561781327291,0.217294683481912,0.240653643199231,0.151897993103576,0.140279459933373
758,0.557070755717787,0.261497815323131,0.240653643199231,0.234581247743386,0.161797245314680,0.144720505822661
824,0.624672424998259,0.273759486818862,0.303851718893881,0.203733362812729,0.191439626593958,0.144131604573628
885,0.620252184825136,0.265239772398733,0.240653643199231,0.274713840722163,0.140279459933373,0.214175622695954
723,0.604311860230174,0.319623752397046,0.275669606701894,0.333456768437105,0.23033379664679,0.146237238572002
722,0.636150937944643,0.26336509235663,0.212638240623736,0.311728055196152,0.140279459933373,0.172268685450245
781,0.619367756469412,0.247759640188542,0.228656878414890,0.200889639762023,0.181025063276694,0.170233153496669
737,0.615828741507218,0.249561781327291,0.209608564537159,0.197424363331222,0.174364837136968,0.197424363331222
660,0.610516199655431,0.227823271636467,0.238033800236652,0.210360301592275,0.194059239855938,0.151897993103576
879,0.634386284250911,0.249561781327291,0.238033800236652,0.162677834203278,0.177624558944457,0.211875157547888
305,0.416179118323367,0.165403320798019,0.205907447843523,0.150492979148870,0.160930368981928,0.140279459933373
783,0.610516199655431,0.226992939983781,0.232023448734304,0.240653643199231,0.160930368981928,0.168745733831007
868,0.617598511353537,0.238033800236652,0.245967461561916,0.220471637257467,0.155619579790919,0.164940248736627
721,0.611401966215199,0.229493730258852,0.229493730258852,0.245075200706715,0.146548361254107,0.166814026627726
719,0.565130393380684,0.277585234113443,0.270905253648299,0.252283020211930,0.174898448025698,0.174898448025698
347,0.428527399760189,0.160077057692081,0.187631241909896,0.186394027664835,0.140279459933373,0.140279459933373
864,0.631738455286738,0.250466494772263,0.273759486818862,0.207376318697083,0.165869963138432,0.153720720340875
625,0.596324170558622,0.229493730258852,0.222891426963376,0.254108759679802,0.140279459933373,0.140279459933373
941,0.627323083479833,0.247759640188542,0.217294683481912,0.267121556704060,0.161362102255135,0.183967824035887
204,0.58030940985411,0.158002143279100,0.140279459933373,0.189517281185082,0.149469410107982,0.187010622123131
812,0.622904705251892,0.242414171861771,0.183967824035887,0.253194757033311,0.188884569174318,0.183967824035887
872,0.633503788623644,0.265239772398733,0.299924552865763,0.186394027664835,0.177071557205383,0.153720720340875
857,0.606085249352797,0.226992939983781,0.235439936165745,0.183371292540019,0.164480729737195,0.178181472416481
804,0.61405843859737,0.255943411389996,0.241532534498303,0.26806502014066,0.183371292540019,0.196743303664015
662,0.600763302119727,0.216509434133377,0.188884569174318,0.253194757033311,0.145622826217966,0.174364837136968
857,0.627323083479833,0.261497815323131,0.295029198942614,0.183371292540019,0.177071557205383,0.184568357977156
493,0.611401966215199,0.313700605163659,0.317648619366148,0.231177046607856,0.240653643199231,0.174898448025698
816,0.613173084606865,0.269010148553487,0.241532534498303,0.246862287018223,0.164940248736627,0.179875784505171
168,0.4964219650051,0.153720720340875,0.148471133452426,0.215727826366646,0.140279459933373,0.167291481291287
432,0.446424815327873,0.186394027664835,0.146237238572002,0.240653643199231,0.158410531669826,0.140279459933373
809,0.644967683931748,0.327528205863718,0.318636108753548,0.287236372741756,0.242414171861771,0.167291481291287
758,0.608744246353995,0.228656878414890,0.251373586915138,0.189517281185082,0.144720505822661,0.151897993103576
716,0.620252184825136,0.242414171861771,0.238033800236652,0.203733362812729,0.185172899926102,0.158822198286243
324,0.648491465815105,0.148471133452426,0.188255890082703,0.213405068833102,0.140279459933373,0.153720720340875
821,0.65201365997105,0.26806502014066,0.245075200706715,0.279506090033501,0.153350162717428,0.180448444205294
873,0.642323774366231,0.228656878414890,0.261497815323131,0.213405068833102,0.180448444205294,0.140279459933373
827,0.637915147508898,0.298944182722262,0.281431899695417,0.236301613614802,0.188884569174318,0.244185541162083
768,0.626439652176295,0.229493730258852,0.248659484023583,0.234581247743386,0.184568357977156,0.140279459933373
867,0.634386284250911,0.264301525715948,0.253194757033311,0.279506090033501,0.150839880430613,0.16357228121085
600,0.605198627992826,0.292100571713878,0.270905253648299,0.305818349289740,0.26336509235663,0.164480729737195
765,0.604311860230174,0.261497815323131,0.251373586915138,0.291125967010989,0.16357228121085,0.150492979148870
309,0.583873056414207,0.161797245314680,0.140279459933373,0.450170855356869,0.506470348170507,0.345300444024283
783,0.620252184825136,0.253194757033311,0.244185541162083,0.218876016213984,0.145018731380577,0.140279459933373
647,0.61405843859737,0.214175622695954,0.194724220966719,0.218876016213984,0.143552645462116,0.181605650010004
289,0.657294084136253,0.337407372460796,0.284329312589461,0.35612665264182,0.378617765257579,0.215727826366646
738,0.633503788623644,0.23033379664679,0.259638241659144,0.247759640188542,0.159237162188545,0.141873944585676
811,0.613173084606865,0.362014841934518,0.299924552865763,0.306802338059224,0.144720505822661,0.228656878414890
695,0.629972659733243,0.23977753355553,0.248659484023583,0.267121556704060,0.140279459933373,0.175977245746161
783,0.609630293401202,0.215727826366646,0.203016510694019,0.23977753355553,0.140279459933373,0.172268685450245
820,0.635268667058686,0.245075200706715,0.259638241659144,0.240653643199231,0.158410531669826,0.140279459933373
831,0.638797087949753,0.261497815323131,0.241532534498303,0.256863984839407,0.157597013980819,0.170736402643872
748,0.615828741507218,0.243298519444439,0.234581247743386,0.207376318697083,0.168257318749387,0.168257318749387
728,0.622020658211421,0.279506090033501,0.245967461561916,0.267121556704060,0.189517281185082,0.152256565618780
159,0.419036311953547,0.140279459933373,0.172268685450245,0.173835068385563,0.173835068385563,0.140279459933373
748,0.618483198986599,0.250466494772263,0.200889639762023,0.299924552865763,0.165869963138432,0.140279459933373
816,0.609630293401202,0.250466494772263,0.291125967010989,0.236301613614802,0.159655442358187,0.158002143279100
180,0.665208590906176,0.219672052767678,0.223704949036996,0.323575487390111,0.353177756395209,0.222081350052879
741,0.639678919993987,0.269956905233921,0.238033800236652,0.264301525715948,0.186394027664835,0.203733362812729
767,0.653774177471793,0.262430509724191,0.264301525715948,0.265239772398733,0.140279459933373,0.174898448025698
748,0.635268667058686,0.23977753355553,0.252283020211930,0.206639944148685,0.158002143279100,0.140279459933373
169,0.514662297605807,0.140279459933373,0.188255890082703,0.161797245314680,0.156796455796649,0.140279459933373
678,0.616713692539713,0.232023448734304,0.214175622695954,0.243298519444439,0.140279459933373,0.173835068385563
670,0.574065981658382,0.243298519444439,0.286266334773665,0.226992939983781,0.161362102255135,0.148143904307162
733,0.597212308466731,0.206639944148685,0.245967461561916,0.228656878414890,0.143840891542185,0.140279459933373
815,0.618483198986599,0.243298519444439,0.26806502014066,0.248659484023583,0.140279459933373,0.198798498578782
838,0.626439652176295,0.258711437790672,0.253194757033311,0.238033800236652,0.189517281185082,0.143552645462116
805,0.65113325749733,0.269010148553487,0.206639944148685,0.297964434643167,0.186394027664835,0.140279459933373
855,0.607858057407542,0.215727826366646,0.248659484023583,0.227823271636467,0.160077057692081,0.192741366843982
753,0.58209159090975,0.264301525715948,0.243298519444439,0.256863984839407,0.147178535004063,0.152618104976752
793,0.62555609967103,0.286266334773665,0.261497815323131,0.279506090033501,0.199491561253654,0.182190212262849
716,0.61405843859737,0.208116557082828,0.174898448025698,0.238033800236652,0.140279459933373,0.140279459933373
702,0.592770024376564,0.255943411389996,0.252283020211930,0.211115838461421,0.163123316426449,0.191439626593958
896,0.635268667058686,0.271855157449252,0.259638241659144,0.333456768437105,0.202303599215116,0.140279459933373
637,0.59099197716754,0.294052217151829,0.255024990396885,0.307786743279463,0.208116557082828,0.189517281185082
673,0.619367756469412,0.219672052767678,0.219672052767678,0.225342219919308,0.143840891542185,0.167772573247934
691,0.569600673082815,0.207376318697083,0.217294683481912,0.23033379664679,0.162677834203278,0.188255890082703
633,0.623788627185174,0.246862287018223,0.228656878414890,0.264301525715948,0.162235816543637,0.156008702799071
870,0.606085249352797,0.260567046745838,0.255024990396885,0.287236372741756,0.179307075461499,0.149807763529887
917,0.612287594171303,0.249561781327291,0.275669606701894,0.240653643199231,0.205178843545358,0.155233599845476
660,0.623788627185174,0.248659484023583,0.237166246337142,0.266179795115631,0.182778757451073,0.158822198286243
905,0.664329550930648,0.293075998312143,0.245075200706715,0.241532534498303,0.200188610986799,0.185781454960399
788,0.629089586309926,0.226165913043895,0.211115838461421,0.259638241659144,0.142702524367706,0.196743303664015
853,0.629972659733243,0.267121556704060,0.262430509724191,0.32159942528535,0.218083551882790,0.190154027575454
803,0.640560644506718,0.216509434133377,0.222081350052879,0.248659484023583,0.177071557205383,0.140279459933373
683,0.584763524220902,0.214949882112267,0.235439936165745,0.203733362812729,0.162235816543637,0.184568357977156
645,0.620252184825136,0.215727826366646,0.245967461561916,0.227823271636467,0.156008702799071,0.156008702799071
682,0.620252184825136,0.207376318697083,0.216509434133377,0.255943411389996,0.141333283747465,0.150148946700048
791,0.61405843859737,0.242414171861771,0.158822198286243,0.272806580486754,0.160077057692081,0.195393227873188
795,0.639678919993987,0.236301613614802,0.255024990396885,0.235439936165745,0.140279459933373,0.175435913518267
785,0.641442262346675,0.244185541162083,0.241532534498303,0.291125967010989,0.140279459933373,0.164480729737195
864,0.626439652176295,0.243298519444439,0.277585234113443,0.210360301592275,0.204454144375473,0.140279459933373
588,0.551687808366613,0.325551793923222,0.291125967010989,0.289179343702615,0.179307075461499,0.151897993103576
981,0.621136485069615,0.252283020211930,0.214949882112267,0.23977753355553,0.157597013980819,0.169237834303805
625,0.626439652176295,0.237166246337142,0.245075200706715,0.247759640188542,0.161362102255135,0.140279459933373
641,0.604311860230174,0.206639944148685,0.272806580486754,0.181605650010004,0.185781454960399,0.140279459933373
738,0.61405843859737,0.265239772398733,0.240653643199231,0.300905518027404,0.185172899926102,0.149469410107982
725,0.593658802575914,0.217294683481912,0.219672052767678,0.225342219919308,0.169237834303805,0.140279459933373
341,0.397976414823837,0.182190212262849,0.145622826217966,0.212638240623736,0.140539522938054,0.152982630801945
193,0.57585075439854,0.165869963138432,0.213405068833102,0.140279459933373,0.140801836156987,0.140279459933373
907,0.648491465815105,0.309756707604237,0.286266334773665,0.259638241659144,0.233725581744281,0.211875157547888
402,0.642323774366231,0.367888982200334,0.342342090635241,0.365932579194558,0.370820382306947,0.184568357977156
703,0.616713692539713,0.245967461561916,0.217294683481912,0.160930368981928,0.160930368981928,0.157597013980819
698,0.567813168189284,0.192088479379025,0.231177046607856,0.174898448025698,0.158002143279100,0.140279459933373
746,0.642323774366231,0.278545025785751,0.227823271636467,0.275669606701894,0.151897993103576,0.166814026627726
181,0.548993245617665,0.140279459933373,0.216509434133377,0.152618104976752,0.164940248736627,0.142147774681471
774,0.657294084136253,0.257786672914962,0.26806502014066,0.23977753355553,0.162235816543637,0.16357228121085
966,0.67838435938152,0.271855157449252,0.254108759679802,0.243298519444439,0.199491561253654,0.190794809258731
426,0.482650905054512,0.196066256873814,0.168745733831007,0.210360301592275,0.140279459933373,0.140279459933373
909,0.637915147508898,0.276626749501763,0.265239772398733,0.26336509235663,0.171754154191287,0.159655442358187
614,0.598100289370352,0.261497815323131,0.244185541162083,0.292100571713878,0.200889639762023,0.140279459933373
671,0.617598511353537,0.231177046607856,0.244185541162083,0.218083551882790,0.144720505822661,0.140279459933373
782,0.607858057407542,0.238904240888872,0.274713840722163,0.234581247743386,0.181025063276694,0.140279459933373
179,0.544497573622266,0.152256565618780,0.175435913518267,0.179875784505171,0.153720720340875,0.140279459933373
604,0.586543936638165,0.245967461561916,0.254108759679802,0.209608564537159,0.155233599845476,0.143840891542185
792,0.626439652176295,0.267121556704060,0.232023448734304,0.296006914761259,0.149807763529887,0.140279459933373
719,0.632621179272578,0.269010148553487,0.290152214217331,0.218083551882790,0.195393227873188,0.157195124574254
898,0.654654294039608,0.292100571713878,0.26336509235663,0.262430509724191,0.170233153496669,0.184568357977156
990,0.665208590906176,0.323575487390111,0.302869127130412,0.303851718893881,0.192741366843982,0.200188610986799
169,0.488169238277247,0.152618104976752,0.186394027664835,0.192741366843982,0.148471133452426,0.140279459933373
642,0.591881082994116,0.219672052767678,0.191439626593958,0.242414171861771,0.150148946700048,0.152982630801945
780,0.629972659733243,0.264301525715948,0.248659484023583,0.200889639762023,0.140279459933373,0.170736402643872
737,0.592770024376564,0.234581247743386,0.255024990396885,0.216509434133377,0.173309128978783,0.160077057692081
743,0.65113325749733,0.238904240888872,0.245075200706715,0.227823271636467,0.193398287644562,0.169237834303805
759,0.633503788623644,0.245967461561916,0.187010622123131,0.281431899695417,0.140279459933373,0.140279459933373
874,0.644967683931748,0.251373586915138,0.236301613614802,0.196066256873814,0.195393227873188,0.164024746412181
689,0.633503788623644,0.311728055196152,0.274713840722163,0.265239772398733,0.183967824035887,0.188255890082703
841,0.636150937944643,0.271855157449252,0.250466494772263,0.181025063276694,0.205178843545358,0.193398287644562
869,0.637915147508898,0.260567046745838,0.269010148553487,0.236301613614802,0.153350162717428,0.150492979148870
908,0.633503788623644,0.259638241659144,0.255943411389996,0.284329312589461,0.140279459933373,0.201594638931909
776,0.584763524220902,0.241532534498303,0.227823271636467,0.205178843545358,0.158002143279100,0.200889639762023
801,0.629089586309926,0.244185541162083,0.202303599215116,0.252283020211930,0.187010622123131,0.140279459933373
749,0.640560644506718,0.245075200706715,0.259638241659144,0.205178843545358,0.156008702799071,0.140279459933373
401,0.461365530470573,0.165403320798019,0.167291481291287,0.176522456496951,0.140279459933373,0.140279459933373
758,0.61405843859737,0.252283020211930,0.222891426963376,0.261497815323131,0.187631241909896,0.140279459933373
720,0.627323083479833,0.231177046607856,0.250466494772263,0.188255890082703,0.180448444205294,0.140279459933373
962,0.682772413069105,0.333456768437105,0.300905518027404,0.294052217151829,0.187010622123131,0.201594638931909
675,0.570494126543261,0.236301613614802,0.242414171861771,0.246862287018223,0.181605650010004,0.189517281185082
919,0.676628615387707,0.273759486818862,0.249561781327291,0.200889639762023,0.189517281185082,0.152982630801945
727,0.597212308466731,0.253194757033311,0.170736402643872,0.285297304030371,0.140279459933373,0.160930368981928
964,0.656414246618719,0.319623752397046,0.288207386188063,0.276626749501763,0.218876016213984,0.169237834303805
354,0.466939252082330,0.182778757451073,0.164480729737195,0.223704949036996,0.150492979148870,0.140279459933373
843,0.658173830133798,0.274713840722163,0.251373586915138,0.26806502014066,0.171243398019944,0.169733635746363
771,0.618483198986599,0.255943411389996,0.208860644258667,0.240653643199231,0.140279459933373,0.172787005806565
765,0.632621179272578,0.218876016213984,0.229493730258852,0.222891426963376,0.140279459933373,0.188884569174318
679,0.638797087949753,0.248659484023583,0.218876016213984,0.232872971194181,0.158410531669826,0.147819407725247
772,0.615828741507218,0.23033379664679,0.223704949036996,0.243298519444439,0.140279459933373,0.140279459933373
814,0.617598511353537,0.233725581744281,0.223704949036996,0.23977753355553,0.140279459933373,0.159237162188545
807,0.647610671197383,0.267121556704060,0.236301613614802,0.282396577544332,0.140279459933373,0.140279459933373
782,0.608744246353995,0.246862287018223,0.217294683481912,0.274713840722163,0.167772573247934,0.184568357977156
760,0.619367756469412,0.267121556704060,0.245967461561916,0.235439936165745,0.191439626593958,0.204454144375473
987,0.642323774366231,0.272806580486754,0.273759486818862,0.245075200706715,0.182190212262849,0.151542367809210
599,0.624672424998259,0.251373586915138,0.222891426963376,0.23033379664679,0.140279459933373,0.161362102255135
665,0.589213267095234,0.211875157547888,0.229493730258852,0.185172899926102,0.151189670120080,0.163123316426449
147,0.432309844864813,0.151542367809210,0.140279459933373,0.214175622695954,0.141873944585676,0.149807763529887
741,0.555277339714655,0.295029198942614,0.269010148553487,0.258711437790672,0.150839880430613,0.173835068385563
678,0.593658802575914,0.301887051542692,0.287236372741756,0.304834801321944,0.210360301592275,0.156008702799071
796,0.645848781067736,0.26806502014066,0.245967461561916,0.23033379664679,0.171754154191287,0.159237162188545
662,0.620252184825136,0.262430509724191,0.214175622695954,0.210360301592275,0.180448444205294,0.188255890082703
773,0.606971725447777,0.205178843545358,0.185781454960399,0.240653643199231,0.140279459933373,0.140539522938054
909,0.645848781067736,0.224521889216861,0.272806580486754,0.177071557205383,0.162677834203278,0.189517281185082
710,0.620252184825136,0.250466494772263,0.237166246337142,0.270905253648299,0.169237834303805,0.161797245314680
205,0.578526502286961,0.140279459933373,0.190794809258731,0.182190212262849,0.140279459933373,0.140279459933373
896,0.644086484322101,0.323575487390111,0.305818349289740,0.305818349289740,0.200188610986799,0.183967824035887
803,0.634386284250911,0.309756707604237,0.291125967010989,0.282396577544332,0.224521889216861,0.170736402643872
763,0.621136485069615,0.221274744825972,0.215727826366646,0.269956905233921,0.140279459933373,0.140279459933373
712,0.604311860230174,0.236301613614802,0.223704949036996,0.186394027664835,0.162235816543637,0.146548361254107
706,0.586543936638165,0.289179343702615,0.249561781327291,0.236301613614802,0.190154027575454,0.140279459933373
345,0.466939252082330,0.183967824035887,0.161362102255135,0.203016510694019,0.142702524367706,0.152618104976752
782,0.582982412426427,0.214949882112267,0.193398287644562,0.228656878414890,0.145319498566922,0.154470991130581
715,0.599875784998553,0.231177046607856,0.225342219919308,0.201594638931909,0.142423961905656,0.140279459933373
752,0.606971725447777,0.244185541162083,0.264301525715948,0.203733362812729,0.192088479379025,0.151897993103576
346,0.420938564569721,0.140801836156987,0.140279459933373,0.195393227873188,0.140279459933373,0.156400988328558
707,0.624672424998259,0.232023448734304,0.221274744825972,0.247759640188542,0.154094323280450,0.169733635746363
297,0.531876497718254,0.151542367809210,0.161797245314680,0.227823271636467,0.154094323280450,0.140279459933373
712,0.604311860230174,0.214949882112267,0.255024990396885,0.192741366843982,0.170233153496669,0.177071557205383
775,0.605198627992826,0.292100571713878,0.255024990396885,0.245075200706715,0.212638240623736,0.150148946700048
412,0.482650905054512,0.200188610986799,0.196743303664015,0.168745733831007,0.147497624383717,0.156008702799071
921,0.664329550930648,0.293075998312143,0.258711437790672,0.243298519444439,0.16357228121085,0.185781454960399
446,0.529165277729617,0.159237162188545,0.162235816543637,0.214949882112267,0.163123316426449,0.140279459933373
751,0.63703309779987,0.235439936165745,0.269010148553487,0.188255890082703,0.171243398019944,0.192088479379025
239,0.517387345588464,0.187631241909896,0.204454144375473,0.199491561253654,0.147497624383717,0.187631241909896
718,0.587433883900336,0.232872971194181,0.251373586915138,0.216509434133377,0.155233599845476,0.180448444205294
909,0.642323774366231,0.255943411389996,0.264301525715948,0.240653643199231,0.177624558944457,0.187631241909896
911,0.656414246618719,0.265239772398733,0.254108759679802,0.246862287018223,0.143840891542185,0.142423961905656
432,0.635268667058686,0.275669606701894,0.269010148553487,0.210360301592275,0.161362102255135,0.140279459933373
830,0.63703309779987,0.260567046745838,0.246862287018223,0.247759640188542,0.154470991130581,0.145319498566922
765,0.649372161207369,0.266179795115631,0.211115838461421,0.240653643199231,0.157195124574254,0.150148946700048
365,0.626439652176295,0.215727826366646,0.272806580486754,0.352194131843378,0.172268685450245,0.147819407725247
887,0.668723907006677,0.280468392646033,0.237166246337142,0.251373586915138,0.162677834203278,0.151897993103576
840,0.631738455286738,0.286266334773665,0.266179795115631,0.211115838461421,0.185172899926102,0.140279459933373
721,0.641442262346675,0.253194757033311,0.224521889216861,0.250466494772263,0.169733635746363,0.148801114525785
154,0.450170855356869,0.140279459933373,0.198798498578782,0.173309128978783,0.140279459933373,0.140279459933373
783,0.597212308466731,0.227823271636467,0.203016510694019,0.215727826366646,0.185781454960399,0.161797245314680
769,0.644967683931748,0.265239772398733,0.258711437790672,0.223704949036996,0.190154027575454,0.140279459933373
693,0.585653817185493,0.213405068833102,0.181605650010004,0.179307075461499,0.146862120354825,0.140279459933373
788,0.613173084606865,0.256863984839407,0.217294683481912,0.198109430350217,0.155619579790919,0.164480729737195
726,0.620252184825136,0.246862287018223,0.202303599215116,0.222081350052879,0.155619579790919,0.163123316426449
708,0.612287594171303,0.23033379664679,0.211875157547888,0.256863984839407,0.140279459933373,0.140279459933373
719,0.604311860230174,0.209608564537159,0.174898448025698,0.265239772398733,0.140279459933373,0.14298348025674
798,0.616713692539713,0.262430509724191,0.175435913518267,0.277585234113443,0.149469410107982,0.144720505822661
756,0.571387382661058,0.257786672914962,0.267121556704060,0.211875157547888,0.181025063276694,0.192741366843982
816,0.637915147508898,0.232872971194181,0.257786672914962,0.258711437790672,0.154470991130581,0.160502026996677
593,0.634386284250911,0.274713840722163,0.26336509235663,0.271855157449252,0.207376318697083,0.197424363331222
157,0.451106215483896,0.140279459933373,0.159237162188545,0.154470991130581,0.140279459933373,0.140279459933373
824,0.641442262346675,0.285297304030371,0.221274744825972,0.214175622695954,0.167291481291287,0.140279459933373
692,0.607858057407542,0.257786672914962,0.250466494772263,0.247759640188542,0.211875157547888,0.157597013980819
778,0.652893966371437,0.243298519444439,0.246862287018223,0.227823271636467,0.203733362812729,0.198109430350217
665,0.569600673082815,0.339381807952053,0.303851718893881,0.272806580486754,0.209608564537159,0.187631241909896
731,0.610516199655431,0.214175622695954,0.213405068833102,0.229493730258852,0.162677834203278,0.140279459933373
767,0.598988114480156,0.236301613614802,0.248659484023583,0.199491561253654,0.162235816543637,0.163123316426449
863,0.681894949187986,0.303851718893881,0.303851718893881,0.242414171861771,0.205178843545358,0.218083551882790
800,0.624672424998259,0.262430509724191,0.243298519444439,0.244185541162083,0.168257318749387,0.199491561253654
688,0.629089586309926,0.242414171861771,0.228656878414890,0.265239772398733,0.152618104976752,0.157195124574254
805,0.635268667058686,0.238904240888872,0.279506090033501,0.196743303664015,0.146548361254107,0.156400988328558
675,0.590102705627282,0.220471637257467,0.188255890082703,0.242414171861771,0.166814026627726,0.157195124574254
751,0.612287594171303,0.254108759679802,0.296006914761259,0.202303599215116,0.192088479379025,0.140279459933373
833,0.634386284250911,0.251373586915138,0.23977753355553,0.261497815323131,0.196066256873814,0.16634019279706
825,0.627323083479833,0.264301525715948,0.273759486818862,0.223704949036996,0.211875157547888,0.188255890082703
220,0.681894949187986,0.252283020211930,0.211115838461421,0.355144025044986,0.358090854945044,0.288207386188063
721,0.59099197716754,0.224521889216861,0.233725581744281,0.169237834303805,0.169733635746363,0.157195124574254
242,0.612287594171303,0.167291481291287,0.140279459933373,0.199491561253654,0.14298348025674,0.167291481291287
711,0.593658802575914,0.241532534498303,0.231177046607856,0.241532534498303,0.166814026627726,0.153720720340875
826,0.641442262346675,0.265239772398733,0.235439936165745,0.242414171861771,0.146548361254107,0.174898448025698
800,0.587433883900336,0.222081350052879,0.222081350052879,0.241532534498303,0.159655442358187,0.148471133452426
709,0.612287594171303,0.213405068833102,0.176522456496951,0.238033800236652,0.144424803121843,0.164480729737195
721,0.608744246353995,0.245967461561916,0.232023448734304,0.180448444205294,0.164940248736627,0.190794809258731
989,0.606971725447777,0.244185541162083,0.275669606701894,0.279506090033501,0.149807763529887,0.149807763529887
899,0.647610671197383,0.315674182764382,0.308771540986705,0.289179343702615,0.181605650010004,0.187010622123131
182,0.543597713584787,0.140279459933373,0.167291481291287,0.206639944148685,0.140279459933373,0.177071557205383
666,0.604311860230174,0.23977753355553,0.244185541162083,0.212638240623736,0.153720720340875,0.140279459933373
708,0.58030940985411,0.222081350052879,0.214175622695954,0.238033800236652,0.140279459933373,0.145622826217966
651,0.598988114480156,0.228656878414890,0.243298519444439,0.214949882112267,0.154850743467635,0.182778757451073
753,0.635268667058686,0.266179795115631,0.209608564537159,0.258711437790672,0.162677834203278,0.144720505822661
792,0.653774177471793,0.241532534498303,0.200889639762023,0.289179343702615,0.164480729737195,0.142702524367706
894,0.61494365721071,0.237166246337142,0.205178843545358,0.215727826366646,0.179875784505171,0.140279459933373
854,0.635268667058686,0.26336509235663,0.233725581744281,0.238904240888872,0.188255890082703,0.144720505822661
717,0.626439652176295,0.218876016213984,0.211875157547888,0.164940248736627,0.164024746412181,0.175435913518267
696,0.609630293401202,0.241532534498303,0.172787005806565,0.252283020211930,0.145622826217966,0.173835068385563
727,0.61405843859737,0.222081350052879,0.207376318697083,0.238033800236652,0.151542367809210,0.177624558944457
582,0.627323083479833,0.340368763820501,0.330492731245164,0.320611530912211,0.250466494772263,0.196743303664015
564,0.606085249352797,0.266179795115631,0.255943411389996,0.255943411389996,0.175435913518267,0.140279459933373
711,0.618483198986599,0.249561781327291,0.187631241909896,0.231177046607856,0.144424803121843,0.141066417195949
707,0.592770024376564,0.216509434133377,0.23977753355553,0.228656878414890,0.140279459933373,0.140279459933373
275,0.578526502286961,0.198109430350217,0.206639944148685,0.205907447843523,0.186394027664835,0.150148946700048
629,0.583873056414207,0.218876016213984,0.188255890082703,0.243298519444439,0.140279459933373,0.161362102255135
641,0.686281552185454,0.282396577544332,0.273759486818862,0.253194757033311,0.180448444205294,0.188884569174318
709,0.606085249352797,0.244185541162083,0.240653643199231,0.219672052767678,0.14298348025674,0.140279459933373
755,0.636150937944643,0.260567046745838,0.247759640188542,0.212638240623736,0.160930368981928,0.182778757451073
713,0.598988114480156,0.214175622695954,0.210360301592275,0.245967461561916,0.171243398019944,0.158002143279100
713,0.611401966215199,0.269956905233921,0.260567046745838,0.233725581744281,0.174364837136968,0.187010622123131
579,0.590102705627282,0.245967461561916,0.217294683481912,0.229493730258852,0.174364837136968,0.140279459933373
823,0.617598511353537,0.241532534498303,0.237166246337142,0.270905253648299,0.151542367809210,0.140279459933373
755,0.63703309779987,0.251373586915138,0.267121556704060,0.164480729737195,0.211115838461421,0.169733635746363
719,0.628206394540431,0.292100571713878,0.314687276192053,0.188255890082703,0.211875157547888,0.140279459933373
489,0.598988114480156,0.288207386188063,0.26806502014066,0.255943411389996,0.165403320798019,0.162677834203278
787,0.601650667029677,0.23033379664679,0.266179795115631,0.183371292540019,0.183371292540019,0.192741366843982
687,0.641442262346675,0.255943411389996,0.226165913043895,0.238904240888872,0.173309128978783,0.179307075461499
639,0.601650667029677,0.220471637257467,0.206639944148685,0.232872971194181,0.164024746412181,0.155619579790919
244,0.615828741507218,0.152982630801945,0.191439626593958,0.174898448025698,0.147819407725247,0.160930368981928
175,0.540896650628897,0.330492731245164,0.299924552865763,0.364953752682284,0.274713840722163,0.294052217151829
694,0.622904705251892,0.280468392646033,0.245075200706715,0.293075998312143,0.188884569174318,0.16634019279706
899,0.630855615748439,0.246862287018223,0.194724220966719,0.222081350052879,0.162235816543637,0.152982630801945
729,0.626439652176295,0.250466494772263,0.272806580486754,0.227823271636467,0.140279459933373,0.173835068385563
716,0.593658802575914,0.213405068833102,0.150148946700048,0.248659484023583,0.140279459933373,0.175435913518267
694,0.626439652176295,0.232023448734304,0.23033379664679,0.231177046607856,0.178742307944130,0.157597013980819
672,0.584763524220902,0.242414171861771,0.258711437790672,0.311728055196152,0.197424363331222,0.140279459933373
365,0.429473753439024,0.187631241909896,0.198798498578782,0.182778757451073,0.140279459933373,0.140279459933373
675,0.627323083479833,0.23033379664679,0.237166246337142,0.205178843545358,0.198109430350217,0.152982630801945
717,0.634386284250911,0.225342219919308,0.231177046607856,0.250466494772263,0.194059239855938,0.164480729737195
887,0.656414246618719,0.270905253648299,0.255024990396885,0.261497815323131,0.184568357977156,0.140539522938054
593,0.626439652176295,0.252283020211930,0.223704949036996,0.232872971194181,0.157195124574254,0.187010622123131
846,0.628206394540431,0.246862287018223,0.264301525715948,0.266179795115631,0.149807763529887,0.174898448025698
792,0.65113325749733,0.245075200706715,0.250466494772263,0.225342219919308,0.150839880430613,0.153350162717428
864,0.617598511353537,0.211115838461421,0.247759640188542,0.201594638931909,0.151189670120080,0.183967824035887
183,0.557070755717787,0.146548361254107,0.219672052767678,0.141066417195949,0.153720720340875,0.140279459933373
817,0.626439652176295,0.235439936165745,0.208860644258667,0.212638240623736,0.160930368981928,0.140279459933373
773,0.630855615748439,0.236301613614802,0.243298519444439,0.248659484023583,0.141602453589765,0.177071557205383
857,0.650252758171119,0.251373586915138,0.26806502014066,0.198109430350217,0.162235816543637,0.197424363331222
799,0.612287594171303,0.241532534498303,0.246862287018223,0.266179795115631,0.169237834303805,0.189517281185082
169,0.504646384858735,0.147819407725247,0.142423961905656,0.185781454960399,0.164940248736627,0.178181472416481
972,0.598988114480156,0.243298519444439,0.300905518027404,0.197424363331222,0.190794809258731,0.150839880430613
412,0.450170855356869,0.186394027664835,0.161362102255135,0.200188610986799,0.153350162717428,0.142147774681471
840,0.63703309779987,0.304834801321944,0.275669606701894,0.305818349289740,0.170736402643872,0.177071557205383
868,0.633503788623644,0.269956905233921,0.285297304030371,0.265239772398733,0.164940248736627,0.164024746412181
859,0.658173830133798,0.277585234113443,0.245075200706715,0.246862287018223,0.167291481291287,0.214949882112267
778,0.586543936638165,0.209608564537159,0.211115838461421,0.216509434133377,0.164480729737195,0.164480729737195
766,0.662571212990782,0.243298519444439,0.211875157547888,0.231177046607856,0.182190212262849,0.177071557205383
402,0.458572851358513,0.174898448025698,0.175977245746161,0.200188610986799,0.140279459933373,0.140279459933373
653,0.632621179272578,0.232872971194181,0.203016510694019,0.210360301592275,0.141873944585676,0.155619579790919
559,0.556174158820723,0.300905518027404,0.304834801321944,0.260567046745838,0.220471637257467,0.211115838461421
416,0.505558530479263,0.158410531669826,0.179307075461499,0.189517281185082,0.157597013980819,0.143266847840142
646,0.56334084744967,0.306802338059224,0.250466494772263,0.294052217151829,0.154470991130581,0.162235816543637
157,0.458572851358513,0.140279459933373,0.185781454960399,0.154094323280450,0.140279459933373,0.140279459933373
752,0.589213267095234,0.254108759679802,0.228656878414890,0.255943411389996,0.145928733232941,0.156400988328558
840,0.628206394540431,0.250466494772263,0.227823271636467,0.235439936165745,0.153350162717428,0.140279459933373
811,0.610516199655431,0.23977753355553,0.244185541162083,0.227823271636467,0.154094323280450,0.198798498578782
781,0.627323083479833,0.199491561253654,0.252283020211930,0.232023448734304,0.171243398019944,0.191439626593958
172,0.507381840049532,0.152256565618780,0.150839880430613,0.213405068833102,0.140279459933373,0.189517281185082
225,0.463225147278761,0.154094323280450,0.173835068385563,0.208860644258667,0.144720505822661,0.161362102255135
694,0.643205181411445,0.245967461561916,0.264301525715948,0.228656878414890,0.175977245746161,0.169237834303805
876,0.662571212990782,0.287236372741756,0.284329312589461,0.304834801321944,0.171243398019944,0.168257318749387
271,0.655534316836593,0.213405068833102,0.202303599215116,0.226165913043895,0.140279459933373,0.158002143279100
167,0.332468835480985,0.142147774681471,0.188255890082703,0.218876016213984,0.145018731380577,0.178181472416481
179,0.492757675678563,0.140279459933373,0.209608564537159,0.147819407725247,0.151189670120080,0.140279459933373
756,0.604311860230174,0.227823271636467,0.205907447843523,0.272806580486754,0.179875784505171,0.140279459933373
588,0.61494365721071,0.245075200706715,0.234581247743386,0.262430509724191,0.16357228121085,0.154470991130581
620,0.593658802575914,0.301887051542692,0.274713840722163,0.298944182722262,0.158002143279100,0.143552645462116
779,0.613173084606865,0.255024990396885,0.240653643199231,0.221274744825972,0.159655442358187,0.151897993103576
771,0.61405843859737,0.244185541162083,0.259638241659144,0.209608564537159,0.154850743467635,0.140279459933373
163,0.596324170558622,0.345300444024283,0.258711437790672,0.334444602573969,0.164940248736627,0.188884569174318
641,0.583873056414207,0.212638240623736,0.232023448734304,0.160077057692081,0.172268685450245,0.140279459933373
314,0.441731771836077,0.182190212262849,0.168257318749387,0.217294683481912,0.140279459933373,0.160930368981928
974,0.627323083479833,0.287236372741756,0.233725581744281,0.291125967010989,0.188884569174318,0.140279459933373
709,0.622904705251892,0.246862287018223,0.216509434133377,0.192088479379025,0.162677834203278,0.16634019279706
205,0.56334084744967,0.170233153496669,0.140279459933373,0.250466494772263,0.140279459933373,0.140279459933373
769,0.59454741884471,0.23033379664679,0.198109430350217,0.229493730258852,0.162677834203278,0.140279459933373
344,0.43702685358426,0.174364837136968,0.154094323280450,0.192741366843982,0.149469410107982,0.140279459933373
760,0.633503788623644,0.247759640188542,0.172787005806565,0.254108759679802,0.179307075461499,0.158822198286243
795,0.639678919993987,0.262430509724191,0.255024990396885,0.232023448734304,0.160930368981928,0.140279459933373
681,0.605198627992826,0.286266334773665,0.314687276192053,0.269956905233921,0.188255890082703,0.150148946700048
927,0.659053485350326,0.261497815323131,0.242414171861771,0.254108759679802,0.146548361254107,0.158822198286243
890,0.675750628954486,0.238904240888872,0.16357228121085,0.266179795115631,0.155619579790919,0.159655442358187
700,0.606971725447777,0.216509434133377,0.224521889216861,0.271855157449252,0.140279459933373,0.149133866930996
774,0.639678919993987,0.251373586915138,0.214175622695954,0.257786672914962,0.149133866930996,0.212638240623736
599,0.618483198986599,0.255943411389996,0.219672052767678,0.247759640188542,0.16634019279706,0.158002143279100
877,0.635268667058686,0.269010148553487,0.277585234113443,0.223704949036996,0.200188610986799,0.204454144375473
778,0.658173830133798,0.270905253648299,0.288207386188063,0.216509434133377,0.194059239855938,0.160930368981928
170,0.499166505254691,0.140279459933373,0.172787005806565,0.211115838461421,0.140279459933373,0.170233153496669
583,0.604311860230174,0.243298519444439,0.271855157449252,0.179875784505171,0.181605650010004,0.147497624383717
332,0.436084425669404,0.165403320798019,0.208116557082828,0.171754154191287,0.151897993103576,0.164024746412181
753,0.624672424998259,0.220471637257467,0.204454144375473,0.248659484023583,0.140279459933373,0.155619579790919
757,0.596324170558622,0.227823271636467,0.197424363331222,0.23977753355553,0.140279459933373,0.166814026627726
196,0.572280442910804,0.140279459933373,0.188884569174318,0.159655442358187,0.140279459933373,0.168745733831007
655,0.576742857104671,0.229493730258852,0.203733362812729,0.197424363331222,0.186394027664835,0.148801114525785
741,0.619367756469412,0.257786672914962,0.257786672914962,0.178742307944130,0.140801836156987,0.173309128978783
632,0.656414246618719,0.279506090033501,0.250466494772263,0.252283020211930,0.195393227873188,0.174364837136968
955,0.655534316836593,0.273759486818862,0.267121556704060,0.262430509724191,0.192741366843982,0.140279459933373
694,0.621136485069615,0.231177046607856,0.194059239855938,0.248659484023583,0.172268685450245,0.156008702799071
590,0.548993245617665,0.306802338059224,0.281431899695417,0.265239772398733,0.214949882112267,0.182778757451073
698,0.608744246353995,0.266179795115631,0.229493730258852,0.272806580486754,0.187010622123131,0.169733635746363
806,0.621136485069615,0.270905253648299,0.222081350052879,0.272806580486754,0.176522456496951,0.140279459933373
746,0.619367756469412,0.217294683481912,0.209608564537159,0.266179795115631,0.154094323280450,0.140279459933373
698,0.632621179272578,0.278545025785751,0.265239772398733,0.305818349289740,0.140279459933373,0.140279459933373
730,0.639678919993987,0.243298519444439,0.199491561253654,0.228656878414890,0.188884569174318,0.171754154191287
312,0.436084425669404,0.183371292540019,0.141602453589765,0.198109430350217,0.140279459933373,0.140279459933373
297,0.434198112267997,0.181605650010004,0.181605650010004,0.199491561253654,0.148801114525785,0.140279459933373
578,0.620252184825136,0.282396577544332,0.225342219919308,0.218083551882790,0.164940248736627,0.152618104976752
838,0.622904705251892,0.264301525715948,0.238033800236652,0.237166246337142,0.181025063276694,0.142147774681471
691,0.604311860230174,0.26336509235663,0.232023448734304,0.241532534498303,0.174898448025698,0.140279459933373
978,0.620252184825136,0.274713840722163,0.247759640188542,0.269956905233921,0.177071557205383,0.165869963138432
178,0.530069290557968,0.153350162717428,0.164024746412181,0.187631241909896,0.145928733232941,0.140279459933373
737,0.615828741507218,0.204454144375473,0.234581247743386,0.204454144375473,0.140279459933373,0.179875784505171
676,0.610516199655431,0.245967461561916,0.253194757033311,0.269010148553487,0.158410531669826,0.171754154191287
331,0.466939252082330,0.168257318749387,0.177624558944457,0.191439626593958,0.140279459933373,0.148801114525785
847,0.65113325749733,0.324563618926047,0.351210191887716,0.334444602573969,0.242414171861771,0.235439936165745
251,0.621136485069615,0.148143904307162,0.204454144375473,0.184568357977156,0.140279459933373,0.140279459933373
751,0.597212308466731,0.284329312589461,0.23977753355553,0.291125967010989,0.189517281185082,0.152256565618780
148,0.424736999725661,0.140279459933373,0.175435913518267,0.204454144375473,0.140801836156987,0.140279459933373
692,0.597212308466731,0.240653643199231,0.243298519444439,0.248659484023583,0.16634019279706,0.140279459933373
338,0.445487145704544,0.184568357977156,0.199491561253654,0.175435913518267,0.140279459933373,0.140279459933373
762,0.600763302119727,0.253194757033311,0.254108759679802,0.203016510694019,0.167772573247934,0.154470991130581
761,0.634386284250911,0.250466494772263,0.255024990396885,0.214175622695954,0.174898448025698,0.140279459933373
843,0.628206394540431,0.140279459933373,0.140279459933373,0.732684891535424,0.786808711454878,0.629089586309926
726,0.62555609967103,0.287236372741756,0.242414171861771,0.251373586915138,0.198798498578782,0.187010622123131
761,0.58030940985411,0.298944182722262,0.26806502014066,0.26806502014066,0.158002143279100,0.152618104976752
372,0.422838791105066,0.181025063276694,0.198109430350217,0.190154027575454,0.162235816543637,0.186394027664835
675,0.588323660284695,0.234581247743386,0.218083551882790,0.279506090033501,0.144424803121843,0.174898448025698
711,0.598988114480156,0.26336509235663,0.273759486818862,0.185781454960399,0.188884569174318,0.154470991130581
871,0.593658802575914,0.246862287018223,0.194724220966719,0.242414171861771,0.174898448025698,0.140279459933373
703,0.599875784998553,0.205907447843523,0.222081350052879,0.206639944148685,0.160077057692081,0.201594638931909
702,0.621136485069615,0.326539995183568,0.32950458986508,0.299924552865763,0.177071557205383,0.191439626593958
930,0.654654294039608,0.295029198942614,0.252283020211930,0.271855157449252,0.190154027575454,0.182778757451073
432,0.708189724424737,0.182190212262849,0.140279459933373,0.666966416344732,0.715192462883039,0.547195695509664
744,0.595435874427052,0.212638240623736,0.200889639762023,0.209608564537159,0.140279459933373,0.172268685450245
741,0.660812526368302,0.290152214217331,0.258711437790672,0.258711437790672,0.183371292540019,0.172268685450245
792,0.617598511353537,0.255943411389996,0.253194757033311,0.262430509724191,0.165869963138432,0.160502026996677
701,0.644967683931748,0.232023448734304,0.243298519444439,0.197424363331222,0.167772573247934,0.183967824035887
936,0.629089586309926,0.26336509235663,0.250466494772263,0.26336509235663,0.212638240623736,0.165403320798019
679,0.626439652176295,0.248659484023583,0.257786672914962,0.244185541162083,0.170736402643872,0.141333283747465
805,0.655534316836593,0.384446102799712,0.319623752397046,0.304834801321944,0.190154027575454,0.216509434133377
373,0.463225147278761,0.185781454960399,0.183371292540019,0.23033379664679,0.152618104976752,0.146862120354825
746,0.607858057407542,0.240653643199231,0.198798498578782,0.249561781327291,0.182190212262849,0.169237834303805
671,0.57585075439854,0.220471637257467,0.211875157547888,0.172268685450245,0.168745733831007,0.176522456496951
723,0.61494365721071,0.226992939983781,0.198109430350217,0.245967461561916,0.158002143279100,0.140279459933373
713,0.598100289370352,0.227823271636467,0.198109430350217,0.253194757033311,0.165869963138432,0.148801114525785
669,0.604311860230174,0.267121556704060,0.275669606701894,0.289179343702615,0.218083551882790,0.222891426963376
497,0.622904705251892,0.220471637257467,0.229493730258852,0.256863984839407,0.247759640188542,0.150839880430613
227,0.397013246974146,0.23033379664679,0.160077057692081,0.314687276192053,0.348256569656263,0.224521889216861
725,0.601650667029677,0.204454144375473,0.23977753355553,0.218083551882790,0.181025063276694,0.140539522938054
699,0.581200590507501,0.262430509724191,0.273759486818862,0.237166246337142,0.191439626593958,0.173835068385563
285,0.444549008408857,0.170736402643872,0.192741366843982,0.192088479379025,0.156796455796649,0.140279459933373
252,0.446424815327873,0.150492979148870,0.209608564537159,0.179307075461499,0.165869963138432,0.191439626593958
826,0.628206394540431,0.247759640188542,0.23977753355553,0.245075200706715,0.178181472416481,0.14298348025674
855,0.629972659733243,0.23977753355553,0.251373586915138,0.249561781327291,0.208860644258667,0.150148946700048
576,0.572280442910804,0.283362392853609,0.248659484023583,0.256863984839407,0.209608564537159,0.187631241909896
694,0.589213267095234,0.277585234113443,0.284329312589461,0.299924552865763,0.204454144375473,0.168745733831007
726,0.626439652176295,0.260567046745838,0.240653643199231,0.226165913043895,0.185781454960399,0.140279459933373
809,0.622904705251892,0.234581247743386,0.242414171861771,0.255024990396885,0.160077057692081,0.165869963138432
212,0.586543936638165,0.152982630801945,0.176522456496951,0.199491561253654,0.140279459933373,0.143552645462116
733,0.615828741507218,0.237166246337142,0.254108759679802,0.207376318697083,0.162235816543637,0.216509434133377
634,0.587433883900336,0.231177046607856,0.175977245746161,0.218876016213984,0.140279459933373,0.164480729737195
593,0.644086484322101,0.253194757033311,0.238033800236652,0.256863984839407,0.168257318749387,0.165403320798019
151,0.447362019176649,0.140279459933373,0.147497624383717,0.211115838461421,0.140279459933373,0.176522456496951
803,0.634386284250911,0.221274744825972,0.218876016213984,0.274713840722163,0.153720720340875,0.208860644258667
297,0.448298759169222,0.154470991130581,0.186394027664835,0.150148946700048,0.151542367809210,0.140279459933373
821,0.609630293401202,0.241532534498303,0.215727826366646,0.222081350052879,0.203016510694019,0.148143904307162
851,0.635268667058686,0.250466494772263,0.226992939983781,0.249561781327291,0.140539522938054,0.164024746412181
171,0.458572851358513,0.155233599845476,0.140279459933373,0.258711437790672,0.192088479379025,0.140279459933373
638,0.583873056414207,0.248659484023583,0.232872971194181,0.229493730258852,0.170736402643872,0.155619579790919
721,0.688912670590823,0.256863984839407,0.249561781327291,0.242414171861771,0.204454144375473,0.147497624383717
692,0.605198627992826,0.270905253648299,0.267121556704060,0.287236372741756,0.183967824035887,0.157597013980819
870,0.641442262346675,0.261497815323131,0.235439936165745,0.265239772398733,0.140279459933373,0.180448444205294
181,0.524641044535778,0.140279459933373,0.207376318697083,0.196743303664015,0.140279459933373,0.141066417195949
800,0.627323083479833,0.23977753355553,0.266179795115631,0.212638240623736,0.197424363331222,0.140279459933373
894,0.666966416344732,0.346286080835727,0.318636108753548,0.287236372741756,0.266179795115631,0.196743303664015
203,0.58209159090975,0.291125967010989,0.271855157449252,0.269956905233921,0.151897993103576,0.179875784505171
736,0.608744246353995,0.246862287018223,0.245075200706715,0.257786672914962,0.176522456496951,0.173835068385563
445,0.491840713366392,0.157597013980819,0.208860644258667,0.205907447843523,0.174898448025698,0.140279459933373
699,0.59099197716754,0.23033379664679,0.231177046607856,0.236301613614802,0.164480729737195,0.169733635746363
793,0.629972659733243,0.218876016213984,0.269956905233921,0.214175622695954,0.174898448025698,0.140279459933373
1015,0.659053485350326,0.297964434643167,0.276626749501763,0.287236372741756,0.178181472416481,0.160077057692081
252,0.622904705251892,0.152256565618780,0.145622826217966,0.190154027575454,0.140279459933373,0.140279459933373
789,0.647610671197383,0.253194757033311,0.287236372741756,0.255024990396885,0.140801836156987,0.164480729737195
839,0.62555609967103,0.226992939983781,0.256863984839407,0.213405068833102,0.177624558944457,0.174364837136968
768,0.640560644506718,0.264301525715948,0.242414171861771,0.283362392853609,0.146237238572002,0.246862287018223
756,0.623788627185174,0.238033800236652,0.266179795115631,0.254108759679802,0.151542367809210,0.140279459933373
957,0.654654294039608,0.252283020211930,0.219672052767678,0.226165913043895,0.164480729737195,0.203016510694019
808,0.648491465815105,0.250466494772263,0.288207386188063,0.256863984839407,0.169237834303805,0.154850743467635
745,0.631738455286738,0.229493730258852,0.247759640188542,0.232023448734304,0.140279459933373,0.140279459933373
720,0.629089586309926,0.256863984839407,0.214949882112267,0.249561781327291,0.140279459933373,0.169733635746363
1018,0.686281552185454,0.310742219942023,0.317648619366148,0.200889639762023,0.199491561253654,0.147497624383717
858,0.619367756469412,0.250466494772263,0.237166246337142,0.234581247743386,0.140279459933373,0.219672052767678
684,0.579418047575081,0.246862287018223,0.208860644258667,0.261497815323131,0.179307075461499,0.165403320798019
654,0.608744246353995,0.209608564537159,0.23977753355553,0.175435913518267,0.154850743467635,0.147819407725247
678,0.602537880906253,0.23033379664679,0.242414171861771,0.246862287018223,0.161362102255135,0.140279459933373
832,0.644086484322101,0.246862287018223,0.275669606701894,0.183371292540019,0.187010622123131,0.140279459933373
190,0.566919113760625,0.172268685450245,0.140279459933373,0.221274744825972,0.149807763529887,0.140279459933373
212,0.477118801080669,0.226992939983781,0.219672052767678,0.217294683481912,0.183967824035887,0.152618104976752
737,0.612287594171303,0.270905253648299,0.216509434133377,0.201594638931909,0.168257318749387,0.157195124574254
836,0.636150937944643,0.252283020211930,0.220471637257467,0.278545025785751,0.158822198286243,0.140279459933373
857,0.659053485350326,0.249561781327291,0.206639944148685,0.282396577544332,0.140279459933373,0.203016510694019
684,0.621136485069615,0.265239772398733,0.265239772398733,0.202303599215116,0.16634019279706,0.140279459933373
728,0.618483198986599,0.269010148553487,0.218876016213984,0.26806502014066,0.141066417195949,0.171754154191287
375,0.443610401564419,0.185172899926102,0.206639944148685,0.191439626593958,0.140279459933373,0.140279459933373
617,0.612287594171303,0.272806580486754,0.251373586915138,0.251373586915138,0.179307075461499,0.140279459933373
832,0.622904705251892,0.280468392646033,0.252283020211930,0.283362392853609,0.185172899926102,0.220471637257467
697,0.588323660284695,0.214175622695954,0.214175622695954,0.190794809258731,0.150148946700048,0.153720720340875
724,0.629972659733243,0.222891426963376,0.246862287018223,0.214175622695954,0.154094323280450,0.140279459933373
799,0.615828741507218,0.214175622695954,0.219672052767678,0.275669606701894,0.196066256873814,0.175977245746161
862,0.627323083479833,0.285297304030371,0.265239772398733,0.259638241659144,0.161362102255135,0.148471133452426
173,0.462295554374572,0.142423961905656,0.226165913043895,0.177071557205383,0.148801114525785,0.174364837136968
776,0.640560644506718,0.258711437790672,0.259638241659144,0.246862287018223,0.153720720340875,0.174364837136968
705,0.606971725447777,0.229493730258852,0.209608564537159,0.225342219919308,0.142423961905656,0.146548361254107
921,0.607858057407542,0.228656878414890,0.207376318697083,0.260567046745838,0.142702524367706,0.162677834203278
949,0.634386284250911,0.290152214217331,0.279506090033501,0.252283020211930,0.192088479379025,0.198798498578782
938,0.618483198986599,0.275669606701894,0.253194757033311,0.295029198942614,0.232872971194181,0.178181472416481
598,0.610516199655431,0.226992939983781,0.244185541162083,0.172268685450245,0.179307075461499,0.164940248736627
907,0.632621179272578,0.293075998312143,0.264301525715948,0.284329312589461,0.165869963138432,0.147497624383717
1016,0.691543175287256,0.388321919900050,0.306802338059224,0.379590352485876,0.188255890082703,0.183967824035887
914,0.636150937944643,0.266179795115631,0.227823271636467,0.275669606701894,0.149133866930996,0.16357228121085
787,0.62555609967103,0.222891426963376,0.224521889216861,0.205907447843523,0.155233599845476,0.140279459933373
181,0.457641082102348,0.140279459933373,0.161797245314680,0.187010622123131,0.163123316426449,0.157195124574254
888,0.61494365721071,0.250466494772263,0.231177046607856,0.234581247743386,0.156008702799071,0.197424363331222
860,0.629089586309926,0.302869127130412,0.269010148553487,0.269956905233921,0.156008702799071,0.145018731380577
748,0.603424944919196,0.260567046745838,0.245967461561916,0.266179795115631,0.162235816543637,0.171243398019944
159,0.40566331506169,0.160077057692081,0.140279459933373,0.211115838461421,0.152618104976752,0.141602453589765
579,0.552585532749393,0.201594638931909,0.240653643199231,0.205178843545358,0.182778757451073,0.169733635746363
747,0.598100289370352,0.258711437790672,0.235439936165745,0.246862287018223,0.179307075461499,0.153350162717428
705,0.606971725447777,0.231177046607856,0.247759640188542,0.211875157547888,0.149469410107982,0.174364837136968
707,0.643205181411445,0.302869127130412,0.260567046745838,0.289179343702615,0.200188610986799,0.172268685450245
739,0.61405843859737,0.227823271636467,0.164940248736627,0.276626749501763,0.140279459933373,0.140279459933373
737,0.623788627185174,0.255024990396885,0.236301613614802,0.234581247743386,0.169237834303805,0.168745733831007
883,0.606971725447777,0.269956905233921,0.247759640188542,0.264301525715948,0.165403320798019,0.168257318749387
670,0.604311860230174,0.221274744825972,0.211115838461421,0.217294683481912,0.151542367809210,0.196066256873814
781,0.653774177471793,0.260567046745838,0.246862287018223,0.232872971194181,0.158002143279100,0.173309128978783
225,0.602537880906253,0.157597013980819,0.232023448734304,0.174364837136968,0.152982630801945,0.160930368981928
812,0.631738455286738,0.23977753355553,0.202303599215116,0.254108759679802,0.167772573247934,0.183371292540019
798,0.612287594171303,0.256863984839407,0.235439936165745,0.237166246337142,0.140279459933373,0.140279459933373
636,0.582982412426427,0.245075200706715,0.210360301592275,0.259638241659144,0.173309128978783,0.177624558944457
950,0.628206394540431,0.252283020211930,0.253194757033311,0.223704949036996,0.140279459933373,0.179875784505171
622,0.618483198986599,0.233725581744281,0.23033379664679,0.224521889216861,0.185781454960399,0.141873944585676
782,0.636150937944643,0.281431899695417,0.265239772398733,0.26806502014066,0.174898448025698,0.168745733831007
727,0.599875784998553,0.257786672914962,0.235439936165745,0.188884569174318,0.158822198286243,0.158410531669826
210,0.585653817185493,0.156008702799071,0.147178535004063,0.223704949036996,0.141333283747465,0.167291481291287
886,0.648491465815105,0.247759640188542,0.267121556704060,0.205178843545358,0.176522456496951,0.181025063276694
820,0.617598511353537,0.259638241659144,0.245967461561916,0.255024990396885,0.161797245314680,0.140279459933373
743,0.608744246353995,0.245967461561916,0.223704949036996,0.237166246337142,0.171243398019944,0.154470991130581
951,0.611401966215199,0.240653643199231,0.159655442358187,0.295029198942614,0.16357228121085,0.140279459933373
858,0.629089586309926,0.341355528691973,0.309756707604237,0.256863984839407,0.190154027575454,0.157195124574254
891,0.645848781067736,0.290152214217331,0.222081350052879,0.295029198942614,0.186394027664835,0.208116557082828
907,0.629089586309926,0.262430509724191,0.256863984839407,0.256863984839407,0.145018731380577,0.140279459933373
890,0.65201365997105,0.299924552865763,0.296006914761259,0.226992939983781,0.171243398019944,0.147819407725247
802,0.659053485350326,0.280468392646033,0.288207386188063,0.175435913518267,0.157597013980819,0.184568357977156
732,0.622020658211421,0.254108759679802,0.201594638931909,0.262430509724191,0.140279459933373,0.178742307944130
728,0.674872565393281,0.293075998312143,0.255943411389996,0.337407372460796,0.166814026627726,0.160077057692081
960,0.645848781067736,0.260567046745838,0.248659484023583,0.244185541162083,0.216509434133377,0.168745733831007
799,0.600763302119727,0.254108759679802,0.300905518027404,0.211875157547888,0.202303599215116,0.198798498578782
987,0.603424944919196,0.342342090635241,0.238033800236652,0.282396577544332,0.140279459933373,0.189517281185082
182,0.556174158820723,0.155619579790919,0.193398287644562,0.164480729737195,0.163123316426449,0.177624558944457
807,0.628206394540431,0.222081350052879,0.221274744825972,0.241532534498303,0.178742307944130,0.152618104976752
882,0.617598511353537,0.249561781327291,0.278545025785751,0.194059239855938,0.151189670120080,0.159237162188545
611,0.603424944919196,0.233725581744281,0.222081350052879,0.250466494772263,0.140279459933373,0.140279459933373
187,0.521016538660012,0.179875784505171,0.155233599845476,0.323575487390111,0.368866547920421,0.242414171861771
514,0.612287594171303,0.340368763820501,0.325551793923222,0.266179795115631,0.222891426963376,0.155619579790919
765,0.615828741507218,0.281431899695417,0.273759486818862,0.238904240888872,0.182778757451073,0.161797245314680
639,0.62555609967103,0.281431899695417,0.295029198942614,0.270905253648299,0.191439626593958,0.165403320798019
388,0.671359527115958,0.200188610986799,0.219672052767678,0.309756707604237,0.309756707604237,0.190794809258731
800,0.622904705251892,0.242414171861771,0.243298519444439,0.218876016213984,0.147497624383717,0.140279459933373
687,0.596324170558622,0.203016510694019,0.229493730258852,0.219672052767678,0.146862120354825,0.157195124574254
704,0.628206394540431,0.235439936165745,0.217294683481912,0.203016510694019,0.140279459933373,0.144424803121843
787,0.621136485069615,0.209608564537159,0.211115838461421,0.214175622695954,0.172787005806565,0.212638240623736
820,0.659933050519219,0.249561781327291,0.233725581744281,0.242414171861771,0.176522456496951,0.151189670120080
627,0.633503788623644,0.205907447843523,0.206639944148685,0.262430509724191,0.140539522938054,0.164024746412181
866,0.639678919993987,0.282396577544332,0.232023448734304,0.288207386188063,0.186394027664835,0.200889639762023
725,0.606085249352797,0.203733362812729,0.196066256873814,0.193398287644562,0.199491561253654,0.149807763529887
838,0.640560644506718,0.254108759679802,0.200188610986799,0.244185541162083,0.163123316426449,0.145928733232941
720,0.609630293401202,0.232872971194181,0.238033800236652,0.213405068833102,0.140279459933373,0.164024746412181
813,0.622020658211421,0.233725581744281,0.243298519444439,0.225342219919308,0.182190212262849,0.140279459933373
899,0.608744246353995,0.271855157449252,0.260567046745838,0.261497815323131,0.145928733232941,0.192088479379025
556,0.587433883900336,0.288207386188063,0.287236372741756,0.262430509724191,0.189517281185082,0.170233153496669
347,0.40182397040703,0.196066256873814,0.241532534498303,0.140279459933373,0.145018731380577,0.162677834203278
373,0.438910260048710,0.167772573247934,0.206639944148685,0.182190212262849,0.158002143279100,0.140539522938054
853,0.652893966371437,0.244185541162083,0.267121556704060,0.224521889216861,0.180448444205294,0.150148946700048
853,0.655534316836593,0.256863984839407,0.287236372741756,0.176522456496951,0.185781454960399,0.168745733831007
613,0.608744246353995,0.217294683481912,0.218876016213984,0.233725581744281,0.140279459933373,0.140279459933373
627,0.574958463059337,0.218083551882790,0.247759640188542,0.236301613614802,0.16357228121085,0.140279459933373
170,0.493674279807102,0.140279459933373,0.150148946700048,0.169733635746363,0.142702524367706,0.140279459933373
697,0.633503788623644,0.233725581744281,0.225342219919308,0.210360301592275,0.149807763529887,0.150148946700048
377,0.619367756469412,0.357108931824631,0.301887051542692,0.347271459448055,0.274713840722163,0.159655442358187
856,0.622904705251892,0.222081350052879,0.247759640188542,0.294052217151829,0.166814026627726,0.162677834203278
787,0.599875784998553,0.348256569656263,0.285297304030371,0.289179343702615,0.245967461561916,0.168745733831007
748,0.610516199655431,0.235439936165745,0.201594638931909,0.243298519444439,0.140279459933373,0.156400988328558
753,0.630855615748439,0.226992939983781,0.223704949036996,0.228656878414890,0.149133866930996,0.181605650010004
820,0.631738455286738,0.241532534498303,0.229493730258852,0.234581247743386,0.157597013980819,0.164480729737195
597,0.630855615748439,0.248659484023583,0.216509434133377,0.240653643199231,0.140279459933373,0.192741366843982
704,0.62555609967103,0.23977753355553,0.255943411389996,0.285297304030371,0.148471133452426,0.140279459933373
642,0.596324170558622,0.221274744825972,0.269010148553487,0.187010622123131,0.150148946700048,0.162235816543637
685,0.582982412426427,0.23977753355553,0.237166246337142,0.266179795115631,0.161797245314680,0.167291481291287
680,0.61405843859737,0.225342219919308,0.238904240888872,0.177071557205383,0.148801114525785,0.156796455796649
804,0.629972659733243,0.264301525715948,0.282396577544332,0.276626749501763,0.143840891542185,0.140279459933373
809,0.65201365997105,0.255943411389996,0.211875157547888,0.272806580486754,0.182778757451073,0.140279459933373
767,0.645848781067736,0.254108759679802,0.243298519444439,0.214175622695954,0.185172899926102,0.171243398019944
160,0.452041119617036,0.140279459933373,0.140279459933373,0.225342219919308,0.158002143279100,0.158410531669826
622,0.558863289375474,0.287236372741756,0.258711437790672,0.205907447843523,0.168745733831007,0.16357228121085
212,0.584763524220902,0.153720720340875,0.164940248736627,0.214175622695954,0.146862120354825,0.168745733831007
820,0.670481068306923,0.32159942528535,0.256863984839407,0.297964434643167,0.250466494772263,0.140279459933373
370,0.463225147278761,0.160930368981928,0.140279459933373,0.237166246337142,0.140279459933373,0.140279459933373
774,0.59454741884471,0.234581247743386,0.260567046745838,0.189517281185082,0.193398287644562,0.175977245746161
688,0.606971725447777,0.213405068833102,0.214175622695954,0.253194757033311,0.171754154191287,0.165869963138432
366,0.459504181093247,0.188255890082703,0.237166246337142,0.226165913043895,0.150492979148870,0.169733635746363
711,0.632621179272578,0.26336509235663,0.297964434643167,0.225342219919308,0.158822198286243,0.178742307944130
813,0.627323083479833,0.255024990396885,0.209608564537159,0.257786672914962,0.172787005806565,0.143840891542185
630,0.596324170558622,0.224521889216861,0.234581247743386,0.219672052767678,0.145928733232941,0.150839880430613
664,0.582982412426427,0.252283020211930,0.226992939983781,0.236301613614802,0.175977245746161,0.200188610986799
808,0.635268667058686,0.220471637257467,0.187631241909896,0.284329312589461,0.140279459933373,0.196743303664015
834,0.656414246618719,0.278545025785751,0.203733362812729,0.258711437790672,0.177624558944457,0.208860644258667
794,0.61494365721071,0.235439936165745,0.177071557205383,0.250466494772263,0.165869963138432,0.140279459933373
968,0.666966416344732,0.288207386188063,0.286266334773665,0.277585234113443,0.214175622695954,0.154470991130581
748,0.638797087949753,0.250466494772263,0.221274744825972,0.257786672914962,0.165869963138432,0.144720505822661
720,0.574958463059337,0.23977753355553,0.256863984839407,0.206639944148685,0.196743303664015,0.175977245746161
227,0.445487145704544,0.167291481291287,0.172787005806565,0.188255890082703,0.158002143279100,0.140279459933373
740,0.637915147508898,0.253194757033311,0.233725581744281,0.186394027664835,0.168257318749387,0.186394027664835
342,0.436084425669404,0.152618104976752,0.152618104976752,0.228656878414890,0.145319498566922,0.140279459933373
268,0.660812526368302,0.209608564537159,0.179307075461499,0.238033800236652,0.169237834303805,0.140279459933373
677,0.603424944919196,0.229493730258852,0.247759640188542,0.261497815323131,0.142147774681471,0.160502026996677
726,0.617598511353537,0.272806580486754,0.246862287018223,0.237166246337142,0.188884569174318,0.174364837136968
179,0.547195695509664,0.171243398019944,0.157597013980819,0.209608564537159,0.140279459933373,0.140279459933373
803,0.65201365997105,0.258711437790672,0.249561781327291,0.279506090033501,0.142702524367706,0.152982630801945
685,0.59099197716754,0.226992939983781,0.176522456496951,0.232023448734304,0.149469410107982,0.140801836156987
697,0.640560644506718,0.252283020211930,0.221274744825972,0.249561781327291,0.167772573247934,0.149469410107982
378,0.720442270270379,0.278545025785751,0.236301613614802,0.393155485097713,0.400862850180983,0.255943411389996
851,0.624672424998259,0.259638241659144,0.226992939983781,0.216509434133377,0.151897993103576,0.181605650010004
706,0.616713692539713,0.257786672914962,0.221274744825972,0.23977753355553,0.156400988328558,0.140279459933373
724,0.636150937944643,0.196743303664015,0.207376318697083,0.229493730258852,0.182190212262849,0.155619579790919
245,0.610516199655431,0.160502026996677,0.177624558944457,0.183967824035887,0.140279459933373,0.149133866930996
964,0.750159284269274,0.310742219942023,0.281431899695417,0.302869127130412,0.229493730258852,0.188255890082703
795,0.567813168189284,0.305818349289740,0.245967461561916,0.275669606701894,0.164024746412181,0.223704949036996
755,0.600763302119727,0.23033379664679,0.236301613614802,0.181605650010004,0.140279459933373,0.140279459933373
790,0.622020658211421,0.250466494772263,0.269956905233921,0.236301613614802,0.169733635746363,0.193398287644562
734,0.597212308466731,0.217294683481912,0.232023448734304,0.214949882112267,0.164024746412181,0.140279459933373
882,0.634386284250911,0.292100571713878,0.285297304030371,0.265239772398733,0.199491561253654,0.188884569174318
762,0.576742857104671,0.242414171861771,0.23033379664679,0.224521889216861,0.177624558944457,0.140279459933373
702,0.628206394540431,0.347271459448055,0.294052217151829,0.338394673319409,0.190154027575454,0.198109430350217
694,0.632621179272578,0.255024990396885,0.227823271636467,0.273759486818862,0.148801114525785,0.172268685450245
728,0.600763302119727,0.241532534498303,0.250466494772263,0.235439936165745,0.161362102255135,0.160077057692081
653,0.627323083479833,0.218083551882790,0.214175622695954,0.23033379664679,0.169733635746363,0.158822198286243
707,0.585653817185493,0.191439626593958,0.254108759679802,0.208116557082828,0.158410531669826,0.174364837136968
747,0.634386284250911,0.271855157449252,0.265239772398733,0.241532534498303,0.190154027575454,0.174364837136968
824,0.622020658211421,0.270905253648299,0.232872971194181,0.253194757033311,0.154850743467635,0.140279459933373
708,0.616713692539713,0.206639944148685,0.247759640188542,0.237166246337142,0.140279459933373,0.161362102255135
837,0.611401966215199,0.244185541162083,0.23977753355553,0.224521889216861,0.175435913518267,0.140279459933373
745,0.61405843859737,0.241532534498303,0.206639944148685,0.26336509235663,0.147819407725247,0.169733635746363
814,0.62555609967103,0.249561781327291,0.26806502014066,0.297964434643167,0.182778757451073,0.16357228121085
856,0.637915147508898,0.254108759679802,0.285297304030371,0.140279459933373,0.190154027575454,0.198109430350217
894,0.599875784998553,0.284329312589461,0.261497815323131,0.292100571713878,0.167772573247934,0.167291481291287
742,0.574065981658382,0.274713840722163,0.292100571713878,0.171243398019944,0.204454144375473,0.159655442358187
666,0.63703309779987,0.287236372741756,0.269956905233921,0.271855157449252,0.200889639762023,0.198109430350217
639,0.571387382661058,0.310742219942023,0.253194757033311,0.297964434643167,0.169733635746363,0.184568357977156
801,0.607858057407542,0.222891426963376,0.197424363331222,0.287236372741756,0.154094323280450,0.140279459933373
817,0.615828741507218,0.266179795115631,0.203016510694019,0.264301525715948,0.174898448025698,0.140279459933373
678,0.605198627992826,0.226992939983781,0.223704949036996,0.264301525715948,0.14298348025674,0.159237162188545
721,0.600763302119727,0.255943411389996,0.254108759679802,0.183967824035887,0.183371292540019,0.167291481291287
833,0.643205181411445,0.275669606701894,0.237166246337142,0.269956905233921,0.162235816543637,0.156796455796649
802,0.633503788623644,0.277585234113443,0.253194757033311,0.219672052767678,0.201594638931909,0.186394027664835
671,0.604311860230174,0.228656878414890,0.209608564537159,0.251373586915138,0.176522456496951,0.148143904307162
859,0.62555609967103,0.233725581744281,0.218876016213984,0.245075200706715,0.141066417195949,0.140279459933373
684,0.596324170558622,0.251373586915138,0.247759640188542,0.171754154191287,0.165403320798019,0.140279459933373
869,0.660812526368302,0.267121556704060,0.267121556704060,0.244185541162083,0.167772573247934,0.173309128978783
510,0.440791745314472,0.182778757451073,0.183967824035887,0.218876016213984,0.140279459933373,0.152618104976752
785,0.644086484322101,0.267121556704060,0.220471637257467,0.255024990396885,0.187010622123131,0.160502026996677
717,0.568707020795868,0.276626749501763,0.205907447843523,0.260567046745838,0.190794809258731,0.168745733831007
909,0.647610671197383,0.271855157449252,0.242414171861771,0.210360301592275,0.183967824035887,0.150148946700048
756,0.622020658211421,0.253194757033311,0.228656878414890,0.224521889216861,0.151897993103576,0.196743303664015
806,0.59454741884471,0.265239772398733,0.292100571713878,0.218876016213984,0.196743303664015,0.140279459933373
734,0.621136485069615,0.23977753355553,0.208116557082828,0.272806580486754,0.153350162717428,0.216509434133377
814,0.629972659733243,0.327528205863718,0.303851718893881,0.33543232376894,0.211115838461421,0.140279459933373
666,0.608744246353995,0.235439936165745,0.242414171861771,0.229493730258852,0.151542367809210,0.140279459933373
361,0.448298759169222,0.174898448025698,0.195393227873188,0.185781454960399,0.151189670120080,0.140279459933373
604,0.586543936638165,0.290152214217331,0.287236372741756,0.262430509724191,0.173309128978783,0.170233153496669
711,0.650252758171119,0.282396577544332,0.269956905233921,0.235439936165745,0.163123316426449,0.167291481291287
860,0.624672424998259,0.281431899695417,0.245075200706715,0.211875157547888,0.185781454960399,0.152618104976752
717,0.605198627992826,0.265239772398733,0.23033379664679,0.255024990396885,0.194724220966719,0.186394027664835
817,0.617598511353537,0.261497815323131,0.215727826366646,0.238033800236652,0.171243398019944,0.186394027664835
329,0.434198112267997,0.181605650010004,0.140279459933373,0.218876016213984,0.140279459933373,0.140279459933373
809,0.656414246618719,0.244185541162083,0.237166246337142,0.234581247743386,0.177071557205383,0.191439626593958
416,0.45297556976512,0.185172899926102,0.192088479379025,0.180448444205294,0.143552645462116,0.148471133452426
819,0.628206394540431,0.23977753355553,0.164480729737195,0.236301613614802,0.177071557205383,0.159655442358187
779,0.61494365721071,0.255943411389996,0.23977753355553,0.265239772398733,0.187631241909896,0.192088479379025
363,0.422838791105066,0.159655442358187,0.172268685450245,0.175977245746161,0.157195124574254,0.157195124574254
170,0.500080663267207,0.144720505822661,0.174364837136968,0.185781454960399,0.172268685450245,0.167772573247934
835,0.638797087949753,0.259638241659144,0.247759640188542,0.274713840722163,0.171243398019944,0.190794809258731
786,0.617598511353537,0.256863984839407,0.249561781327291,0.252283020211930,0.185172899926102,0.188884569174318
847,0.613173084606865,0.26806502014066,0.23033379664679,0.270905253648299,0.165869963138432,0.190794809258731
207,0.450170855356869,0.252283020211930,0.228656878414890,0.328516409471957,0.382505251364152,0.246862287018223
617,0.619367756469412,0.236301613614802,0.203016510694019,0.247759640188542,0.152982630801945,0.154850743467635
686,0.621136485069615,0.224521889216861,0.247759640188542,0.220471637257467,0.165869963138432,0.162677834203278
858,0.655534316836593,0.290152214217331,0.312714190948075,0.236301613614802,0.140279459933373,0.194059239855938
665,0.603424944919196,0.257786672914962,0.219672052767678,0.26806502014066,0.159655442358187,0.181605650010004
399,0.466011361565902,0.176522456496951,0.172787005806565,0.170736402643872,0.157195124574254,0.159655442358187
344,0.431364974573073,0.16634019279706,0.184568357977156,0.238033800236652,0.154850743467635,0.140279459933373
628,0.583873056414207,0.219672052767678,0.226165913043895,0.246862287018223,0.170736402643872,0.174898448025698
785,0.636150937944643,0.222891426963376,0.185781454960399,0.26336509235663,0.140279459933373,0.181605650010004
795,0.629089586309926,0.251373586915138,0.149469410107982,0.260567046745838,0.140279459933373,0.166814026627726
696,0.57763477259731,0.269956905233921,0.254108759679802,0.200889639762023,0.179875784505171,0.172268685450245
734,0.616713692539713,0.203016510694019,0.246862287018223,0.23977753355553,0.140279459933373,0.196066256873814
787,0.630855615748439,0.235439936165745,0.259638241659144,0.207376318697083,0.181025063276694,0.184568357977156
374,0.43702685358426,0.189517281185082,0.169733635746363,0.158822198286243,0.173309128978783,0.152982630801945
843,0.642323774366231,0.267121556704060,0.238033800236652,0.210360301592275,0.175435913518267,0.184568357977156
827,0.622904705251892,0.255024990396885,0.228656878414890,0.255943411389996,0.159655442358187,0.140279459933373
787,0.644967683931748,0.247759640188542,0.196743303664015,0.255943411389996,0.179875784505171,0.140279459933373
714,0.603424944919196,0.253194757033311,0.270905253648299,0.244185541162083,0.165403320798019,0.165869963138432
763,0.619367756469412,0.257786672914962,0.240653643199231,0.276626749501763,0.143552645462116,0.194059239855938
342,0.43702685358426,0.186394027664835,0.182778757451073,0.194059239855938,0.153350162717428,0.167291481291287
817,0.656414246618719,0.272806580486754,0.249561781327291,0.245967461561916,0.150148946700048,0.16357228121085
848,0.630855615748439,0.280468392646033,0.218083551882790,0.214949882112267,0.167772573247934,0.140279459933373
613,0.653774177471793,0.238033800236652,0.225342219919308,0.256863984839407,0.149133866930996,0.141333283747465
211,0.583873056414207,0.151897993103576,0.198798498578782,0.205907447843523,0.167291481291287,0.140279459933373
379,0.450170855356869,0.188884569174318,0.217294683481912,0.193398287644562,0.167772573247934,0.162235816543637
989,0.618483198986599,0.362014841934518,0.344314559496454,0.324563618926047,0.23033379664679,0.218083551882790
341,0.444549008408857,0.181605650010004,0.188255890082703,0.202303599215116,0.141066417195949,0.180448444205294
769,0.590102705627282,0.229493730258852,0.246862287018223,0.175977245746161,0.174898448025698,0.159237162188545
734,0.645848781067736,0.269010148553487,0.211115838461421,0.290152214217331,0.148801114525785,0.174898448025698
701,0.586543936638165,0.245967461561916,0.257786672914962,0.235439936165745,0.165403320798019,0.161797245314680
836,0.633503788623644,0.279506090033501,0.261497815323131,0.253194757033311,0.196066256873814,0.197424363331222
789,0.648491465815105,0.274713840722163,0.262430509724191,0.195393227873188,0.221274744825972,0.140279459933373
777,0.605198627992826,0.249561781327291,0.238033800236652,0.249561781327291,0.194059239855938,0.140279459933373
693,0.579418047575081,0.282396577544332,0.270905253648299,0.256863984839407,0.16634019279706,0.140279459933373
795,0.618483198986599,0.317648619366148,0.312714190948075,0.293075998312143,0.231177046607856,0.190154027575454
936,0.557967132030868,0.345300444024283,0.273759486818862,0.298944182722262,0.203733362812729,0.140279459933373
697,0.622020658211421,0.299924552865763,0.283362392853609,0.289179343702615,0.213405068833102,0.179875784505171
321,0.443610401564419,0.169733635746363,0.156796455796649,0.198109430350217,0.16634019279706,0.179875784505171
892,0.659933050519219,0.271855157449252,0.243298519444439,0.247759640188542,0.192088479379025,0.140279459933373
802,0.620252184825136,0.212638240623736,0.231177046607856,0.194059239855938,0.165869963138432,0.160077057692081
705,0.588323660284695,0.250466494772263,0.215727826366646,0.259638241659144,0.149807763529887,0.158822198286243
319,0.451106215483896,0.140279459933373,0.154470991130581,0.200889639762023,0.140279459933373,0.152618104976752
612,0.606085249352797,0.235439936165745,0.222081350052879,0.227823271636467,0.195393227873188,0.157597013980819
472,0.599875784998553,0.257786672914962,0.224521889216861,0.286266334773665,0.284329312589461,0.140539522938054
544,0.681894949187986,0.258711437790672,0.256863984839407,0.303851718893881,0.347271459448055,0.206639944148685
755,0.622904705251892,0.238033800236652,0.256863984839407,0.182190212262849,0.226165913043895,0.152256565618780
812,0.61494365721071,0.306802338059224,0.222081350052879,0.240653643199231,0.159237162188545,0.178742307944130
682,0.59099197716754,0.275669606701894,0.238033800236652,0.240653643199231,0.181025063276694,0.140279459933373
664,0.609630293401202,0.260567046745838,0.223704949036996,0.293075998312143,0.158410531669826,0.189517281185082
617,0.586543936638165,0.249561781327291,0.228656878414890,0.211115838461421,0.161797245314680,0.140279459933373
286,0.600763302119727,0.229493730258852,0.140279459933373,0.503733909185275,0.556174158820723,0.385415796280043
784,0.603424944919196,0.255943411389996,0.253194757033311,0.254108759679802,0.156796455796649,0.140279459933373
911,0.644086484322101,0.235439936165745,0.253194757033311,0.222081350052879,0.172787005806565,0.169237834303805
744,0.655534316836593,0.232023448734304,0.248659484023583,0.245075200706715,0.148143904307162,0.140279459933373
341,0.586543936638165,0.308771540986705,0.292100571713878,0.224521889216861,0.194724220966719,0.207376318697083
703,0.593658802575914,0.224521889216861,0.222081350052879,0.232023448734304,0.158410531669826,0.140279459933373
675,0.599875784998553,0.236301613614802,0.253194757033311,0.169733635746363,0.158002143279100,0.144720505822661
626,0.623788627185174,0.229493730258852,0.259638241659144,0.156796455796649,0.202303599215116,0.14298348025674
737,0.617598511353537,0.267121556704060,0.260567046745838,0.252283020211930,0.169733635746363,0.166814026627726
821,0.643205181411445,0.282396577544332,0.248659484023583,0.261497815323131,0.140279459933373,0.182778757451073
814,0.646729776551258,0.270905253648299,0.228656878414890,0.278545025785751,0.153350162717428,0.140279459933373
811,0.633503788623644,0.265239772398733,0.238904240888872,0.252283020211930,0.182778757451073,0.194059239855938
359,0.436084425669404,0.188884569174318,0.194059239855938,0.178181472416481,0.158822198286243,0.140279459933373
765,0.619367756469412,0.246862287018223,0.279506090033501,0.206639944148685,0.145622826217966,0.160077057692081
821,0.634386284250911,0.280468392646033,0.251373586915138,0.255024990396885,0.200188610986799,0.164480729737195
791,0.632621179272578,0.251373586915138,0.190794809258731,0.259638241659144,0.143552645462116,0.156008702799071
146,0.42188893060604,0.140279459933373,0.179875784505171,0.195393227873188,0.150492979148870,0.140279459933373
698,0.58209159090975,0.212638240623736,0.218083551882790,0.231177046607856,0.168745733831007,0.176522456496951
781,0.598100289370352,0.272806580486754,0.26336509235663,0.249561781327291,0.214175622695954,0.140279459933373
819,0.628206394540431,0.26336509235663,0.238033800236652,0.212638240623736,0.140279459933373,0.172787005806565
697,0.606971725447777,0.236301613614802,0.250466494772263,0.205178843545358,0.190154027575454,0.143552645462116
864,0.632621179272578,0.261497815323131,0.265239772398733,0.269010148553487,0.140279459933373,0.189517281185082
798,0.59099197716754,0.247759640188542,0.245967461561916,0.223704949036996,0.184568357977156,0.140279459933373
748,0.642323774366231,0.249561781327291,0.210360301592275,0.234581247743386,0.187631241909896,0.164480729737195
680,0.59454741884471,0.196743303664015,0.179875784505171,0.220471637257467,0.165869963138432,0.147178535004063
785,0.599875784998553,0.221274744825972,0.231177046607856,0.281431899695417,0.232872971194181,0.217294683481912
792,0.630855615748439,0.265239772398733,0.261497815323131,0.262430509724191,0.181605650010004,0.161362102255135
825,0.607858057407542,0.246862287018223,0.224521889216861,0.255024990396885,0.144720505822661,0.178742307944130
696,0.657294084136253,0.426633199381427,0.407579902497849,0.373747820375976,0.332468835480985,0.26336509235663
809,0.624672424998259,0.254108759679802,0.204454144375473,0.271855157449252,0.169733635746363,0.175977245746161
765,0.645848781067736,0.242414171861771,0.210360301592275,0.224521889216861,0.16634019279706,0.186394027664835
575,0.579418047575081,0.306802338059224,0.272806580486754,0.324563618926047,0.270905253648299,0.152982630801945
755,0.613173084606865,0.222081350052879,0.23033379664679,0.23977753355553,0.140279459933373,0.187631241909896
686,0.61494365721071,0.257786672914962,0.238033800236652,0.257786672914962,0.149807763529887,0.172268685450245
653,0.61494365721071,0.23033379664679,0.249561781327291,0.187010622123131,0.149807763529887,0.140279459933373
748,0.645848781067736,0.288207386188063,0.218083551882790,0.269956905233921,0.211115838461421,0.155619579790919
971,0.629089586309926,0.346286080835727,0.301887051542692,0.299924552865763,0.178181472416481,0.140279459933373
789,0.596324170558622,0.261497815323131,0.236301613614802,0.23033379664679,0.188884569174318,0.140279459933373
918,0.660812526368302,0.267121556704060,0.229493730258852,0.240653643199231,0.166814026627726,0.160502026996677
862,0.659053485350326,0.277585234113443,0.23977753355553,0.252283020211930,0.165869963138432,0.191439626593958
784,0.635268667058686,0.247759640188542,0.228656878414890,0.273759486818862,0.140279459933373,0.170233153496669
582,0.626439652176295,0.218083551882790,0.192741366843982,0.220471637257467,0.144424803121843,0.140279459933373
672,0.621136485069615,0.23033379664679,0.205178843545358,0.251373586915138,0.140279459933373,0.174898448025698
833,0.624672424998259,0.270905253648299,0.270905253648299,0.310742219942023,0.183967824035887,0.208116557082828
825,0.619367756469412,0.328516409471957,0.326539995183568,0.240653643199231,0.214949882112267,0.140279459933373
384,0.440791745314472,0.195393227873188,0.195393227873188,0.175977245746161,0.140279459933373,0.141873944585676
611,0.603424944919196,0.233725581744281,0.232023448734304,0.23977753355553,0.159655442358187,0.161362102255135
814,0.640560644506718,0.273759486818862,0.249561781327291,0.195393227873188,0.183371292540019,0.198109430350217
275,0.686281552185454,0.259638241659144,0.140279459933373,0.35612665264182,0.346286080835727,0.215727826366646
766,0.630855615748439,0.260567046745838,0.269010148553487,0.222081350052879,0.191439626593958,0.197424363331222
745,0.622020658211421,0.235439936165745,0.210360301592275,0.276626749501763,0.16357228121085,0.160502026996677
711,0.592770024376564,0.227823271636467,0.140279459933373,0.266179795115631,0.147497624383717,0.151189670120080
869,0.649372161207369,0.270905253648299,0.281431899695417,0.250466494772263,0.140279459933373,0.178742307944130
708,0.635268667058686,0.296006914761259,0.253194757033311,0.309756707604237,0.156796455796649,0.140279459933373
679,0.624672424998259,0.227823271636467,0.193398287644562,0.261497815323131,0.151897993103576,0.140279459933373
787,0.61494365721071,0.247759640188542,0.236301613614802,0.279506090033501,0.140801836156987,0.16634019279706
721,0.619367756469412,0.245075200706715,0.227823271636467,0.171754154191287,0.161797245314680,0.146862120354825
884,0.647610671197383,0.251373586915138,0.265239772398733,0.211115838461421,0.150839880430613,0.180448444205294
682,0.588323660284695,0.309756707604237,0.220471637257467,0.322587416871138,0.154094323280450,0.173309128978783
713,0.606085249352797,0.236301613614802,0.252283020211930,0.211115838461421,0.16357228121085,0.150492979148870
688,0.621136485069615,0.233725581744281,0.267121556704060,0.225342219919308,0.172787005806565,0.140279459933373
303,0.435141512434088,0.162235816543637,0.208116557082828,0.194059239855938,0.143552645462116,0.140539522938054
892,0.622020658211421,0.223704949036996,0.26336509235663,0.23977753355553,0.180448444205294,0.140279459933373
769,0.646729776551258,0.316661303992259,0.300905518027404,0.310742219942023,0.194059239855938,0.140279459933373
742,0.627323083479833,0.237166246337142,0.184568357977156,0.296006914761259,0.16357228121085,0.152982630801945
658,0.57763477259731,0.220471637257467,0.192088479379025,0.256863984839407,0.147497624383717,0.145928733232941
759,0.634386284250911,0.252283020211930,0.179875784505171,0.245075200706715,0.146862120354825,0.158410531669826
353,0.460435073421994,0.200889639762023,0.154094323280450,0.203733362812729,0.140279459933373,0.175435913518267
749,0.615828741507218,0.240653643199231,0.270905253648299,0.271855157449252,0.177624558944457,0.175977245746161
894,0.61405843859737,0.277585234113443,0.286266334773665,0.152618104976752,0.157597013980819,0.140279459933373
719,0.632621179272578,0.180448444205294,0.221274744825972,0.196743303664015,0.178181472416481,0.141333283747465
771,0.632621179272578,0.244185541162083,0.278545025785751,0.246862287018223,0.159237162188545,0.192088479379025
683,0.581200590507501,0.225342219919308,0.218083551882790,0.203733362812729,0.158822198286243,0.159237162188545
912,0.654654294039608,0.260567046745838,0.235439936165745,0.283362392853609,0.154470991130581,0.151189670120080
368,0.422838791105066,0.165403320798019,0.194724220966719,0.218083551882790,0.154094323280450,0.149807763529887
708,0.602537880906253,0.228656878414890,0.238033800236652,0.200188610986799,0.146237238572002,0.140279459933373
703,0.643205181411445,0.287236372741756,0.265239772398733,0.240653643199231,0.194724220966719,0.151542367809210
785,0.650252758171119,0.288207386188063,0.276626749501763,0.247759640188542,0.172787005806565,0.173309128978783
828,0.648491465815105,0.256863984839407,0.235439936165745,0.264301525715948,0.161797245314680,0.140279459933373
690,0.592770024376564,0.226165913043895,0.266179795115631,0.237166246337142,0.145622826217966,0.142147774681471
828,0.681017412481438,0.276626749501763,0.272806580486754,0.236301613614802,0.171243398019944,0.140801836156987
674,0.622904705251892,0.252283020211930,0.250466494772263,0.205907447843523,0.16357228121085,0.178742307944130
819,0.613173084606865,0.224521889216861,0.224521889216861,0.280468392646033,0.154470991130581,0.144131604573628
774,0.629089586309926,0.261497815323131,0.248659484023583,0.269010148553487,0.178181472416481,0.185781454960399
931,0.647610671197383,0.26336509235663,0.256863984839407,0.221274744825972,0.200889639762023,0.145319498566922
734,0.641442262346675,0.246862287018223,0.244185541162083,0.245075200706715,0.156796455796649,0.158002143279100
169,0.476195411202944,0.140279459933373,0.155619579790919,0.173835068385563,0.140279459933373,0.141873944585676
686,0.629089586309926,0.242414171861771,0.208860644258667,0.231177046607856,0.158822198286243,0.160077057692081
700,0.633503788623644,0.212638240623736,0.201594638931909,0.243298519444439,0.140279459933373,0.147497624383717
350,0.452041119617036,0.198798498578782,0.203016510694019,0.168257318749387,0.172268685450245,0.149133866930996
839,0.654654294039608,0.277585234113443,0.233725581744281,0.293075998312143,0.150148946700048,0.158822198286243
594,0.581200590507501,0.215727826366646,0.235439936165745,0.226992939983781,0.170233153496669,0.140279459933373
808,0.627323083479833,0.232023448734304,0.232023448734304,0.269956905233921,0.140279459933373,0.140279459933373
857,0.627323083479833,0.256863984839407,0.205178843545358,0.284329312589461,0.140279459933373,0.178742307944130
551,0.560654953573793,0.259638241659144,0.221274744825972,0.253194757033311,0.169733635746363,0.157597013980819
652,0.606971725447777,0.273759486818862,0.269956905233921,0.289179343702615,0.154850743467635,0.16357228121085
839,0.65113325749733,0.271855157449252,0.26336509235663,0.262430509724191,0.197424363331222,0.214949882112267
812,0.617598511353537,0.249561781327291,0.223704949036996,0.242414171861771,0.154094323280450,0.149469410107982
708,0.627323083479833,0.265239772398733,0.271855157449252,0.274713840722163,0.164024746412181,0.14298348025674
711,0.627323083479833,0.318636108753548,0.264301525715948,0.316661303992259,0.194059239855938,0.150839880430613
726,0.597212308466731,0.229493730258852,0.210360301592275,0.225342219919308,0.140279459933373,0.144720505822661
783,0.616713692539713,0.250466494772263,0.185172899926102,0.265239772398733,0.148801114525785,0.140279459933373
533,0.615828741507218,0.332468835480985,0.293075998312143,0.292100571713878,0.195393227873188,0.158822198286243
957,0.643205181411445,0.255943411389996,0.216509434133377,0.279506090033501,0.198798498578782,0.177624558944457
803,0.618483198986599,0.23977753355553,0.190154027575454,0.255943411389996,0.140279459933373,0.157195124574254
740,0.601650667029677,0.250466494772263,0.271855157449252,0.231177046607856,0.177624558944457,0.160077057692081
576,0.588323660284695,0.372772455485757,0.355144025044986,0.298944182722262,0.215727826366646,0.140279459933373
222,0.677506525321988,0.217294683481912,0.192741366843982,0.334444602573969,0.340368763820501,0.269010148553487
757,0.600763302119727,0.235439936165745,0.245075200706715,0.195393227873188,0.170736402643872,0.149469410107982
688,0.605198627992826,0.218876016213984,0.213405068833102,0.240653643199231,0.140279459933373,0.140279459933373
812,0.604311860230174,0.205178843545358,0.250466494772263,0.208860644258667,0.189517281185082,0.161797245314680
701,0.616713692539713,0.246862287018223,0.238033800236652,0.232023448734304,0.159237162188545,0.140279459933373
705,0.607858057407542,0.221274744825972,0.228656878414890,0.269956905233921,0.160502026996677,0.140279459933373
636,0.598100289370352,0.213405068833102,0.249561781327291,0.196743303664015,0.187631241909896,0.173835068385563
672,0.590102705627282,0.210360301592275,0.183371292540019,0.244185541162083,0.167772573247934,0.144720505822661
363,0.427580548847338,0.164024746412181,0.218876016213984,0.187010622123131,0.141873944585676,0.140279459933373
783,0.637915147508898,0.222891426963376,0.225342219919308,0.238033800236652,0.144720505822661,0.140279459933373
808,0.629089586309926,0.242414171861771,0.245967461561916,0.208116557082828,0.177071557205383,0.140279459933373
857,0.65201365997105,0.242414171861771,0.237166246337142,0.281431899695417,0.154470991130581,0.197424363331222
777,0.641442262346675,0.249561781327291,0.23977753355553,0.291125967010989,0.152256565618780,0.205907447843523
648,0.607858057407542,0.227823271636467,0.179307075461499,0.287236372741756,0.170736402643872,0.152982630801945
885,0.668723907006677,0.279506090033501,0.283362392853609,0.249561781327291,0.179875784505171,0.167772573247934
706,0.637915147508898,0.258711437790672,0.257786672914962,0.259638241659144,0.145928733232941,0.181025063276694
678,0.612287594171303,0.390256851013871,0.345300444024283,0.249561781327291,0.208860644258667,0.140279459933373
324,0.653774177471793,0.149807763529887,0.169237834303805,0.233725581744281,0.141873944585676,0.16357228121085
787,0.615828741507218,0.247759640188542,0.273759486818862,0.220471637257467,0.198798498578782,0.170736402643872
740,0.622904705251892,0.23033379664679,0.185781454960399,0.275669606701894,0.16634019279706,0.141066417195949
791,0.644086484322101,0.266179795115631,0.276626749501763,0.258711437790672,0.174364837136968,0.144424803121843
855,0.66608754581422,0.259638241659144,0.273759486818862,0.236301613614802,0.150839880430613,0.205907447843523
685,0.598988114480156,0.226165913043895,0.238033800236652,0.228656878414890,0.156008702799071,0.162677834203278
703,0.617598511353537,0.257786672914962,0.219672052767678,0.292100571713878,0.174898448025698,0.156008702799071
385,0.436084425669404,0.191439626593958,0.141873944585676,0.223704949036996,0.148471133452426,0.140279459933373
710,0.615828741507218,0.219672052767678,0.198109430350217,0.256863984839407,0.143840891542185,0.149807763529887
332,0.41331732873535,0.184568357977156,0.172787005806565,0.179875784505171,0.140279459933373,0.187010622123131
914,0.644967683931748,0.267121556704060,0.226165913043895,0.248659484023583,0.163123316426449,0.171754154191287
235,0.673116204346268,0.242414171861771,0.224521889216861,0.320611530912211,0.317648619366148,0.260567046745838
646,0.561550463611059,0.210360301592275,0.208116557082828,0.191439626593958,0.143840891542185,0.140279459933373
798,0.636150937944643,0.257786672914962,0.225342219919308,0.238033800236652,0.148143904307162,0.140279459933373
381,0.44923503724365,0.167772573247934,0.188884569174318,0.177624558944457,0.149469410107982,0.175435913518267
727,0.620252184825136,0.257786672914962,0.229493730258852,0.248659484023583,0.198798498578782,0.186394027664835
794,0.595435874427052,0.247759640188542,0.244185541162083,0.274713840722163,0.148471133452426,0.164940248736627
837,0.623788627185174,0.248659484023583,0.225342219919308,0.285297304030371,0.164024746412181,0.153720720340875
790,0.57585075439854,0.240653643199231,0.244185541162083,0.216509434133377,0.166814026627726,0.179875784505171
751,0.556174158820723,0.308771540986705,0.26806502014066,0.302869127130412,0.200188610986799,0.195393227873188
817,0.61405843859737,0.249561781327291,0.26806502014066,0.257786672914962,0.167772573247934,0.144131604573628
952,0.650252758171119,0.272806580486754,0.247759640188542,0.222081350052879,0.152982630801945,0.141602453589765
662,0.606971725447777,0.214949882112267,0.198798498578782,0.253194757033311,0.149807763529887,0.142147774681471
839,0.641442262346675,0.280468392646033,0.244185541162083,0.269956905233921,0.166814026627726,0.210360301592275
799,0.568707020795868,0.342342090635241,0.298944182722262,0.311728055196152,0.194724220966719,0.153720720340875
742,0.618483198986599,0.227823271636467,0.245967461561916,0.188255890082703,0.178742307944130,0.140279459933373
765,0.629972659733243,0.214949882112267,0.252283020211930,0.182190212262849,0.178742307944130,0.193398287644562
790,0.597212308466731,0.256863984839407,0.270905253648299,0.240653643199231,0.16634019279706,0.151189670120080
806,0.665208590906176,0.293075998312143,0.306802338059224,0.224521889216861,0.196743303664015,0.140279459933373
846,0.617598511353537,0.259638241659144,0.216509434133377,0.283362392853609,0.188884569174318,0.140279459933373
786,0.67838435938152,0.271855157449252,0.240653643199231,0.255024990396885,0.176522456496951,0.167291481291287
726,0.599875784998553,0.235439936165745,0.208860644258667,0.266179795115631,0.141602453589765,0.152256565618780
161,0.466011361565902,0.167291481291287,0.140279459933373,0.192088479379025,0.151189670120080,0.140279459933373
833,0.672237905577799,0.298944182722262,0.140279459933373,0.513753336846181,0.55975922935761,0.415225700022613
942,0.663450425192382,0.363974517009122,0.296006914761259,0.308771540986705,0.219672052767678,0.177624558944457
360,0.450170855356869,0.183371292540019,0.197424363331222,0.182778757451073,0.158822198286243,0.140279459933373
672,0.620252184825136,0.256863984839407,0.213405068833102,0.23033379664679,0.160502026996677,0.154094323280450
767,0.613173084606865,0.198798498578782,0.226165913043895,0.228656878414890,0.140279459933373,0.170233153496669
773,0.618483198986599,0.255943411389996,0.218083551882790,0.277585234113443,0.140279459933373,0.155619579790919
182,0.469720411442728,0.161362102255135,0.181025063276694,0.209608564537159,0.140279459933373,0.147819407725247
688,0.605198627992826,0.260567046745838,0.216509434133377,0.26806502014066,0.153720720340875,0.142147774681471
674,0.536389829011528,0.296006914761259,0.241532534498303,0.278545025785751,0.198798498578782,0.140279459933373
775,0.606085249352797,0.272806580486754,0.261497815323131,0.240653643199231,0.168745733831007,0.153350162717428
731,0.597212308466731,0.225342219919308,0.185781454960399,0.261497815323131,0.229493730258852,0.209608564537159
937,0.58209159090975,0.315674182764382,0.301887051542692,0.281431899695417,0.179307075461499,0.213405068833102
151,0.366910990862085,0.144720505822661,0.168745733831007,0.184568357977156,0.140279459933373,0.161797245314680
743,0.612287594171303,0.245075200706715,0.243298519444439,0.245075200706715,0.162677834203278,0.159655442358187
815,0.588323660284695,0.322587416871138,0.295029198942614,0.260567046745838,0.208116557082828,0.140279459933373
768,0.611401966215199,0.238904240888872,0.227823271636467,0.223704949036996,0.158410531669826,0.156796455796649
656,0.582982412426427,0.215727826366646,0.246862287018223,0.212638240623736,0.183967824035887,0.182190212262849
809,0.606971725447777,0.277585234113443,0.245967461561916,0.256863984839407,0.154470991130581,0.162235816543637
675,0.623788627185174,0.246862287018223,0.209608564537159,0.233725581744281,0.190154027575454,0.149469410107982
735,0.637915147508898,0.255943411389996,0.249561781327291,0.242414171861771,0.165869963138432,0.182778757451073
840,0.639678919993987,0.243298519444439,0.247759640188542,0.265239772398733,0.151897993103576,0.159655442358187
846,0.672237905577799,0.280468392646033,0.248659484023583,0.251373586915138,0.178742307944130,0.163123316426449
735,0.624672424998259,0.246862287018223,0.226992939983781,0.248659484023583,0.181025063276694,0.140279459933373
671,0.587433883900336,0.214175622695954,0.214175622695954,0.210360301592275,0.140279459933373,0.140279459933373
754,0.621136485069615,0.23033379664679,0.201594638931909,0.250466494772263,0.142423961905656,0.143552645462116
781,0.65201365997105,0.264301525715948,0.278545025785751,0.269956905233921,0.149133866930996,0.157195124574254
817,0.638797087949753,0.284329312589461,0.253194757033311,0.259638241659144,0.192741366843982,0.171754154191287
761,0.609630293401202,0.269956905233921,0.148801114525785,0.282396577544332,0.171243398019944,0.195393227873188
761,0.633503788623644,0.259638241659144,0.238904240888872,0.223704949036996,0.158410531669826,0.158410531669826
159,0.452041119617036,0.140279459933373,0.140279459933373,0.207376318697083,0.140279459933373,0.140279459933373
845,0.648491465815105,0.233725581744281,0.255943411389996,0.211875157547888,0.170233153496669,0.164024746412181
693,0.593658802575914,0.269010148553487,0.245967461561916,0.278545025785751,0.189517281185082,0.160077057692081
740,0.638797087949753,0.260567046745838,0.250466494772263,0.208860644258667,0.193398287644562,0.144131604573628
161,0.448298759169222,0.154470991130581,0.190794809258731,0.153350162717428,0.151189670120080,0.140279459933373
900,0.629972659733243,0.253194757033311,0.236301613614802,0.226992939983781,0.195393227873188,0.148471133452426
784,0.634386284250911,0.255024990396885,0.241532534498303,0.229493730258852,0.171243398019944,0.140279459933373
696,0.624672424998259,0.249561781327291,0.178742307944130,0.240653643199231,0.154094323280450,0.184568357977156
687,0.637915147508898,0.270905253648299,0.233725581744281,0.26336509235663,0.160502026996677,0.140279459933373
775,0.62555609967103,0.236301613614802,0.260567046745838,0.169237834303805,0.140279459933373,0.143552645462116
808,0.613173084606865,0.231177046607856,0.228656878414890,0.238904240888872,0.145319498566922,0.187631241909896
921,0.673116204346268,0.285297304030371,0.252283020211930,0.280468392646033,0.152982630801945,0.140279459933373
271,0.435141512434088,0.186394027664835,0.200889639762023,0.169733635746363,0.182778757451073,0.140279459933373
762,0.645848781067736,0.246862287018223,0.249561781327291,0.140279459933373,0.194059239855938,0.140279459933373
378,0.442671323317129,0.180448444205294,0.177071557205383,0.170233153496669,0.172787005806565,0.156008702799071
701,0.655534316836593,0.299924552865763,0.304834801321944,0.336419918223748,0.208116557082828,0.174898448025698
725,0.622020658211421,0.236301613614802,0.245967461561916,0.207376318697083,0.145018731380577,0.147819407725247
745,0.639678919993987,0.253194757033311,0.261497815323131,0.217294683481912,0.186394027664835,0.183967824035887
368,0.438910260048710,0.168257318749387,0.146862120354825,0.210360301592275,0.140279459933373,0.140279459933373
808,0.63703309779987,0.245967461561916,0.23033379664679,0.237166246337142,0.198109430350217,0.140279459933373
791,0.630855615748439,0.252283020211930,0.226165913043895,0.276626749501763,0.142702524367706,0.177071557205383
446,0.471572446139952,0.196066256873814,0.184568357977156,0.200188610986799,0.154850743467635,0.169237834303805
350,0.448298759169222,0.16634019279706,0.162235816543637,0.198798498578782,0.140279459933373,0.146862120354825
694,0.65113325749733,0.269010148553487,0.207376318697083,0.287236372741756,0.181025063276694,0.188884569174318
853,0.650252758171119,0.260567046745838,0.255943411389996,0.224521889216861,0.140279459933373,0.206639944148685
770,0.62555609967103,0.248659484023583,0.262430509724191,0.196066256873814,0.206639944148685,0.155233599845476
784,0.623788627185174,0.284329312589461,0.270905253648299,0.26806502014066,0.168745733831007,0.140279459933373
577,0.501907959152939,0.211875157547888,0.248659484023583,0.23977753355553,0.166814026627726,0.147819407725247
684,0.622020658211421,0.23033379664679,0.215727826366646,0.257786672914962,0.169237834303805,0.185172899926102
892,0.646729776551258,0.266179795115631,0.272806580486754,0.218083551882790,0.200889639762023,0.140279459933373
840,0.647610671197383,0.246862287018223,0.175977245746161,0.299924552865763,0.140279459933373,0.192088479379025
813,0.634386284250911,0.254108759679802,0.255943411389996,0.231177046607856,0.144424803121843,0.140279459933373
730,0.592770024376564,0.238033800236652,0.23033379664679,0.251373586915138,0.148471133452426,0.140279459933373
396,0.423788147113161,0.145928733232941,0.160502026996677,0.183371292540019,0.140279459933373,0.140279459933373
812,0.636150937944643,0.237166246337142,0.254108759679802,0.244185541162083,0.177624558944457,0.144131604573628
762,0.632621179272578,0.23977753355553,0.222891426963376,0.207376318697083,0.189517281185082,0.154094323280450
371,0.454843116219575,0.183371292540019,0.232023448734304,0.152618104976752,0.156008702799071,0.140279459933373
821,0.633503788623644,0.23977753355553,0.274713840722163,0.188884569174318,0.160502026996677,0.210360301592275
763,0.609630293401202,0.229493730258852,0.220471637257467,0.272806580486754,0.181605650010004,0.203733362812729
439,0.436084425669404,0.177071557205383,0.211875157547888,0.167772573247934,0.147819407725247,0.160077057692081
778,0.616713692539713,0.242414171861771,0.220471637257467,0.250466494772263,0.140279459933373,0.165869963138432
748,0.634386284250911,0.323575487390111,0.242414171861771,0.327528205863718,0.191439626593958,0.156400988328558
812,0.620252184825136,0.267121556704060,0.256863984839407,0.215727826366646,0.238904240888872,0.190794809258731
790,0.611401966215199,0.301887051542692,0.270905253648299,0.295029198942614,0.173309128978783,0.174898448025698
918,0.624672424998259,0.262430509724191,0.277585234113443,0.296006914761259,0.148471133452426,0.177071557205383
664,0.627323083479833,0.240653643199231,0.253194757033311,0.212638240623736,0.142147774681471,0.180448444205294
768,0.619367756469412,0.218083551882790,0.223704949036996,0.273759486818862,0.145622826217966,0.140279459933373
826,0.631738455286738,0.229493730258852,0.225342219919308,0.238033800236652,0.181025063276694,0.140279459933373
660,0.576742857104671,0.252283020211930,0.223704949036996,0.250466494772263,0.175977245746161,0.146862120354825
786,0.647610671197383,0.255943411389996,0.251373586915138,0.256863984839407,0.188255890082703,0.140279459933373
668,0.579418047575081,0.225342219919308,0.220471637257467,0.228656878414890,0.178181472416481,0.158410531669826
778,0.61494365721071,0.231177046607856,0.243298519444439,0.256863984839407,0.140279459933373,0.175435913518267
768,0.632621179272578,0.238904240888872,0.232872971194181,0.255024990396885,0.188255890082703,0.182778757451073
780,0.597212308466731,0.234581247743386,0.265239772398733,0.226992939983781,0.140279459933373,0.157597013980819
625,0.566024855998128,0.319623752397046,0.284329312589461,0.313700605163659,0.200889639762023,0.183371292540019
726,0.617598511353537,0.285297304030371,0.256863984839407,0.293075998312143,0.140279459933373,0.16634019279706
185,0.579418047575081,0.345300444024283,0.266179795115631,0.304834801321944,0.188255890082703,0.175977245746161
893,0.684527124733494,0.290152214217331,0.26806502014066,0.303851718893881,0.169237834303805,0.187010622123131
756,0.622904705251892,0.256863984839407,0.294052217151829,0.191439626593958,0.145319498566922,0.140279459933373
850,0.660812526368302,0.256863984839407,0.251373586915138,0.229493730258852,0.177071557205383,0.189517281185082
605,0.601650667029677,0.233725581744281,0.256863984839407,0.176522456496951,0.198109430350217,0.160077057692081
336,0.442671323317129,0.190154027575454,0.194724220966719,0.211115838461421,0.151542367809210,0.190794809258731
801,0.620252184825136,0.242414171861771,0.241532534498303,0.251373586915138,0.211875157547888,0.161797245314680
745,0.622904705251892,0.260567046745838,0.232872971194181,0.245967461561916,0.146237238572002,0.140279459933373
170,0.481729856995562,0.162677834203278,0.140279459933373,0.23033379664679,0.140279459933373,0.150492979148870
211,0.524641044535778,0.166814026627726,0.146237238572002,0.402784577338547,0.459504181093247,0.288207386188063
872,0.73618111701762,0.380562464597876,0.275669606701894,0.510114381882143,0.567813168189284,0.402784577338547
995,0.644086484322101,0.297964434643167,0.300905518027404,0.328516409471957,0.183967824035887,0.175977245746161
542,0.548993245617665,0.245075200706715,0.234581247743386,0.200889639762023,0.208860644258667,0.198798498578782
206,0.589213267095234,0.145319498566922,0.191439626593958,0.161362102255135,0.14298348025674,0.174898448025698
672,0.598100289370352,0.219672052767678,0.228656878414890,0.224521889216861,0.184568357977156,0.151189670120080
643,0.606085249352797,0.238033800236652,0.231177046607856,0.222891426963376,0.166814026627726,0.140279459933373
678,0.636150937944643,0.260567046745838,0.244185541162083,0.240653643199231,0.157597013980819,0.169733635746363
641,0.63703309779987,0.258711437790672,0.182778757451073,0.258711437790672,0.140279459933373,0.175977245746161
644,0.583873056414207,0.221274744825972,0.214175622695954,0.200889639762023,0.159237162188545,0.140279459933373
788,0.639678919993987,0.265239772398733,0.26806502014066,0.224521889216861,0.194724220966719,0.140279459933373
770,0.61405843859737,0.265239772398733,0.256863984839407,0.269010148553487,0.182190212262849,0.143840891542185
694,0.587433883900336,0.245075200706715,0.234581247743386,0.182190212262849,0.181025063276694,0.140279459933373
419,0.45297556976512,0.150839880430613,0.140279459933373,0.200889639762023,0.154094323280450,0.153720720340875
676,0.628206394540431,0.26806502014066,0.259638241659144,0.248659484023583,0.167291481291287,0.140279459933373
827,0.634386284250911,0.255024990396885,0.201594638931909,0.235439936165745,0.160930368981928,0.151542367809210
786,0.601650667029677,0.276626749501763,0.247759640188542,0.267121556704060,0.162677834203278,0.164940248736627
532,0.555277339714655,0.306802338059224,0.272806580486754,0.296985336054750,0.201594638931909,0.143840891542185
732,0.654654294039608,0.254108759679802,0.219672052767678,0.260567046745838,0.168745733831007,0.188884569174318
784,0.65201365997105,0.240653643199231,0.238904240888872,0.288207386188063,0.163123316426449,0.154470991130581
969,0.653774177471793,0.281431899695417,0.23977753355553,0.278545025785751,0.165403320798019,0.174898448025698
535,0.526451579334568,0.221274744825972,0.248659484023583,0.211875157547888,0.184568357977156,0.165403320798019
743,0.611401966215199,0.276626749501763,0.261497815323131,0.198798498578782,0.179307075461499,0.177071557205383
614,0.631738455286738,0.232023448734304,0.206639944148685,0.261497815323131,0.140279459933373,0.148471133452426
894,0.645848781067736,0.261497815323131,0.261497815323131,0.269956905233921,0.176522456496951,0.150492979148870
445,0.467866722440866,0.191439626593958,0.187631241909896,0.167291481291287,0.179875784505171,0.151897993103576
723,0.61405843859737,0.254108759679802,0.256863984839407,0.208860644258667,0.182778757451073,0.148801114525785
841,0.630855615748439,0.302869127130412,0.279506090033501,0.314687276192053,0.171243398019944,0.140279459933373
756,0.643205181411445,0.292100571713878,0.266179795115631,0.245075200706715,0.156796455796649,0.16357228121085
891,0.633503788623644,0.256863984839407,0.246862287018223,0.236301613614802,0.151897993103576,0.191439626593958
616,0.595435874427052,0.245075200706715,0.220471637257467,0.245967461561916,0.157597013980819,0.16357228121085
826,0.630855615748439,0.241532534498303,0.251373586915138,0.233725581744281,0.202303599215116,0.140279459933373
662,0.598988114480156,0.242414171861771,0.204454144375473,0.246862287018223,0.150839880430613,0.140279459933373
677,0.613173084606865,0.243298519444439,0.249561781327291,0.211875157547888,0.154470991130581,0.143266847840142
780,0.630855615748439,0.236301613614802,0.221274744825972,0.261497815323131,0.153720720340875,0.140279459933373
760,0.607858057407542,0.249561781327291,0.206639944148685,0.255024990396885,0.16357228121085,0.147819407725247
1013,0.646729776551258,0.330492731245164,0.312714190948075,0.310742219942023,0.178742307944130,0.189517281185082
345,0.446424815327873,0.201594638931909,0.196743303664015,0.170736402643872,0.142702524367706,0.146862120354825
327,0.425685350085428,0.150492979148870,0.206639944148685,0.140279459933373,0.157597013980819,0.140279459933373
766,0.635268667058686,0.23977753355553,0.246862287018223,0.198798498578782,0.140279459933373,0.155619579790919
687,0.604311860230174,0.224521889216861,0.211115838461421,0.232872971194181,0.160077057692081,0.144424803121843
779,0.633503788623644,0.245075200706715,0.258711437790672,0.206639944148685,0.165869963138432,0.157195124574254
702,0.591881082994116,0.236301613614802,0.218876016213984,0.242414171861771,0.158822198286243,0.167772573247934
680,0.590102705627282,0.165869963138432,0.212638240623736,0.214175622695954,0.140279459933373,0.147497624383717
672,0.616713692539713,0.212638240623736,0.243298519444439,0.218083551882790,0.160077057692081,0.145319498566922
736,0.619367756469412,0.282396577544332,0.286266334773665,0.254108759679802,0.222891426963376,0.200188610986799
980,0.622020658211421,0.311728055196152,0.285297304030371,0.289179343702615,0.197424363331222,0.151542367809210
777,0.629089586309926,0.283362392853609,0.271855157449252,0.276626749501763,0.182778757451073,0.166814026627726
738,0.613173084606865,0.287236372741756,0.285297304030371,0.241532534498303,0.160930368981928,0.16357228121085
789,0.643205181411445,0.258711437790672,0.245075200706715,0.232872971194181,0.184568357977156,0.190794809258731
923,0.61494365721071,0.294052217151829,0.305818349289740,0.240653643199231,0.186394027664835,0.162677834203278
778,0.633503788623644,0.244185541162083,0.217294683481912,0.271855157449252,0.171754154191287,0.162677834203278
749,0.624672424998259,0.222081350052879,0.23033379664679,0.181025063276694,0.199491561253654,0.16634019279706
748,0.59454741884471,0.256863984839407,0.257786672914962,0.224521889216861,0.188255890082703,0.156400988328558
400,0.59454741884471,0.220471637257467,0.168745733831007,0.314687276192053,0.23977753355553,0.177071557205383
838,0.61405843859737,0.306802338059224,0.294052217151829,0.296006914761259,0.183371292540019,0.141066417195949
753,0.606085249352797,0.245967461561916,0.257786672914962,0.183967824035887,0.156400988328558,0.140279459933373
922,0.655534316836593,0.297964434643167,0.272806580486754,0.238033800236652,0.205178843545358,0.190154027575454
260,0.708189724424737,0.252283020211930,0.220471637257467,0.300905518027404,0.340368763820501,0.241532534498303
779,0.617598511353537,0.232023448734304,0.216509434133377,0.219672052767678,0.147819407725247,0.140279459933373
821,0.660812526368302,0.280468392646033,0.173309128978783,0.317648619366148,0.141333283747465,0.155233599845476
759,0.607858057407542,0.252283020211930,0.199491561253654,0.236301613614802,0.140279459933373,0.152982630801945
664,0.611401966215199,0.261497815323131,0.244185541162083,0.194059239855938,0.174898448025698,0.140279459933373
765,0.628206394540431,0.205907447843523,0.187010622123131,0.214949882112267,0.160502026996677,0.146548361254107
765,0.600763302119727,0.236301613614802,0.190154027575454,0.241532534498303,0.151897993103576,0.181025063276694
810,0.632621179272578,0.26806502014066,0.266179795115631,0.26336509235663,0.162235816543637,0.157195124574254
658,0.622020658211421,0.225342219919308,0.216509434133377,0.229493730258852,0.164024746412181,0.163123316426449
383,0.432309844864813,0.164024746412181,0.213405068833102,0.175977245746161,0.160077057692081,0.140279459933373
692,0.573173308757861,0.243298519444439,0.211875157547888,0.247759640188542,0.146862120354825,0.140279459933373
776,0.631738455286738,0.247759640188542,0.192088479379025,0.260567046745838,0.183371292540019,0.153350162717428
364,0.45297556976512,0.144131604573628,0.211115838461421,0.205178843545358,0.140279459933373,0.140279459933373
775,0.638797087949753,0.266179795115631,0.223704949036996,0.232872971194181,0.206639944148685,0.165869963138432
712,0.609630293401202,0.259638241659144,0.255024990396885,0.208860644258667,0.164940248736627,0.140279459933373
195,0.566024855998128,0.162677834203278,0.158002143279100,0.204454144375473,0.160077057692081,0.140539522938054
822,0.638797087949753,0.269010148553487,0.222891426963376,0.274713840722163,0.168257318749387,0.144131604573628
832,0.61494365721071,0.265239772398733,0.246862287018223,0.273759486818862,0.177624558944457,0.154470991130581
787,0.61405843859737,0.261497815323131,0.241532534498303,0.257786672914962,0.170736402643872,0.202303599215116
767,0.621136485069615,0.244185541162083,0.184568357977156,0.238033800236652,0.151189670120080,0.162235816543637
900,0.619367756469412,0.232872971194181,0.209608564537159,0.265239772398733,0.194059239855938,0.140279459933373
171,0.492757675678563,0.140279459933373,0.205178843545358,0.188884569174318,0.162235816543637,0.16357228121085
798,0.595435874427052,0.215727826366646,0.252283020211930,0.168257318749387,0.177071557205383,0.171243398019944
787,0.607858057407542,0.283362392853609,0.26336509235663,0.260567046745838,0.192088479379025,0.140279459933373
799,0.638797087949753,0.222891426963376,0.183967824035887,0.272806580486754,0.140279459933373,0.156008702799071
771,0.659053485350326,0.250466494772263,0.242414171861771,0.245075200706715,0.156008702799071,0.170736402643872
753,0.598100289370352,0.227823271636467,0.257786672914962,0.277585234113443,0.183967824035887,0.140279459933373
778,0.637915147508898,0.256863984839407,0.264301525715948,0.241532534498303,0.190154027575454,0.146237238572002
656,0.624672424998259,0.292100571713878,0.307786743279463,0.261497815323131,0.192088479379025,0.161362102255135
693,0.623788627185174,0.232023448734304,0.211115838461421,0.294052217151829,0.141333283747465,0.158822198286243
676,0.605198627992826,0.275669606701894,0.261497815323131,0.284329312589461,0.150492979148870,0.166814026627726
277,0.65201365997105,0.39893907178823,0.354161056920203,0.307786743279463,0.238033800236652,0.200188610986799
813,0.612287594171303,0.224521889216861,0.246862287018223,0.240653643199231,0.174364837136968,0.171243398019944
349,0.479886604427388,0.150148946700048,0.186394027664835,0.188255890082703,0.169733635746363,0.140279459933373
806,0.624672424998259,0.262430509724191,0.251373586915138,0.270905253648299,0.145928733232941,0.175977245746161
792,0.65201365997105,0.255024990396885,0.26806502014066,0.199491561253654,0.153350162717428,0.173835068385563
165,0.483571570595327,0.140279459933373,0.173835068385563,0.188884569174318,0.140279459933373,0.159237162188545
808,0.612287594171303,0.203016510694019,0.214175622695954,0.238904240888872,0.168745733831007,0.182778757451073
758,0.648491465815105,0.238904240888872,0.213405068833102,0.280468392646033,0.140279459933373,0.177071557205383
823,0.654654294039608,0.258711437790672,0.269956905233921,0.229493730258852,0.180448444205294,0.183967824035887
294,0.433254223593108,0.152618104976752,0.160077057692081,0.210360301592275,0.151897993103576,0.140801836156987
707,0.621136485069615,0.228656878414890,0.241532534498303,0.190154027575454,0.154094323280450,0.146862120354825
811,0.619367756469412,0.227823271636467,0.235439936165745,0.249561781327291,0.140279459933373,0.168745733831007
808,0.646729776551258,0.266179795115631,0.256863984839407,0.217294683481912,0.150839880430613,0.149807763529887
622,0.603424944919196,0.223704949036996,0.193398287644562,0.224521889216861,0.144720505822661,0.179875784505171
625,0.592770024376564,0.255943411389996,0.200188610986799,0.237166246337142,0.153350162717428,0.148801114525785
914,0.622020658211421,0.267121556704060,0.269010148553487,0.199491561253654,0.187631241909896,0.148471133452426
699,0.611401966215199,0.218876016213984,0.251373586915138,0.277585234113443,0.151542367809210,0.185172899926102
764,0.618483198986599,0.238904240888872,0.220471637257467,0.214175622695954,0.159655442358187,0.146237238572002
822,0.629089586309926,0.308771540986705,0.324563618926047,0.297964434643167,0.242414171861771,0.182190212262849
782,0.644967683931748,0.260567046745838,0.283362392853609,0.222081350052879,0.182190212262849,0.143266847840142
798,0.640560644506718,0.280468392646033,0.284329312589461,0.252283020211930,0.154470991130581,0.162677834203278
895,0.642323774366231,0.274713840722163,0.228656878414890,0.208860644258667,0.169237834303805,0.183371292540019
482,0.576742857104671,0.513753336846181,0.4964219650051,0.49459052794554,0.414271770359505,0.365932579194558
898,0.637915147508898,0.269010148553487,0.282396577544332,0.249561781327291,0.165869963138432,0.144720505822661
376,0.638797087949753,0.231177046607856,0.227823271636467,0.313700605163659,0.341355528691973,0.23033379664679
773,0.608744246353995,0.241532534498303,0.228656878414890,0.271855157449252,0.140279459933373,0.164024746412181
899,0.641442262346675,0.285297304030371,0.213405068833102,0.261497815323131,0.203733362812729,0.140279459933373
608,0.612287594171303,0.243298519444439,0.222891426963376,0.211115838461421,0.164024746412181,0.171243398019944
192,0.354161056920203,0.172787005806565,0.209608564537159,0.241532534498303,0.192088479379025,0.153350162717428
695,0.597212308466731,0.240653643199231,0.232023448734304,0.243298519444439,0.168745733831007,0.152982630801945
804,0.639678919993987,0.277585234113443,0.221274744825972,0.292100571713878,0.184568357977156,0.146237238572002
980,0.599875784998553,0.314687276192053,0.295029198942614,0.291125967010989,0.212638240623736,0.143552645462116
176,0.485411763012758,0.158002143279100,0.140279459933373,0.562445761046978,0.610516199655431,0.444549008408857
791,0.624672424998259,0.237166246337142,0.224521889216861,0.228656878414890,0.151897993103576,0.158822198286243
867,0.631738455286738,0.234581247743386,0.255024990396885,0.252283020211930,0.141873944585676,0.158822198286243
775,0.623788627185174,0.235439936165745,0.229493730258852,0.205907447843523,0.204454144375473,0.148143904307162
797,0.655534316836593,0.260567046745838,0.188255890082703,0.286266334773665,0.140279459933373,0.173835068385563
208,0.585653817185493,0.145319498566922,0.156796455796649,0.225342219919308,0.143840891542185,0.188884569174318
823,0.607858057407542,0.245967461561916,0.242414171861771,0.214949882112267,0.161362102255135,0.149469410107982
695,0.629089586309926,0.252283020211930,0.231177046607856,0.189517281185082,0.172268685450245,0.140279459933373
718,0.6678452031824,0.302869127130412,0.222891426963376,0.316661303992259,0.187631241909896,0.167772573247934
815,0.629089586309926,0.264301525715948,0.233725581744281,0.236301613614802,0.158410531669826,0.151897993103576
793,0.633503788623644,0.255943411389996,0.251373586915138,0.236301613614802,0.168745733831007,0.156008702799071
637,0.62555609967103,0.245967461561916,0.238904240888872,0.208116557082828,0.175977245746161,0.188255890082703
632,0.593658802575914,0.218083551882790,0.232023448734304,0.212638240623736,0.147497624383717,0.160077057692081
866,0.630855615748439,0.249561781327291,0.252283020211930,0.233725581744281,0.16634019279706,0.168257318749387
703,0.598988114480156,0.228656878414890,0.192741366843982,0.258711437790672,0.140279459933373,0.200889639762023
642,0.605198627992826,0.264301525715948,0.235439936165745,0.255024990396885,0.179875784505171,0.196066256873814
734,0.610516199655431,0.198798498578782,0.227823271636467,0.213405068833102,0.149807763529887,0.154094323280450
668,0.608744246353995,0.248659484023583,0.254108759679802,0.222081350052879,0.160930368981928,0.160930368981928
730,0.633503788623644,0.283362392853609,0.222081350052879,0.280468392646033,0.140279459933373,0.153720720340875
573,0.58030940985411,0.206639944148685,0.249561781327291,0.221274744825972,0.175435913518267,0.142423961905656
184,0.479886604427388,0.140279459933373,0.188884569174318,0.201594638931909,0.161797245314680,0.158822198286243
214,0.55975922935761,0.201594638931909,0.223704949036996,0.252283020211930,0.147178535004063,0.140279459933373
705,0.610516199655431,0.244185541162083,0.23033379664679,0.271855157449252,0.187631241909896,0.177071557205383
743,0.629089586309926,0.234581247743386,0.218876016213984,0.291125967010989,0.142423961905656,0.174898448025698
207,0.410450927071570,0.217294683481912,0.178181472416481,0.307786743279463,0.339381807952053,0.236301613614802
727,0.58209159090975,0.224521889216861,0.203016510694019,0.264301525715948,0.140279459933373,0.14298348025674
476,0.682772413069105,0.226992939983781,0.187010622123131,0.375697185802696,0.334444602573969,0.203733362812729
699,0.598988114480156,0.216509434133377,0.204454144375473,0.222891426963376,0.142702524367706,0.140279459933373
198,0.543597713584787,0.203733362812729,0.185781454960399,0.208860644258667,0.146237238572002,0.159237162188545
839,0.635268667058686,0.241532534498303,0.244185541162083,0.258711437790672,0.157597013980819,0.192088479379025
679,0.578526502286961,0.186394027664835,0.213405068833102,0.218083551882790,0.198798498578782,0.142423961905656
229,0.657294084136253,0.333456768437105,0.330492731245164,0.402784577338547,0.381534098529382,0.262430509724191
765,0.606085249352797,0.317648619366148,0.300905518027404,0.319623752397046,0.193398287644562,0.175435913518267
167,0.517387345588464,0.150148946700048,0.161362102255135,0.196066256873814,0.158822198286243,0.140279459933373
798,0.638797087949753,0.249561781327291,0.244185541162083,0.234581247743386,0.147497624383717,0.160077057692081
658,0.628206394540431,0.228656878414890,0.210360301592275,0.199491561253654,0.179875784505171,0.140279459933373
938,0.646729776551258,0.266179795115631,0.267121556704060,0.253194757033311,0.140279459933373,0.222891426963376
751,0.627323083479833,0.236301613614802,0.266179795115631,0.211115838461421,0.163123316426449,0.185781454960399
720,0.610516199655431,0.206639944148685,0.210360301592275,0.222891426963376,0.169237834303805,0.163123316426449
701,0.598100289370352,0.255024990396885,0.248659484023583,0.222891426963376,0.196743303664015,0.185781454960399
789,0.627323083479833,0.223704949036996,0.244185541162083,0.222081350052879,0.149133866930996,0.145622826217966
804,0.622020658211421,0.262430509724191,0.287236372741756,0.257786672914962,0.197424363331222,0.149807763529887
797,0.626439652176295,0.269010148553487,0.26806502014066,0.273759486818862,0.145319498566922,0.203733362812729
724,0.613173084606865,0.243298519444439,0.183371292540019,0.267121556704060,0.144720505822661,0.187010622123131
623,0.632621179272578,0.234581247743386,0.26806502014066,0.213405068833102,0.161362102255135,0.144720505822661
808,0.644967683931748,0.246862287018223,0.255943411389996,0.250466494772263,0.166814026627726,0.172268685450245
186,0.561550463611059,0.141066417195949,0.185781454960399,0.149133866930996,0.152982630801945,0.156008702799071
828,0.599875784998553,0.23977753355553,0.289179343702615,0.183967824035887,0.140279459933373,0.143266847840142
733,0.627323083479833,0.229493730258852,0.204454144375473,0.242414171861771,0.140279459933373,0.181605650010004
731,0.595435874427052,0.249561781327291,0.201594638931909,0.211875157547888,0.175435913518267,0.162235816543637
880,0.639678919993987,0.267121556704060,0.26806502014066,0.267121556704060,0.158822198286243,0.164480729737195
724,0.620252184825136,0.265239772398733,0.221274744825972,0.288207386188063,0.161362102255135,0.140279459933373
933,0.659053485350326,0.280468392646033,0.258711437790672,0.273759486818862,0.185781454960399,0.148143904307162
663,0.609630293401202,0.255943411389996,0.251373586915138,0.232872971194181,0.179875784505171,0.153720720340875
192,0.472497848634527,0.181605650010004,0.140279459933373,0.242414171861771,0.140279459933373,0.142423961905656
732,0.605198627992826,0.23033379664679,0.189517281185082,0.226165913043895,0.140279459933373,0.140279459933373
778,0.593658802575914,0.225342219919308,0.198109430350217,0.198798498578782,0.179307075461499,0.140279459933373
189,0.560654953573793,0.194724220966719,0.221274744825972,0.208116557082828,0.185781454960399,0.187010622123131
904,0.644086484322101,0.255943411389996,0.245967461561916,0.218083551882790,0.170233153496669,0.145622826217966
682,0.599875784998553,0.237166246337142,0.191439626593958,0.255024990396885,0.151189670120080,0.140279459933373
750,0.609630293401202,0.241532534498303,0.199491561253654,0.242414171861771,0.168745733831007,0.202303599215116
743,0.585653817185493,0.225342219919308,0.198798498578782,0.250466494772263,0.164940248736627,0.140279459933373
609,0.606085249352797,0.252283020211930,0.199491561253654,0.273759486818862,0.164940248736627,0.150839880430613
954,0.6678452031824,0.309756707604237,0.318636108753548,0.305818349289740,0.182778757451073,0.215727826366646
719,0.599875784998553,0.296985336054750,0.282396577544332,0.290152214217331,0.23033379664679,0.165869963138432
755,0.578526502286961,0.232872971194181,0.159655442358187,0.235439936165745,0.140279459933373,0.185781454960399
771,0.61405843859737,0.214949882112267,0.241532534498303,0.186394027664835,0.171754154191287,0.169237834303805
816,0.623788627185174,0.236301613614802,0.253194757033311,0.279506090033501,0.151542367809210,0.156008702799071
985,0.655534316836593,0.282396577544332,0.307786743279463,0.219672052767678,0.173309128978783,0.211115838461421
875,0.652893966371437,0.36005360357005,0.349241401529061,0.357108931824631,0.208860644258667,0.174898448025698
703,0.615828741507218,0.232872971194181,0.246862287018223,0.181605650010004,0.140279459933373,0.162235816543637
780,0.621136485069615,0.264301525715948,0.26336509235663,0.242414171861771,0.177624558944457,0.201594638931909
740,0.628206394540431,0.246862287018223,0.200889639762023,0.227823271636467,0.172787005806565,0.140279459933373
169,0.511024591546248,0.140279459933373,0.158822198286243,0.170233153496669,0.140279459933373,0.174364837136968
240,0.39218977751084,0.140279459933373,0.175435913518267,0.209608564537159,0.140279459933373,0.165869963138432
772,0.647610671197383,0.246862287018223,0.261497815323131,0.187631241909896,0.154850743467635,0.187010622123131
824,0.624672424998259,0.205178843545358,0.217294683481912,0.183371292540019,0.167772573247934,0.197424363331222
776,0.650252758171119,0.260567046745838,0.211875157547888,0.246862287018223,0.153720720340875,0.194059239855938
710,0.627323083479833,0.222081350052879,0.246862287018223,0.218876016213984,0.143552645462116,0.143266847840142
730,0.603424944919196,0.23033379664679,0.255943411389996,0.216509434133377,0.156796455796649,0.156008702799071
167,0.490923390673098,0.149807763529887,0.172268685450245,0.189517281185082,0.163123316426449,0.202303599215116
811,0.645848781067736,0.261497815323131,0.195393227873188,0.248659484023583,0.192088479379025,0.196743303664015
560,0.554380296765044,0.213405068833102,0.174898448025698,0.194059239855938,0.141066417195949,0.140539522938054
281,0.631738455286738,0.192741366843982,0.188884569174318,0.212638240623736,0.179307075461499,0.166814026627726
798,0.617598511353537,0.23977753355553,0.223704949036996,0.154094323280450,0.152618104976752,0.167772573247934
880,0.631738455286738,0.286266334773665,0.266179795115631,0.278545025785751,0.183371292540019,0.140279459933373
815,0.644086484322101,0.269010148553487,0.246862287018223,0.26806502014066,0.158822198286243,0.16357228121085
380,0.442671323317129,0.188884569174318,0.224521889216861,0.198109430350217,0.153720720340875,0.169733635746363
898,0.626439652176295,0.242414171861771,0.246862287018223,0.26336509235663,0.166814026627726,0.150148946700048
760,0.612287594171303,0.229493730258852,0.248659484023583,0.258711437790672,0.163123316426449,0.179307075461499
680,0.571387382661058,0.267121556704060,0.254108759679802,0.26806502014066,0.181025063276694,0.193398287644562
739,0.606085249352797,0.213405068833102,0.23033379664679,0.232023448734304,0.151542367809210,0.173835068385563
724,0.587433883900336,0.318636108753548,0.296006914761259,0.277585234113443,0.222081350052879,0.145622826217966
694,0.593658802575914,0.222081350052879,0.208860644258667,0.211115838461421,0.164024746412181,0.140279459933373
792,0.629972659733243,0.235439936165745,0.203733362812729,0.240653643199231,0.161797245314680,0.182778757451073
677,0.613173084606865,0.258711437790672,0.208860644258667,0.218083551882790,0.184568357977156,0.196066256873814
836,0.632621179272578,0.260567046745838,0.221274744825972,0.271855157449252,0.198109430350217,0.140279459933373
336,0.476195411202944,0.171754154191287,0.170233153496669,0.193398287644562,0.155233599845476,0.145018731380577
376,0.442671323317129,0.169733635746363,0.181025063276694,0.194059239855938,0.140279459933373,0.140279459933373
731,0.631738455286738,0.229493730258852,0.229493730258852,0.250466494772263,0.183371292540019,0.140279459933373
215,0.586543936638165,0.145928733232941,0.140279459933373,0.216509434133377,0.16357228121085,0.151897993103576
729,0.62555609967103,0.267121556704060,0.242414171861771,0.248659484023583,0.156400988328558,0.140279459933373
755,0.608744246353995,0.215727826366646,0.220471637257467,0.188255890082703,0.159237162188545,0.140279459933373
790,0.615828741507218,0.26336509235663,0.257786672914962,0.200889639762023,0.140279459933373,0.209608564537159
506,0.560654953573793,0.281431899695417,0.256863984839407,0.213405068833102,0.194724220966719,0.149133866930996
842,0.636150937944643,0.248659484023583,0.264301525715948,0.277585234113443,0.150839880430613,0.162235816543637
886,0.662571212990782,0.281431899695417,0.288207386188063,0.243298519444439,0.179307075461499,0.182190212262849
779,0.65201365997105,0.256863984839407,0.223704949036996,0.308771540986705,0.187010622123131,0.140279459933373
785,0.613173084606865,0.248659484023583,0.237166246337142,0.215727826366646,0.145622826217966,0.140279459933373
718,0.634386284250911,0.251373586915138,0.221274744825972,0.256863984839407,0.141873944585676,0.140279459933373
760,0.644086484322101,0.277585234113443,0.289179343702615,0.259638241659144,0.179307075461499,0.140279459933373
799,0.661691913619881,0.269010148553487,0.240653643199231,0.232023448734304,0.162235816543637,0.140279459933373
217,0.383475920330798,0.205178843545358,0.171243398019944,0.245967461561916,0.140279459933373,0.140279459933373
805,0.61405843859737,0.238033800236652,0.266179795115631,0.229493730258852,0.174364837136968,0.167772573247934
862,0.627323083479833,0.248659484023583,0.278545025785751,0.246862287018223,0.152256565618780,0.154470991130581
714,0.61494365721071,0.245967461561916,0.250466494772263,0.183967824035887,0.145928733232941,0.168257318749387
181,0.552585532749393,0.140279459933373,0.187010622123131,0.208860644258667,0.140279459933373,0.140279459933373
948,0.56334084744967,0.296006914761259,0.281431899695417,0.210360301592275,0.200889639762023,0.206639944148685
825,0.615828741507218,0.271855157449252,0.251373586915138,0.252283020211930,0.176522456496951,0.182778757451073
685,0.629972659733243,0.240653643199231,0.222891426963376,0.248659484023583,0.164940248736627,0.140279459933373
936,0.626439652176295,0.265239772398733,0.262430509724191,0.231177046607856,0.192741366843982,0.154470991130581
844,0.656414246618719,0.254108759679802,0.267121556704060,0.226165913043895,0.151897993103576,0.185781454960399
774,0.612287594171303,0.224521889216861,0.287236372741756,0.192088479379025,0.175977245746161,0.144720505822661
783,0.639678919993987,0.257786672914962,0.213405068833102,0.255024990396885,0.140279459933373,0.175977245746161
774,0.636150937944643,0.299924552865763,0.262430509724191,0.287236372741756,0.185172899926102,0.231177046607856
991,0.629972659733243,0.214949882112267,0.222081350052879,0.269956905233921,0.185781454960399,0.218876016213984
434,0.442671323317129,0.201594638931909,0.156400988328558,0.199491561253654,0.160502026996677,0.149807763529887
242,0.618483198986599,0.152982630801945,0.169733635746363,0.211115838461421,0.156008702799071,0.160502026996677
689,0.603424944919196,0.253194757033311,0.218876016213984,0.234581247743386,0.174898448025698,0.190154027575454
808,0.655534316836593,0.274713840722163,0.251373586915138,0.295029198942614,0.140279459933373,0.156400988328558
615,0.597212308466731,0.233725581744281,0.188255890082703,0.261497815323131,0.258711437790672,0.205178843545358
371,0.436084425669404,0.175435913518267,0.180448444205294,0.205178843545358,0.140279459933373,0.167772573247934
795,0.642323774366231,0.255943411389996,0.233725581744281,0.238904240888872,0.150148946700048,0.182778757451073
784,0.620252184825136,0.285297304030371,0.226992939983781,0.258711437790672,0.172268685450245,0.145622826217966
682,0.600763302119727,0.217294683481912,0.199491561253654,0.182778757451073,0.144424803121843,0.147497624383717
829,0.641442262346675,0.299924552865763,0.278545025785751,0.295029198942614,0.175977245746161,0.171754154191287
741,0.610516199655431,0.232023448734304,0.264301525715948,0.206639944148685,0.164480729737195,0.177624558944457
702,0.598100289370352,0.237166246337142,0.248659484023583,0.244185541162083,0.168745733831007,0.182778757451073
713,0.606085249352797,0.219672052767678,0.238033800236652,0.169733635746363,0.155619579790919,0.178742307944130
717,0.598100289370352,0.222891426963376,0.269010148553487,0.254108759679802,0.167772573247934,0.150492979148870
750,0.62555609967103,0.247759640188542,0.277585234113443,0.227823271636467,0.148471133452426,0.173835068385563
823,0.637915147508898,0.248659484023583,0.140279459933373,0.648491465815105,0.701183347132507,0.534585290557682
718,0.62555609967103,0.344314559496454,0.275669606701894,0.457641082102348,0.482650905054512,0.326539995183568
336,0.452041119617036,0.178181472416481,0.194059239855938,0.152618104976752,0.155233599845476,0.140279459933373
724,0.622020658211421,0.266179795115631,0.196743303664015,0.261497815323131,0.173835068385563,0.198109430350217
717,0.619367756469412,0.219672052767678,0.229493730258852,0.289179343702615,0.156008702799071,0.171754154191287
737,0.62555609967103,0.232023448734304,0.216509434133377,0.235439936165745,0.169733635746363,0.152256565618780
757,0.636150937944643,0.259638241659144,0.242414171861771,0.275669606701894,0.165869963138432,0.211115838461421
640,0.608744246353995,0.226165913043895,0.196743303664015,0.250466494772263,0.151542367809210,0.140279459933373
745,0.615828741507218,0.222081350052879,0.238904240888872,0.208860644258667,0.182190212262849,0.203733362812729
756,0.604311860230174,0.245075200706715,0.240653643199231,0.245075200706715,0.182778757451073,0.179307075461499
761,0.622904705251892,0.247759640188542,0.257786672914962,0.217294683481912,0.168257318749387,0.174364837136968
173,0.526451579334568,0.177071557205383,0.153720720340875,0.224521889216861,0.140279459933373,0.196066256873814
739,0.627323083479833,0.243298519444439,0.242414171861771,0.259638241659144,0.16634019279706,0.200188610986799
783,0.596324170558622,0.23033379664679,0.237166246337142,0.249561781327291,0.160077057692081,0.173309128978783
775,0.619367756469412,0.249561781327291,0.241532534498303,0.231177046607856,0.211875157547888,0.195393227873188
744,0.610516199655431,0.269956905233921,0.222891426963376,0.306802338059224,0.170233153496669,0.177624558944457
852,0.621136485069615,0.291125967010989,0.298944182722262,0.26336509235663,0.140279459933373,0.165403320798019
772,0.631738455286738,0.291125967010989,0.232023448734304,0.258711437790672,0.165403320798019,0.140279459933373
729,0.61494365721071,0.235439936165745,0.193398287644562,0.259638241659144,0.165869963138432,0.140279459933373
719,0.615828741507218,0.259638241659144,0.205907447843523,0.261497815323131,0.173309128978783,0.140279459933373
703,0.598100289370352,0.231177046607856,0.197424363331222,0.231177046607856,0.157195124574254,0.154094323280450
746,0.658173830133798,0.245967461561916,0.203016510694019,0.26336509235663,0.141602453589765,0.187631241909896
711,0.622904705251892,0.240653643199231,0.218876016213984,0.208860644258667,0.193398287644562,0.140279459933373
661,0.634386284250911,0.278545025785751,0.237166246337142,0.242414171861771,0.175977245746161,0.140279459933373
801,0.608744246353995,0.232872971194181,0.262430509724191,0.207376318697083,0.178181472416481,0.140279459933373
682,0.617598511353537,0.23977753355553,0.238904240888872,0.182778757451073,0.140279459933373,0.140279459933373
815,0.629972659733243,0.225342219919308,0.283362392853609,0.191439626593958,0.209608564537159,0.145928733232941
561,0.592770024376564,0.293075998312143,0.296006914761259,0.255024990396885,0.164480729737195,0.178181472416481
674,0.590102705627282,0.211115838461421,0.229493730258852,0.257786672914962,0.160077057692081,0.163123316426449
420,0.473422844172892,0.194724220966719,0.156400988328558,0.227823271636467,0.140279459933373,0.140279459933373
350,0.664329550930648,0.143840891542185,0.195393227873188,0.203016510694019,0.140279459933373,0.175977245746161
806,0.627323083479833,0.270905253648299,0.241532534498303,0.296985336054750,0.140279459933373,0.178181472416481
759,0.596324170558622,0.255024990396885,0.23033379664679,0.259638241659144,0.236301613614802,0.140279459933373
681,0.600763302119727,0.269010148553487,0.203733362812729,0.298944182722262,0.152982630801945,0.140279459933373
780,0.623788627185174,0.272806580486754,0.277585234113443,0.218876016213984,0.172268685450245,0.140801836156987
251,0.478964395469008,0.185781454960399,0.220471637257467,0.182190212262849,0.140279459933373,0.140279459933373
752,0.631738455286738,0.224521889216861,0.238033800236652,0.237166246337142,0.140279459933373,0.170233153496669
952,0.629089586309926,0.247759640188542,0.262430509724191,0.246862287018223,0.172268685450245,0.184568357977156
159,0.453909567952752,0.142423961905656,0.186394027664835,0.171754154191287,0.140279459933373,0.149469410107982
673,0.610516199655431,0.229493730258852,0.198109430350217,0.226992939983781,0.164480729737195,0.143552645462116
673,0.603424944919196,0.357108931824631,0.307786743279463,0.338394673319409,0.213405068833102,0.194724220966719
832,0.623788627185174,0.244185541162083,0.247759640188542,0.192088479379025,0.197424363331222,0.155619579790919
805,0.621136485069615,0.288207386188063,0.228656878414890,0.302869127130412,0.173835068385563,0.152982630801945
648,0.561550463611059,0.233725581744281,0.245967461561916,0.179875784505171,0.153720720340875,0.164940248736627
846,0.652893966371437,0.254108759679802,0.270905253648299,0.229493730258852,0.169733635746363,0.196743303664015
716,0.606971725447777,0.255943411389996,0.23977753355553,0.298944182722262,0.179875784505171,0.164480729737195
751,0.598100289370352,0.241532534498303,0.220471637257467,0.251373586915138,0.157597013980819,0.166814026627726
206,0.379590352485876,0.140279459933373,0.187631241909896,0.190154027575454,0.140279459933373,0.140279459933373
760,0.63703309779987,0.26806502014066,0.259638241659144,0.245967461561916,0.185781454960399,0.200188610986799
812,0.645848781067736,0.242414171861771,0.259638241659144,0.140279459933373,0.166814026627726,0.140279459933373
912,0.644086484322101,0.270905253648299,0.213405068833102,0.254108759679802,0.194059239855938,0.156796455796649
920,0.627323083479833,0.238033800236652,0.245967461561916,0.182778757451073,0.140279459933373,0.140279459933373
797,0.646729776551258,0.265239772398733,0.218876016213984,0.233725581744281,0.173835068385563,0.194059239855938
565,0.554380296765044,0.181605650010004,0.188884569174318,0.247759640188542,0.140279459933373,0.152982630801945
698,0.592770024376564,0.233725581744281,0.23977753355553,0.254108759679802,0.154470991130581,0.175977245746161
952,0.63703309779987,0.260567046745838,0.197424363331222,0.298944182722262,0.16634019279706,0.140279459933373
719,0.629972659733243,0.245967461561916,0.271855157449252,0.200889639762023,0.173309128978783,0.160502026996677
841,0.644967683931748,0.292100571713878,0.26336509235663,0.23977753355553,0.182190212262849,0.196743303664015
576,0.590102705627282,0.269956905233921,0.285297304030371,0.270905253648299,0.199491561253654,0.182778757451073
753,0.629089586309926,0.243298519444439,0.252283020211930,0.196066256873814,0.187631241909896,0.184568357977156
857,0.646729776551258,0.288207386188063,0.287236372741756,0.229493730258852,0.183967824035887,0.174364837136968
650,0.598100289370352,0.260567046745838,0.254108759679802,0.227823271636467,0.180448444205294,0.184568357977156
777,0.619367756469412,0.256863984839407,0.167772573247934,0.274713840722163,0.192088479379025,0.152618104976752
844,0.63703309779987,0.269956905233921,0.287236372741756,0.205907447843523,0.188884569174318,0.203016510694019
755,0.629089586309926,0.264301525715948,0.26336509235663,0.222891426963376,0.162677834203278,0.140279459933373
794,0.629972659733243,0.248659484023583,0.200889639762023,0.294052217151829,0.140279459933373,0.140279459933373
470,0.503733909185275,0.174364837136968,0.187010622123131,0.220471637257467,0.195393227873188,0.147497624383717
759,0.606971725447777,0.251373586915138,0.226165913043895,0.274713840722163,0.182190212262849,0.164024746412181
956,0.644086484322101,0.246862287018223,0.264301525715948,0.236301613614802,0.148143904307162,0.179307075461499
510,0.560654953573793,0.185172899926102,0.217294683481912,0.207376318697083,0.142702524367706,0.162235816543637
777,0.620252184825136,0.231177046607856,0.205907447843523,0.245967461561916,0.164024746412181,0.140279459933373
626,0.603424944919196,0.225342219919308,0.216509434133377,0.26806502014066,0.169237834303805,0.165869963138432
616,0.570494126543261,0.224521889216861,0.249561781327291,0.23033379664679,0.158410531669826,0.182778757451073
747,0.604311860230174,0.217294683481912,0.192741366843982,0.189517281185082,0.143840891542185,0.140279459933373
793,0.632621179272578,0.232872971194181,0.198798498578782,0.26336509235663,0.16357228121085,0.140279459933373
708,0.635268667058686,0.241532534498303,0.249561781327291,0.226165913043895,0.168745733831007,0.16634019279706
694,0.59454741884471,0.255943411389996,0.253194757033311,0.198798498578782,0.190794809258731,0.166814026627726
235,0.365932579194558,0.140279459933373,0.188884569174318,0.153350162717428,0.151897993103576,0.165403320798019
717,0.595435874427052,0.232023448734304,0.270905253648299,0.218876016213984,0.158002143279100,0.171754154191287
811,0.642323774366231,0.235439936165745,0.192741366843982,0.252283020211930,0.140279459933373,0.149133866930996
610,0.603424944919196,0.233725581744281,0.205907447843523,0.217294683481912,0.185172899926102,0.170736402643872
328,0.619367756469412,0.177624558944457,0.185781454960399,0.254108759679802,0.140279459933373,0.159655442358187
786,0.603424944919196,0.234581247743386,0.212638240623736,0.255024990396885,0.183371292540019,0.140279459933373
781,0.638797087949753,0.269956905233921,0.247759640188542,0.294052217151829,0.176522456496951,0.190154027575454
817,0.617598511353537,0.225342219919308,0.265239772398733,0.205907447843523,0.157195124574254,0.179307075461499
818,0.640560644506718,0.258711437790672,0.260567046745838,0.156400988328558,0.194724220966719,0.165403320798019
839,0.642323774366231,0.271855157449252,0.254108759679802,0.226165913043895,0.183967824035887,0.196743303664015
811,0.648491465815105,0.252283020211930,0.252283020211930,0.270905253648299,0.160502026996677,0.173835068385563
886,0.628206394540431,0.254108759679802,0.200889639762023,0.236301613614802,0.169733635746363,0.140279459933373
755,0.63703309779987,0.253194757033311,0.23033379664679,0.243298519444439,0.193398287644562,0.153350162717428
824,0.61494365721071,0.251373586915138,0.244185541162083,0.275669606701894,0.143552645462116,0.140279459933373
722,0.643205181411445,0.259638241659144,0.248659484023583,0.282396577544332,0.196743303664015,0.188884569174318
765,0.616713692539713,0.260567046745838,0.255024990396885,0.205907447843523,0.197424363331222,0.198109430350217
812,0.636150937944643,0.248659484023583,0.237166246337142,0.224521889216861,0.176522456496951,0.183371292540019
628,0.558863289375474,0.282396577544332,0.26806502014066,0.182778757451073,0.185172899926102,0.181605650010004
710,0.628206394540431,0.251373586915138,0.26806502014066,0.188884569174318,0.158410531669826,0.16634019279706
702,0.606971725447777,0.254108759679802,0.256863984839407,0.217294683481912,0.191439626593958,0.189517281185082
275,0.631738455286738,0.196743303664015,0.164940248736627,0.208116557082828,0.165869963138432,0.164480729737195
680,0.630855615748439,0.240653643199231,0.212638240623736,0.238904240888872,0.172268685450245,0.143552645462116
348,0.432309844864813,0.158002143279100,0.234581247743386,0.177624558944457,0.140279459933373,0.164940248736627
786,0.622904705251892,0.261497815323131,0.192741366843982,0.278545025785751,0.177624558944457,0.144131604573628
734,0.613173084606865,0.267121556704060,0.256863984839407,0.240653643199231,0.154470991130581,0.183371292540019
175,0.551687808366613,0.200889639762023,0.203733362812729,0.237166246337142,0.212638240623736,0.206639944148685
319,0.397013246974146,0.166814026627726,0.152982630801945,0.204454144375473,0.140279459933373,0.145319498566922
928,0.62555609967103,0.23977753355553,0.23033379664679,0.207376318697083,0.169237834303805,0.170233153496669
836,0.616713692539713,0.225342219919308,0.235439936165745,0.201594638931909,0.175977245746161,0.188884569174318
635,0.606971725447777,0.233725581744281,0.242414171861771,0.226992939983781,0.172787005806565,0.185172899926102
752,0.606971725447777,0.245967461561916,0.177071557205383,0.270905253648299,0.140279459933373,0.174364837136968
682,0.661691913619881,0.294052217151829,0.250466494772263,0.218876016213984,0.213405068833102,0.186394027664835
797,0.623788627185174,0.207376318697083,0.222891426963376,0.224521889216861,0.142147774681471,0.140279459933373
795,0.593658802575914,0.301887051542692,0.26806502014066,0.255943411389996,0.199491561253654,0.158410531669826
836,0.643205181411445,0.285297304030371,0.243298519444439,0.283362392853609,0.174364837136968,0.16357228121085
806,0.636150937944643,0.254108759679802,0.211115838461421,0.293075998312143,0.140279459933373,0.148143904307162
665,0.605198627992826,0.214949882112267,0.203733362812729,0.222891426963376,0.141602453589765,0.176522456496951
471,0.476195411202944,0.202303599215116,0.185781454960399,0.188255890082703,0.143552645462116,0.150839880430613
725,0.620252184825136,0.287236372741756,0.226165913043895,0.267121556704060,0.200889639762023,0.179875784505171
748,0.622020658211421,0.273759486818862,0.241532534498303,0.242414171861771,0.151542367809210,0.176522456496951
668,0.593658802575914,0.234581247743386,0.201594638931909,0.252283020211930,0.146862120354825,0.151542367809210
900,0.624672424998259,0.23033379664679,0.227823271636467,0.262430509724191,0.156796455796649,0.156796455796649
821,0.58030940985411,0.23977753355553,0.227823271636467,0.209608564537159,0.140279459933373,0.166814026627726
788,0.598100289370352,0.206639944148685,0.251373586915138,0.207376318697083,0.154094323280450,0.143266847840142
719,0.599875784998553,0.249561781327291,0.232872971194181,0.218083551882790,0.145622826217966,0.148801114525785
388,0.43702685358426,0.196743303664015,0.184568357977156,0.210360301592275,0.151189670120080,0.177624558944457
794,0.650252758171119,0.253194757033311,0.234581247743386,0.248659484023583,0.140279459933373,0.140279459933373
165,0.492757675678563,0.150839880430613,0.182778757451073,0.162235816543637,0.140279459933373,0.151542367809210
625,0.601650667029677,0.269010148553487,0.272806580486754,0.256863984839407,0.210360301592275,0.149133866930996
929,0.664329550930648,0.293075998312143,0.23977753355553,0.296006914761259,0.157195124574254,0.168745733831007
743,0.602537880906253,0.240653643199231,0.254108759679802,0.238033800236652,0.170233153496669,0.167772573247934
782,0.641442262346675,0.264301525715948,0.219672052767678,0.265239772398733,0.158002143279100,0.205907447843523
690,0.622904705251892,0.224521889216861,0.225342219919308,0.241532534498303,0.146862120354825,0.155619579790919
732,0.609630293401202,0.261497815323131,0.247759640188542,0.219672052767678,0.195393227873188,0.194059239855938
724,0.600763302119727,0.194724220966719,0.214175622695954,0.185781454960399,0.154094323280450,0.179307075461499
281,0.582982412426427,0.211115838461421,0.140279459933373,0.507381840049532,0.557070755717787,0.397013246974146
847,0.672237905577799,0.272806580486754,0.257786672914962,0.269010148553487,0.146548361254107,0.191439626593958
773,0.640560644506718,0.254108759679802,0.227823271636467,0.248659484023583,0.157597013980819,0.179307075461499
819,0.636150937944643,0.296985336054750,0.248659484023583,0.245075200706715,0.174364837136968,0.140279459933373
839,0.631738455286738,0.253194757033311,0.275669606701894,0.225342219919308,0.213405068833102,0.182778757451073
806,0.638797087949753,0.253194757033311,0.215727826366646,0.236301613614802,0.169733635746363,0.140279459933373
168,0.477118801080669,0.140279459933373,0.182190212262849,0.140279459933373,0.150492979148870,0.198798498578782
768,0.623788627185174,0.256863984839407,0.212638240623736,0.228656878414890,0.160077057692081,0.140279459933373
816,0.621136485069615,0.286266334773665,0.245075200706715,0.254108759679802,0.181025063276694,0.140279459933373
694,0.61494365721071,0.247759640188542,0.203016510694019,0.253194757033311,0.155619579790919,0.140279459933373
686,0.622904705251892,0.283362392853609,0.227823271636467,0.192088479379025,0.204454144375473,0.168257318749387
724,0.608744246353995,0.254108759679802,0.253194757033311,0.220471637257467,0.149133866930996,0.171243398019944
175,0.525546453481271,0.160077057692081,0.156796455796649,0.187631241909896,0.140279459933373,0.140279459933373
820,0.622904705251892,0.312714190948075,0.323575487390111,0.243298519444439,0.200889639762023,0.173835068385563
782,0.642323774366231,0.258711437790672,0.189517281185082,0.256863984839407,0.151897993103576,0.183371292540019
733,0.61494365721071,0.216509434133377,0.175435913518267,0.264301525715948,0.169237834303805,0.144424803121843
356,0.409494432911366,0.170233153496669,0.207376318697083,0.219672052767678,0.140279459933373,0.162235816543637
778,0.618483198986599,0.265239772398733,0.262430509724191,0.238904240888872,0.160502026996677,0.218876016213984
844,0.65113325749733,0.282396577544332,0.287236372741756,0.233725581744281,0.174898448025698,0.174898448025698
649,0.582982412426427,0.212638240623736,0.218083551882790,0.222891426963376,0.151897993103576,0.186394027664835
506,0.700307281851228,0.241532534498303,0.196066256873814,0.328516409471957,0.337407372460796,0.190794809258731
812,0.641442262346675,0.23977753355553,0.245967461561916,0.206639944148685,0.168257318749387,0.145018731380577
762,0.629089586309926,0.231177046607856,0.258711437790672,0.203733362812729,0.166814026627726,0.16357228121085
640,0.603424944919196,0.246862287018223,0.246862287018223,0.226992939983781,0.147819407725247,0.153720720340875
778,0.628206394540431,0.211875157547888,0.245967461561916,0.204454144375473,0.182778757451073,0.204454144375473
376,0.453909567952752,0.175977245746161,0.140279459933373,0.234581247743386,0.147178535004063,0.144720505822661
628,0.599875784998553,0.327528205863718,0.290152214217331,0.26806502014066,0.23977753355553,0.194059239855938
819,0.623788627185174,0.339381807952053,0.323575487390111,0.271855157449252,0.202303599215116,0.218876016213984
786,0.62555609967103,0.242414171861771,0.269010148553487,0.238033800236652,0.191439626593958,0.198109430350217
719,0.641442262346675,0.238904240888872,0.221274744825972,0.237166246337142,0.172787005806565,0.182190212262849
786,0.645848781067736,0.241532534498303,0.228656878414890,0.273759486818862,0.172268685450245,0.159237162188545
723,0.583873056414207,0.210360301592275,0.201594638931909,0.26336509235663,0.140279459933373,0.140279459933373
766,0.628206394540431,0.245967461561916,0.218876016213984,0.275669606701894,0.192088479379025,0.140279459933373
689,0.584763524220902,0.209608564537159,0.198798498578782,0.199491561253654,0.179307075461499,0.140279459933373
925,0.659053485350326,0.248659484023583,0.241532534498303,0.213405068833102,0.174898448025698,0.161362102255135
787,0.640560644506718,0.279506090033501,0.273759486818862,0.253194757033311,0.150839880430613,0.154470991130581
864,0.629089586309926,0.252283020211930,0.211875157547888,0.255024990396885,0.160930368981928,0.157597013980819
553,0.574065981658382,0.213405068833102,0.23033379664679,0.245967461561916,0.173835068385563,0.140539522938054
863,0.607858057407542,0.241532534498303,0.190794809258731,0.246862287018223,0.142147774681471,0.169733635746363
167,0.470646634478409,0.141873944585676,0.170233153496669,0.213405068833102,0.140279459933373,0.140279459933373
744,0.650252758171119,0.265239772398733,0.272806580486754,0.209608564537159,0.161362102255135,0.140279459933373
782,0.604311860230174,0.285297304030371,0.259638241659144,0.273759486818862,0.216509434133377,0.172268685450245
763,0.608744246353995,0.244185541162083,0.210360301592275,0.232023448734304,0.155619579790919,0.180448444205294
171,0.493674279807102,0.140279459933373,0.177071557205383,0.140801836156987,0.160930368981928,0.141333283747465
757,0.621136485069615,0.252283020211930,0.262430509724191,0.283362392853609,0.140279459933373,0.143266847840142
624,0.603424944919196,0.223704949036996,0.216509434133377,0.178742307944130,0.143552645462116,0.172787005806565
342,0.402784577338547,0.170736402643872,0.187010622123131,0.147497624383717,0.155233599845476,0.140279459933373
297,0.454843116219575,0.200188610986799,0.221274744825972,0.173309128978783,0.140279459933373,0.152618104976752
760,0.624672424998259,0.225342219919308,0.247759640188542,0.211115838461421,0.155233599845476,0.175435913518267
307,0.638797087949753,0.235439936165745,0.192088479379025,0.261497815323131,0.151897993103576,0.140279459933373
779,0.627323083479833,0.256863984839407,0.244185541162083,0.200188610986799,0.151542367809210,0.183967824035887
832,0.629089586309926,0.275669606701894,0.237166246337142,0.265239772398733,0.16357228121085,0.149469410107982
687,0.635268667058686,0.218083551882790,0.223704949036996,0.205178843545358,0.147819407725247,0.140279459933373
818,0.643205181411445,0.258711437790672,0.223704949036996,0.249561781327291,0.156008702799071,0.173835068385563
828,0.641442262346675,0.284329312589461,0.237166246337142,0.267121556704060,0.169733635746363,0.165869963138432
827,0.629089586309926,0.256863984839407,0.202303599215116,0.288207386188063,0.181025063276694,0.140279459933373
735,0.611401966215199,0.249561781327291,0.244185541162083,0.249561781327291,0.167772573247934,0.179307075461499
820,0.62555609967103,0.26336509235663,0.269010148553487,0.259638241659144,0.142702524367706,0.158410531669826
804,0.646729776551258,0.276626749501763,0.26336509235663,0.279506090033501,0.187010622123131,0.140279459933373
165,0.487250452013843,0.170736402643872,0.185172899926102,0.226165913043895,0.140279459933373,0.170736402643872
932,0.653774177471793,0.283362392853609,0.305818349289740,0.248659484023583,0.233725581744281,0.156400988328558
213,0.362994878061971,0.140279459933373,0.223704949036996,0.200889639762023,0.144720505822661,0.158410531669826
778,0.633503788623644,0.291125967010989,0.266179795115631,0.275669606701894,0.175977245746161,0.140279459933373
778,0.621136485069615,0.240653643199231,0.273759486818862,0.227823271636467,0.141333283747465,0.149469410107982
301,0.476195411202944,0.167772573247934,0.192088479379025,0.203733362812729,0.169237834303805,0.148471133452426
844,0.624672424998259,0.255943411389996,0.255024990396885,0.192741366843982,0.147819407725247,0.147178535004063
844,0.609630293401202,0.255943411389996,0.285297304030371,0.222891426963376,0.196066256873814,0.144424803121843
828,0.640560644506718,0.246862287018223,0.260567046745838,0.234581247743386,0.166814026627726,0.173835068385563
781,0.650252758171119,0.287236372741756,0.224521889216861,0.257786672914962,0.220471637257467,0.192741366843982
748,0.606085249352797,0.198798498578782,0.200188610986799,0.215727826366646,0.158410531669826,0.140279459933373
819,0.597212308466731,0.300905518027404,0.252283020211930,0.264301525715948,0.192741366843982,0.140279459933373
736,0.628206394540431,0.300905518027404,0.289179343702615,0.312714190948075,0.222081350052879,0.154850743467635
635,0.608744246353995,0.246862287018223,0.203733362812729,0.255943411389996,0.144131604573628,0.163123316426449
762,0.607858057407542,0.241532534498303,0.246862287018223,0.241532534498303,0.157195124574254,0.140279459933373
822,0.619367756469412,0.251373586915138,0.233725581744281,0.209608564537159,0.181025063276694,0.152618104976752
662,0.588323660284695,0.245967461561916,0.194059239855938,0.271855157449252,0.152618104976752,0.140279459933373
747,0.597212308466731,0.238033800236652,0.222891426963376,0.235439936165745,0.177071557205383,0.156796455796649
726,0.623788627185174,0.249561781327291,0.265239772398733,0.199491561253654,0.177071557205383,0.140279459933373
673,0.61494365721071,0.224521889216861,0.223704949036996,0.181605650010004,0.155619579790919,0.173835068385563
834,0.596324170558622,0.227823271636467,0.226992939983781,0.267121556704060,0.140539522938054,0.140279459933373
779,0.581200590507501,0.193398287644562,0.245967461561916,0.211875157547888,0.140279459933373,0.140279459933373
860,0.605198627992826,0.344314559496454,0.308771540986705,0.299924552865763,0.198798498578782,0.174364837136968
432,0.556174158820723,0.262430509724191,0.254108759679802,0.262430509724191,0.168745733831007,0.159237162188545
660,0.629089586309926,0.252283020211930,0.259638241659144,0.247759640188542,0.166814026627726,0.193398287644562
699,0.588323660284695,0.266179795115631,0.238033800236652,0.214175622695954,0.187010622123131,0.160077057692081
487,0.425685350085428,0.175977245746161,0.162235816543637,0.198109430350217,0.147178535004063,0.157597013980819
595,0.573173308757861,0.246862287018223,0.226992939983781,0.213405068833102,0.174364837136968,0.169237834303805
812,0.644086484322101,0.243298519444439,0.23033379664679,0.274713840722163,0.167291481291287,0.168745733831007
950,0.67838435938152,0.288207386188063,0.276626749501763,0.255024990396885,0.206639944148685,0.224521889216861
817,0.602537880906253,0.204454144375473,0.245075200706715,0.192741366843982,0.167291481291287,0.140279459933373
1018,0.647610671197383,0.271855157449252,0.190794809258731,0.265239772398733,0.140279459933373,0.16357228121085
701,0.603424944919196,0.194724220966719,0.249561781327291,0.140279459933373,0.163123316426449,0.140279459933373
699,0.57763477259731,0.199491561253654,0.214175622695954,0.208116557082828,0.140279459933373,0.188884569174318
910,0.624672424998259,0.26806502014066,0.23033379664679,0.23977753355553,0.158822198286243,0.152618104976752
734,0.65201365997105,0.26806502014066,0.235439936165745,0.241532534498303,0.189517281185082,0.140279459933373
720,0.636150937944643,0.249561781327291,0.200188610986799,0.288207386188063,0.140279459933373,0.158002143279100
759,0.599875784998553,0.216509434133377,0.237166246337142,0.214175622695954,0.140279459933373,0.186394027664835
655,0.601650667029677,0.246862287018223,0.226165913043895,0.282396577544332,0.160077057692081,0.152982630801945
822,0.637915147508898,0.264301525715948,0.23033379664679,0.278545025785751,0.168257318749387,0.140539522938054
798,0.628206394540431,0.232023448734304,0.225342219919308,0.188884569174318,0.156796455796649,0.161797245314680
176,0.530069290557968,0.149469410107982,0.153350162717428,0.151542367809210,0.144424803121843,0.160502026996677
687,0.622020658211421,0.224521889216861,0.218083551882790,0.221274744825972,0.140279459933373,0.169733635746363
760,0.61494365721071,0.241532534498303,0.228656878414890,0.246862287018223,0.170233153496669,0.168745733831007
804,0.622904705251892,0.254108759679802,0.251373586915138,0.184568357977156,0.168257318749387,0.168257318749387
225,0.417132025922147,0.157597013980819,0.157597013980819,0.190794809258731,0.145018731380577,0.140279459933373
317,0.546296562840502,0.210360301592275,0.183967824035887,0.251373586915138,0.153350162717428,0.194724220966719
810,0.637915147508898,0.282396577544332,0.252283020211930,0.255024990396885,0.194059239855938,0.213405068833102
728,0.572280442910804,0.202303599215116,0.273759486818862,0.216509434133377,0.159237162188545,0.159237162188545
173,0.483571570595327,0.140279459933373,0.140279459933373,0.623788627185174,0.681894949187986,0.522829369551227
768,0.620252184825136,0.257786672914962,0.222891426963376,0.266179795115631,0.159655442358187,0.201594638931909
657,0.634386284250911,0.23977753355553,0.240653643199231,0.203733362812729,0.144720505822661,0.140279459933373
712,0.632621179272578,0.234581247743386,0.233725581744281,0.255943411389996,0.140279459933373,0.140279459933373
720,0.655534316836593,0.250466494772263,0.218876016213984,0.254108759679802,0.204454144375473,0.142423961905656
723,0.630855615748439,0.264301525715948,0.260567046745838,0.248659484023583,0.168745733831007,0.159655442358187
721,0.589213267095234,0.224521889216861,0.213405068833102,0.269010148553487,0.156008702799071,0.160930368981928
721,0.620252184825136,0.309756707604237,0.217294683481912,0.320611530912211,0.187631241909896,0.194059239855938
697,0.598100289370352,0.216509434133377,0.238033800236652,0.218876016213984,0.155233599845476,0.140279459933373
853,0.635268667058686,0.265239772398733,0.243298519444439,0.238904240888872,0.149469410107982,0.193398287644562
403,0.467866722440866,0.197424363331222,0.190794809258731,0.213405068833102,0.140279459933373,0.182778757451073
756,0.63703309779987,0.255024990396885,0.287236372741756,0.245075200706715,0.171754154191287,0.146862120354825
247,0.654654294039608,0.210360301592275,0.140279459933373,0.438910260048710,0.488169238277247,0.330492731245164
815,0.612287594171303,0.256863984839407,0.260567046745838,0.186394027664835,0.185172899926102,0.143552645462116
825,0.608744246353995,0.248659484023583,0.218083551882790,0.286266334773665,0.158822198286243,0.183371292540019
819,0.627323083479833,0.238033800236652,0.273759486818862,0.145319498566922,0.181605650010004,0.140279459933373
796,0.624672424998259,0.426633199381427,0.408537424783786,0.422838791105066,0.341355528691973,0.289179343702615
210,0.41331732873535,0.165869963138432,0.144131604573628,0.222081350052879,0.164940248736627,0.140279459933373
317,0.429473753439024,0.187010622123131,0.151897993103576,0.247759640188542,0.140279459933373,0.172787005806565
793,0.609630293401202,0.233725581744281,0.226165913043895,0.218876016213984,0.140279459933373,0.185172899926102
842,0.606971725447777,0.301887051542692,0.296006914761259,0.269010148553487,0.202303599215116,0.236301613614802
660,0.644967683931748,0.259638241659144,0.265239772398733,0.208860644258667,0.188884569174318,0.140279459933373
371,0.426633199381427,0.180448444205294,0.165869963138432,0.198109430350217,0.148471133452426,0.172268685450245
758,0.622020658211421,0.218083551882790,0.196743303664015,0.253194757033311,0.168257318749387,0.155233599845476
737,0.610516199655431,0.216509434133377,0.250466494772263,0.180448444205294,0.155233599845476,0.140279459933373
768,0.606971725447777,0.258711437790672,0.252283020211930,0.245967461561916,0.176522456496951,0.152618104976752
842,0.606971725447777,0.232872971194181,0.193398287644562,0.225342219919308,0.140279459933373,0.163123316426449
802,0.660812526368302,0.358090854945044,0.325551793923222,0.320611530912211,0.184568357977156,0.165869963138432
782,0.65113325749733,0.367888982200334,0.357108931824631,0.353177756395209,0.264301525715948,0.26806502014066
794,0.626439652176295,0.280468392646033,0.272806580486754,0.281431899695417,0.254108759679802,0.170233153496669
809,0.628206394540431,0.246862287018223,0.295029198942614,0.252283020211930,0.169237834303805,0.203016510694019
172,0.51920253600366,0.156008702799071,0.140279459933373,0.222891426963376,0.145928733232941,0.161362102255135
775,0.611401966215199,0.218083551882790,0.209608564537159,0.204454144375473,0.150492979148870,0.149807763529887
360,0.403744670601839,0.172787005806565,0.172787005806565,0.203016510694019,0.140279459933373,0.155619579790919
768,0.584763524220902,0.234581247743386,0.266179795115631,0.257786672914962,0.164024746412181,0.140279459933373
162,0.469720411442728,0.140279459933373,0.166814026627726,0.203733362812729,0.140279459933373,0.154850743467635
724,0.636150937944643,0.272806580486754,0.205907447843523,0.306802338059224,0.155233599845476,0.180448444205294
616,0.574065981658382,0.211115838461421,0.229493730258852,0.177071557205383,0.185781454960399,0.140279459933373
327,0.435141512434088,0.160930368981928,0.179875784505171,0.23977753355553,0.140279459933373,0.159655442358187
657,0.565130393380684,0.255943411389996,0.23977753355553,0.238033800236652,0.158410531669826,0.168745733831007
843,0.595435874427052,0.277585234113443,0.293075998312143,0.232023448734304,0.168257318749387,0.199491561253654
1021,0.68364980472056,0.273759486818862,0.288207386188063,0.272806580486754,0.173309128978783,0.200889639762023
778,0.61405843859737,0.276626749501763,0.222081350052879,0.255943411389996,0.170736402643872,0.140279459933373
621,0.622904705251892,0.269010148553487,0.208116557082828,0.293075998312143,0.185172899926102,0.156008702799071
811,0.643205181411445,0.269956905233921,0.224521889216861,0.275669606701894,0.161362102255135,0.203733362812729
429,0.66608754581422,0.277585234113443,0.228656878414890,0.372772455485757,0.411406907527978,0.217294683481912
790,0.616713692539713,0.251373586915138,0.251373586915138,0.245075200706715,0.140279459933373,0.140279459933373
695,0.61405843859737,0.224521889216861,0.224521889216861,0.177071557205383,0.170233153496669,0.166814026627726
214,0.57585075439854,0.276626749501763,0.250466494772263,0.282396577544332,0.191439626593958,0.140279459933373
699,0.59454741884471,0.242414171861771,0.233725581744281,0.222081350052879,0.198798498578782,0.165869963138432
726,0.649372161207369,0.240653643199231,0.241532534498303,0.270905253648299,0.150148946700048,0.156796455796649
777,0.648491465815105,0.244185541162083,0.253194757033311,0.212638240623736,0.171754154191287,0.178742307944130
912,0.653774177471793,0.245967461561916,0.229493730258852,0.247759640188542,0.153720720340875,0.177624558944457
155,0.445487145704544,0.156796455796649,0.177071557205383,0.149807763529887,0.140279459933373,0.140279459933373
694,0.632621179272578,0.244185541162083,0.227823271636467,0.237166246337142,0.155233599845476,0.204454144375473
250,0.620252184825136,0.160077057692081,0.203733362812729,0.140279459933373,0.159237162188545,0.152256565618780
860,0.670481068306923,0.258711437790672,0.279506090033501,0.224521889216861,0.183371292540019,0.191439626593958
604,0.586543936638165,0.232872971194181,0.254108759679802,0.211115838461421,0.160077057692081,0.172787005806565
392,0.446424815327873,0.161362102255135,0.203016510694019,0.149469410107982,0.150148946700048,0.158822198286243
708,0.610516199655431,0.232872971194181,0.203733362812729,0.245075200706715,0.140279459933373,0.178742307944130
728,0.638797087949753,0.253194757033311,0.276626749501763,0.213405068833102,0.164480729737195,0.179875784505171
266,0.373747820375976,0.170736402643872,0.225342219919308,0.179307075461499,0.140279459933373,0.154850743467635
876,0.652893966371437,0.266179795115631,0.257786672914962,0.225342219919308,0.160930368981928,0.209608564537159
706,0.65201365997105,0.251373586915138,0.218083551882790,0.265239772398733,0.147497624383717,0.206639944148685
876,0.629089586309926,0.275669606701894,0.270905253648299,0.246862287018223,0.158410531669826,0.186394027664835
372,0.437968797820157,0.176522456496951,0.156008702799071,0.211115838461421,0.140279459933373,0.140279459933373
713,0.573173308757861,0.253194757033311,0.232872971194181,0.251373586915138,0.196743303664015,0.175977245746161
709,0.622904705251892,0.236301613614802,0.203733362812729,0.232023448734304,0.154850743467635,0.153350162717428
160,0.443610401564419,0.14298348025674,0.173309128978783,0.162677834203278,0.148471133452426,0.200188610986799
469,0.613173084606865,0.326539995183568,0.298944182722262,0.256863984839407,0.214175622695954,0.142147774681471
812,0.628206394540431,0.267121556704060,0.244185541162083,0.237166246337142,0.140279459933373,0.177624558944457
714,0.549891666487745,0.269956905233921,0.205178843545358,0.327528205863718,0.351210191887716,0.189517281185082
174,0.528260989528785,0.152982630801945,0.163123316426449,0.189517281185082,0.140279459933373,0.154094323280450
856,0.617598511353537,0.242414171861771,0.240653643199231,0.225342219919308,0.184568357977156,0.141333283747465
161,0.466011361565902,0.152982630801945,0.179875784505171,0.168257318749387,0.140279459933373,0.140279459933373
809,0.617598511353537,0.223704949036996,0.211875157547888,0.259638241659144,0.140279459933373,0.208116557082828
343,0.438910260048710,0.183967824035887,0.214949882112267,0.170736402643872,0.175977245746161,0.140279459933373
228,0.601650667029677,0.169733635746363,0.168745733831007,0.222891426963376,0.155233599845476,0.160930368981928
734,0.620252184825136,0.223704949036996,0.232872971194181,0.219672052767678,0.140279459933373,0.173309128978783
876,0.63703309779987,0.285297304030371,0.279506090033501,0.290152214217331,0.147178535004063,0.140279459933373
759,0.627323083479833,0.241532534498303,0.23977753355553,0.202303599215116,0.159655442358187,0.143266847840142
798,0.593658802575914,0.255943411389996,0.244185541162083,0.212638240623736,0.140279459933373,0.202303599215116
810,0.662571212990782,0.253194757033311,0.26806502014066,0.210360301592275,0.160502026996677,0.161797245314680
785,0.595435874427052,0.232872971194181,0.203016510694019,0.264301525715948,0.171754154191287,0.161797245314680
635,0.58030940985411,0.245967461561916,0.257786672914962,0.205907447843523,0.146548361254107,0.183967824035887
764,0.595435874427052,0.198798498578782,0.23977753355553,0.194059239855938,0.156400988328558,0.159237162188545
197,0.552585532749393,0.161797245314680,0.154470991130581,0.207376318697083,0.165869963138432,0.140279459933373
729,0.622904705251892,0.23977753355553,0.252283020211930,0.176522456496951,0.14298348025674,0.148471133452426
641,0.616713692539713,0.257786672914962,0.227823271636467,0.246862287018223,0.164480729737195,0.140279459933373
915,0.638797087949753,0.332468835480985,0.318636108753548,0.306802338059224,0.186394027664835,0.154470991130581
881,0.61494365721071,0.355144025044986,0.333456768437105,0.324563618926047,0.227823271636467,0.159655442358187
532,0.49459052794554,0.226992939983781,0.143552645462116,0.206639944148685,0.140279459933373,0.141333283747465
863,0.630855615748439,0.249561781327291,0.226992939983781,0.265239772398733,0.171754154191287,0.156796455796649
766,0.601650667029677,0.348256569656263,0.343328438016707,0.264301525715948,0.214949882112267,0.174364837136968
724,0.613173084606865,0.253194757033311,0.229493730258852,0.258711437790672,0.196743303664015,0.181605650010004
937,0.648491465815105,0.255943411389996,0.240653643199231,0.269010148553487,0.158822198286243,0.140279459933373
895,0.629089586309926,0.271855157449252,0.26806502014066,0.301887051542692,0.172787005806565,0.151897993103576
596,0.582982412426427,0.245075200706715,0.254108759679802,0.233725581744281,0.151542367809210,0.168745733831007
723,0.61494365721071,0.231177046607856,0.222891426963376,0.247759640188542,0.154094323280450,0.14298348025674
301,0.451106215483896,0.148801114525785,0.202303599215116,0.211115838461421,0.141873944585676,0.160930368981928
874,0.62555609967103,0.312714190948075,0.279506090033501,0.281431899695417,0.158822198286243,0.149469410107982
882,0.791168249808465,0.341355528691973,0.311728055196152,0.327528205863718,0.269010148553487,0.196066256873814
641,0.644086484322101,0.283362392853609,0.253194757033311,0.253194757033311,0.217294683481912,0.199491561253654
837,0.646729776551258,0.270905253648299,0.269956905233921,0.272806580486754,0.143840891542185,0.164940248736627
697,0.604311860230174,0.211875157547888,0.222081350052879,0.238904240888872,0.145018731380577,0.179307075461499
679,0.627323083479833,0.257786672914962,0.231177046607856,0.244185541162083,0.170233153496669,0.164480729737195
648,0.617598511353537,0.282396577544332,0.270905253648299,0.274713840722163,0.209608564537159,0.150839880430613
212,0.573173308757861,0.162677834203278,0.140279459933373,0.243298519444439,0.140279459933373,0.142423961905656
665,0.603424944919196,0.211115838461421,0.218876016213984,0.169733635746363,0.155233599845476,0.140539522938054
672,0.610516199655431,0.23977753355553,0.261497815323131,0.140279459933373,0.175435913518267,0.140279459933373
242,0.68364980472056,0.231177046607856,0.192741366843982,0.331480818156256,0.328516409471957,0.221274744825972
734,0.62555609967103,0.251373586915138,0.237166246337142,0.255024990396885,0.171754154191287,0.160502026996677
759,0.643205181411445,0.286266334773665,0.257786672914962,0.269010148553487,0.161362102255135,0.140279459933373
791,0.636150937944643,0.26336509235663,0.221274744825972,0.243298519444439,0.140539522938054,0.178742307944130
804,0.621136485069615,0.238033800236652,0.244185541162083,0.228656878414890,0.153350162717428,0.183967824035887
747,0.650252758171119,0.269956905233921,0.259638241659144,0.234581247743386,0.16634019279706,0.140279459933373
729,0.601650667029677,0.222891426963376,0.245075200706715,0.161362102255135,0.161362102255135,0.140279459933373
281,0.644967683931748,0.158822198286243,0.194724220966719,0.233725581744281,0.164024746412181,0.175435913518267
745,0.622904705251892,0.274713840722163,0.258711437790672,0.270905253648299,0.203733362812729,0.179875784505171
650,0.610516199655431,0.234581247743386,0.218876016213984,0.257786672914962,0.150492979148870,0.16634019279706
684,0.626439652176295,0.246862287018223,0.238033800236652,0.256863984839407,0.177624558944457,0.187010622123131
970,0.641442262346675,0.336419918223748,0.311728055196152,0.292100571713878,0.202303599215116,0.140279459933373
250,0.620252184825136,0.168745733831007,0.208116557082828,0.191439626593958,0.140279459933373,0.154850743467635
396,0.450170855356869,0.174898448025698,0.208860644258667,0.209608564537159,0.164940248736627,0.157195124574254
716,0.644967683931748,0.273759486818862,0.217294683481912,0.264301525715948,0.145928733232941,0.185781454960399
861,0.644967683931748,0.272806580486754,0.284329312589461,0.245967461561916,0.173309128978783,0.151897993103576
713,0.615828741507218,0.255943411389996,0.236301613614802,0.220471637257467,0.142147774681471,0.154470991130581
645,0.569600673082815,0.211115838461421,0.187631241909896,0.260567046745838,0.140279459933373,0.140279459933373
932,0.608744246353995,0.277585234113443,0.269956905233921,0.200188610986799,0.207376318697083,0.192088479379025
244,0.654654294039608,0.171243398019944,0.194724220966719,0.358090854945044,0.374722731821464,0.211875157547888
731,0.65113325749733,0.225342219919308,0.249561781327291,0.236301613614802,0.177624558944457,0.163123316426449
657,0.597212308466731,0.262430509724191,0.218876016213984,0.297964434643167,0.188255890082703,0.152256565618780
877,0.632621179272578,0.221274744825972,0.215727826366646,0.278545025785751,0.140279459933373,0.158002143279100
602,0.550789853506805,0.287236372741756,0.249561781327291,0.272806580486754,0.163123316426449,0.140279459933373
700,0.609630293401202,0.240653643199231,0.224521889216861,0.278545025785751,0.168745733831007,0.156008702799071
831,0.632621179272578,0.255024990396885,0.271855157449252,0.212638240623736,0.189517281185082,0.171243398019944
753,0.635268667058686,0.284329312589461,0.243298519444439,0.291125967010989,0.199491561253654,0.158410531669826
150,0.446424815327873,0.140279459933373,0.186394027664835,0.211875157547888,0.142702524367706,0.156008702799071
754,0.624672424998259,0.226165913043895,0.207376318697083,0.262430509724191,0.147497624383717,0.140279459933373
822,0.661691913619881,0.222081350052879,0.206639944148685,0.279506090033501,0.154094323280450,0.157597013980819
690,0.618483198986599,0.242414171861771,0.196066256873814,0.208116557082828,0.140279459933373,0.191439626593958
746,0.665208590906176,0.279506090033501,0.274713840722163,0.250466494772263,0.183371292540019,0.140279459933373
171,0.515570951288053,0.140801836156987,0.182190212262849,0.140279459933373,0.167772573247934,0.182778757451073
701,0.62555609967103,0.209608564537159,0.207376318697083,0.23033379664679,0.168745733831007,0.165403320798019
738,0.602537880906253,0.246862287018223,0.238033800236652,0.222081350052879,0.158002143279100,0.148143904307162
687,0.599875784998553,0.231177046607856,0.224521889216861,0.244185541162083,0.159237162188545,0.185172899926102
818,0.630855615748439,0.262430509724191,0.257786672914962,0.205907447843523,0.216509434133377,0.140279459933373
176,0.53097302992136,0.149807763529887,0.140279459933373,0.232023448734304,0.140279459933373,0.142702524367706
549,0.59454741884471,0.223704949036996,0.245075200706715,0.262430509724191,0.151897993103576,0.173309128978783
740,0.622904705251892,0.232023448734304,0.160502026996677,0.302869127130412,0.140279459933373,0.140279459933373
662,0.601650667029677,0.317648619366148,0.292100571713878,0.255943411389996,0.189517281185082,0.194724220966719
695,0.624672424998259,0.245967461561916,0.175435913518267,0.281431899695417,0.176522456496951,0.150492979148870
759,0.590102705627282,0.196743303664015,0.208860644258667,0.238904240888872,0.140801836156987,0.140279459933373
769,0.634386284250911,0.269956905233921,0.251373586915138,0.234581247743386,0.168745733831007,0.181025063276694
733,0.584763524220902,0.226992939983781,0.181025063276694,0.264301525715948,0.140279459933373,0.158822198286243
171,0.434198112267997,0.223704949036996,0.186394027664835,0.207376318697083,0.189517281185082,0.150839880430613
773,0.644086484322101,0.266179795115631,0.221274744825972,0.267121556704060,0.150492979148870,0.165869963138432
854,0.588323660284695,0.245967461561916,0.238904240888872,0.227823271636467,0.142147774681471,0.168745733831007
713,0.605198627992826,0.224521889216861,0.224521889216861,0.247759640188542,0.157195124574254,0.219672052767678
807,0.650252758171119,0.266179795115631,0.224521889216861,0.271855157449252,0.140279459933373,0.199491561253654
746,0.595435874427052,0.251373586915138,0.214949882112267,0.214949882112267,0.190794809258731,0.140279459933373
258,0.446424815327873,0.140279459933373,0.168745733831007,0.213405068833102,0.140279459933373,0.190154027575454
666,0.609630293401202,0.290152214217331,0.260567046745838,0.262430509724191,0.158822198286243,0.228656878414890
745,0.611401966215199,0.246862287018223,0.240653643199231,0.243298519444439,0.180448444205294,0.186394027664835
602,0.633503788623644,0.250466494772263,0.23033379664679,0.228656878414890,0.160077057692081,0.157597013980819
881,0.649372161207369,0.238904240888872,0.297964434643167,0.218083551882790,0.195393227873188,0.179307075461499
214,0.58030940985411,0.156796455796649,0.171754154191287,0.209608564537159,0.140279459933373,0.155619579790919
829,0.604311860230174,0.228656878414890,0.194724220966719,0.275669606701894,0.152618104976752,0.164940248736627
642,0.606085249352797,0.253194757033311,0.224521889216861,0.224521889216861,0.198109430350217,0.159237162188545
730,0.609630293401202,0.217294683481912,0.238033800236652,0.246862287018223,0.157195124574254,0.157597013980819
726,0.588323660284695,0.242414171861771,0.252283020211930,0.271855157449252,0.178742307944130,0.144424803121843
973,0.637915147508898,0.252283020211930,0.198798498578782,0.267121556704060,0.143266847840142,0.140279459933373
777,0.619367756469412,0.26336509235663,0.226992939983781,0.227823271636467,0.185172899926102,0.140539522938054
626,0.616713692539713,0.219672052767678,0.254108759679802,0.229493730258852,0.146862120354825,0.154470991130581
429,0.574065981658382,0.218083551882790,0.245075200706715,0.213405068833102,0.167772573247934,0.165869963138432
859,0.641442262346675,0.291125967010989,0.236301613614802,0.322587416871138,0.160930368981928,0.153720720340875
725,0.603424944919196,0.266179795115631,0.288207386188063,0.257786672914962,0.140279459933373,0.190154027575454
213,0.427580548847338,0.162677834203278,0.193398287644562,0.164940248736627,0.142702524367706,0.176522456496951
425,0.427580548847338,0.207376318697083,0.175435913518267,0.208860644258667,0.172787005806565,0.187631241909896
809,0.611401966215199,0.26806502014066,0.218083551882790,0.300905518027404,0.193398287644562,0.140279459933373
710,0.640560644506718,0.243298519444439,0.254108759679802,0.241532534498303,0.157597013980819,0.198798498578782
761,0.65113325749733,0.247759640188542,0.251373586915138,0.247759640188542,0.140279459933373,0.157597013980819
843,0.626439652176295,0.264301525715948,0.23033379664679,0.260567046745838,0.140279459933373,0.140279459933373
388,0.42188893060604,0.155233599845476,0.226165913043895,0.155619579790919,0.149807763529887,0.140279459933373
684,0.604311860230174,0.200889639762023,0.173835068385563,0.260567046745838,0.144424803121843,0.173309128978783
689,0.642323774366231,0.255024990396885,0.203733362812729,0.271855157449252,0.142147774681471,0.146862120354825
733,0.61494365721071,0.267121556704060,0.221274744825972,0.252283020211930,0.177071557205383,0.170736402643872
168,0.490005705397473,0.140279459933373,0.162235816543637,0.188255890082703,0.140279459933373,0.140279459933373
761,0.645848781067736,0.269956905233921,0.211115838461421,0.288207386188063,0.167772573247934,0.188255890082703
891,0.623788627185174,0.221274744825972,0.244185541162083,0.228656878414890,0.167291481291287,0.174364837136968
637,0.613173084606865,0.256863984839407,0.208116557082828,0.222081350052879,0.171754154191287,0.173309128978783
672,0.548094589195255,0.275669606701894,0.265239772398733,0.261497815323131,0.203733362812729,0.178742307944130
738,0.638797087949753,0.269956905233921,0.203733362812729,0.281431899695417,0.163123316426449,0.158002143279100
773,0.606085249352797,0.251373586915138,0.214949882112267,0.252283020211930,0.175435913518267,0.168745733831007
562,0.61494365721071,0.229493730258852,0.196743303664015,0.275669606701894,0.171243398019944,0.151897993103576
716,0.622020658211421,0.226165913043895,0.231177046607856,0.23977753355553,0.147178535004063,0.178181472416481
965,0.643205181411445,0.308771540986705,0.262430509724191,0.294052217151829,0.192088479379025,0.140279459933373
825,0.587433883900336,0.245967461561916,0.238033800236652,0.241532534498303,0.150148946700048,0.140279459933373
160,0.457641082102348,0.142423961905656,0.148471133452426,0.184568357977156,0.140279459933373,0.143840891542185
793,0.61494365721071,0.250466494772263,0.241532534498303,0.266179795115631,0.159655442358187,0.140279459933373
853,0.645848781067736,0.270905253648299,0.269010148553487,0.245075200706715,0.140279459933373,0.208116557082828
718,0.61405843859737,0.238904240888872,0.249561781327291,0.269956905233921,0.167772573247934,0.165403320798019
747,0.645848781067736,0.265239772398733,0.252283020211930,0.219672052767678,0.172787005806565,0.182778757451073
359,0.451106215483896,0.208116557082828,0.231177046607856,0.183371292540019,0.162677834203278,0.168745733831007
807,0.56334084744967,0.298944182722262,0.242414171861771,0.292100571713878,0.153350162717428,0.145018731380577
832,0.590102705627282,0.215727826366646,0.266179795115631,0.231177046607856,0.157195124574254,0.140279459933373
827,0.61405843859737,0.243298519444439,0.218083551882790,0.206639944148685,0.186394027664835,0.140279459933373
623,0.579418047575081,0.222891426963376,0.212638240623736,0.206639944148685,0.164940248736627,0.145622826217966
632,0.59099197716754,0.258711437790672,0.255024990396885,0.258711437790672,0.170736402643872,0.16357228121085
767,0.613173084606865,0.204454144375473,0.241532534498303,0.206639944148685,0.182778757451073,0.145622826217966
718,0.632621179272578,0.250466494772263,0.204454144375473,0.280468392646033,0.167291481291287,0.149807763529887
765,0.642323774366231,0.23977753355553,0.267121556704060,0.140279459933373,0.167291481291287,0.172787005806565
826,0.623788627185174,0.26336509235663,0.193398287644562,0.259638241659144,0.164480729737195,0.164480729737195
552,0.612287594171303,0.253194757033311,0.255943411389996,0.249561781327291,0.151189670120080,0.156796455796649
147,0.443610401564419,0.14298348025674,0.154470991130581,0.183967824035887,0.140279459933373,0.154094323280450
804,0.644967683931748,0.293075998312143,0.233725581744281,0.271855157449252,0.164940248736627,0.185172899926102
891,0.635268667058686,0.232872971194181,0.220471637257467,0.267121556704060,0.183371292540019,0.140279459933373
828,0.672237905577799,0.320611530912211,0.317648619366148,0.273759486818862,0.200188610986799,0.216509434133377
722,0.653774177471793,0.311728055196152,0.310742219942023,0.327528205863718,0.152982630801945,0.149133866930996
697,0.554380296765044,0.349241401529061,0.345300444024283,0.327528205863718,0.235439936165745,0.207376318697083
642,0.582982412426427,0.326539995183568,0.295029198942614,0.282396577544332,0.191439626593958,0.157597013980819
398,0.461365530470573,0.158410531669826,0.183967824035887,0.210360301592275,0.142702524367706,0.171754154191287
918,0.63703309779987,0.289179343702615,0.232023448734304,0.26336509235663,0.186394027664835,0.198798498578782
758,0.623788627185174,0.228656878414890,0.165403320798019,0.203733362812729,0.162235816543637,0.163123316426449
236,0.588323660284695,0.160930368981928,0.162235816543637,0.184568357977156,0.162677834203278,0.140279459933373
656,0.626439652176295,0.246862287018223,0.217294683481912,0.234581247743386,0.140279459933373,0.140279459933373
659,0.612287594171303,0.221274744825972,0.201594638931909,0.228656878414890,0.166814026627726,0.140279459933373
741,0.598100289370352,0.223704949036996,0.232023448734304,0.190794809258731,0.140279459933373,0.169733635746363
756,0.62555609967103,0.221274744825972,0.228656878414890,0.218876016213984,0.158822198286243,0.140279459933373
768,0.640560644506718,0.259638241659144,0.213405068833102,0.276626749501763,0.140279459933373,0.140279459933373
844,0.643205181411445,0.250466494772263,0.264301525715948,0.254108759679802,0.173309128978783,0.140279459933373
870,0.681894949187986,0.276626749501763,0.248659484023583,0.255943411389996,0.194059239855938,0.146548361254107
945,0.642323774366231,0.26806502014066,0.267121556704060,0.271855157449252,0.169733635746363,0.202303599215116
326,0.443610401564419,0.183371292540019,0.140279459933373,0.238904240888872,0.140279459933373,0.157195124574254
686,0.596324170558622,0.223704949036996,0.191439626593958,0.202303599215116,0.188884569174318,0.176522456496951
782,0.607858057407542,0.222081350052879,0.223704949036996,0.181605650010004,0.164940248736627,0.172268685450245
490,0.458572851358513,0.165869963138432,0.242414171861771,0.220471637257467,0.140279459933373,0.152618104976752
785,0.61494365721071,0.254108759679802,0.214175622695954,0.246862287018223,0.148801114525785,0.154094323280450
812,0.627323083479833,0.223704949036996,0.201594638931909,0.26336509235663,0.140279459933373,0.185781454960399
152,0.442671323317129,0.140279459933373,0.229493730258852,0.183967824035887,0.150492979148870,0.140279459933373
752,0.608744246353995,0.211115838461421,0.213405068833102,0.218083551882790,0.158002143279100,0.211115838461421
167,0.464154311336516,0.146237238572002,0.193398287644562,0.177624558944457,0.146548361254107,0.155619579790919
783,0.605198627992826,0.226165913043895,0.206639944148685,0.275669606701894,0.143840891542185,0.167772573247934
831,0.615828741507218,0.294052217151829,0.246862287018223,0.270905253648299,0.142147774681471,0.154850743467635
795,0.635268667058686,0.241532534498303,0.16357228121085,0.281431899695417,0.193398287644562,0.140279459933373
272,0.446424815327873,0.163123316426449,0.217294683481912,0.188884569174318,0.140279459933373,0.190154027575454
362,0.465083048709257,0.179307075461499,0.184568357977156,0.225342219919308,0.162235816543637,0.158002143279100
566,0.570494126543261,0.349241401529061,0.330492731245164,0.32159942528535,0.200889639762023,0.169237834303805
927,0.608744246353995,0.342342090635241,0.311728055196152,0.288207386188063,0.212638240623736,0.16357228121085
679,0.65113325749733,0.294052217151829,0.260567046745838,0.265239772398733,0.170736402643872,0.140279459933373
760,0.62555609967103,0.254108759679802,0.224521889216861,0.252283020211930,0.162235816543637,0.168745733831007
234,0.604311860230174,0.140279459933373,0.185781454960399,0.205178843545358,0.145319498566922,0.180448444205294
581,0.606971725447777,0.244185541162083,0.248659484023583,0.213405068833102,0.181025063276694,0.183967824035887
762,0.572280442910804,0.346286080835727,0.326539995183568,0.298944182722262,0.190154027575454,0.188255890082703
667,0.592770024376564,0.23977753355553,0.203016510694019,0.266179795115631,0.140279459933373,0.147178535004063
713,0.606971725447777,0.231177046607856,0.241532534498303,0.217294683481912,0.155619579790919,0.156400988328558
614,0.606085249352797,0.202303599215116,0.220471637257467,0.231177046607856,0.160502026996677,0.140279459933373
627,0.610516199655431,0.257786672914962,0.218083551882790,0.208116557082828,0.142147774681471,0.176522456496951
885,0.629972659733243,0.237166246337142,0.218876016213984,0.216509434133377,0.179875784505171,0.224521889216861
170,0.420938564569721,0.161362102255135,0.215727826366646,0.220471637257467,0.289179343702615,0.191439626593958
750,0.598988114480156,0.242414171861771,0.222081350052879,0.234581247743386,0.146862120354825,0.174364837136968
750,0.606085249352797,0.23977753355553,0.248659484023583,0.269956905233921,0.140279459933373,0.140279459933373
608,0.570494126543261,0.318636108753548,0.292100571713878,0.279506090033501,0.165403320798019,0.140801836156987
702,0.61494365721071,0.267121556704060,0.246862287018223,0.232872971194181,0.196743303664015,0.197424363331222
706,0.647610671197383,0.243298519444439,0.216509434133377,0.247759640188542,0.168257318749387,0.14298348025674
846,0.655534316836593,0.256863984839407,0.205178843545358,0.303851718893881,0.140279459933373,0.167772573247934
826,0.640560644506718,0.262430509724191,0.218083551882790,0.240653643199231,0.160930368981928,0.16634019279706
431,0.410450927071570,0.181605650010004,0.160502026996677,0.199491561253654,0.140279459933373,0.140279459933373
822,0.590102705627282,0.226992939983781,0.227823271636467,0.272806580486754,0.170233153496669,0.157597013980819
806,0.652893966371437,0.303851718893881,0.304834801321944,0.302869127130412,0.185781454960399,0.140279459933373
677,0.631738455286738,0.235439936165745,0.204454144375473,0.250466494772263,0.170736402643872,0.140279459933373
915,0.650252758171119,0.238904240888872,0.244185541162083,0.283362392853609,0.163123316426449,0.163123316426449
654,0.612287594171303,0.270905253648299,0.257786672914962,0.248659484023583,0.189517281185082,0.140539522938054
821,0.636150937944643,0.276626749501763,0.229493730258852,0.240653643199231,0.164480729737195,0.155233599845476
806,0.637915147508898,0.256863984839407,0.257786672914962,0.261497815323131,0.149807763529887,0.198109430350217
749,0.615828741507218,0.261497815323131,0.214175622695954,0.272806580486754,0.145018731380577,0.168257318749387
537,0.617598511353537,0.270905253648299,0.287236372741756,0.229493730258852,0.225342219919308,0.163123316426449
715,0.631738455286738,0.238033800236652,0.259638241659144,0.181025063276694,0.167772573247934,0.177624558944457
647,0.600763302119727,0.222891426963376,0.261497815323131,0.169733635746363,0.172787005806565,0.187010622123131
767,0.638797087949753,0.232023448734304,0.207376318697083,0.250466494772263,0.170233153496669,0.192741366843982
769,0.584763524220902,0.208116557082828,0.244185541162083,0.173309128978783,0.165403320798019,0.162235816543637
777,0.654654294039608,0.251373586915138,0.253194757033311,0.245075200706715,0.143552645462116,0.140279459933373
747,0.632621179272578,0.247759640188542,0.262430509724191,0.211115838461421,0.151897993103576,0.164024746412181
812,0.602537880906253,0.242414171861771,0.219672052767678,0.272806580486754,0.164480729737195,0.193398287644562
828,0.638797087949753,0.306802338059224,0.300905518027404,0.218083551882790,0.250466494772263,0.207376318697083
790,0.617598511353537,0.255024990396885,0.26806502014066,0.167291481291287,0.182778757451073,0.140279459933373
746,0.623788627185174,0.232872971194181,0.280468392646033,0.169237834303805,0.171754154191287,0.140279459933373
166,0.473422844172892,0.140279459933373,0.145319498566922,0.209608564537159,0.140279459933373,0.185172899926102
758,0.595435874427052,0.289179343702615,0.232023448734304,0.261497815323131,0.200188610986799,0.169237834303805
877,0.608744246353995,0.244185541162083,0.234581247743386,0.261497815323131,0.162677834203278,0.161797245314680
762,0.635268667058686,0.237166246337142,0.238904240888872,0.270905253648299,0.145319498566922,0.209608564537159
724,0.628206394540431,0.236301613614802,0.221274744825972,0.240653643199231,0.154470991130581,0.163123316426449
953,0.656414246618719,0.26336509235663,0.240653643199231,0.255943411389996,0.150148946700048,0.158410531669826
935,0.633503788623644,0.336419918223748,0.283362392853609,0.278545025785751,0.196743303664015,0.202303599215116
844,0.627323083479833,0.253194757033311,0.240653643199231,0.224521889216861,0.190154027575454,0.211115838461421
368,0.444549008408857,0.188255890082703,0.185781454960399,0.212638240623736,0.140279459933373,0.159237162188545
807,0.626439652176295,0.218083551882790,0.238904240888872,0.240653643199231,0.140279459933373,0.140279459933373
700,0.591881082994116,0.235439936165745,0.215727826366646,0.241532534498303,0.169733635746363,0.149133866930996
740,0.613173084606865,0.214949882112267,0.226992939983781,0.241532534498303,0.151189670120080,0.140279459933373
687,0.596324170558622,0.212638240623736,0.236301613614802,0.210360301592275,0.163123316426449,0.14298348025674
816,0.635268667058686,0.267121556704060,0.23033379664679,0.245075200706715,0.151897993103576,0.140279459933373
769,0.626439652176295,0.274713840722163,0.231177046607856,0.209608564537159,0.171754154191287,0.140279459933373
319,0.436084425669404,0.177071557205383,0.204454144375473,0.172268685450245,0.141873944585676,0.173835068385563
806,0.639678919993987,0.259638241659144,0.218083551882790,0.282396577544332,0.141873944585676,0.177071557205383
943,0.61494365721071,0.256863984839407,0.248659484023583,0.219672052767678,0.150492979148870,0.179875784505171
649,0.591881082994116,0.228656878414890,0.245967461561916,0.255943411389996,0.142702524367706,0.140279459933373
724,0.606971725447777,0.217294683481912,0.235439936165745,0.223704949036996,0.147178535004063,0.155619579790919
648,0.626439652176295,0.235439936165745,0.227823271636467,0.229493730258852,0.150492979148870,0.140279459933373
835,0.618483198986599,0.310742219942023,0.305818349289740,0.287236372741756,0.208116557082828,0.164940248736627
577,0.554380296765044,0.252283020211930,0.204454144375473,0.257786672914962,0.181605650010004,0.156008702799071
810,0.604311860230174,0.251373586915138,0.282396577544332,0.273759486818862,0.177624558944457,0.168745733831007
825,0.604311860230174,0.245075200706715,0.243298519444439,0.224521889216861,0.174364837136968,0.140279459933373
771,0.607858057407542,0.23977753355553,0.211875157547888,0.224521889216861,0.175977245746161,0.196743303664015
825,0.622904705251892,0.267121556704060,0.274713840722163,0.256863984839407,0.172787005806565,0.167772573247934
932,0.632621179272578,0.319623752397046,0.316661303992259,0.306802338059224,0.213405068833102,0.228656878414890
677,0.59099197716754,0.240653643199231,0.221274744825972,0.264301525715948,0.158822198286243,0.185172899926102
856,0.609630293401202,0.276626749501763,0.254108759679802,0.284329312589461,0.190154027575454,0.171754154191287
852,0.630855615748439,0.238033800236652,0.216509434133377,0.290152214217331,0.140279459933373,0.184568357977156
790,0.631738455286738,0.250466494772263,0.211115838461421,0.294052217151829,0.140279459933373,0.144131604573628
796,0.646729776551258,0.284329312589461,0.255943411389996,0.256863984839407,0.208860644258667,0.164940248736627
876,0.654654294039608,0.257786672914962,0.250466494772263,0.226165913043895,0.212638240623736,0.181025063276694
724,0.629972659733243,0.242414171861771,0.242414171861771,0.23033379664679,0.168745733831007,0.171243398019944
720,0.606085249352797,0.194724220966719,0.192741366843982,0.217294683481912,0.155619579790919,0.157597013980819
689,0.607858057407542,0.233725581744281,0.222081350052879,0.193398287644562,0.175977245746161,0.140279459933373
726,0.608744246353995,0.304834801321944,0.280468392646033,0.288207386188063,0.207376318697083,0.186394027664835
691,0.620252184825136,0.205178843545358,0.234581247743386,0.206639944148685,0.168257318749387,0.174364837136968
171,0.513753336846181,0.140279459933373,0.140279459933373,0.16357228121085,0.140279459933373,0.140279459933373
907,0.639678919993987,0.301887051542692,0.283362392853609,0.270905253648299,0.147819407725247,0.218083551882790
160,0.40662186593712,0.215727826366646,0.222891426963376,0.231177046607856,0.225342219919308,0.142702524367706
734,0.642323774366231,0.26806502014066,0.203733362812729,0.254108759679802,0.143266847840142,0.148471133452426
254,0.448298759169222,0.218083551882790,0.168745733831007,0.252283020211930,0.149133866930996,0.140279459933373
791,0.610516199655431,0.207376318697083,0.233725581744281,0.214949882112267,0.181025063276694,0.173309128978783
247,0.619367756469412,0.147497624383717,0.215727826366646,0.140279459933373,0.168257318749387,0.156400988328558
738,0.604311860230174,0.242414171861771,0.232872971194181,0.266179795115631,0.191439626593958,0.159655442358187
598,0.57585075439854,0.260567046745838,0.261497815323131,0.244185541162083,0.151897993103576,0.198109430350217
650,0.592770024376564,0.23977753355553,0.214949882112267,0.245075200706715,0.160077057692081,0.140279459933373
670,0.603424944919196,0.264301525715948,0.269956905233921,0.251373586915138,0.140279459933373,0.146548361254107
846,0.620252184825136,0.244185541162083,0.226165913043895,0.227823271636467,0.169733635746363,0.158822198286243
230,0.592770024376564,0.167291481291287,0.205907447843523,0.160077057692081,0.176522456496951,0.140279459933373
851,0.669602528491819,0.280468392646033,0.267121556704060,0.280468392646033,0.140279459933373,0.165403320798019
813,0.634386284250911,0.244185541162083,0.23977753355553,0.190794809258731,0.190794809258731,0.218083551882790
707,0.595435874427052,0.232872971194181,0.251373586915138,0.210360301592275,0.178742307944130,0.140279459933373
491,0.451106215483896,0.212638240623736,0.181025063276694,0.205907447843523,0.171243398019944,0.140539522938054
714,0.628206394540431,0.243298519444439,0.249561781327291,0.192088479379025,0.192741366843982,0.195393227873188
676,0.606085249352797,0.23033379664679,0.252283020211930,0.196743303664015,0.168257318749387,0.140279459933373
900,0.627323083479833,0.23977753355553,0.247759640188542,0.205907447843523,0.192088479379025,0.197424363331222
728,0.634386284250911,0.237166246337142,0.234581247743386,0.272806580486754,0.173309128978783,0.160077057692081
728,0.619367756469412,0.221274744825972,0.198798498578782,0.223704949036996,0.150492979148870,0.160930368981928
688,0.635268667058686,0.278545025785751,0.256863984839407,0.280468392646033,0.173835068385563,0.196066256873814
371,0.460435073421994,0.151897993103576,0.193398287644562,0.196066256873814,0.140279459933373,0.168745733831007
890,0.622904705251892,0.235439936165745,0.269010148553487,0.257786672914962,0.143266847840142,0.140279459933373
823,0.609630293401202,0.270905253648299,0.258711437790672,0.232872971194181,0.179875784505171,0.195393227873188
651,0.576742857104671,0.216509434133377,0.16357228121085,0.221274744825972,0.154094323280450,0.143266847840142
720,0.603424944919196,0.294052217151829,0.280468392646033,0.276626749501763,0.213405068833102,0.197424363331222
884,0.657294084136253,0.252283020211930,0.270905253648299,0.188884569174318,0.207376318697083,0.167772573247934
691,0.623788627185174,0.245075200706715,0.234581247743386,0.213405068833102,0.178181472416481,0.140279459933373
724,0.604311860230174,0.244185541162083,0.214949882112267,0.23033379664679,0.145928733232941,0.198798498578782
187,0.553483028327823,0.140279459933373,0.208860644258667,0.212638240623736,0.154850743467635,0.165869963138432
846,0.636150937944643,0.249561781327291,0.211875157547888,0.232023448734304,0.173309128978783,0.140279459933373
781,0.662571212990782,0.260567046745838,0.26806502014066,0.222891426963376,0.188884569174318,0.164940248736627
830,0.623788627185174,0.277585234113443,0.218083551882790,0.279506090033501,0.166814026627726,0.155619579790919
251,0.615828741507218,0.208116557082828,0.216509434133377,0.267121556704060,0.191439626593958,0.158822198286243
676,0.599875784998553,0.224521889216861,0.183371292540019,0.246862287018223,0.140801836156987,0.187010622123131
705,0.631738455286738,0.258711437790672,0.244185541162083,0.199491561253654,0.179307075461499,0.158410531669826
730,0.634386284250911,0.236301613614802,0.232023448734304,0.226165913043895,0.155233599845476,0.156008702799071
785,0.627323083479833,0.224521889216861,0.229493730258852,0.227823271636467,0.178742307944130,0.176522456496951
781,0.631738455286738,0.249561781327291,0.248659484023583,0.302869127130412,0.152982630801945,0.151542367809210
760,0.615828741507218,0.255024990396885,0.255943411389996,0.252283020211930,0.186394027664835,0.140279459933373
775,0.626439652176295,0.23977753355553,0.232872971194181,0.216509434133377,0.159655442358187,0.172268685450245
764,0.607858057407542,0.256863984839407,0.257786672914962,0.285297304030371,0.171754154191287,0.172268685450245
774,0.609630293401202,0.219672052767678,0.220471637257467,0.212638240623736,0.179307075461499,0.140279459933373
782,0.61494365721071,0.251373586915138,0.183371292540019,0.291125967010989,0.140279459933373,0.146548361254107
429,0.426633199381427,0.185781454960399,0.140279459933373,0.23977753355553,0.165403320798019,0.162235816543637
705,0.622904705251892,0.228656878414890,0.208860644258667,0.249561781327291,0.172268685450245,0.140279459933373
681,0.598100289370352,0.283362392853609,0.252283020211930,0.238033800236652,0.165403320798019,0.178181472416481
300,0.44923503724365,0.203733362812729,0.154094323280450,0.207376318697083,0.142423961905656,0.174898448025698
740,0.62555609967103,0.246862287018223,0.240653643199231,0.204454144375473,0.179875784505171,0.189517281185082
732,0.636150937944643,0.269010148553487,0.216509434133377,0.26336509235663,0.146862120354825,0.156796455796649
614,0.573173308757861,0.205178843545358,0.213405068833102,0.232872971194181,0.152982630801945,0.172268685450245
907,0.648491465815105,0.295029198942614,0.278545025785751,0.280468392646033,0.170736402643872,0.194724220966719
864,0.622020658211421,0.328516409471957,0.259638241659144,0.326539995183568,0.160502026996677,0.160502026996677
743,0.605198627992826,0.225342219919308,0.216509434133377,0.238033800236652,0.16357228121085,0.145928733232941
719,0.619367756469412,0.294052217151829,0.232872971194181,0.244185541162083,0.170736402643872,0.192741366843982
946,0.659053485350326,0.283362392853609,0.246862287018223,0.270905253648299,0.140279459933373,0.198109430350217
907,0.677506525321988,0.343328438016707,0.305818349289740,0.252283020211930,0.198109430350217,0.193398287644562
817,0.603424944919196,0.212638240623736,0.235439936165745,0.242414171861771,0.164480729737195,0.140279459933373
759,0.602537880906253,0.243298519444439,0.208860644258667,0.251373586915138,0.146548361254107,0.168745733831007
986,0.633503788623644,0.300905518027404,0.254108759679802,0.290152214217331,0.153350162717428,0.187631241909896
722,0.593658802575914,0.255024990396885,0.235439936165745,0.217294683481912,0.188884569174318,0.140279459933373
650,0.601650667029677,0.235439936165745,0.234581247743386,0.253194757033311,0.153720720340875,0.169237834303805
755,0.608744246353995,0.236301613614802,0.226165913043895,0.211115838461421,0.220471637257467,0.153350162717428
706,0.591881082994116,0.281431899695417,0.255024990396885,0.277585234113443,0.188255890082703,0.140279459933373
768,0.624672424998259,0.258711437790672,0.232023448734304,0.258711437790672,0.150839880430613,0.183967824035887
814,0.595435874427052,0.242414171861771,0.232023448734304,0.198109430350217,0.175435913518267,0.167772573247934
726,0.635268667058686,0.248659484023583,0.188255890082703,0.282396577544332,0.151542367809210,0.140279459933373
773,0.634386284250911,0.250466494772263,0.204454144375473,0.196743303664015,0.149807763529887,0.149807763529887
715,0.622904705251892,0.375697185802696,0.334444602573969,0.39893907178823,0.362994878061971,0.229493730258852
745,0.565130393380684,0.289179343702615,0.251373586915138,0.266179795115631,0.16634019279706,0.151189670120080
774,0.61494365721071,0.26336509235663,0.211115838461421,0.201594638931909,0.169237834303805,0.160077057692081
477,0.506470348170507,0.191439626593958,0.196066256873814,0.183371292540019,0.140279459933373,0.173309128978783
776,0.598100289370352,0.226992939983781,0.262430509724191,0.166814026627726,0.168257318749387,0.140279459933373
891,0.618483198986599,0.303851718893881,0.265239772398733,0.273759486818862,0.194724220966719,0.171243398019944
765,0.573173308757861,0.245967461561916,0.229493730258852,0.228656878414890,0.150148946700048,0.150839880430613
924,0.622904705251892,0.274713840722163,0.260567046745838,0.23033379664679,0.192088479379025,0.167291481291287
901,0.632621179272578,0.264301525715948,0.279506090033501,0.240653643199231,0.206639944148685,0.143840891542185
752,0.61405843859737,0.233725581744281,0.210360301592275,0.265239772398733,0.202303599215116,0.177624558944457
596,0.565130393380684,0.288207386188063,0.243298519444439,0.264301525715948,0.172787005806565,0.140279459933373
468,0.45297556976512,0.185781454960399,0.192088479379025,0.223704949036996,0.168257318749387,0.170233153496669
849,0.604311860230174,0.227823271636467,0.259638241659144,0.229493730258852,0.161362102255135,0.140279459933373
611,0.587433883900336,0.204454144375473,0.185172899926102,0.258711437790672,0.160077057692081,0.160930368981928
739,0.598988114480156,0.219672052767678,0.206639944148685,0.245075200706715,0.140279459933373,0.140279459933373
228,0.621136485069615,0.331480818156256,0.308771540986705,0.312714190948075,0.182190212262849,0.165403320798019
765,0.644086484322101,0.26336509235663,0.214949882112267,0.275669606701894,0.149807763529887,0.173835068385563
231,0.59454741884471,0.227823271636467,0.140279459933373,0.619367756469412,0.668723907006677,0.507381840049532
689,0.623788627185174,0.237166246337142,0.246862287018223,0.170736402643872,0.178742307944130,0.140279459933373
709,0.648491465815105,0.269010148553487,0.248659484023583,0.259638241659144,0.176522456496951,0.165869963138432
665,0.583873056414207,0.211115838461421,0.228656878414890,0.205178843545358,0.158822198286243,0.140279459933373
633,0.638797087949753,0.319623752397046,0.285297304030371,0.299924552865763,0.197424363331222,0.177071557205383
874,0.666966416344732,0.274713840722163,0.267121556704060,0.238904240888872,0.190794809258731,0.170736402643872
815,0.636150937944643,0.259638241659144,0.246862287018223,0.238033800236652,0.173309128978783,0.165869963138432
630,0.579418047575081,0.323575487390111,0.309756707604237,0.323575487390111,0.166814026627726,0.189517281185082
798,0.627323083479833,0.255943411389996,0.244185541162083,0.293075998312143,0.178742307944130,0.199491561253654
918,0.634386284250911,0.246862287018223,0.282396577544332,0.271855157449252,0.156008702799071,0.164940248736627
828,0.607858057407542,0.275669606701894,0.255943411389996,0.281431899695417,0.185172899926102,0.165403320798019
882,0.659933050519219,0.276626749501763,0.266179795115631,0.298944182722262,0.149807763529887,0.140279459933373
664,0.59099197716754,0.228656878414890,0.255024990396885,0.252283020211930,0.151542367809210,0.182778757451073
814,0.644967683931748,0.267121556704060,0.273759486818862,0.198798498578782,0.170233153496669,0.177071557205383
904,0.61494365721071,0.272806580486754,0.256863984839407,0.257786672914962,0.16357228121085,0.147819407725247
775,0.631738455286738,0.250466494772263,0.26336509235663,0.251373586915138,0.153350162717428,0.194724220966719
829,0.641442262346675,0.276626749501763,0.272806580486754,0.255943411389996,0.167772573247934,0.171243398019944
171,0.473422844172892,0.140279459933373,0.158822198286243,0.205907447843523,0.152256565618780,0.167291481291287
813,0.644967683931748,0.226992939983781,0.259638241659144,0.224521889216861,0.153720720340875,0.153350162717428
796,0.62555609967103,0.261497815323131,0.216509434133377,0.260567046745838,0.165403320798019,0.164024746412181
839,0.598988114480156,0.284329312589461,0.252283020211930,0.244185541162083,0.214175622695954,0.166814026627726
869,0.641442262346675,0.277585234113443,0.246862287018223,0.255943411389996,0.189517281185082,0.182778757451073
673,0.593658802575914,0.232872971194181,0.241532534498303,0.203733362812729,0.186394027664835,0.154094323280450
580,0.618483198986599,0.23977753355553,0.201594638931909,0.245967461561916,0.168257318749387,0.156796455796649
792,0.598988114480156,0.262430509724191,0.210360301592275,0.254108759679802,0.172787005806565,0.151189670120080
310,0.700307281851228,0.231177046607856,0.185781454960399,0.346286080835727,0.353177756395209,0.187631241909896
791,0.601650667029677,0.223704949036996,0.243298519444439,0.213405068833102,0.181025063276694,0.155619579790919
948,0.644086484322101,0.229493730258852,0.250466494772263,0.220471637257467,0.175977245746161,0.157597013980819
812,0.629972659733243,0.242414171861771,0.243298519444439,0.206639944148685,0.181025063276694,0.155619579790919
770,0.605198627992826,0.222081350052879,0.216509434133377,0.260567046745838,0.140279459933373,0.164480729737195
842,0.612287594171303,0.246862287018223,0.247759640188542,0.245075200706715,0.140279459933373,0.174898448025698
796,0.627323083479833,0.240653643199231,0.245967461561916,0.224521889216861,0.185172899926102,0.158822198286243
911,0.648491465815105,0.267121556704060,0.235439936165745,0.26806502014066,0.158002143279100,0.140279459933373
774,0.621136485069615,0.247759640188542,0.245075200706715,0.223704949036996,0.149469410107982,0.187631241909896
672,0.624672424998259,0.245075200706715,0.218876016213984,0.191439626593958,0.149807763529887,0.182190212262849
349,0.440791745314472,0.206639944148685,0.16357228121085,0.231177046607856,0.140279459933373,0.165869963138432
915,0.622020658211421,0.273759486818862,0.242414171861771,0.202303599215116,0.177624558944457,0.158822198286243
759,0.620252184825136,0.272806580486754,0.218876016213984,0.278545025785751,0.154850743467635,0.140279459933373
766,0.61494365721071,0.218876016213984,0.219672052767678,0.23033379664679,0.146862120354825,0.156008702799071
899,0.626439652176295,0.218083551882790,0.244185541162083,0.195393227873188,0.140279459933373,0.140279459933373
702,0.636150937944643,0.226165913043895,0.219672052767678,0.249561781327291,0.151897993103576,0.140279459933373
638,0.59454741884471,0.223704949036996,0.178742307944130,0.266179795115631,0.140279459933373,0.154470991130581
820,0.646729776551258,0.255024990396885,0.254108759679802,0.245967461561916,0.192741366843982,0.140279459933373
844,0.659933050519219,0.296985336054750,0.250466494772263,0.283362392853609,0.187631241909896,0.188255890082703
846,0.609630293401202,0.257786672914962,0.266179795115631,0.237166246337142,0.152982630801945,0.183371292540019
405,0.463225147278761,0.198798498578782,0.23977753355553,0.140279459933373,0.186394027664835,0.140279459933373
578,0.539995796104345,0.257786672914962,0.243298519444439,0.213405068833102,0.177624558944457,0.140279459933373
703,0.612287594171303,0.233725581744281,0.198109430350217,0.237166246337142,0.151542367809210,0.169733635746363
169,0.450170855356869,0.140279459933373,0.140279459933373,0.198798498578782,0.152982630801945,0.14298348025674
168,0.419036311953547,0.140279459933373,0.176522456496951,0.222891426963376,0.147819407725247,0.179875784505171
900,0.641442262346675,0.291125967010989,0.289179343702615,0.254108759679802,0.212638240623736,0.213405068833102
922,0.664329550930648,0.359072414588444,0.347271459448055,0.271855157449252,0.211875157547888,0.158410531669826
901,0.612287594171303,0.233725581744281,0.242414171861771,0.236301613614802,0.145319498566922,0.142702524367706
708,0.554380296765044,0.41331732873535,0.353177756395209,0.316661303992259,0.205907447843523,0.190794809258731
806,0.597212308466731,0.222891426963376,0.261497815323131,0.227823271636467,0.158410531669826,0.140279459933373
920,0.633503788623644,0.325551793923222,0.277585234113443,0.290152214217331,0.196066256873814,0.190154027575454
791,0.633503788623644,0.245967461561916,0.200889639762023,0.238033800236652,0.149133866930996,0.155233599845476
715,0.622904705251892,0.26336509235663,0.269010148553487,0.26806502014066,0.166814026627726,0.188884569174318
992,0.670481068306923,0.314687276192053,0.287236372741756,0.232023448734304,0.23033379664679,0.169237834303805
791,0.644967683931748,0.244185541162083,0.251373586915138,0.280468392646033,0.172268685450245,0.173309128978783
161,0.45297556976512,0.140279459933373,0.190794809258731,0.160502026996677,0.140279459933373,0.152982630801945
756,0.630855615748439,0.264301525715948,0.222081350052879,0.296006914761259,0.140279459933373,0.159655442358187
892,0.63703309779987,0.296985336054750,0.302869127130412,0.266179795115631,0.190794809258731,0.142702524367706
229,0.581200590507501,0.174898448025698,0.208116557082828,0.154850743467635,0.164940248736627,0.16357228121085
656,0.660812526368302,0.276626749501763,0.269956905233921,0.245967461561916,0.167291481291287,0.185172899926102
790,0.660812526368302,0.212638240623736,0.234581247743386,0.287236372741756,0.176522456496951,0.140279459933373
838,0.59454741884471,0.231177046607856,0.260567046745838,0.143266847840142,0.171243398019944,0.158822198286243
418,0.450170855356869,0.164480729737195,0.168257318749387,0.185172899926102,0.147497624383717,0.165403320798019
803,0.618483198986599,0.261497815323131,0.221274744825972,0.228656878414890,0.186394027664835,0.178181472416481
773,0.63703309779987,0.333456768437105,0.323575487390111,0.244185541162083,0.228656878414890,0.172268685450245
161,0.463225147278761,0.160077057692081,0.174898448025698,0.175977245746161,0.160077057692081,0.150492979148870
229,0.43702685358426,0.182778757451073,0.209608564537159,0.200188610986799,0.149133866930996,0.140279459933373
743,0.595435874427052,0.359072414588444,0.324563618926047,0.352194131843378,0.205907447843523,0.217294683481912
688,0.568707020795868,0.285297304030371,0.212638240623736,0.299924552865763,0.175435913518267,0.147178535004063
903,0.629972659733243,0.260567046745838,0.226165913043895,0.26336509235663,0.140279459933373,0.140279459933373
903,0.634386284250911,0.282396577544332,0.255024990396885,0.249561781327291,0.154470991130581,0.140279459933373
846,0.649372161207369,0.249561781327291,0.233725581744281,0.258711437790672,0.174364837136968,0.190794809258731
280,0.640560644506718,0.158410531669826,0.190794809258731,0.174364837136968,0.140279459933373,0.169237834303805
847,0.631738455286738,0.258711437790672,0.260567046745838,0.275669606701894,0.140801836156987,0.142147774681471
204,0.659053485350326,0.246862287018223,0.168257318749387,0.317648619366148,0.330492731245164,0.187631241909896
314,0.458572851358513,0.170233153496669,0.185172899926102,0.185781454960399,0.156400988328558,0.142147774681471
823,0.62555609967103,0.238033800236652,0.238904240888872,0.245967461561916,0.169237834303805,0.160077057692081
369,0.702935295982236,0.255943411389996,0.232872971194181,0.359072414588444,0.358090854945044,0.237166246337142
166,0.495506422283226,0.140279459933373,0.203733362812729,0.180448444205294,0.140279459933373,0.153720720340875
657,0.585653817185493,0.238033800236652,0.211875157547888,0.227823271636467,0.140279459933373,0.183967824035887
864,0.611401966215199,0.255024990396885,0.252283020211930,0.208860644258667,0.178181472416481,0.157195124574254
420,0.543597713584787,0.208116557082828,0.229493730258852,0.234581247743386,0.179875784505171,0.140279459933373
786,0.654654294039608,0.255943411389996,0.251373586915138,0.292100571713878,0.168257318749387,0.158410531669826
159,0.455776216619560,0.163123316426449,0.182778757451073,0.174364837136968,0.140279459933373,0.140539522938054
346,0.441731771836077,0.146862120354825,0.169733635746363,0.196066256873814,0.140279459933373,0.147178535004063
749,0.585653817185493,0.260567046745838,0.244185541162083,0.244185541162083,0.187631241909896,0.161362102255135
301,0.456708871220304,0.16357228121085,0.156008702799071,0.212638240623736,0.148471133452426,0.152618104976752
830,0.648491465815105,0.23977753355553,0.23977753355553,0.204454144375473,0.168745733831007,0.141333283747465
794,0.588323660284695,0.427580548847338,0.418084423539314,0.439851241970584,0.359072414588444,0.336419918223748
770,0.626439652176295,0.215727826366646,0.200889639762023,0.240653643199231,0.164940248736627,0.155233599845476
654,0.5417972538608,0.286266334773665,0.266179795115631,0.226165913043895,0.172787005806565,0.192741366843982
345,0.423788147113161,0.146862120354825,0.214949882112267,0.186394027664835,0.145622826217966,0.140279459933373
632,0.595435874427052,0.232023448734304,0.232872971194181,0.269956905233921,0.140279459933373,0.160502026996677
702,0.587433883900336,0.215727826366646,0.208860644258667,0.207376318697083,0.190154027575454,0.140279459933373
842,0.66608754581422,0.26806502014066,0.228656878414890,0.305818349289740,0.175977245746161,0.16634019279706
676,0.639678919993987,0.242414171861771,0.259638241659144,0.196066256873814,0.156400988328558,0.182190212262849
795,0.622904705251892,0.241532534498303,0.226992939983781,0.253194757033311,0.182190212262849,0.191439626593958
748,0.599875784998553,0.215727826366646,0.198798498578782,0.198109430350217,0.166814026627726,0.146862120354825
689,0.61405843859737,0.386384998416716,0.372772455485757,0.299924552865763,0.255943411389996,0.200889639762023
862,0.63703309779987,0.257786672914962,0.282396577544332,0.173835068385563,0.156796455796649,0.188255890082703
619,0.602537880906253,0.224521889216861,0.200188610986799,0.211115838461421,0.140279459933373,0.172787005806565
377,0.518295090270738,0.190794809258731,0.140279459933373,0.214949882112267,0.16357228121085,0.167291481291287
817,0.597212308466731,0.204454144375473,0.238033800236652,0.208116557082828,0.151897993103576,0.140539522938054
818,0.628206394540431,0.254108759679802,0.259638241659144,0.215727826366646,0.170736402643872,0.140279459933373
778,0.612287594171303,0.244185541162083,0.206639944148685,0.258711437790672,0.171754154191287,0.160077057692081
687,0.62555609967103,0.221274744825972,0.226992939983781,0.227823271636467,0.166814026627726,0.187631241909896
730,0.629972659733243,0.292100571713878,0.219672052767678,0.256863984839407,0.172787005806565,0.147497624383717
643,0.621136485069615,0.242414171861771,0.199491561253654,0.238033800236652,0.147819407725247,0.140279459933373
641,0.57763477259731,0.215727826366646,0.186394027664835,0.217294683481912,0.140279459933373,0.16357228121085
892,0.664329550930648,0.301887051542692,0.291125967010989,0.244185541162083,0.176522456496951,0.149133866930996
829,0.635268667058686,0.255024990396885,0.229493730258852,0.254108759679802,0.169237834303805,0.151189670120080
698,0.61494365721071,0.255943411389996,0.229493730258852,0.257786672914962,0.140279459933373,0.166814026627726
668,0.621136485069615,0.253194757033311,0.224521889216861,0.255943411389996,0.185172899926102,0.185781454960399
809,0.636150937944643,0.250466494772263,0.241532534498303,0.202303599215116,0.152618104976752,0.148471133452426
728,0.626439652176295,0.248659484023583,0.240653643199231,0.214175622695954,0.184568357977156,0.167772573247934
769,0.629972659733243,0.253194757033311,0.248659484023583,0.247759640188542,0.161362102255135,0.154470991130581
720,0.579418047575081,0.23033379664679,0.233725581744281,0.244185541162083,0.144424803121843,0.140279459933373
156,0.382505251364152,0.182778757451073,0.168745733831007,0.191439626593958,0.160502026996677,0.193398287644562
814,0.62555609967103,0.264301525715948,0.274713840722163,0.242414171861771,0.140279459933373,0.194059239855938
835,0.641442262346675,0.269010148553487,0.271855157449252,0.232023448734304,0.151542367809210,0.172787005806565
963,0.65113325749733,0.299924552865763,0.269956905233921,0.283362392853609,0.173835068385563,0.147178535004063
771,0.634386284250911,0.253194757033311,0.252283020211930,0.251373586915138,0.146237238572002,0.164024746412181
690,0.634386284250911,0.223704949036996,0.253194757033311,0.226165913043895,0.148801114525785,0.190794809258731
377,0.435141512434088,0.188255890082703,0.216509434133377,0.14298348025674,0.145018731380577,0.16634019279706
828,0.613173084606865,0.215727826366646,0.226165913043895,0.235439936165745,0.166814026627726,0.165403320798019
623,0.628206394540431,0.300905518027404,0.266179795115631,0.291125967010989,0.16357228121085,0.171754154191287
329,0.415225700022613,0.154850743467635,0.207376318697083,0.140279459933373,0.162677834203278,0.140279459933373
682,0.630855615748439,0.222081350052879,0.246862287018223,0.176522456496951,0.181025063276694,0.161797245314680
723,0.606971725447777,0.327528205863718,0.296006914761259,0.295029198942614,0.185172899926102,0.165869963138432
776,0.647610671197383,0.247759640188542,0.225342219919308,0.258711437790672,0.150492979148870,0.140279459933373
245,0.601650667029677,0.166814026627726,0.178742307944130,0.192741366843982,0.174364837136968,0.159237162188545
631,0.621136485069615,0.259638241659144,0.244185541162083,0.237166246337142,0.174898448025698,0.152982630801945
681,0.607858057407542,0.23033379664679,0.243298519444439,0.243298519444439,0.195393227873188,0.140279459933373
374,0.458572851358513,0.163123316426449,0.199491561253654,0.177071557205383,0.168257318749387,0.140279459933373
807,0.606085249352797,0.198798498578782,0.182778757451073,0.284329312589461,0.162677834203278,0.140279459933373
731,0.606971725447777,0.226165913043895,0.245967461561916,0.193398287644562,0.160077057692081,0.145928733232941
661,0.61405843859737,0.215727826366646,0.227823271636467,0.190154027575454,0.167291481291287,0.140279459933373
225,0.664329550930648,0.198109430350217,0.150492979148870,0.379590352485876,0.395085382089401,0.228656878414890
709,0.607858057407542,0.246862287018223,0.262430509724191,0.203733362812729,0.178181472416481,0.146237238572002
694,0.598100289370352,0.229493730258852,0.249561781327291,0.182778757451073,0.151189670120080,0.164940248736627
758,0.608744246353995,0.235439936165745,0.212638240623736,0.228656878414890,0.16634019279706,0.187010622123131
640,0.58209159090975,0.23977753355553,0.190154027575454,0.247759640188542,0.158410531669826,0.140279459933373
878,0.65113325749733,0.274713840722163,0.241532534498303,0.236301613614802,0.186394027664835,0.140279459933373
761,0.635268667058686,0.294052217151829,0.284329312589461,0.278545025785751,0.171243398019944,0.176522456496951
693,0.574065981658382,0.233725581744281,0.225342219919308,0.217294683481912,0.156796455796649,0.141602453589765
881,0.623788627185174,0.269956905233921,0.247759640188542,0.290152214217331,0.185172899926102,0.158002143279100
735,0.586543936638165,0.282396577544332,0.257786672914962,0.286266334773665,0.178181472416481,0.16634019279706
854,0.644967683931748,0.250466494772263,0.238904240888872,0.217294683481912,0.177071557205383,0.140279459933373
852,0.621136485069615,0.244185541162083,0.256863984839407,0.214175622695954,0.167772573247934,0.158822198286243
904,0.63703309779987,0.297964434643167,0.242414171861771,0.284329312589461,0.158002143279100,0.175977245746161
738,0.616713692539713,0.269010148553487,0.219672052767678,0.246862287018223,0.178742307944130,0.168745733831007
789,0.628206394540431,0.248659484023583,0.238904240888872,0.269956905233921,0.160502026996677,0.140279459933373
726,0.598988114480156,0.232872971194181,0.260567046745838,0.200889639762023,0.214175622695954,0.188255890082703
705,0.58030940985411,0.215727826366646,0.181605650010004,0.228656878414890,0.148471133452426,0.180448444205294
807,0.652893966371437,0.271855157449252,0.245967461561916,0.255024990396885,0.205178843545358,0.182778757451073
644,0.599875784998553,0.222081350052879,0.254108759679802,0.213405068833102,0.167291481291287,0.140279459933373
813,0.62555609967103,0.259638241659144,0.233725581744281,0.218083551882790,0.149133866930996,0.195393227873188
752,0.601650667029677,0.287236372741756,0.259638241659144,0.270905253648299,0.166814026627726,0.140279459933373
725,0.618483198986599,0.280468392646033,0.213405068833102,0.290152214217331,0.164024746412181,0.174898448025698
665,0.611401966215199,0.242414171861771,0.192088479379025,0.297964434643167,0.143552645462116,0.182778757451073
746,0.605198627992826,0.229493730258852,0.164480729737195,0.255024990396885,0.168257318749387,0.164480729737195
771,0.635268667058686,0.281431899695417,0.256863984839407,0.302869127130412,0.140279459933373,0.156400988328558
666,0.482650905054512,0.192088479379025,0.216509434133377,0.155619579790919,0.179875784505171,0.140279459933373
773,0.619367756469412,0.226992939983781,0.23033379664679,0.222891426963376,0.176522456496951,0.140279459933373
602,0.598988114480156,0.285297304030371,0.247759640188542,0.284329312589461,0.209608564537159,0.188255890082703
638,0.623788627185174,0.232872971194181,0.243298519444439,0.242414171861771,0.182190212262849,0.16357228121085
664,0.598988114480156,0.23033379664679,0.205907447843523,0.247759640188542,0.167772573247934,0.140279459933373
732,0.633503788623644,0.227823271636467,0.262430509724191,0.184568357977156,0.146548361254107,0.188884569174318
760,0.631738455286738,0.266179795115631,0.249561781327291,0.258711437790672,0.173835068385563,0.175435913518267
258,0.359072414588444,0.185781454960399,0.159237162188545,0.210360301592275,0.185172899926102,0.190794809258731
365,0.437968797820157,0.174898448025698,0.146237238572002,0.216509434133377,0.156400988328558,0.167291481291287
197,0.568707020795868,0.186394027664835,0.222081350052879,0.153350162717428,0.177071557205383,0.143266847840142
341,0.43702685358426,0.158002143279100,0.170233153496669,0.23977753355553,0.140279459933373,0.140279459933373
769,0.646729776551258,0.249561781327291,0.241532534498303,0.259638241659144,0.169733635746363,0.181025063276694
409,0.467866722440866,0.176522456496951,0.187631241909896,0.247759640188542,0.161362102255135,0.145928733232941
889,0.613173084606865,0.253194757033311,0.245075200706715,0.242414171861771,0.175435913518267,0.178181472416481
754,0.604311860230174,0.280468392646033,0.222081350052879,0.26806502014066,0.177071557205383,0.140279459933373
851,0.655534316836593,0.260567046745838,0.264301525715948,0.205907447843523,0.220471637257467,0.197424363331222
785,0.628206394540431,0.26806502014066,0.26336509235663,0.226165913043895,0.152256565618780,0.142423961905656
885,0.65113325749733,0.292100571713878,0.265239772398733,0.296985336054750,0.162235816543637,0.16357228121085
323,0.430419611243593,0.178742307944130,0.171243398019944,0.182778757451073,0.16357228121085,0.193398287644562
777,0.622020658211421,0.240653643199231,0.207376318697083,0.231177046607856,0.14298348025674,0.189517281185082
947,0.675750628954486,0.270905253648299,0.253194757033311,0.23033379664679,0.205907447843523,0.183967824035887
733,0.661691913619881,0.276626749501763,0.298944182722262,0.197424363331222,0.185172899926102,0.182190212262849
370,0.447362019176649,0.172268685450245,0.140279459933373,0.255024990396885,0.140279459933373,0.140279459933373
325,0.457641082102348,0.188884569174318,0.174364837136968,0.224521889216861,0.149469410107982,0.174364837136968
334,0.439851241970584,0.167291481291287,0.168257318749387,0.210360301592275,0.153350162717428,0.148801114525785
167,0.509203854805391,0.140279459933373,0.140279459933373,0.226992939983781,0.140279459933373,0.158822198286243
765,0.653774177471793,0.293075998312143,0.312714190948075,0.276626749501763,0.210360301592275,0.207376318697083
843,0.631738455286738,0.242414171861771,0.265239772398733,0.205907447843523,0.206639944148685,0.140279459933373
587,0.601650667029677,0.224521889216861,0.218876016213984,0.229493730258852,0.158822198286243,0.200188610986799
727,0.606085249352797,0.218083551882790,0.238033800236652,0.207376318697083,0.161362102255135,0.149807763529887
872,0.645848781067736,0.290152214217331,0.256863984839407,0.231177046607856,0.194724220966719,0.161362102255135
889,0.637915147508898,0.226992939983781,0.216509434133377,0.279506090033501,0.140279459933373,0.175435913518267
438,0.549891666487745,0.355144025044986,0.305818349289740,0.294052217151829,0.212638240623736,0.168257318749387
762,0.629089586309926,0.237166246337142,0.266179795115631,0.199491561253654,0.148143904307162,0.14298348025674
830,0.596324170558622,0.306802338059224,0.281431899695417,0.248659484023583,0.173835068385563,0.212638240623736
684,0.610516199655431,0.245967461561916,0.213405068833102,0.265239772398733,0.178181472416481,0.162235816543637
661,0.581200590507501,0.310742219942023,0.253194757033311,0.275669606701894,0.164480729737195,0.192088479379025
603,0.605198627992826,0.200889639762023,0.202303599215116,0.227823271636467,0.175435913518267,0.16634019279706
752,0.627323083479833,0.257786672914962,0.199491561253654,0.232023448734304,0.174898448025698,0.140279459933373
760,0.631738455286738,0.267121556704060,0.203733362812729,0.26806502014066,0.140279459933373,0.166814026627726
577,0.608744246353995,0.249561781327291,0.238033800236652,0.226992939983781,0.172787005806565,0.190154027575454
864,0.613173084606865,0.200889639762023,0.237166246337142,0.218876016213984,0.140279459933373,0.153350162717428
789,0.637915147508898,0.282396577544332,0.261497815323131,0.253194757033311,0.164940248736627,0.179875784505171
876,0.620252184825136,0.303851718893881,0.315674182764382,0.286266334773665,0.16357228121085,0.170233153496669
317,0.652893966371437,0.241532534498303,0.234581247743386,0.189517281185082,0.155619579790919,0.171754154191287
151,0.440791745314472,0.140279459933373,0.184568357977156,0.143840891542185,0.146548361254107,0.156400988328558
831,0.645848781067736,0.267121556704060,0.242414171861771,0.252283020211930,0.179875784505171,0.172787005806565
657,0.613173084606865,0.210360301592275,0.179307075461499,0.265239772398733,0.149807763529887,0.140279459933373
706,0.606971725447777,0.272806580486754,0.236301613614802,0.267121556704060,0.143552645462116,0.147819407725247
896,0.649372161207369,0.289179343702615,0.282396577544332,0.296985336054750,0.196743303664015,0.186394027664835
777,0.606971725447777,0.231177046607856,0.244185541162083,0.197424363331222,0.160502026996677,0.198109430350217
771,0.521016538660012,0.200188610986799,0.213405068833102,0.206639944148685,0.140279459933373,0.140279459933373
662,0.598100289370352,0.236301613614802,0.198798498578782,0.217294683481912,0.142147774681471,0.144720505822661
654,0.573173308757861,0.209608564537159,0.189517281185082,0.226165913043895,0.192741366843982,0.159237162188545
792,0.620252184825136,0.26806502014066,0.220471637257467,0.288207386188063,0.140279459933373,0.156796455796649
356,0.435141512434088,0.180448444205294,0.170736402643872,0.232023448734304,0.156796455796649,0.168257318749387
789,0.642323774366231,0.261497815323131,0.248659484023583,0.224521889216861,0.163123316426449,0.163123316426449
817,0.633503788623644,0.244185541162083,0.273759486818862,0.215727826366646,0.167772573247934,0.192741366843982
741,0.618483198986599,0.258711437790672,0.243298519444439,0.244185541162083,0.174898448025698,0.171243398019944
740,0.644086484322101,0.232023448734304,0.223704949036996,0.256863984839407,0.151542367809210,0.190794809258731
753,0.626439652176295,0.305818349289740,0.221274744825972,0.286266334773665,0.16357228121085,0.140279459933373
614,0.591881082994116,0.298944182722262,0.296985336054750,0.242414171861771,0.194724220966719,0.157195124574254
308,0.43702685358426,0.168745733831007,0.140279459933373,0.186394027664835,0.140279459933373,0.144424803121843
785,0.619367756469412,0.235439936165745,0.272806580486754,0.192741366843982,0.181025063276694,0.200188610986799
779,0.635268667058686,0.276626749501763,0.262430509724191,0.212638240623736,0.210360301592275,0.188884569174318
950,0.663450425192382,0.309756707604237,0.327528205863718,0.290152214217331,0.180448444205294,0.173309128978783
695,0.61494365721071,0.197424363331222,0.214175622695954,0.270905253648299,0.151189670120080,0.140279459933373
906,0.624672424998259,0.271855157449252,0.222891426963376,0.267121556704060,0.148143904307162,0.146237238572002
577,0.621136485069615,0.197424363331222,0.175435913518267,0.272806580486754,0.141333283747465,0.156796455796649
748,0.641442262346675,0.257786672914962,0.270905253648299,0.241532534498303,0.182190212262849,0.170736402643872
244,0.636150937944643,0.231177046607856,0.152618104976752,0.33543232376894,0.372772455485757,0.240653643199231
843,0.635268667058686,0.252283020211930,0.245967461561916,0.248659484023583,0.162677834203278,0.178181472416481
714,0.658173830133798,0.270905253648299,0.281431899695417,0.231177046607856,0.162235816543637,0.167772573247934
412,0.443610401564419,0.177624558944457,0.202303599215116,0.179307075461499,0.185172899926102,0.140279459933373
641,0.573173308757861,0.298944182722262,0.258711437790672,0.310742219942023,0.182190212262849,0.191439626593958
807,0.608744246353995,0.228656878414890,0.26336509235663,0.232023448734304,0.178742307944130,0.140279459933373
478,0.59454741884471,0.41331732873535,0.306802338059224,0.348256569656263,0.210360301592275,0.160930368981928
761,0.644086484322101,0.273759486818862,0.257786672914962,0.264301525715948,0.198798498578782,0.161797245314680
822,0.606971725447777,0.288207386188063,0.269956905233921,0.313700605163659,0.156400988328558,0.202303599215116
836,0.615828741507218,0.252283020211930,0.195393227873188,0.23033379664679,0.199491561253654,0.158002143279100
782,0.660812526368302,0.277585234113443,0.235439936165745,0.276626749501763,0.156008702799071,0.209608564537159
830,0.665208590906176,0.269010148553487,0.241532534498303,0.302869127130412,0.140279459933373,0.16634019279706
853,0.617598511353537,0.223704949036996,0.231177046607856,0.221274744825972,0.174898448025698,0.142423961905656
719,0.600763302119727,0.256863984839407,0.233725581744281,0.233725581744281,0.164024746412181,0.217294683481912
679,0.604311860230174,0.240653643199231,0.236301613614802,0.247759640188542,0.185781454960399,0.167291481291287
583,0.592770024376564,0.254108759679802,0.251373586915138,0.236301613614802,0.190154027575454,0.140801836156987
698,0.600763302119727,0.279506090033501,0.271855157449252,0.275669606701894,0.242414171861771,0.196743303664015
780,0.632621179272578,0.245075200706715,0.232872971194181,0.185172899926102,0.179875784505171,0.140279459933373
620,0.598100289370352,0.227823271636467,0.219672052767678,0.188255890082703,0.149469410107982,0.140279459933373
955,0.629972659733243,0.289179343702615,0.252283020211930,0.226992939983781,0.191439626593958,0.198798498578782
213,0.624672424998259,0.167772573247934,0.140279459933373,0.51920253600366,0.568707020795868,0.408537424783786
760,0.620252184825136,0.220471637257467,0.227823271636467,0.222891426963376,0.151542367809210,0.190154027575454
800,0.615828741507218,0.269010148553487,0.208860644258667,0.262430509724191,0.153350162717428,0.188255890082703
805,0.62555609967103,0.248659484023583,0.203733362812729,0.272806580486754,0.140279459933373,0.196743303664015
883,0.649372161207369,0.283362392853609,0.216509434133377,0.211875157547888,0.203016510694019,0.143840891542185
708,0.628206394540431,0.228656878414890,0.206639944148685,0.23977753355553,0.151542367809210,0.194059239855938
351,0.440791745314472,0.175977245746161,0.193398287644562,0.149469410107982,0.140279459933373,0.154850743467635
616,0.606085249352797,0.254108759679802,0.260567046745838,0.255024990396885,0.179875784505171,0.140279459933373
694,0.617598511353537,0.243298519444439,0.233725581744281,0.238904240888872,0.162677834203278,0.179307075461499
703,0.608744246353995,0.244185541162083,0.208860644258667,0.252283020211930,0.165869963138432,0.140279459933373
403,0.453909567952752,0.185781454960399,0.181025063276694,0.196066256873814,0.145622826217966,0.172787005806565
761,0.622020658211421,0.220471637257467,0.205907447843523,0.231177046607856,0.16357228121085,0.168257318749387
176,0.536389829011528,0.140279459933373,0.160502026996677,0.234581247743386,0.151542367809210,0.140279459933373
694,0.593658802575914,0.233725581744281,0.238033800236652,0.243298519444439,0.140279459933373,0.169237834303805
618,0.612287594171303,0.23977753355553,0.229493730258852,0.194059239855938,0.146237238572002,0.149133866930996
758,0.653774177471793,0.269956905233921,0.217294683481912,0.256863984839407,0.164024746412181,0.188884569174318
824,0.646729776551258,0.271855157449252,0.226992939983781,0.296985336054750,0.146548361254107,0.165869963138432
673,0.585653817185493,0.271855157449252,0.238033800236652,0.219672052767678,0.177071557205383,0.140279459933373
856,0.653774177471793,0.26336509235663,0.23977753355553,0.293075998312143,0.140279459933373,0.168257318749387
216,0.486331294331022,0.333456768437105,0.225342219919308,0.506470348170507,0.535487690890414,0.389289635189169
801,0.63703309779987,0.251373586915138,0.199491561253654,0.26806502014066,0.161362102255135,0.171243398019944
412,0.696802403180819,0.283362392853609,0.231177046607856,0.330492731245164,0.353177756395209,0.215727826366646
772,0.639678919993987,0.232023448734304,0.218876016213984,0.222891426963376,0.179875784505171,0.151897993103576
890,0.618483198986599,0.222081350052879,0.244185541162083,0.217294683481912,0.181605650010004,0.151542367809210
277,0.450170855356869,0.211875157547888,0.170233153496669,0.223704949036996,0.150839880430613,0.141066417195949
752,0.643205181411445,0.248659484023583,0.242414171861771,0.257786672914962,0.143840891542185,0.141333283747465
616,0.573173308757861,0.267121556704060,0.238904240888872,0.291125967010989,0.175435913518267,0.172787005806565
659,0.546296562840502,0.311728055196152,0.286266334773665,0.303851718893881,0.172268685450245,0.166814026627726
839,0.645848781067736,0.275669606701894,0.245075200706715,0.270905253648299,0.161362102255135,0.149133866930996
817,0.630855615748439,0.252283020211930,0.248659484023583,0.238033800236652,0.148471133452426,0.161362102255135
793,0.597212308466731,0.228656878414890,0.248659484023583,0.218083551882790,0.159655442358187,0.164480729737195
258,0.437968797820157,0.180448444205294,0.151897993103576,0.214949882112267,0.144424803121843,0.154470991130581
828,0.613173084606865,0.241532534498303,0.201594638931909,0.286266334773665,0.140279459933373,0.154094323280450
728,0.601650667029677,0.243298519444439,0.23977753355553,0.198109430350217,0.177071557205383,0.167291481291287
828,0.607858057407542,0.221274744825972,0.198798498578782,0.251373586915138,0.157597013980819,0.140279459933373
783,0.62555609967103,0.257786672914962,0.233725581744281,0.266179795115631,0.157597013980819,0.143266847840142
238,0.610516199655431,0.178181472416481,0.199491561253654,0.172787005806565,0.160502026996677,0.155619579790919
843,0.615828741507218,0.224521889216861,0.213405068833102,0.203016510694019,0.218876016213984,0.185781454960399
706,0.629089586309926,0.300905518027404,0.275669606701894,0.246862287018223,0.214949882112267,0.175977245746161
174,0.489087655334828,0.159655442358187,0.185172899926102,0.178742307944130,0.141333283747465,0.143266847840142
917,0.606971725447777,0.258711437790672,0.211875157547888,0.26336509235663,0.168257318749387,0.144424803121843
713,0.612287594171303,0.238904240888872,0.187010622123131,0.269956905233921,0.152618104976752,0.140279459933373
716,0.600763302119727,0.216509434133377,0.248659484023583,0.265239772398733,0.140279459933373,0.190154027575454
567,0.598100289370352,0.235439936165745,0.194059239855938,0.250466494772263,0.162235816543637,0.153720720340875
732,0.617598511353537,0.236301613614802,0.232872971194181,0.202303599215116,0.156796455796649,0.172787005806565
789,0.637915147508898,0.272806580486754,0.267121556704060,0.271855157449252,0.144720505822661,0.143552645462116
500,0.658173830133798,0.224521889216861,0.218083551882790,0.312714190948075,0.266179795115631,0.143552645462116
916,0.600763302119727,0.288207386188063,0.300905518027404,0.190154027575454,0.222891426963376,0.16357228121085
566,0.648491465815105,0.295029198942614,0.269956905233921,0.285297304030371,0.256863984839407,0.171754154191287
699,0.620252184825136,0.259638241659144,0.251373586915138,0.216509434133377,0.146548361254107,0.161797245314680
726,0.611401966215199,0.241532534498303,0.203733362812729,0.257786672914962,0.140279459933373,0.161362102255135
743,0.596324170558622,0.234581247743386,0.198798498578782,0.280468392646033,0.160930368981928,0.201594638931909
787,0.646729776551258,0.271855157449252,0.253194757033311,0.271855157449252,0.184568357977156,0.192088479379025
739,0.624672424998259,0.238033800236652,0.259638241659144,0.215727826366646,0.140801836156987,0.152618104976752
651,0.557967132030868,0.304834801321944,0.289179343702615,0.243298519444439,0.161362102255135,0.178742307944130
673,0.630855615748439,0.231177046607856,0.236301613614802,0.23033379664679,0.164940248736627,0.168257318749387
744,0.595435874427052,0.262430509724191,0.242414171861771,0.259638241659144,0.208116557082828,0.149807763529887
620,0.609630293401202,0.225342219919308,0.250466494772263,0.160077057692081,0.191439626593958,0.162235816543637
785,0.630855615748439,0.254108759679802,0.260567046745838,0.249561781327291,0.167291481291287,0.162235816543637
744,0.636150937944643,0.241532534498303,0.264301525715948,0.219672052767678,0.179307075461499,0.140279459933373
685,0.627323083479833,0.428527399760189,0.385415796280043,0.390256851013871,0.294052217151829,0.208860644258667
184,0.550789853506805,0.159655442358187,0.178742307944130,0.214175622695954,0.172268685450245,0.162235816543637
937,0.67838435938152,0.286266334773665,0.202303599215116,0.270905253648299,0.168257318749387,0.159655442358187
721,0.63703309779987,0.238904240888872,0.222891426963376,0.235439936165745,0.205178843545358,0.140279459933373
779,0.623788627185174,0.240653643199231,0.206639944148685,0.281431899695417,0.149133866930996,0.210360301592275
654,0.564235724377818,0.277585234113443,0.250466494772263,0.293075998312143,0.169237834303805,0.140279459933373
413,0.430419611243593,0.155619579790919,0.217294683481912,0.163123316426449,0.140279459933373,0.140279459933373
781,0.624672424998259,0.264301525715948,0.247759640188542,0.244185541162083,0.146862120354825,0.152982630801945
411,0.630855615748439,0.265239772398733,0.232872971194181,0.26336509235663,0.190794809258731,0.153350162717428
917,0.638797087949753,0.320611530912211,0.280468392646033,0.331480818156256,0.189517281185082,0.181605650010004
950,0.652893966371437,0.285297304030371,0.227823271636467,0.256863984839407,0.170736402643872,0.190154027575454
742,0.634386284250911,0.255024990396885,0.222891426963376,0.258711437790672,0.157597013980819,0.149807763529887
651,0.593658802575914,0.188884569174318,0.248659484023583,0.241532534498303,0.16357228121085,0.159655442358187
977,0.65201365997105,0.345300444024283,0.308771540986705,0.286266334773665,0.171754154191287,0.205178843545358
695,0.616713692539713,0.255024990396885,0.217294683481912,0.231177046607856,0.152982630801945,0.149807763529887
762,0.629972659733243,0.240653643199231,0.226992939983781,0.222081350052879,0.150492979148870,0.154850743467635
861,0.600763302119727,0.283362392853609,0.274713840722163,0.276626749501763,0.196066256873814,0.209608564537159
801,0.633503788623644,0.243298519444439,0.213405068833102,0.248659484023583,0.168257318749387,0.140279459933373
836,0.592770024376564,0.275669606701894,0.237166246337142,0.266179795115631,0.158822198286243,0.158410531669826
825,0.602537880906253,0.213405068833102,0.190794809258731,0.260567046745838,0.142147774681471,0.140279459933373
733,0.598100289370352,0.23033379664679,0.214949882112267,0.205178843545358,0.200889639762023,0.140279459933373
703,0.642323774366231,0.254108759679802,0.236301613614802,0.250466494772263,0.208860644258667,0.140279459933373
826,0.626439652176295,0.241532534498303,0.266179795115631,0.158822198286243,0.187631241909896,0.140279459933373
851,0.629089586309926,0.235439936165745,0.214175622695954,0.273759486818862,0.140279459933373,0.169237834303805
798,0.652893966371437,0.277585234113443,0.257786672914962,0.246862287018223,0.189517281185082,0.149133866930996
717,0.600763302119727,0.269010148553487,0.228656878414890,0.286266334773665,0.154094323280450,0.169733635746363
694,0.619367756469412,0.226992939983781,0.181025063276694,0.267121556704060,0.173835068385563,0.141333283747465
779,0.621136485069615,0.270905253648299,0.240653643199231,0.271855157449252,0.179875784505171,0.172787005806565
779,0.629972659733243,0.237166246337142,0.168745733831007,0.310742219942023,0.140279459933373,0.140279459933373
1016,0.655534316836593,0.317648619366148,0.288207386188063,0.303851718893881,0.151897993103576,0.173835068385563
640,0.578526502286961,0.238033800236652,0.256863984839407,0.221274744825972,0.150492979148870,0.140279459933373
738,0.603424944919196,0.238904240888872,0.241532534498303,0.304834801321944,0.144720505822661,0.196066256873814
850,0.619367756469412,0.319623752397046,0.312714190948075,0.256863984839407,0.241532534498303,0.140279459933373
673,0.622904705251892,0.394120687044045,0.350225945404854,0.26806502014066,0.183967824035887,0.224521889216861
1004,0.624672424998259,0.270905253648299,0.301887051542692,0.23033379664679,0.218876016213984,0.179875784505171
690,0.629089586309926,0.226992939983781,0.196066256873814,0.222891426963376,0.164024746412181,0.16357228121085
831,0.618483198986599,0.250466494772263,0.244185541162083,0.243298519444439,0.157195124574254,0.140279459933373
771,0.611401966215199,0.254108759679802,0.235439936165745,0.278545025785751,0.177071557205383,0.140279459933373
648,0.576742857104671,0.214949882112267,0.227823271636467,0.208116557082828,0.140279459933373,0.140279459933373
680,0.603424944919196,0.222081350052879,0.228656878414890,0.218876016213984,0.197424363331222,0.140279459933373
378,0.440791745314472,0.148801114525785,0.226165913043895,0.187631241909896,0.148471133452426,0.140279459933373
384,0.459504181093247,0.163123316426449,0.158822198286243,0.226992939983781,0.140279459933373,0.177071557205383
816,0.633503788623644,0.236301613614802,0.233725581744281,0.257786672914962,0.156796455796649,0.152982630801945
582,0.598100289370352,0.218083551882790,0.247759640188542,0.186394027664835,0.181025063276694,0.140279459933373
753,0.588323660284695,0.297964434643167,0.287236372741756,0.259638241659144,0.200188610986799,0.152256565618780
781,0.621136485069615,0.248659484023583,0.235439936165745,0.277585234113443,0.151542367809210,0.154850743467635
372,0.435141512434088,0.154850743467635,0.170736402643872,0.217294683481912,0.141333283747465,0.154094323280450
368,0.437968797820157,0.183967824035887,0.154850743467635,0.238904240888872,0.140279459933373,0.162677834203278
771,0.61405843859737,0.272806580486754,0.234581247743386,0.236301613614802,0.155233599845476,0.170736402643872
711,0.612287594171303,0.245075200706715,0.260567046745838,0.23977753355553,0.157597013980819,0.183967824035887
347,0.44923503724365,0.179307075461499,0.157195124574254,0.203016510694019,0.150839880430613,0.185781454960399
759,0.636150937944643,0.244185541162083,0.203733362812729,0.252283020211930,0.176522456496951,0.142147774681471
760,0.597212308466731,0.219672052767678,0.237166246337142,0.218876016213984,0.178181472416481,0.148143904307162
775,0.636150937944643,0.259638241659144,0.234581247743386,0.237166246337142,0.178742307944130,0.155619579790919
675,0.572280442910804,0.283362392853609,0.253194757033311,0.241532534498303,0.201594638931909,0.167291481291287
808,0.626439652176295,0.255943411389996,0.245075200706715,0.231177046607856,0.177071557205383,0.164480729737195
792,0.622020658211421,0.221274744825972,0.222081350052879,0.228656878414890,0.178181472416481,0.177071557205383
770,0.628206394540431,0.240653643199231,0.23033379664679,0.231177046607856,0.154094323280450,0.140279459933373
571,0.566024855998128,0.264301525715948,0.240653643199231,0.258711437790672,0.168257318749387,0.170736402643872
870,0.644086484322101,0.266179795115631,0.259638241659144,0.237166246337142,0.213405068833102,0.170736402643872
809,0.621136485069615,0.266179795115631,0.258711437790672,0.202303599215116,0.169237834303805,0.181605650010004
807,0.642323774366231,0.254108759679802,0.280468392646033,0.272806580486754,0.167772573247934,0.140279459933373
926,0.622904705251892,0.236301613614802,0.280468392646033,0.151189670120080,0.178181472416481,0.141333283747465
706,0.560654953573793,0.282396577544332,0.260567046745838,0.203016510694019,0.182778757451073,0.143552645462116
168,0.487250452013843,0.161362102255135,0.186394027664835,0.174898448025698,0.158822198286243,0.149807763529887
304,0.643205181411445,0.233725581744281,0.212638240623736,0.339381807952053,0.375697185802696,0.246862287018223
699,0.642323774366231,0.265239772398733,0.237166246337142,0.257786672914962,0.182190212262849,0.150492979148870
784,0.599875784998553,0.211115838461421,0.210360301592275,0.245075200706715,0.160077057692081,0.172268685450245
758,0.597212308466731,0.220471637257467,0.243298519444439,0.231177046607856,0.140279459933373,0.140279459933373
776,0.61494365721071,0.253194757033311,0.245075200706715,0.228656878414890,0.140279459933373,0.140279459933373
611,0.56334084744967,0.273759486818862,0.250466494772263,0.256863984839407,0.172268685450245,0.206639944148685
738,0.642323774366231,0.229493730258852,0.224521889216861,0.265239772398733,0.174898448025698,0.140279459933373
724,0.605198627992826,0.210360301592275,0.225342219919308,0.198109430350217,0.172787005806565,0.140279459933373
708,0.591881082994116,0.232023448734304,0.201594638931909,0.246862287018223,0.171243398019944,0.166814026627726
316,0.442671323317129,0.151189670120080,0.185781454960399,0.183967824035887,0.142423961905656,0.177624558944457
707,0.579418047575081,0.267121556704060,0.277585234113443,0.238904240888872,0.153720720340875,0.178181472416481
626,0.598100289370352,0.245075200706715,0.204454144375473,0.266179795115631,0.202303599215116,0.140279459933373
816,0.601650667029677,0.250466494772263,0.269010148553487,0.196066256873814,0.194059239855938,0.140279459933373
740,0.637915147508898,0.238904240888872,0.259638241659144,0.219672052767678,0.146237238572002,0.156796455796649
865,0.633503788623644,0.234581247743386,0.202303599215116,0.274713840722163,0.140279459933373,0.174898448025698
676,0.58209159090975,0.224521889216861,0.226165913043895,0.197424363331222,0.151542367809210,0.140279459933373
331,0.445487145704544,0.208116557082828,0.165869963138432,0.220471637257467,0.151542367809210,0.152618104976752
730,0.629972659733243,0.278545025785751,0.242414171861771,0.242414171861771,0.16357228121085,0.177624558944457
885,0.620252184825136,0.297964434643167,0.264301525715948,0.303851718893881,0.152618104976752,0.175977245746161
794,0.630855615748439,0.279506090033501,0.255024990396885,0.267121556704060,0.148471133452426,0.178181472416481
380,0.414271770359505,0.153720720340875,0.151542367809210,0.223704949036996,0.145928733232941,0.181605650010004
760,0.633503788623644,0.213405068833102,0.265239772398733,0.190154027575454,0.164940248736627,0.140279459933373
852,0.62555609967103,0.260567046745838,0.222081350052879,0.247759640188542,0.140279459933373,0.185172899926102
759,0.624672424998259,0.220471637257467,0.200188610986799,0.224521889216861,0.177071557205383,0.162235816543637
914,0.657294084136253,0.255024990396885,0.255024990396885,0.259638241659144,0.140801836156987,0.213405068833102
327,0.434198112267997,0.166814026627726,0.161797245314680,0.218083551882790,0.145018731380577,0.16357228121085
616,0.601650667029677,0.218876016213984,0.207376318697083,0.262430509724191,0.148471133452426,0.178181472416481
547,0.464154311336516,0.184568357977156,0.184568357977156,0.183967824035887,0.157597013980819,0.147819407725247
727,0.666966416344732,0.313700605163659,0.297964434643167,0.283362392853609,0.205907447843523,0.204454144375473
695,0.617598511353537,0.299924552865763,0.255943411389996,0.292100571713878,0.140279459933373,0.140279459933373
734,0.61494365721071,0.242414171861771,0.256863984839407,0.244185541162083,0.205178843545358,0.204454144375473
720,0.618483198986599,0.228656878414890,0.243298519444439,0.218876016213984,0.156400988328558,0.158410531669826
818,0.642323774366231,0.283362392853609,0.273759486818862,0.282396577544332,0.150492979148870,0.212638240623736
646,0.597212308466731,0.229493730258852,0.199491561253654,0.220471637257467,0.186394027664835,0.179307075461499
651,0.616713692539713,0.212638240623736,0.207376318697083,0.251373586915138,0.140279459933373,0.174364837136968
838,0.671359527115958,0.302869127130412,0.292100571713878,0.283362392853609,0.177071557205383,0.157195124574254
852,0.644086484322101,0.237166246337142,0.280468392646033,0.198798498578782,0.157195124574254,0.154850743467635
373,0.442671323317129,0.144131604573628,0.172268685450245,0.170736402643872,0.151542367809210,0.182190212262849
738,0.615828741507218,0.286266334773665,0.279506090033501,0.271855157449252,0.179875784505171,0.192088479379025
867,0.634386284250911,0.251373586915138,0.233725581744281,0.225342219919308,0.191439626593958,0.185781454960399
688,0.605198627992826,0.233725581744281,0.179875784505171,0.206639944148685,0.140279459933373,0.167291481291287
675,0.629972659733243,0.241532534498303,0.249561781327291,0.232023448734304,0.173309128978783,0.150839880430613
878,0.643205181411445,0.248659484023583,0.210360301592275,0.285297304030371,0.140279459933373,0.142147774681471
946,0.608744246353995,0.255943411389996,0.226992939983781,0.266179795115631,0.185172899926102,0.140279459933373
645,0.701183347132507,0.190154027575454,0.191439626593958,0.197424363331222,0.161797245314680,0.160502026996677
426,0.479886604427388,0.185781454960399,0.234581247743386,0.177071557205383,0.182190212262849,0.185781454960399
919,0.690666407645512,0.304834801321944,0.308771540986705,0.287236372741756,0.211115838461421,0.176522456496951
791,0.640560644506718,0.288207386188063,0.276626749501763,0.269956905233921,0.186394027664835,0.150492979148870
805,0.640560644506718,0.26806502014066,0.256863984839407,0.218083551882790,0.183371292540019,0.151542367809210
708,0.578526502286961,0.271855157449252,0.272806580486754,0.253194757033311,0.181605650010004,0.187010622123131
680,0.595435874427052,0.207376318697083,0.247759640188542,0.243298519444439,0.160502026996677,0.196743303664015
681,0.620252184825136,0.248659484023583,0.223704949036996,0.253194757033311,0.183371292540019,0.140279459933373
735,0.598988114480156,0.219672052767678,0.227823271636467,0.241532534498303,0.157195124574254,0.146237238572002
704,0.58030940985411,0.234581247743386,0.235439936165745,0.211875157547888,0.151897993103576,0.140279459933373
894,0.652893966371437,0.26336509235663,0.241532534498303,0.188884569174318,0.156796455796649,0.211115838461421
966,0.633503788623644,0.243298519444439,0.247759640188542,0.232023448734304,0.158410531669826,0.140279459933373
961,0.656414246618719,0.282396577544332,0.269956905233921,0.266179795115631,0.192741366843982,0.164024746412181
783,0.666966416344732,0.332468835480985,0.309756707604237,0.258711437790672,0.228656878414890,0.140279459933373
476,0.453909567952752,0.198109430350217,0.206639944148685,0.194724220966719,0.140279459933373,0.187010622123131
412,0.444549008408857,0.199491561253654,0.165403320798019,0.193398287644562,0.140279459933373,0.160502026996677
718,0.631738455286738,0.269010148553487,0.215727826366646,0.301887051542692,0.181605650010004,0.140279459933373
861,0.630855615748439,0.270905253648299,0.240653643199231,0.223704949036996,0.188884569174318,0.140279459933373
807,0.624672424998259,0.290152214217331,0.291125967010989,0.258711437790672,0.211115838461421,0.153350162717428
382,0.592770024376564,0.273759486818862,0.290152214217331,0.164940248736627,0.167772573247934,0.146862120354825
662,0.634386284250911,0.231177046607856,0.189517281185082,0.217294683481912,0.164940248736627,0.146548361254107
924,0.641442262346675,0.271855157449252,0.237166246337142,0.253194757033311,0.182190212262849,0.181025063276694
858,0.630855615748439,0.254108759679802,0.266179795115631,0.255943411389996,0.155619579790919,0.154470991130581
782,0.622020658211421,0.265239772398733,0.271855157449252,0.186394027664835,0.152256565618780,0.188884569174318
867,0.645848781067736,0.272806580486754,0.232872971194181,0.233725581744281,0.166814026627726,0.155233599845476
253,0.442671323317129,0.198798498578782,0.192741366843982,0.204454144375473,0.160930368981928,0.203016510694019
353,0.445487145704544,0.193398287644562,0.178181472416481,0.221274744825972,0.145018731380577,0.140279459933373
714,0.622904705251892,0.205907447843523,0.199491561253654,0.255024990396885,0.160502026996677,0.188255890082703
187,0.566919113760625,0.140279459933373,0.189517281185082,0.210360301592275,0.140279459933373,0.166814026627726
883,0.610516199655431,0.265239772398733,0.219672052767678,0.274713840722163,0.162235816543637,0.160077057692081
233,0.598988114480156,0.140279459933373,0.164480729737195,0.208860644258667,0.140279459933373,0.157195124574254
945,0.616713692539713,0.244185541162083,0.254108759679802,0.172268685450245,0.172787005806565,0.179875784505171
789,0.610516199655431,0.231177046607856,0.186394027664835,0.260567046745838,0.169733635746363,0.183371292540019
996,0.645848781067736,0.26806502014066,0.274713840722163,0.224521889216861,0.140279459933373,0.187010622123131
865,0.607858057407542,0.289179343702615,0.266179795115631,0.267121556704060,0.213405068833102,0.173835068385563
757,0.617598511353537,0.267121556704060,0.23033379664679,0.261497815323131,0.178181472416481,0.140539522938054
861,0.63703309779987,0.273759486818862,0.280468392646033,0.258711437790672,0.159237162188545,0.184568357977156
934,0.600763302119727,0.233725581744281,0.180448444205294,0.277585234113443,0.185172899926102,0.187631241909896
814,0.623788627185174,0.23033379664679,0.250466494772263,0.225342219919308,0.185172899926102,0.180448444205294
775,0.613173084606865,0.269010148553487,0.26806502014066,0.226992939983781,0.225342219919308,0.205178843545358
811,0.604311860230174,0.223704949036996,0.238904240888872,0.214175622695954,0.182778757451073,0.188884569174318
782,0.619367756469412,0.255943411389996,0.232872971194181,0.261497815323131,0.181025063276694,0.173835068385563
785,0.655534316836593,0.255943411389996,0.250466494772263,0.218083551882790,0.153720720340875,0.146548361254107
844,0.62555609967103,0.306802338059224,0.285297304030371,0.295029198942614,0.185172899926102,0.140279459933373
574,0.624672424998259,0.262430509724191,0.225342219919308,0.251373586915138,0.179875784505171,0.140279459933373
831,0.613173084606865,0.252283020211930,0.207376318697083,0.255024990396885,0.193398287644562,0.192741366843982
789,0.656414246618719,0.467866722440866,0.446424815327873,0.428527399760189,0.339381807952053,0.312714190948075
727,0.612287594171303,0.255943411389996,0.251373586915138,0.209608564537159,0.195393227873188,0.192088479379025
691,0.617598511353537,0.229493730258852,0.203016510694019,0.259638241659144,0.140279459933373,0.154094323280450
311,0.487250452013843,0.192088479379025,0.227823271636467,0.156400988328558,0.178742307944130,0.161797245314680
797,0.622020658211421,0.250466494772263,0.240653643199231,0.278545025785751,0.143552645462116,0.206639944148685
180,0.5390946884908,0.140279459933373,0.185172899926102,0.185781454960399,0.146862120354825,0.140279459933373
917,0.613173084606865,0.316661303992259,0.302869127130412,0.305818349289740,0.168745733831007,0.170736402643872
828,0.642323774366231,0.257786672914962,0.254108759679802,0.262430509724191,0.180448444205294,0.150839880430613
278,0.43702685358426,0.189517281185082,0.182778757451073,0.176522456496951,0.140279459933373,0.167291481291287
805,0.606085249352797,0.23033379664679,0.214949882112267,0.248659484023583,0.168745733831007,0.140279459933373
758,0.61494365721071,0.222891426963376,0.151897993103576,0.267121556704060,0.158410531669826,0.174364837136968
783,0.638797087949753,0.255024990396885,0.271855157449252,0.238033800236652,0.189517281185082,0.179307075461499
815,0.636150937944643,0.270905253648299,0.197424363331222,0.277585234113443,0.140279459933373,0.185172899926102
800,0.607858057407542,0.267121556704060,0.26806502014066,0.248659484023583,0.260567046745838,0.194724220966719
767,0.623788627185174,0.26806502014066,0.241532534498303,0.227823271636467,0.196743303664015,0.183967824035887
806,0.644967683931748,0.295029198942614,0.274713840722163,0.302869127130412,0.176522456496951,0.215727826366646
831,0.624672424998259,0.286266334773665,0.278545025785751,0.269010148553487,0.211115838461421,0.140279459933373
772,0.607858057407542,0.251373586915138,0.222081350052879,0.236301613614802,0.164480729737195,0.159655442358187
340,0.448298759169222,0.175977245746161,0.179307075461499,0.210360301592275,0.156796455796649,0.172787005806565
631,0.632621179272578,0.245967461561916,0.205907447843523,0.264301525715948,0.140279459933373,0.166814026627726
809,0.629089586309926,0.278545025785751,0.255024990396885,0.260567046745838,0.179875784505171,0.158822198286243
889,0.665208590906176,0.534585290557682,0.51193448587976,0.510114381882143,0.40662186593712,0.354161056920203
836,0.639678919993987,0.251373586915138,0.259638241659144,0.225342219919308,0.185781454960399,0.140279459933373
858,0.603424944919196,0.309756707604237,0.283362392853609,0.301887051542692,0.185172899926102,0.201594638931909
290,0.664329550930648,0.260567046745838,0.211875157547888,0.310742219942023,0.290152214217331,0.197424363331222
783,0.612287594171303,0.266179795115631,0.220471637257467,0.279506090033501,0.174898448025698,0.157597013980819
293,0.478964395469008,0.185172899926102,0.195393227873188,0.222891426963376,0.159655442358187,0.145928733232941
928,0.639678919993987,0.271855157449252,0.290152214217331,0.266179795115631,0.212638240623736,0.191439626593958
831,0.622020658211421,0.287236372741756,0.275669606701894,0.253194757033311,0.169237834303805,0.159237162188545
813,0.620252184825136,0.243298519444439,0.237166246337142,0.280468392646033,0.153350162717428,0.163123316426449
650,0.569600673082815,0.237166246337142,0.218876016213984,0.232872971194181,0.160502026996677,0.178742307944130
666,0.599875784998553,0.243298519444439,0.238033800236652,0.258711437790672,0.181025063276694,0.179307075461499
869,0.670481068306923,0.265239772398733,0.282396577544332,0.216509434133377,0.200889639762023,0.140279459933373
889,0.654654294039608,0.275669606701894,0.26336509235663,0.226992939983781,0.167772573247934,0.141333283747465
830,0.616713692539713,0.255024990396885,0.226165913043895,0.236301613614802,0.161362102255135,0.144131604573628
659,0.674872565393281,0.467866722440866,0.439851241970584,0.402784577338547,0.33543232376894,0.242414171861771
711,0.608744246353995,0.238033800236652,0.264301525715948,0.174364837136968,0.173835068385563,0.176522456496951
188,0.565130393380684,0.165869963138432,0.180448444205294,0.169237834303805,0.140801836156987,0.157597013980819
749,0.621136485069615,0.232872971194181,0.240653643199231,0.258711437790672,0.140279459933373,0.183371292540019
799,0.644086484322101,0.225342219919308,0.174364837136968,0.260567046745838,0.145319498566922,0.173309128978783
675,0.605198627992826,0.227823271636467,0.238904240888872,0.205178843545358,0.184568357977156,0.167772573247934
171,0.512844066957349,0.16357228121085,0.140279459933373,0.213405068833102,0.142702524367706,0.140279459933373
650,0.619367756469412,0.213405068833102,0.238033800236652,0.192741366843982,0.16357228121085,0.147178535004063
666,0.59454741884471,0.231177046607856,0.188255890082703,0.232023448734304,0.164480729737195,0.140279459933373
834,0.624672424998259,0.240653643199231,0.284329312589461,0.214175622695954,0.155619579790919,0.148471133452426
928,0.608744246353995,0.331480818156256,0.284329312589461,0.295029198942614,0.202303599215116,0.194059239855938
778,0.611401966215199,0.232023448734304,0.247759640188542,0.233725581744281,0.16357228121085,0.161797245314680
683,0.602537880906253,0.246862287018223,0.250466494772263,0.232023448734304,0.150148946700048,0.141066417195949
771,0.622020658211421,0.241532534498303,0.225342219919308,0.254108759679802,0.179307075461499,0.140279459933373
912,0.682772413069105,0.267121556704060,0.276626749501763,0.243298519444439,0.181025063276694,0.150148946700048
799,0.622904705251892,0.246862287018223,0.256863984839407,0.269010148553487,0.178181472416481,0.154094323280450
338,0.427580548847338,0.222891426963376,0.192741366843982,0.240653643199231,0.246862287018223,0.245967461561916
735,0.638797087949753,0.238033800236652,0.237166246337142,0.190154027575454,0.163123316426449,0.163123316426449
827,0.647610671197383,0.274713840722163,0.246862287018223,0.226992939983781,0.168745733831007,0.177624558944457
808,0.646729776551258,0.291125967010989,0.229493730258852,0.275669606701894,0.156008702799071,0.211875157547888
745,0.617598511353537,0.254108759679802,0.206639944148685,0.26806502014066,0.196066256873814,0.140279459933373
820,0.628206394540431,0.258711437790672,0.227823271636467,0.255943411389996,0.189517281185082,0.203016510694019
938,0.665208590906176,0.314687276192053,0.283362392853609,0.310742219942023,0.153350162717428,0.183371292540019
867,0.601650667029677,0.362014841934518,0.343328438016707,0.271855157449252,0.217294683481912,0.161797245314680
872,0.658173830133798,0.351210191887716,0.32159942528535,0.314687276192053,0.226992939983781,0.152982630801945
871,0.65113325749733,0.289179343702615,0.258711437790672,0.289179343702615,0.152618104976752,0.238904240888872
967,0.653774177471793,0.310742219942023,0.283362392853609,0.299924552865763,0.200188610986799,0.201594638931909
672,0.610516199655431,0.244185541162083,0.23977753355553,0.250466494772263,0.172787005806565,0.164024746412181
373,0.441731771836077,0.159237162188545,0.183967824035887,0.214175622695954,0.140279459933373,0.179307075461499
780,0.626439652176295,0.240653643199231,0.255943411389996,0.224521889216861,0.180448444205294,0.140279459933373
823,0.611401966215199,0.265239772398733,0.244185541162083,0.209608564537159,0.196743303664015,0.194059239855938
699,0.644086484322101,0.231177046607856,0.241532534498303,0.252283020211930,0.173835068385563,0.150492979148870
778,0.630855615748439,0.238033800236652,0.245967461561916,0.241532534498303,0.154094323280450,0.149469410107982
277,0.443610401564419,0.194059239855938,0.194724220966719,0.206639944148685,0.140801836156987,0.140279459933373
770,0.655534316836593,0.26806502014066,0.276626749501763,0.216509434133377,0.203016510694019,0.164940248736627
695,0.641442262346675,0.244185541162083,0.235439936165745,0.251373586915138,0.158002143279100,0.16357228121085
865,0.642323774366231,0.246862287018223,0.214949882112267,0.229493730258852,0.154094323280450,0.140279459933373
698,0.674872565393281,0.305818349289740,0.274713840722163,0.275669606701894,0.200889639762023,0.155233599845476
983,0.670481068306923,0.291125967010989,0.231177046607856,0.309756707604237,0.167291481291287,0.16634019279706
757,0.63703309779987,0.248659484023583,0.261497815323131,0.252283020211930,0.140279459933373,0.140279459933373
459,0.422838791105066,0.190794809258731,0.153350162717428,0.228656878414890,0.140279459933373,0.140279459933373
283,0.450170855356869,0.158410531669826,0.192741366843982,0.191439626593958,0.16357228121085,0.145622826217966
968,0.639678919993987,0.265239772398733,0.293075998312143,0.218876016213984,0.141873944585676,0.152618104976752
694,0.592770024376564,0.233725581744281,0.214949882112267,0.271855157449252,0.185781454960399,0.140279459933373
790,0.626439652176295,0.311728055196152,0.251373586915138,0.287236372741756,0.154470991130581,0.160930368981928
717,0.644967683931748,0.270905253648299,0.219672052767678,0.294052217151829,0.171243398019944,0.179307075461499
877,0.607858057407542,0.278545025785751,0.255024990396885,0.243298519444439,0.175435913518267,0.160502026996677
745,0.637915147508898,0.255943411389996,0.257786672914962,0.214175622695954,0.16357228121085,0.147497624383717
167,0.504646384858735,0.145319498566922,0.188255890082703,0.175435913518267,0.140279459933373,0.140279459933373
756,0.607858057407542,0.226165913043895,0.217294683481912,0.214175622695954,0.162677834203278,0.182778757451073
675,0.604311860230174,0.285297304030371,0.272806580486754,0.208860644258667,0.205178843545358,0.140279459933373
266,0.39604956908159,0.178742307944130,0.199491561253654,0.146237238572002,0.160077057692081,0.140279459933373
742,0.606971725447777,0.23977753355553,0.229493730258852,0.266179795115631,0.147497624383717,0.174364837136968
555,0.590102705627282,0.250466494772263,0.245967461561916,0.251373586915138,0.172268685450245,0.174898448025698
780,0.628206394540431,0.264301525715948,0.248659484023583,0.237166246337142,0.171243398019944,0.191439626593958
842,0.642323774366231,0.269956905233921,0.213405068833102,0.274713840722163,0.176522456496951,0.162677834203278
204,0.623788627185174,0.234581247743386,0.194724220966719,0.32159942528535,0.350225945404854,0.242414171861771
397,0.482650905054512,0.147819407725247,0.202303599215116,0.187631241909896,0.140279459933373,0.167772573247934
655,0.588323660284695,0.202303599215116,0.228656878414890,0.212638240623736,0.177071557205383,0.140279459933373
556,0.606971725447777,0.310742219942023,0.295029198942614,0.282396577544332,0.229493730258852,0.170233153496669
530,0.57763477259731,0.295029198942614,0.320611530912211,0.274713840722163,0.208860644258667,0.167772573247934
708,0.598988114480156,0.253194757033311,0.202303599215116,0.248659484023583,0.16357228121085,0.165869963138432
783,0.619367756469412,0.236301613614802,0.254108759679802,0.215727826366646,0.163123316426449,0.169237834303805
953,0.609630293401202,0.245075200706715,0.244185541162083,0.248659484023583,0.161797245314680,0.179307075461499
737,0.618483198986599,0.222081350052879,0.232023448734304,0.226165913043895,0.182778757451073,0.194724220966719
858,0.643205181411445,0.294052217151829,0.249561781327291,0.300905518027404,0.151189670120080,0.167291481291287
726,0.622020658211421,0.232872971194181,0.217294683481912,0.182778757451073,0.161362102255135,0.159237162188545
917,0.606085249352797,0.274713840722163,0.283362392853609,0.271855157449252,0.177624558944457,0.192741366843982
164,0.352194131843378,0.140279459933373,0.159237162188545,0.220471637257467,0.157597013980819,0.170233153496669
777,0.659933050519219,0.277585234113443,0.264301525715948,0.228656878414890,0.146862120354825,0.157195124574254
271,0.474347434968947,0.143552645462116,0.172268685450245,0.231177046607856,0.165403320798019,0.141602453589765
835,0.615828741507218,0.246862287018223,0.244185541162083,0.261497815323131,0.172268685450245,0.200188610986799
774,0.607858057407542,0.208860644258667,0.198109430350217,0.260567046745838,0.151189670120080,0.187010622123131
775,0.595435874427052,0.301887051542692,0.284329312589461,0.302869127130412,0.172787005806565,0.168257318749387
415,0.423788147113161,0.154094323280450,0.179307075461499,0.213405068833102,0.145319498566922,0.168745733831007
923,0.622020658211421,0.249561781327291,0.291125967010989,0.198109430350217,0.179875784505171,0.170736402643872
756,0.603424944919196,0.245075200706715,0.234581247743386,0.240653643199231,0.140279459933373,0.180448444205294
832,0.640560644506718,0.271855157449252,0.258711437790672,0.214175622695954,0.192741366843982,0.174898448025698
172,0.516479299936916,0.140279459933373,0.140279459933373,0.203733362812729,0.143266847840142,0.161362102255135
533,0.6678452031824,0.215727826366646,0.235439936165745,0.201594638931909,0.148471133452426,0.140279459933373
693,0.579418047575081,0.208116557082828,0.183371292540019,0.250466494772263,0.16357228121085,0.147178535004063
745,0.643205181411445,0.232872971194181,0.219672052767678,0.275669606701894,0.140279459933373,0.164024746412181
289,0.425685350085428,0.172268685450245,0.143552645462116,0.153720720340875,0.140279459933373,0.140279459933373
810,0.647610671197383,0.26806502014066,0.262430509724191,0.281431899695417,0.187631241909896,0.191439626593958
872,0.650252758171119,0.310742219942023,0.323575487390111,0.277585234113443,0.202303599215116,0.233725581744281
820,0.636150937944643,0.254108759679802,0.283362392853609,0.190794809258731,0.179307075461499,0.185781454960399
327,0.436084425669404,0.190154027575454,0.155233599845476,0.214949882112267,0.140279459933373,0.158410531669826
759,0.626439652176295,0.293075998312143,0.273759486818862,0.205178843545358,0.209608564537159,0.207376318697083
841,0.643205181411445,0.257786672914962,0.245967461561916,0.258711437790672,0.152256565618780,0.148143904307162
800,0.609630293401202,0.260567046745838,0.23977753355553,0.254108759679802,0.165869963138432,0.160077057692081
1013,0.610516199655431,0.309756707604237,0.314687276192053,0.228656878414890,0.178181472416481,0.195393227873188
887,0.655534316836593,0.298944182722262,0.23033379664679,0.281431899695417,0.149469410107982,0.154470991130581
184,0.557967132030868,0.140279459933373,0.178181472416481,0.178181472416481,0.140279459933373,0.140279459933373
276,0.641442262346675,0.146862120354825,0.178742307944130,0.201594638931909,0.140279459933373,0.140279459933373
685,0.612287594171303,0.216509434133377,0.255943411389996,0.255024990396885,0.177624558944457,0.171754154191287
735,0.600763302119727,0.234581247743386,0.211875157547888,0.224521889216861,0.150839880430613,0.14298348025674
394,0.454843116219575,0.171243398019944,0.174364837136968,0.212638240623736,0.142702524367706,0.140279459933373
759,0.587433883900336,0.23033379664679,0.209608564537159,0.238904240888872,0.158822198286243,0.171243398019944
327,0.451106215483896,0.204454144375473,0.197424363331222,0.198798498578782,0.164024746412181,0.157597013980819
684,0.615828741507218,0.244185541162083,0.228656878414890,0.248659484023583,0.182190212262849,0.190794809258731
305,0.459504181093247,0.179307075461499,0.221274744825972,0.211875157547888,0.145928733232941,0.186394027664835
794,0.617598511353537,0.251373586915138,0.269956905233921,0.205178843545358,0.175977245746161,0.141873944585676
729,0.638797087949753,0.262430509724191,0.248659484023583,0.282396577544332,0.184568357977156,0.170233153496669
557,0.587433883900336,0.344314559496454,0.320611530912211,0.318636108753548,0.245075200706715,0.140279459933373
693,0.589213267095234,0.200889639762023,0.207376318697083,0.253194757033311,0.140279459933373,0.170736402643872
826,0.636150937944643,0.271855157449252,0.203016510694019,0.237166246337142,0.159655442358187,0.173309128978783
375,0.443610401564419,0.185781454960399,0.210360301592275,0.185172899926102,0.172787005806565,0.140539522938054
889,0.613173084606865,0.240653643199231,0.233725581744281,0.274713840722163,0.149807763529887,0.165403320798019
739,0.613173084606865,0.272806580486754,0.226165913043895,0.267121556704060,0.205178843545358,0.182190212262849
832,0.585653817185493,0.238033800236652,0.249561781327291,0.276626749501763,0.140279459933373,0.141066417195949
738,0.624672424998259,0.259638241659144,0.218083551882790,0.269010148553487,0.16634019279706,0.140279459933373
864,0.642323774366231,0.26806502014066,0.238033800236652,0.252283020211930,0.170233153496669,0.144720505822661
693,0.578526502286961,0.233725581744281,0.222891426963376,0.218876016213984,0.16357228121085,0.173835068385563
609,0.633503788623644,0.283362392853609,0.249561781327291,0.287236372741756,0.155233599845476,0.160930368981928
724,0.630855615748439,0.252283020211930,0.234581247743386,0.248659484023583,0.175435913518267,0.140279459933373
727,0.623788627185174,0.253194757033311,0.269010148553487,0.202303599215116,0.153350162717428,0.209608564537159
712,0.629089586309926,0.23977753355553,0.238033800236652,0.231177046607856,0.174364837136968,0.166814026627726
767,0.615828741507218,0.244185541162083,0.244185541162083,0.253194757033311,0.162677834203278,0.152618104976752
693,0.601650667029677,0.249561781327291,0.205178843545358,0.267121556704060,0.151897993103576,0.151542367809210
861,0.638797087949753,0.257786672914962,0.250466494772263,0.222081350052879,0.187631241909896,0.160077057692081
881,0.638797087949753,0.233725581744281,0.210360301592275,0.249561781327291,0.168257318749387,0.140279459933373
751,0.629089586309926,0.241532534498303,0.228656878414890,0.255024990396885,0.159655442358187,0.167291481291287
786,0.624672424998259,0.270905253648299,0.205907447843523,0.293075998312143,0.148471133452426,0.140279459933373
149,0.446424815327873,0.158002143279100,0.141873944585676,0.231177046607856,0.159237162188545,0.152982630801945
412,0.466011361565902,0.216509434133377,0.231177046607856,0.204454144375473,0.168257318749387,0.169237834303805
821,0.629089586309926,0.261497815323131,0.214175622695954,0.286266334773665,0.155233599845476,0.156796455796649
782,0.590102705627282,0.219672052767678,0.248659484023583,0.212638240623736,0.188884569174318,0.140279459933373
811,0.649372161207369,0.298944182722262,0.296985336054750,0.331480818156256,0.158822198286243,0.174364837136968
677,0.63703309779987,0.282396577544332,0.264301525715948,0.254108759679802,0.197424363331222,0.141066417195949
636,0.596324170558622,0.203733362812729,0.205907447843523,0.236301613614802,0.160502026996677,0.159237162188545
463,0.533682626160806,0.176522456496951,0.222891426963376,0.188884569174318,0.153720720340875,0.183967824035887
787,0.615828741507218,0.271855157449252,0.267121556704060,0.259638241659144,0.160077057692081,0.164024746412181
397,0.486331294331022,0.200188610986799,0.161362102255135,0.183967824035887,0.140279459933373,0.164480729737195
823,0.604311860230174,0.251373586915138,0.195393227873188,0.252283020211930,0.162235816543637,0.150148946700048
988,0.649372161207369,0.313700605163659,0.259638241659144,0.310742219942023,0.225342219919308,0.203016510694019
667,0.587433883900336,0.260567046745838,0.283362392853609,0.228656878414890,0.182190212262849,0.164024746412181
675,0.638797087949753,0.259638241659144,0.270905253648299,0.231177046607856,0.143552645462116,0.175977245746161
270,0.672237905577799,0.215727826366646,0.216509434133377,0.282396577544332,0.350225945404854,0.207376318697083
641,0.586543936638165,0.288207386188063,0.260567046745838,0.293075998312143,0.179875784505171,0.158822198286243
833,0.65201365997105,0.286266334773665,0.250466494772263,0.243298519444439,0.196066256873814,0.171754154191287
942,0.666966416344732,0.284329312589461,0.290152214217331,0.23033379664679,0.208860644258667,0.140539522938054
634,0.617598511353537,0.374722731821464,0.341355528691973,0.344314559496454,0.252283020211930,0.180448444205294
742,0.613173084606865,0.251373586915138,0.252283020211930,0.245967461561916,0.182778757451073,0.178742307944130
636,0.621136485069615,0.242414171861771,0.200889639762023,0.245075200706715,0.173309128978783,0.176522456496951
585,0.664329550930648,0.322587416871138,0.294052217151829,0.291125967010989,0.229493730258852,0.217294683481912
662,0.63703309779987,0.279506090033501,0.245075200706715,0.269010148553487,0.196743303664015,0.140279459933373
875,0.650252758171119,0.32950458986508,0.281431899695417,0.283362392853609,0.211115838461421,0.194724220966719
841,0.645848781067736,0.259638241659144,0.244185541162083,0.282396577544332,0.140279459933373,0.160930368981928
847,0.611401966215199,0.242414171861771,0.193398287644562,0.281431899695417,0.158822198286243,0.140279459933373
835,0.639678919993987,0.272806580486754,0.226992939983781,0.296985336054750,0.148471133452426,0.149133866930996
731,0.596324170558622,0.270905253648299,0.198798498578782,0.238033800236652,0.186394027664835,0.157195124574254
738,0.615828741507218,0.225342219919308,0.238904240888872,0.190794809258731,0.164480729737195,0.140279459933373
826,0.640560644506718,0.242414171861771,0.205178843545358,0.254108759679802,0.156796455796649,0.159237162188545
724,0.631738455286738,0.257786672914962,0.220471637257467,0.277585234113443,0.140279459933373,0.159655442358187
630,0.629089586309926,0.231177046607856,0.241532534498303,0.216509434133377,0.179307075461499,0.161362102255135
733,0.661691913619881,0.258711437790672,0.255943411389996,0.238033800236652,0.175977245746161,0.145928733232941
169,0.501907959152939,0.140279459933373,0.140279459933373,0.173835068385563,0.161797245314680,0.16634019279706
809,0.649372161207369,0.253194757033311,0.251373586915138,0.242414171861771,0.174898448025698,0.203733362812729
680,0.609630293401202,0.234581247743386,0.269010148553487,0.189517281185082,0.172787005806565,0.171243398019944
786,0.626439652176295,0.267121556704060,0.203016510694019,0.275669606701894,0.148471133452426,0.167291481291287
789,0.599875784998553,0.262430509724191,0.259638241659144,0.185172899926102,0.156008702799071,0.180448444205294
718,0.647610671197383,0.241532534498303,0.247759640188542,0.238904240888872,0.182190212262849,0.179307075461499
400,0.588323660284695,0.319623752397046,0.261497815323131,0.283362392853609,0.196066256873814,0.181605650010004
694,0.623788627185174,0.251373586915138,0.190154027575454,0.273759486818862,0.150148946700048,0.177624558944457
992,0.619367756469412,0.240653643199231,0.269956905233921,0.235439936165745,0.181025063276694,0.174898448025698
890,0.616713692539713,0.281431899695417,0.253194757033311,0.272806580486754,0.172268685450245,0.211115838461421
680,0.650252758171119,0.240653643199231,0.207376318697083,0.258711437790672,0.166814026627726,0.140279459933373
742,0.638797087949753,0.26336509235663,0.238904240888872,0.233725581744281,0.164940248736627,0.159655442358187
723,0.632621179272578,0.258711437790672,0.254108759679802,0.256863984839407,0.140279459933373,0.171243398019944
757,0.607858057407542,0.271855157449252,0.254108759679802,0.26806502014066,0.167772573247934,0.214175622695954
158,0.567813168189284,0.23977753355553,0.265239772398733,0.264301525715948,0.145018731380577,0.149469410107982
606,0.601650667029677,0.267121556704060,0.233725581744281,0.261497815323131,0.190794809258731,0.183967824035887
773,0.59099197716754,0.226165913043895,0.23977753355553,0.182778757451073,0.167772573247934,0.175435913518267
755,0.622020658211421,0.270905253648299,0.246862287018223,0.226992939983781,0.222891426963376,0.140279459933373
859,0.615828741507218,0.258711437790672,0.289179343702615,0.212638240623736,0.179875784505171,0.150492979148870
713,0.617598511353537,0.23033379664679,0.245967461561916,0.200188610986799,0.195393227873188,0.178181472416481
603,0.602537880906253,0.23033379664679,0.200188610986799,0.248659484023583,0.177624558944457,0.140279459933373
763,0.617598511353537,0.233725581744281,0.23977753355553,0.217294683481912,0.176522456496951,0.177071557205383
361,0.442671323317129,0.16357228121085,0.192088479379025,0.228656878414890,0.143840891542185,0.186394027664835
707,0.593658802575914,0.234581247743386,0.218083551882790,0.214949882112267,0.158822198286243,0.156400988328558
376,0.432309844864813,0.165403320798019,0.203016510694019,0.185781454960399,0.141602453589765,0.140279459933373
670,0.600763302119727,0.250466494772263,0.211115838461421,0.245075200706715,0.192088479379025,0.143552645462116
207,0.671359527115958,0.205907447843523,0.226992939983781,0.354161056920203,0.40182397040703,0.267121556704060
864,0.630855615748439,0.267121556704060,0.241532534498303,0.274713840722163,0.156400988328558,0.157597013980819
638,0.632621179272578,0.257786672914962,0.226165913043895,0.269010148553487,0.162677834203278,0.164940248736627
804,0.658173830133798,0.284329312589461,0.255024990396885,0.233725581744281,0.198798498578782,0.147178535004063
339,0.668723907006677,0.407579902497849,0.393155485097713,0.448298759169222,0.42188893060604,0.358090854945044
829,0.606971725447777,0.238904240888872,0.210360301592275,0.251373586915138,0.140801836156987,0.180448444205294
185,0.552585532749393,0.152256565618780,0.164024746412181,0.187010622123131,0.140279459933373,0.160502026996677
821,0.615828741507218,0.279506090033501,0.265239772398733,0.289179343702615,0.201594638931909,0.177071557205383
823,0.681894949187986,0.265239772398733,0.214175622695954,0.283362392853609,0.148143904307162,0.167291481291287
819,0.644967683931748,0.246862287018223,0.266179795115631,0.188255890082703,0.145018731380577,0.199491561253654
853,0.62555609967103,0.259638241659144,0.283362392853609,0.189517281185082,0.180448444205294,0.161362102255135
813,0.628206394540431,0.241532534498303,0.256863984839407,0.250466494772263,0.173835068385563,0.172787005806565
291,0.380562464597876,0.146548361254107,0.169237834303805,0.181025063276694,0.140279459933373,0.168257318749387
396,0.489087655334828,0.211115838461421,0.185781454960399,0.212638240623736,0.179875784505171,0.200889639762023
873,0.645848781067736,0.270905253648299,0.248659484023583,0.259638241659144,0.140539522938054,0.152256565618780
644,0.582982412426427,0.232872971194181,0.195393227873188,0.218876016213984,0.169733635746363,0.140279459933373
834,0.658173830133798,0.259638241659144,0.259638241659144,0.223704949036996,0.160930368981928,0.16634019279706
731,0.679262118185675,0.324563618926047,0.322587416871138,0.332468835480985,0.217294683481912,0.164024746412181
901,0.61494365721071,0.305818349289740,0.282396577544332,0.302869127130412,0.182778757451073,0.206639944148685
752,0.620252184825136,0.248659484023583,0.270905253648299,0.225342219919308,0.140279459933373,0.147178535004063
518,0.510114381882143,0.214175622695954,0.225342219919308,0.214175622695954,0.187631241909896,0.178181472416481
883,0.659053485350326,0.333456768437105,0.315674182764382,0.32950458986508,0.222081350052879,0.188255890082703
723,0.578526502286961,0.208860644258667,0.187010622123131,0.246862287018223,0.158822198286243,0.149133866930996
754,0.622904705251892,0.238033800236652,0.255943411389996,0.255943411389996,0.16357228121085,0.162677834203278
843,0.602537880906253,0.303851718893881,0.280468392646033,0.332468835480985,0.170736402643872,0.189517281185082
758,0.609630293401202,0.363974517009122,0.346286080835727,0.303851718893881,0.187631241909896,0.179875784505171
836,0.630855615748439,0.261497815323131,0.219672052767678,0.235439936165745,0.173835068385563,0.165869963138432
176,0.380562464597876,0.140279459933373,0.155233599845476,0.178181472416481,0.143266847840142,0.177624558944457
644,0.601650667029677,0.277585234113443,0.264301525715948,0.299924552865763,0.156400988328558,0.140279459933373
761,0.59454741884471,0.213405068833102,0.183371292540019,0.234581247743386,0.142423961905656,0.156008702799071
711,0.600763302119727,0.214175622695954,0.270905253648299,0.188255890082703,0.206639944148685,0.140279459933373
768,0.624672424998259,0.266179795115631,0.221274744825972,0.26806502014066,0.179875784505171,0.162235816543637
843,0.609630293401202,0.240653643199231,0.232023448734304,0.259638241659144,0.145622826217966,0.151897993103576
797,0.607858057407542,0.242414171861771,0.245075200706715,0.182190212262849,0.140279459933373,0.140539522938054
664,0.59099197716754,0.202303599215116,0.233725581744281,0.175977245746161,0.140279459933373,0.145928733232941
939,0.617598511353537,0.249561781327291,0.208116557082828,0.273759486818862,0.142423961905656,0.163123316426449
678,0.59454741884471,0.231177046607856,0.186394027664835,0.259638241659144,0.181025063276694,0.143840891542185
251,0.468793774829766,0.182778757451073,0.183967824035887,0.209608564537159,0.154850743467635,0.154850743467635
836,0.632621179272578,0.237166246337142,0.197424363331222,0.256863984839407,0.171754154191287,0.199491561253654
722,0.638797087949753,0.26806502014066,0.281431899695417,0.258711437790672,0.252283020211930,0.23977753355553
707,0.618483198986599,0.258711437790672,0.247759640188542,0.234581247743386,0.147819407725247,0.140279459933373
702,0.607858057407542,0.254108759679802,0.205178843545358,0.232872971194181,0.182190212262849,0.205907447843523
787,0.646729776551258,0.266179795115631,0.244185541162083,0.26806502014066,0.167291481291287,0.140279459933373
687,0.58209159090975,0.257786672914962,0.271855157449252,0.160502026996677,0.182190212262849,0.160502026996677
787,0.612287594171303,0.245075200706715,0.238904240888872,0.242414171861771,0.161797245314680,0.168257318749387
830,0.62555609967103,0.238904240888872,0.286266334773665,0.256863984839407,0.147178535004063,0.148143904307162
855,0.640560644506718,0.273759486818862,0.257786672914962,0.249561781327291,0.162677834203278,0.198109430350217
344,0.470646634478409,0.157597013980819,0.164480729737195,0.211875157547888,0.143266847840142,0.206639944148685
817,0.601650667029677,0.262430509724191,0.248659484023583,0.245075200706715,0.169733635746363,0.185781454960399
868,0.672237905577799,0.265239772398733,0.278545025785751,0.160502026996677,0.209608564537159,0.150492979148870
789,0.641442262346675,0.260567046745838,0.245075200706715,0.269010148553487,0.196066256873814,0.211115838461421
984,0.642323774366231,0.300905518027404,0.303851718893881,0.255943411389996,0.170233153496669,0.192741366843982
840,0.629972659733243,0.251373586915138,0.216509434133377,0.262430509724191,0.188255890082703,0.155233599845476
637,0.591881082994116,0.211115838461421,0.188255890082703,0.217294683481912,0.140801836156987,0.155619579790919
762,0.636150937944643,0.270905253648299,0.224521889216861,0.245967461561916,0.174364837136968,0.200188610986799
775,0.632621179272578,0.245075200706715,0.225342219919308,0.248659484023583,0.177071557205383,0.155619579790919
406,0.583873056414207,0.213405068833102,0.233725581744281,0.229493730258852,0.194724220966719,0.191439626593958
343,0.386384998416716,0.161797245314680,0.150492979148870,0.227823271636467,0.140279459933373,0.149469410107982
811,0.638797087949753,0.269956905233921,0.244185541162083,0.280468392646033,0.154094323280450,0.179307075461499
679,0.569600673082815,0.264301525715948,0.250466494772263,0.265239772398733,0.168257318749387,0.154470991130581
887,0.631738455286738,0.271855157449252,0.250466494772263,0.283362392853609,0.185172899926102,0.177624558944457
563,0.554380296765044,0.308771540986705,0.26336509235663,0.292100571713878,0.162677834203278,0.154094323280450
751,0.602537880906253,0.220471637257467,0.234581247743386,0.215727826366646,0.157597013980819,0.154094323280450
160,0.445487145704544,0.146862120354825,0.188255890082703,0.177071557205383,0.155619579790919,0.167772573247934
765,0.617598511353537,0.246862287018223,0.231177046607856,0.237166246337142,0.151189670120080,0.152256565618780
309,0.404704249910189,0.150148946700048,0.140279459933373,0.182778757451073,0.155233599845476,0.174898448025698
719,0.611401966215199,0.232872971194181,0.245075200706715,0.200188610986799,0.178742307944130,0.179875784505171
858,0.634386284250911,0.254108759679802,0.217294683481912,0.23977753355553,0.162235816543637,0.145319498566922
746,0.59454741884471,0.211875157547888,0.226165913043895,0.225342219919308,0.165869963138432,0.164024746412181
152,0.441731771836077,0.160930368981928,0.140279459933373,0.231177046607856,0.140279459933373,0.181025063276694
785,0.582982412426427,0.264301525715948,0.236301613614802,0.273759486818862,0.188884569174318,0.197424363331222
947,0.657294084136253,0.243298519444439,0.214175622695954,0.273759486818862,0.143840891542185,0.160502026996677
867,0.593658802575914,0.242414171861771,0.200889639762023,0.253194757033311,0.156400988328558,0.169237834303805
790,0.622904705251892,0.267121556704060,0.217294683481912,0.308771540986705,0.140279459933373,0.161362102255135
769,0.582982412426427,0.228656878414890,0.215727826366646,0.238033800236652,0.177071557205383,0.151189670120080
609,0.59454741884471,0.384446102799712,0.358090854945044,0.342342090635241,0.284329312589461,0.184568357977156
964,0.671359527115958,0.285297304030371,0.253194757033311,0.274713840722163,0.192741366843982,0.154094323280450
863,0.65113325749733,0.253194757033311,0.272806580486754,0.193398287644562,0.199491561253654,0.208116557082828
389,0.45297556976512,0.233725581744281,0.265239772398733,0.229493730258852,0.179875784505171,0.159237162188545
810,0.634386284250911,0.235439936165745,0.227823271636467,0.257786672914962,0.197424363331222,0.149469410107982
758,0.629972659733243,0.257786672914962,0.235439936165745,0.198798498578782,0.168745733831007,0.140279459933373
772,0.645848781067736,0.275669606701894,0.255943411389996,0.264301525715948,0.185781454960399,0.140279459933373
786,0.640560644506718,0.238904240888872,0.194724220966719,0.303851718893881,0.148143904307162,0.173835068385563
754,0.609630293401202,0.284329312589461,0.234581247743386,0.302869127130412,0.176522456496951,0.167772573247934
771,0.677506525321988,0.269010148553487,0.275669606701894,0.235439936165745,0.171243398019944,0.167291481291287
277,0.471572446139952,0.172787005806565,0.159655442358187,0.225342219919308,0.144720505822661,0.148471133452426
674,0.636150937944643,0.251373586915138,0.23033379664679,0.247759640188542,0.151542367809210,0.164024746412181
788,0.68364980472056,0.276626749501763,0.168745733831007,0.292100571713878,0.140279459933373,0.160502026996677
764,0.641442262346675,0.253194757033311,0.201594638931909,0.260567046745838,0.168745733831007,0.182778757451073
565,0.604311860230174,0.231177046607856,0.259638241659144,0.188255890082703,0.172268685450245,0.182778757451073
619,0.557070755717787,0.270905253648299,0.261497815323131,0.220471637257467,0.166814026627726,0.174364837136968
897,0.668723907006677,0.285297304030371,0.232023448734304,0.286266334773665,0.162677834203278,0.149133866930996
645,0.630855615748439,0.248659484023583,0.249561781327291,0.204454144375473,0.164024746412181,0.147819407725247
184,0.548993245617665,0.168745733831007,0.173309128978783,0.174898448025698,0.140279459933373,0.140279459933373
773,0.616713692539713,0.249561781327291,0.233725581744281,0.255024990396885,0.165403320798019,0.215727826366646
776,0.629089586309926,0.253194757033311,0.260567046745838,0.208116557082828,0.167291481291287,0.160930368981928
842,0.628206394540431,0.245075200706715,0.222081350052879,0.251373586915138,0.183371292540019,0.158002143279100
744,0.617598511353537,0.218083551882790,0.222891426963376,0.237166246337142,0.14298348025674,0.157195124574254
748,0.627323083479833,0.241532534498303,0.222081350052879,0.274713840722163,0.140279459933373,0.164024746412181
760,0.605198627992826,0.23033379664679,0.234581247743386,0.224521889216861,0.183967824035887,0.140279459933373
781,0.609630293401202,0.224521889216861,0.233725581744281,0.180448444205294,0.194059239855938,0.161362102255135
721,0.598100289370352,0.249561781327291,0.171754154191287,0.254108759679802,0.147819407725247,0.140279459933373
798,0.632621179272578,0.269010148553487,0.278545025785751,0.215727826366646,0.173309128978783,0.205178843545358
699,0.623788627185174,0.233725581744281,0.195393227873188,0.249561781327291,0.160930368981928,0.140279459933373
650,0.626439652176295,0.200188610986799,0.214175622695954,0.220471637257467,0.150839880430613,0.149469410107982
888,0.616713692539713,0.296985336054750,0.278545025785751,0.291125967010989,0.221274744825972,0.181025063276694
889,0.63703309779987,0.298944182722262,0.280468392646033,0.258711437790672,0.151189670120080,0.153350162717428
782,0.608744246353995,0.254108759679802,0.253194757033311,0.267121556704060,0.188255890082703,0.152256565618780
344,0.455776216619560,0.174364837136968,0.203016510694019,0.212638240623736,0.140279459933373,0.151189670120080
327,0.40182397040703,0.158002143279100,0.140279459933373,0.225342219919308,0.140279459933373,0.140279459933373
630,0.615828741507218,0.245075200706715,0.26806502014066,0.162677834203278,0.179307075461499,0.217294683481912
767,0.63703309779987,0.288207386188063,0.269010148553487,0.264301525715948,0.211875157547888,0.182190212262849
739,0.619367756469412,0.245967461561916,0.204454144375473,0.243298519444439,0.154850743467635,0.140279459933373
881,0.643205181411445,0.255943411389996,0.242414171861771,0.246862287018223,0.153720720340875,0.140279459933373
843,0.6678452031824,0.290152214217331,0.259638241659144,0.283362392853609,0.162677834203278,0.159237162188545
689,0.610516199655431,0.222081350052879,0.225342219919308,0.206639944148685,0.187010622123131,0.183371292540019
744,0.6678452031824,0.261497815323131,0.253194757033311,0.226165913043895,0.160502026996677,0.175977245746161
792,0.63703309779987,0.279506090033501,0.289179343702615,0.246862287018223,0.195393227873188,0.176522456496951
359,0.454843116219575,0.177624558944457,0.181605650010004,0.213405068833102,0.140279459933373,0.140279459933373
742,0.619367756469412,0.231177046607856,0.254108759679802,0.233725581744281,0.162677834203278,0.186394027664835
334,0.43702685358426,0.212638240623736,0.172268685450245,0.253194757033311,0.147178535004063,0.140279459933373
363,0.442671323317129,0.175977245746161,0.156796455796649,0.218876016213984,0.140279459933373,0.140279459933373
877,0.684527124733494,0.296006914761259,0.255024990396885,0.236301613614802,0.176522456496951,0.140279459933373
644,0.629972659733243,0.246862287018223,0.232872971194181,0.241532534498303,0.160077057692081,0.148801114525785
849,0.652893966371437,0.248659484023583,0.236301613614802,0.244185541162083,0.179875784505171,0.182190212262849
452,0.451106215483896,0.186394027664835,0.219672052767678,0.166814026627726,0.147178535004063,0.140279459933373
725,0.636150937944643,0.267121556704060,0.244185541162083,0.208860644258667,0.183371292540019,0.142423961905656
815,0.63703309779987,0.258711437790672,0.238033800236652,0.229493730258852,0.176522456496951,0.148801114525785
169,0.502821101328797,0.187010622123131,0.244185541162083,0.140801836156987,0.205907447843523,0.173835068385563
783,0.629972659733243,0.23977753355553,0.254108759679802,0.244185541162083,0.149469410107982,0.166814026627726
697,0.626439652176295,0.301887051542692,0.319623752397046,0.296985336054750,0.229493730258852,0.201594638931909
284,0.662571212990782,0.238904240888872,0.210360301592275,0.324563618926047,0.347271459448055,0.220471637257467
645,0.596324170558622,0.241532534498303,0.203733362812729,0.234581247743386,0.150148946700048,0.140279459933373
814,0.609630293401202,0.272806580486754,0.254108759679802,0.279506090033501,0.167291481291287,0.172787005806565
952,0.649372161207369,0.351210191887716,0.344314559496454,0.283362392853609,0.206639944148685,0.211875157547888
768,0.622904705251892,0.235439936165745,0.226165913043895,0.220471637257467,0.151897993103576,0.204454144375473
719,0.584763524220902,0.303851718893881,0.283362392853609,0.269956905233921,0.194724220966719,0.168745733831007
718,0.624672424998259,0.209608564537159,0.228656878414890,0.223704949036996,0.150839880430613,0.191439626593958
313,0.446424815327873,0.183371292540019,0.226992939983781,0.203016510694019,0.140279459933373,0.140279459933373
679,0.602537880906253,0.215727826366646,0.260567046745838,0.215727826366646,0.192088479379025,0.155619579790919
745,0.607858057407542,0.220471637257467,0.190154027575454,0.238904240888872,0.144720505822661,0.179875784505171
852,0.595435874427052,0.274713840722163,0.291125967010989,0.216509434133377,0.205907447843523,0.142147774681471
178,0.425685350085428,0.181605650010004,0.225342219919308,0.168745733831007,0.164024746412181,0.177071557205383
877,0.576742857104671,0.299924552865763,0.254108759679802,0.293075998312143,0.198798498578782,0.229493730258852
717,0.600763302119727,0.26806502014066,0.262430509724191,0.232023448734304,0.147178535004063,0.180448444205294
640,0.637915147508898,0.336419918223748,0.311728055196152,0.310742219942023,0.207376318697083,0.140279459933373
790,0.589213267095234,0.257786672914962,0.232023448734304,0.228656878414890,0.164940248736627,0.178742307944130
714,0.638797087949753,0.238033800236652,0.222891426963376,0.194724220966719,0.157597013980819,0.140279459933373
807,0.639678919993987,0.271855157449252,0.243298519444439,0.227823271636467,0.212638240623736,0.164940248736627
511,0.723066485324963,0.313700605163659,0.220471637257467,0.466011361565902,0.515570951288053,0.311728055196152
269,0.482650905054512,0.188884569174318,0.175977245746161,0.192088479379025,0.151189670120080,0.158822198286243
776,0.660812526368302,0.256863984839407,0.254108759679802,0.264301525715948,0.16357228121085,0.182190212262849
678,0.565130393380684,0.221274744825972,0.173309128978783,0.227823271636467,0.151897993103576,0.140279459933373
834,0.633503788623644,0.247759640188542,0.23977753355553,0.277585234113443,0.206639944148685,0.208860644258667
376,0.521923099581909,0.23033379664679,0.204454144375473,0.198109430350217,0.159655442358187,0.151542367809210
891,0.622904705251892,0.281431899695417,0.269956905233921,0.256863984839407,0.176522456496951,0.186394027664835
830,0.61494365721071,0.238904240888872,0.234581247743386,0.283362392853609,0.165869963138432,0.175977245746161
830,0.645848781067736,0.269010148553487,0.255024990396885,0.215727826366646,0.187631241909896,0.174364837136968
787,0.59454741884471,0.242414171861771,0.233725581744281,0.252283020211930,0.168257318749387,0.158410531669826
377,0.429473753439024,0.14298348025674,0.169733635746363,0.203016510694019,0.140279459933373,0.150492979148870
456,0.513753336846181,0.174898448025698,0.195393227873188,0.196066256873814,0.145319498566922,0.157597013980819
702,0.65201365997105,0.214175622695954,0.229493730258852,0.262430509724191,0.140279459933373,0.176522456496951
889,0.645848781067736,0.280468392646033,0.278545025785751,0.211115838461421,0.194059239855938,0.140279459933373
539,0.550789853506805,0.265239772398733,0.247759640188542,0.210360301592275,0.163123316426449,0.184568357977156
712,0.627323083479833,0.243298519444439,0.249561781327291,0.281431899695417,0.158822198286243,0.185172899926102
764,0.642323774366231,0.247759640188542,0.222081350052879,0.238033800236652,0.174364837136968,0.145622826217966
760,0.639678919993987,0.26336509235663,0.26336509235663,0.218083551882790,0.173835068385563,0.157195124574254
361,0.420938564569721,0.175435913518267,0.150492979148870,0.195393227873188,0.149807763529887,0.141066417195949
240,0.712566847185902,0.258711437790672,0.201594638931909,0.352194131843378,0.382505251364152,0.23033379664679
641,0.602537880906253,0.238033800236652,0.219672052767678,0.210360301592275,0.158410531669826,0.142702524367706
978,0.659053485350326,0.338394673319409,0.308771540986705,0.326539995183568,0.176522456496951,0.194724220966719
856,0.622020658211421,0.242414171861771,0.207376318697083,0.245075200706715,0.161797245314680,0.140279459933373
787,0.628206394540431,0.247759640188542,0.216509434133377,0.232023448734304,0.178181472416481,0.140279459933373
828,0.629089586309926,0.253194757033311,0.218083551882790,0.258711437790672,0.162677834203278,0.140279459933373
699,0.599875784998553,0.238033800236652,0.223704949036996,0.242414171861771,0.149469410107982,0.140279459933373
870,0.600763302119727,0.334444602573969,0.332468835480985,0.322587416871138,0.195393227873188,0.144720505822661
778,0.599875784998553,0.278545025785751,0.247759640188542,0.284329312589461,0.201594638931909,0.169237834303805
747,0.610516199655431,0.218083551882790,0.258711437790672,0.221274744825972,0.140279459933373,0.205178843545358
795,0.615828741507218,0.255943411389996,0.232872971194181,0.231177046607856,0.169733635746363,0.140279459933373
916,0.662571212990782,0.257786672914962,0.238033800236652,0.295029198942614,0.214949882112267,0.236301613614802
968,0.640560644506718,0.267121556704060,0.276626749501763,0.262430509724191,0.205178843545358,0.174898448025698
825,0.682772413069105,0.278545025785751,0.211875157547888,0.277585234113443,0.181025063276694,0.174898448025698
789,0.633503788623644,0.211115838461421,0.238033800236652,0.275669606701894,0.140279459933373,0.174898448025698
712,0.585653817185493,0.227823271636467,0.276626749501763,0.155233599845476,0.180448444205294,0.140279459933373
728,0.59454741884471,0.218876016213984,0.205178843545358,0.246862287018223,0.140279459933373,0.185172899926102
732,0.612287594171303,0.241532534498303,0.241532534498303,0.255024990396885,0.16357228121085,0.173309128978783
650,0.627323083479833,0.249561781327291,0.215727826366646,0.242414171861771,0.177071557205383,0.163123316426449
524,0.586543936638165,0.369843682925459,0.352194131843378,0.349241401529061,0.251373586915138,0.226992939983781
716,0.62555609967103,0.246862287018223,0.198109430350217,0.260567046745838,0.165403320798019,0.140279459933373
853,0.632621179272578,0.269010148553487,0.256863984839407,0.199491561253654,0.194724220966719,0.144424803121843
731,0.602537880906253,0.217294683481912,0.208860644258667,0.237166246337142,0.168745733831007,0.151189670120080
774,0.644086484322101,0.243298519444439,0.234581247743386,0.250466494772263,0.164480729737195,0.140279459933373
784,0.624672424998259,0.238904240888872,0.235439936165745,0.251373586915138,0.141602453589765,0.140279459933373
825,0.648491465815105,0.283362392853609,0.255943411389996,0.258711437790672,0.201594638931909,0.188255890082703
428,0.672237905577799,0.257786672914962,0.245075200706715,0.280468392646033,0.280468392646033,0.144424803121843
379,0.450170855356869,0.199491561253654,0.205178843545358,0.220471637257467,0.143552645462116,0.140279459933373
804,0.609630293401202,0.248659484023583,0.238033800236652,0.210360301592275,0.170736402643872,0.145928733232941
877,0.649372161207369,0.273759486818862,0.225342219919308,0.297964434643167,0.179307075461499,0.147178535004063
823,0.631738455286738,0.259638241659144,0.284329312589461,0.154094323280450,0.205907447843523,0.170233153496669
315,0.452041119617036,0.189517281185082,0.161362102255135,0.220471637257467,0.140279459933373,0.140279459933373
925,0.622904705251892,0.243298519444439,0.23977753355553,0.251373586915138,0.176522456496951,0.153720720340875
785,0.62555609967103,0.243298519444439,0.226165913043895,0.267121556704060,0.140279459933373,0.190794809258731
804,0.649372161207369,0.262430509724191,0.243298519444439,0.228656878414890,0.217294683481912,0.168257318749387
662,0.616713692539713,0.231177046607856,0.255943411389996,0.250466494772263,0.164024746412181,0.172787005806565
725,0.571387382661058,0.255943411389996,0.247759640188542,0.208860644258667,0.164940248736627,0.183371292540019
909,0.65201365997105,0.272806580486754,0.191439626593958,0.269010148553487,0.185781454960399,0.194059239855938
899,0.649372161207369,0.320611530912211,0.269010148553487,0.305818349289740,0.168745733831007,0.140279459933373
556,0.562445761046978,0.226992939983781,0.244185541162083,0.203016510694019,0.145928733232941,0.164940248736627
336,0.429473753439024,0.171243398019944,0.176522456496951,0.159237162188545,0.168745733831007,0.190794809258731
800,0.630855615748439,0.266179795115631,0.214949882112267,0.265239772398733,0.171754154191287,0.155619579790919
773,0.610516199655431,0.207376318697083,0.218876016213984,0.243298519444439,0.152618104976752,0.156400988328558
759,0.615828741507218,0.307786743279463,0.297964434643167,0.292100571713878,0.203016510694019,0.186394027664835
838,0.61405843859737,0.251373586915138,0.237166246337142,0.255024990396885,0.164024746412181,0.140279459933373
889,0.644086484322101,0.273759486818862,0.256863984839407,0.278545025785751,0.156008702799071,0.140279459933373
752,0.623788627185174,0.282396577544332,0.23977753355553,0.32159942528535,0.142702524367706,0.168745733831007
724,0.615828741507218,0.23033379664679,0.250466494772263,0.220471637257467,0.178742307944130,0.144720505822661
330,0.454843116219575,0.194724220966719,0.181025063276694,0.196743303664015,0.14298348025674,0.140279459933373
721,0.606085249352797,0.232023448734304,0.227823271636467,0.219672052767678,0.143266847840142,0.168745733831007
786,0.611401966215199,0.256863984839407,0.251373586915138,0.205178843545358,0.155619579790919,0.146548361254107
820,0.647610671197383,0.245075200706715,0.238033800236652,0.255024990396885,0.161362102255135,0.146237238572002
946,0.615828741507218,0.264301525715948,0.23977753355553,0.224521889216861,0.153720720340875,0.165869963138432
808,0.660812526368302,0.275669606701894,0.267121556704060,0.272806580486754,0.167772573247934,0.231177046607856
742,0.623788627185174,0.242414171861771,0.274713840722163,0.209608564537159,0.206639944148685,0.172787005806565
687,0.618483198986599,0.244185541162083,0.218876016213984,0.247759640188542,0.154094323280450,0.151897993103576
865,0.634386284250911,0.259638241659144,0.26336509235663,0.198798498578782,0.165403320798019,0.140279459933373
353,0.448298759169222,0.169733635746363,0.153350162717428,0.228656878414890,0.144424803121843,0.200188610986799
791,0.639678919993987,0.277585234113443,0.234581247743386,0.275669606701894,0.164480729737195,0.152982630801945
755,0.627323083479833,0.246862287018223,0.277585234113443,0.227823271636467,0.171754154191287,0.155233599845476
753,0.643205181411445,0.261497815323131,0.255943411389996,0.238033800236652,0.148471133452426,0.181025063276694
836,0.641442262346675,0.250466494772263,0.234581247743386,0.253194757033311,0.161362102255135,0.160502026996677
951,0.702059351675758,0.331480818156256,0.319623752397046,0.311728055196152,0.186394027664835,0.208860644258667
679,0.653774177471793,0.261497815323131,0.250466494772263,0.237166246337142,0.171754154191287,0.140279459933373
785,0.629089586309926,0.282396577544332,0.251373586915138,0.229493730258852,0.179307075461499,0.170736402643872
673,0.543597713584787,0.308771540986705,0.235439936165745,0.213405068833102,0.153350162717428,0.175435913518267
694,0.592770024376564,0.234581247743386,0.247759640188542,0.233725581744281,0.171754154191287,0.140279459933373
690,0.601650667029677,0.291125967010989,0.281431899695417,0.279506090033501,0.165403320798019,0.172268685450245
431,0.597212308466731,0.210360301592275,0.177071557205383,0.245967461561916,0.167772573247934,0.140279459933373
370,0.451106215483896,0.202303599215116,0.218083551882790,0.174364837136968,0.140279459933373,0.182190212262849
241,0.670481068306923,0.277585234113443,0.211115838461421,0.347271459448055,0.35612665264182,0.222891426963376
872,0.638797087949753,0.270905253648299,0.26336509235663,0.280468392646033,0.194724220966719,0.184568357977156
809,0.615828741507218,0.265239772398733,0.272806580486754,0.277585234113443,0.155233599845476,0.181025063276694
512,0.579418047575081,0.302869127130412,0.238033800236652,0.252283020211930,0.171243398019944,0.141873944585676
196,0.570494126543261,0.144720505822661,0.203016510694019,0.145018731380577,0.148801114525785,0.140279459933373
819,0.609630293401202,0.306802338059224,0.302869127130412,0.233725581744281,0.191439626593958,0.172268685450245
461,0.478041795094857,0.198798498578782,0.171754154191287,0.242414171861771,0.140279459933373,0.182190212262849
437,0.566024855998128,0.351210191887716,0.289179343702615,0.284329312589461,0.208116557082828,0.208116557082828
707,0.608744246353995,0.235439936165745,0.252283020211930,0.160077057692081,0.145018731380577,0.140279459933373
762,0.597212308466731,0.238033800236652,0.231177046607856,0.238904240888872,0.171754154191287,0.140279459933373
311,0.399901217123282,0.169237834303805,0.168257318749387,0.220471637257467,0.140279459933373,0.140279459933373
862,0.629089586309926,0.226165913043895,0.26806502014066,0.194724220966719,0.168745733831007,0.167291481291287
832,0.66608754581422,0.261497815323131,0.152618104976752,0.312714190948075,0.177624558944457,0.146237238572002
768,0.589213267095234,0.284329312589461,0.253194757033311,0.26806502014066,0.185781454960399,0.151897993103576
229,0.602537880906253,0.192741366843982,0.192741366843982,0.351210191887716,0.368866547920421,0.284329312589461
726,0.641442262346675,0.243298519444439,0.233725581744281,0.269956905233921,0.172268685450245,0.183967824035887
728,0.618483198986599,0.254108759679802,0.259638241659144,0.353177756395209,0.369843682925459,0.254108759679802
362,0.661691913619881,0.179875784505171,0.140279459933373,0.207376318697083,0.170736402643872,0.159655442358187
852,0.639678919993987,0.276626749501763,0.264301525715948,0.247759640188542,0.181605650010004,0.150839880430613
753,0.608744246353995,0.238033800236652,0.245075200706715,0.219672052767678,0.185781454960399,0.140279459933373
200,0.532779695838002,0.164024746412181,0.197424363331222,0.386384998416716,0.446424815327873,0.279506090033501
422,0.62555609967103,0.214949882112267,0.190154027575454,0.288207386188063,0.266179795115631,0.156008702799071
761,0.637915147508898,0.283362392853609,0.254108759679802,0.197424363331222,0.181025063276694,0.185781454960399
761,0.613173084606865,0.245967461561916,0.181605650010004,0.249561781327291,0.168745733831007,0.165403320798019
676,0.606971725447777,0.255943411389996,0.241532534498303,0.201594638931909,0.169733635746363,0.145018731380577
800,0.623788627185174,0.245075200706715,0.264301525715948,0.194724220966719,0.172787005806565,0.188884569174318
758,0.628206394540431,0.278545025785751,0.271855157449252,0.246862287018223,0.177624558944457,0.140279459933373
752,0.645848781067736,0.26336509235663,0.202303599215116,0.269956905233921,0.183967824035887,0.196743303664015
730,0.59454741884471,0.256863984839407,0.192741366843982,0.261497815323131,0.194059239855938,0.214175622695954
920,0.581200590507501,0.256863984839407,0.224521889216861,0.26336509235663,0.170233153496669,0.207376318697083
801,0.658173830133798,0.306802338059224,0.247759640188542,0.276626749501763,0.153350162717428,0.164024746412181
336,0.442671323317129,0.156008702799071,0.154094323280450,0.245967461561916,0.140279459933373,0.140279459933373
757,0.634386284250911,0.276626749501763,0.221274744825972,0.245075200706715,0.149469410107982,0.163123316426449
795,0.645848781067736,0.265239772398733,0.23977753355553,0.205178843545358,0.156400988328558,0.140279459933373
721,0.647610671197383,0.258711437790672,0.260567046745838,0.262430509724191,0.169733635746363,0.140279459933373
771,0.657294084136253,0.245075200706715,0.253194757033311,0.237166246337142,0.153350162717428,0.160930368981928
633,0.58030940985411,0.273759486818862,0.235439936165745,0.293075998312143,0.197424363331222,0.156008702799071
154,0.445487145704544,0.140279459933373,0.160077057692081,0.170233153496669,0.157597013980819,0.175435913518267
692,0.601650667029677,0.226992939983781,0.251373586915138,0.251373586915138,0.179307075461499,0.145928733232941
646,0.579418047575081,0.235439936165745,0.185781454960399,0.214175622695954,0.158410531669826,0.157195124574254
764,0.609630293401202,0.232023448734304,0.222081350052879,0.244185541162083,0.140279459933373,0.157195124574254
647,0.615828741507218,0.215727826366646,0.210360301592275,0.235439936165745,0.140279459933373,0.166814026627726
941,0.586543936638165,0.330492731245164,0.318636108753548,0.277585234113443,0.240653643199231,0.173309128978783
720,0.609630293401202,0.26806502014066,0.23033379664679,0.267121556704060,0.231177046607856,0.193398287644562
731,0.619367756469412,0.227823271636467,0.210360301592275,0.214949882112267,0.158822198286243,0.179875784505171
769,0.61494365721071,0.232023448734304,0.222891426963376,0.231177046607856,0.176522456496951,0.168257318749387
737,0.59099197716754,0.226992939983781,0.26336509235663,0.198109430350217,0.165403320798019,0.16357228121085
958,0.655534316836593,0.266179795115631,0.258711437790672,0.238033800236652,0.168257318749387,0.205178843545358
203,0.584763524220902,0.148143904307162,0.172787005806565,0.246862287018223,0.140279459933373,0.161362102255135
658,0.605198627992826,0.251373586915138,0.256863984839407,0.255943411389996,0.177624558944457,0.161362102255135
714,0.65201365997105,0.242414171861771,0.247759640188542,0.249561781327291,0.140279459933373,0.147178535004063
853,0.636150937944643,0.246862287018223,0.256863984839407,0.231177046607856,0.167772573247934,0.154470991130581
760,0.61494365721071,0.238904240888872,0.208860644258667,0.254108759679802,0.170736402643872,0.148143904307162
702,0.644967683931748,0.225342219919308,0.206639944148685,0.259638241659144,0.168257318749387,0.170736402643872
951,0.645848781067736,0.266179795115631,0.272806580486754,0.235439936165745,0.173835068385563,0.142702524367706
488,0.610516199655431,0.215727826366646,0.23977753355553,0.26336509235663,0.161362102255135,0.148471133452426
318,0.416179118323367,0.190794809258731,0.211875157547888,0.158410531669826,0.171243398019944,0.159237162188545
821,0.648491465815105,0.261497815323131,0.229493730258852,0.269010148553487,0.14298348025674,0.170736402643872
709,0.570494126543261,0.232872971194181,0.222891426963376,0.287236372741756,0.191439626593958,0.140801836156987
736,0.587433883900336,0.251373586915138,0.252283020211930,0.274713840722163,0.160930368981928,0.186394027664835
265,0.702059351675758,0.280468392646033,0.228656878414890,0.377644706128292,0.41331732873535,0.273759486818862
799,0.606085249352797,0.225342219919308,0.196066256873814,0.250466494772263,0.158822198286243,0.246862287018223
859,0.644967683931748,0.326539995183568,0.300905518027404,0.295029198942614,0.171754154191287,0.197424363331222
794,0.632621179272578,0.248659484023583,0.266179795115631,0.245075200706715,0.148801114525785,0.172268685450245
661,0.615828741507218,0.238904240888872,0.162235816543637,0.252283020211930,0.178742307944130,0.179307075461499
789,0.586543936638165,0.299924552865763,0.293075998312143,0.271855157449252,0.182190212262849,0.151189670120080
795,0.622904705251892,0.255024990396885,0.223704949036996,0.275669606701894,0.140279459933373,0.194724220966719
781,0.592770024376564,0.291125967010989,0.269010148553487,0.257786672914962,0.182190212262849,0.173835068385563
277,0.448298759169222,0.160930368981928,0.170233153496669,0.205907447843523,0.140279459933373,0.140279459933373
761,0.650252758171119,0.218876016213984,0.195393227873188,0.275669606701894,0.154850743467635,0.14298348025674
336,0.434198112267997,0.187010622123131,0.199491561253654,0.237166246337142,0.149469410107982,0.181605650010004
887,0.696802403180819,0.285297304030371,0.283362392853609,0.252283020211930,0.160077057692081,0.179307075461499
761,0.629972659733243,0.233725581744281,0.246862287018223,0.254108759679802,0.162677834203278,0.140279459933373
742,0.604311860230174,0.179875784505171,0.26336509235663,0.217294683481912,0.146862120354825,0.192088479379025
750,0.631738455286738,0.240653643199231,0.231177046607856,0.261497815323131,0.162677834203278,0.150839880430613
148,0.428527399760189,0.140279459933373,0.140279459933373,0.212638240623736,0.140279459933373,0.140279459933373
206,0.503733909185275,0.140279459933373,0.140279459933373,0.604311860230174,0.671359527115958,0.500080663267207
805,0.598988114480156,0.233725581744281,0.221274744825972,0.26336509235663,0.140279459933373,0.142147774681471
556,0.684527124733494,0.206639944148685,0.206639944148685,0.419987692000204,0.462295554374572,0.303851718893881
170,0.506470348170507,0.140279459933373,0.214949882112267,0.179875784505171,0.140279459933373,0.163123316426449
704,0.605198627992826,0.269956905233921,0.205178843545358,0.26806502014066,0.168257318749387,0.140279459933373
881,0.631738455286738,0.228656878414890,0.228656878414890,0.227823271636467,0.165869963138432,0.140279459933373
801,0.637915147508898,0.252283020211930,0.213405068833102,0.250466494772263,0.202303599215116,0.162677834203278
743,0.600763302119727,0.225342219919308,0.212638240623736,0.236301613614802,0.166814026627726,0.140279459933373
771,0.609630293401202,0.232872971194181,0.205907447843523,0.202303599215116,0.16634019279706,0.160077057692081
802,0.613173084606865,0.399901217123282,0.337407372460796,0.365932579194558,0.267121556704060,0.220471637257467
744,0.643205181411445,0.270905253648299,0.208116557082828,0.265239772398733,0.156400988328558,0.140279459933373
717,0.59454741884471,0.218876016213984,0.179875784505171,0.262430509724191,0.153350162717428,0.160930368981928
381,0.414271770359505,0.158002143279100,0.174898448025698,0.238033800236652,0.147497624383717,0.159237162188545
565,0.653774177471793,0.347271459448055,0.290152214217331,0.315674182764382,0.182190212262849,0.192741366843982
914,0.647610671197383,0.23977753355553,0.221274744825972,0.245075200706715,0.144720505822661,0.140279459933373
639,0.647610671197383,0.277585234113443,0.26336509235663,0.238904240888872,0.143840891542185,0.167772573247934
755,0.598988114480156,0.255024990396885,0.243298519444439,0.233725581744281,0.188884569174318,0.180448444205294
826,0.637915147508898,0.254108759679802,0.244185541162083,0.251373586915138,0.165403320798019,0.202303599215116
779,0.603424944919196,0.244185541162083,0.203733362812729,0.270905253648299,0.164024746412181,0.193398287644562
695,0.637915147508898,0.249561781327291,0.224521889216861,0.264301525715948,0.145319498566922,0.140279459933373
819,0.662571212990782,0.264301525715948,0.260567046745838,0.224521889216861,0.175977245746161,0.156400988328558
330,0.464154311336516,0.195393227873188,0.194059239855938,0.226992939983781,0.156400988328558,0.188884569174318
771,0.584763524220902,0.23977753355553,0.197424363331222,0.271855157449252,0.154094323280450,0.174364837136968
860,0.598100289370352,0.258711437790672,0.226165913043895,0.236301613614802,0.152256565618780,0.140279459933373
742,0.609630293401202,0.229493730258852,0.224521889216861,0.223704949036996,0.149469410107982,0.184568357977156
885,0.654654294039608,0.242414171861771,0.245967461561916,0.229493730258852,0.194059239855938,0.167772573247934
840,0.62555609967103,0.269010148553487,0.231177046607856,0.244185541162083,0.145319498566922,0.149133866930996
859,0.637915147508898,0.273759486818862,0.270905253648299,0.226992939983781,0.209608564537159,0.140279459933373
753,0.619367756469412,0.325551793923222,0.302869127130412,0.299924552865763,0.228656878414890,0.189517281185082
804,0.639678919993987,0.269010148553487,0.246862287018223,0.227823271636467,0.188884569174318,0.168257318749387
646,0.646729776551258,0.218083551882790,0.245075200706715,0.232023448734304,0.148471133452426,0.140279459933373
240,0.466939252082330,0.178742307944130,0.140279459933373,0.221274744825972,0.158410531669826,0.140279459933373
641,0.657294084136253,0.26336509235663,0.273759486818862,0.238033800236652,0.188884569174318,0.140279459933373
415,0.670481068306923,0.258711437790672,0.140279459933373,0.57763477259731,0.629972659733243,0.465083048709257
310,0.62555609967103,0.238033800236652,0.140279459933373,0.529165277729617,0.574958463059337,0.41331732873535
930,0.621136485069615,0.252283020211930,0.279506090033501,0.197424363331222,0.181025063276694,0.167291481291287
803,0.639678919993987,0.244185541162083,0.208116557082828,0.240653643199231,0.140279459933373,0.166814026627726
727,0.632621179272578,0.211115838461421,0.215727826366646,0.194059239855938,0.162677834203278,0.174364837136968
693,0.582982412426427,0.232023448734304,0.23977753355553,0.26336509235663,0.194059239855938,0.190794809258731
673,0.62555609967103,0.249561781327291,0.223704949036996,0.288207386188063,0.141602453589765,0.196066256873814
853,0.650252758171119,0.267121556704060,0.234581247743386,0.253194757033311,0.147819407725247,0.151897993103576
644,0.591881082994116,0.218876016213984,0.211115838461421,0.225342219919308,0.168745733831007,0.140279459933373
359,0.435141512434088,0.164024746412181,0.198798498578782,0.151189670120080,0.140279459933373,0.140279459933373
671,0.610516199655431,0.227823271636467,0.233725581744281,0.248659484023583,0.140279459933373,0.149133866930996
750,0.587433883900336,0.262430509724191,0.235439936165745,0.23977753355553,0.226165913043895,0.209608564537159
781,0.604311860230174,0.243298519444439,0.226165913043895,0.211115838461421,0.14298348025674,0.156008702799071
620,0.593658802575914,0.260567046745838,0.266179795115631,0.248659484023583,0.191439626593958,0.160930368981928
741,0.653774177471793,0.254108759679802,0.285297304030371,0.210360301592275,0.196066256873814,0.153350162717428
850,0.63703309779987,0.282396577544332,0.238904240888872,0.232023448734304,0.164480729737195,0.158410531669826
701,0.616713692539713,0.215727826366646,0.232023448734304,0.227823271636467,0.161797245314680,0.212638240623736
850,0.675750628954486,0.26806502014066,0.259638241659144,0.293075998312143,0.179875784505171,0.140279459933373
787,0.622020658211421,0.238904240888872,0.233725581744281,0.245967461561916,0.140279459933373,0.140279459933373
167,0.498252004317859,0.140279459933373,0.178742307944130,0.142702524367706,0.172268685450245,0.140279459933373
672,0.606971725447777,0.257786672914962,0.248659484023583,0.265239772398733,0.202303599215116,0.159655442358187
839,0.598988114480156,0.216509434133377,0.250466494772263,0.265239772398733,0.140279459933373,0.186394027664835
332,0.419036311953547,0.160077057692081,0.211875157547888,0.164480729737195,0.16634019279706,0.156400988328558
736,0.61405843859737,0.290152214217331,0.238033800236652,0.284329312589461,0.175977245746161,0.196743303664015
663,0.568707020795868,0.222891426963376,0.285297304030371,0.234581247743386,0.178181472416481,0.141602453589765
735,0.633503788623644,0.254108759679802,0.209608564537159,0.23033379664679,0.189517281185082,0.140279459933373
770,0.649372161207369,0.255943411389996,0.265239772398733,0.234581247743386,0.154094323280450,0.196743303664015
950,0.635268667058686,0.296985336054750,0.256863984839407,0.26806502014066,0.187010622123131,0.187631241909896
865,0.606971725447777,0.280468392646033,0.272806580486754,0.274713840722163,0.186394027664835,0.185781454960399
731,0.702935295982236,0.324563618926047,0.26336509235663,0.357108931824631,0.183967824035887,0.193398287644562
532,0.565130393380684,0.237166246337142,0.205178843545358,0.269956905233921,0.155619579790919,0.140279459933373
369,0.431364974573073,0.172787005806565,0.159655442358187,0.242414171861771,0.143840891542185,0.191439626593958
803,0.618483198986599,0.236301613614802,0.213405068833102,0.271855157449252,0.187010622123131,0.188884569174318
921,0.613173084606865,0.275669606701894,0.235439936165745,0.221274744825972,0.190794809258731,0.229493730258852
691,0.621136485069615,0.256863984839407,0.204454144375473,0.218876016213984,0.187631241909896,0.155619579790919
821,0.595435874427052,0.206639944148685,0.226992939983781,0.181025063276694,0.148801114525785,0.175435913518267
255,0.571387382661058,0.140279459933373,0.140279459933373,0.702935295982236,0.755398514111595,0.600763302119727
172,0.53097302992136,0.140279459933373,0.215727826366646,0.140279459933373,0.162677834203278,0.140279459933373
731,0.629972659733243,0.222081350052879,0.23033379664679,0.264301525715948,0.140279459933373,0.140279459933373
841,0.629089586309926,0.253194757033311,0.257786672914962,0.214949882112267,0.170233153496669,0.171754154191287
795,0.630855615748439,0.232023448734304,0.237166246337142,0.224521889216861,0.163123316426449,0.164480729737195
799,0.619367756469412,0.267121556704060,0.266179795115631,0.203733362812729,0.169733635746363,0.140279459933373
780,0.609630293401202,0.246862287018223,0.190154027575454,0.233725581744281,0.16634019279706,0.140279459933373
801,0.616713692539713,0.292100571713878,0.235439936165745,0.240653643199231,0.238033800236652,0.196066256873814
803,0.602537880906253,0.215727826366646,0.213405068833102,0.233725581744281,0.140279459933373,0.174364837136968
854,0.690666407645512,0.362014841934518,0.311728055196152,0.290152214217331,0.203016510694019,0.205907447843523
727,0.598100289370352,0.196066256873814,0.210360301592275,0.212638240623736,0.191439626593958,0.163123316426449
670,0.633503788623644,0.237166246337142,0.172268685450245,0.218876016213984,0.157195124574254,0.141602453589765
476,0.595435874427052,0.254108759679802,0.175435913518267,0.271855157449252,0.171243398019944,0.140279459933373
157,0.455776216619560,0.16357228121085,0.156008702799071,0.182778757451073,0.158410531669826,0.140279459933373
649,0.59099197716754,0.253194757033311,0.248659484023583,0.245075200706715,0.168745733831007,0.194724220966719
505,0.542697607586951,0.203016510694019,0.247759640188542,0.220471637257467,0.203016510694019,0.169237834303805
187,0.385415796280043,0.140279459933373,0.211115838461421,0.172787005806565,0.158822198286243,0.167772573247934
735,0.638797087949753,0.284329312589461,0.188884569174318,0.26336509235663,0.193398287644562,0.179307075461499
737,0.597212308466731,0.214175622695954,0.262430509724191,0.198109430350217,0.143552645462116,0.169733635746363
777,0.644086484322101,0.247759640188542,0.275669606701894,0.269010148553487,0.177071557205383,0.16357228121085
771,0.650252758171119,0.245967461561916,0.232872971194181,0.26336509235663,0.190154027575454,0.140279459933373
833,0.646729776551258,0.314687276192053,0.305818349289740,0.288207386188063,0.187010622123131,0.155233599845476
683,0.607858057407542,0.232872971194181,0.194724220966719,0.196066256873814,0.184568357977156,0.155619579790919
653,0.59454741884471,0.245967461561916,0.23977753355553,0.231177046607856,0.166814026627726,0.140279459933373
766,0.643205181411445,0.248659484023583,0.26336509235663,0.243298519444439,0.179875784505171,0.16634019279706
819,0.615828741507218,0.254108759679802,0.262430509724191,0.229493730258852,0.150839880430613,0.192741366843982
807,0.633503788623644,0.256863984839407,0.275669606701894,0.224521889216861,0.159655442358187,0.156796455796649
811,0.641442262346675,0.242414171861771,0.233725581744281,0.269010148553487,0.183967824035887,0.182190212262849
880,0.629089586309926,0.276626749501763,0.258711437790672,0.254108759679802,0.140279459933373,0.153350162717428
390,0.460435073421994,0.200889639762023,0.222081350052879,0.175977245746161,0.140279459933373,0.161362102255135
320,0.454843116219575,0.180448444205294,0.182190212262849,0.203733362812729,0.140279459933373,0.143840891542185
267,0.665208590906176,0.208116557082828,0.140279459933373,0.499166505254691,0.566919113760625,0.384446102799712
794,0.620252184825136,0.241532534498303,0.266179795115631,0.205907447843523,0.153720720340875,0.144424803121843
742,0.615828741507218,0.226165913043895,0.252283020211930,0.215727826366646,0.150839880430613,0.158002143279100
640,0.596324170558622,0.186394027664835,0.211875157547888,0.182190212262849,0.140279459933373,0.140279459933373
935,0.655534316836593,0.286266334773665,0.218083551882790,0.266179795115631,0.140279459933373,0.187631241909896
181,0.545397189457851,0.140279459933373,0.173835068385563,0.181025063276694,0.141602453589765,0.164480729737195
697,0.609630293401202,0.232023448734304,0.178742307944130,0.250466494772263,0.182190212262849,0.164024746412181
337,0.424736999725661,0.190794809258731,0.188255890082703,0.192741366843982,0.162235816543637,0.176522456496951
825,0.620252184825136,0.261497815323131,0.205907447843523,0.269010148553487,0.190154027575454,0.145018731380577
853,0.63703309779987,0.287236372741756,0.269010148553487,0.293075998312143,0.16634019279706,0.154470991130581
148,0.447362019176649,0.143552645462116,0.175435913518267,0.195393227873188,0.140279459933373,0.191439626593958
684,0.567813168189284,0.33543232376894,0.283362392853609,0.289179343702615,0.165403320798019,0.152618104976752
846,0.593658802575914,0.302869127130412,0.308771540986705,0.292100571713878,0.202303599215116,0.222081350052879
763,0.609630293401202,0.211875157547888,0.186394027664835,0.254108759679802,0.140279459933373,0.195393227873188
741,0.641442262346675,0.277585234113443,0.227823271636467,0.240653643199231,0.164480729737195,0.154470991130581
383,0.441731771836077,0.192088479379025,0.181025063276694,0.187010622123131,0.148801114525785,0.178181472416481
670,0.637915147508898,0.249561781327291,0.154850743467635,0.234581247743386,0.16357228121085,0.140279459933373
706,0.57763477259731,0.205907447843523,0.231177046607856,0.235439936165745,0.154470991130581,0.140279459933373
811,0.621136485069615,0.249561781327291,0.212638240623736,0.210360301592275,0.188884569174318,0.157195124574254
718,0.62555609967103,0.255943411389996,0.176522456496951,0.200889639762023,0.195393227873188,0.158410531669826
903,0.619367756469412,0.303851718893881,0.273759486818862,0.26336509235663,0.184568357977156,0.140279459933373
823,0.636150937944643,0.242414171861771,0.260567046745838,0.23977753355553,0.179307075461499,0.140801836156987
760,0.610516199655431,0.232023448734304,0.244185541162083,0.216509434133377,0.185781454960399,0.16634019279706
745,0.598988114480156,0.266179795115631,0.224521889216861,0.282396577544332,0.146862120354825,0.192088479379025
644,0.673994424070159,0.214949882112267,0.242414171861771,0.247759640188542,0.147178535004063,0.147497624383717
738,0.627323083479833,0.241532534498303,0.260567046745838,0.221274744825972,0.172787005806565,0.202303599215116
840,0.643205181411445,0.264301525715948,0.140279459933373,0.489087655334828,0.538193325982493,0.367888982200334
339,0.435141512434088,0.192741366843982,0.170233153496669,0.229493730258852,0.140279459933373,0.173309128978783
819,0.619367756469412,0.233725581744281,0.238033800236652,0.227823271636467,0.183371292540019,0.187010622123131
727,0.632621179272578,0.246862287018223,0.294052217151829,0.160502026996677,0.194059239855938,0.145018731380577
807,0.656414246618719,0.252283020211930,0.258711437790672,0.217294683481912,0.187631241909896,0.208116557082828
179,0.547195695509664,0.150839880430613,0.140279459933373,0.23033379664679,0.156796455796649,0.188884569174318
731,0.586543936638165,0.361034414931008,0.319623752397046,0.296006914761259,0.221274744825972,0.186394027664835
758,0.628206394540431,0.237166246337142,0.204454144375473,0.245967461561916,0.149469410107982,0.185172899926102
704,0.61494365721071,0.258711437790672,0.238904240888872,0.205178843545358,0.150492979148870,0.140279459933373
749,0.644967683931748,0.270905253648299,0.217294683481912,0.293075998312143,0.158822198286243,0.167772573247934
349,0.452041119617036,0.183967824035887,0.164940248736627,0.185781454960399,0.140279459933373,0.140279459933373
877,0.61405843859737,0.260567046745838,0.210360301592275,0.207376318697083,0.16634019279706,0.140279459933373
784,0.568707020795868,0.262430509724191,0.226165913043895,0.343328438016707,0.203733362812729,0.140539522938054
859,0.626439652176295,0.238033800236652,0.257786672914962,0.203016510694019,0.167772573247934,0.198798498578782
763,0.602537880906253,0.237166246337142,0.208860644258667,0.226165913043895,0.182190212262849,0.140279459933373
980,0.65113325749733,0.274713840722163,0.261497815323131,0.252283020211930,0.222081350052879,0.152618104976752
778,0.636150937944643,0.277585234113443,0.226992939983781,0.255024990396885,0.151542367809210,0.176522456496951
845,0.610516199655431,0.26806502014066,0.205907447843523,0.240653643199231,0.190794809258731,0.162677834203278
798,0.617598511353537,0.238904240888872,0.183371292540019,0.26336509235663,0.173835068385563,0.146862120354825
783,0.638797087949753,0.252283020211930,0.175977245746161,0.303851718893881,0.158822198286243,0.150492979148870
765,0.591881082994116,0.224521889216861,0.232872971194181,0.244185541162083,0.154470991130581,0.174364837136968
871,0.636150937944643,0.266179795115631,0.245075200706715,0.272806580486754,0.160502026996677,0.140279459933373
793,0.641442262346675,0.241532534498303,0.240653643199231,0.243298519444439,0.161362102255135,0.170736402643872
449,0.522829369551227,0.194724220966719,0.187010622123131,0.282396577544332,0.155233599845476,0.185781454960399
805,0.612287594171303,0.283362392853609,0.26806502014066,0.250466494772263,0.16357228121085,0.173309128978783
967,0.571387382661058,0.265239772398733,0.26336509235663,0.26806502014066,0.198798498578782,0.172787005806565
785,0.633503788623644,0.26336509235663,0.247759640188542,0.248659484023583,0.192741366843982,0.175435913518267
828,0.659933050519219,0.252283020211930,0.162235816543637,0.254108759679802,0.145928733232941,0.141333283747465
699,0.59099197716754,0.218083551882790,0.215727826366646,0.218876016213984,0.177624558944457,0.143840891542185
1020,0.648491465815105,0.277585234113443,0.284329312589461,0.193398287644562,0.211115838461421,0.142702524367706
779,0.636150937944643,0.255024990396885,0.299924552865763,0.172268685450245,0.173835068385563,0.183967824035887
752,0.610516199655431,0.208860644258667,0.250466494772263,0.207376318697083,0.140279459933373,0.140279459933373
756,0.626439652176295,0.242414171861771,0.209608564537159,0.233725581744281,0.141602453589765,0.148471133452426
728,0.622904705251892,0.246862287018223,0.252283020211930,0.249561781327291,0.140279459933373,0.150492979148870
845,0.618483198986599,0.249561781327291,0.181025063276694,0.245075200706715,0.140279459933373,0.140279459933373
850,0.604311860230174,0.249561781327291,0.205178843545358,0.229493730258852,0.167772573247934,0.188255890082703
738,0.596324170558622,0.250466494772263,0.206639944148685,0.262430509724191,0.140279459933373,0.172787005806565
836,0.623788627185174,0.314687276192053,0.214949882112267,0.303851718893881,0.177071557205383,0.175977245746161
163,0.464154311336516,0.147497624383717,0.158410531669826,0.23033379664679,0.168257318749387,0.170233153496669
804,0.632621179272578,0.276626749501763,0.252283020211930,0.272806580486754,0.162677834203278,0.179875784505171
213,0.430419611243593,0.163123316426449,0.173309128978783,0.223704949036996,0.141602453589765,0.172787005806565
783,0.598100289370352,0.247759640188542,0.202303599215116,0.288207386188063,0.148801114525785,0.160077057692081
330,0.438910260048710,0.141066417195949,0.174364837136968,0.190154027575454,0.140279459933373,0.141602453589765
772,0.654654294039608,0.254108759679802,0.269010148553487,0.271855157449252,0.196743303664015,0.165869963138432
743,0.601650667029677,0.228656878414890,0.182778757451073,0.238033800236652,0.14298348025674,0.152618104976752
730,0.603424944919196,0.227823271636467,0.238033800236652,0.201594638931909,0.204454144375473,0.184568357977156
729,0.606085249352797,0.258711437790672,0.260567046745838,0.238904240888872,0.197424363331222,0.156008702799071
862,0.630855615748439,0.274713840722163,0.218876016213984,0.229493730258852,0.160502026996677,0.188255890082703
752,0.61494365721071,0.238033800236652,0.226165913043895,0.245075200706715,0.179307075461499,0.140279459933373
786,0.615828741507218,0.250466494772263,0.238033800236652,0.191439626593958,0.158822198286243,0.16634019279706
742,0.636150937944643,0.26806502014066,0.299924552865763,0.287236372741756,0.196743303664015,0.170736402643872
636,0.603424944919196,0.249561781327291,0.242414171861771,0.181605650010004,0.159655442358187,0.179875784505171
696,0.572280442910804,0.23977753355553,0.209608564537159,0.206639944148685,0.170233153496669,0.154850743467635
830,0.632621179272578,0.264301525715948,0.255024990396885,0.206639944148685,0.165869963138432,0.172787005806565
778,0.604311860230174,0.234581247743386,0.265239772398733,0.179875784505171,0.140279459933373,0.140279459933373
705,0.583873056414207,0.23033379664679,0.188255890082703,0.273759486818862,0.147819407725247,0.150492979148870
715,0.602537880906253,0.273759486818862,0.244185541162083,0.249561781327291,0.215727826366646,0.176522456496951
375,0.445487145704544,0.188255890082703,0.201594638931909,0.187631241909896,0.151897993103576,0.145018731380577
848,0.63703309779987,0.276626749501763,0.269956905233921,0.262430509724191,0.148801114525785,0.188255890082703
772,0.63703309779987,0.267121556704060,0.200889639762023,0.269010148553487,0.164940248736627,0.140279459933373
753,0.656414246618719,0.269956905233921,0.289179343702615,0.231177046607856,0.182190212262849,0.140279459933373
749,0.628206394540431,0.224521889216861,0.226992939983781,0.235439936165745,0.146862120354825,0.185781454960399
676,0.622020658211421,0.272806580486754,0.218876016213984,0.266179795115631,0.183967824035887,0.217294683481912
395,0.423788147113161,0.168257318749387,0.172787005806565,0.233725581744281,0.140801836156987,0.140279459933373
780,0.62555609967103,0.265239772398733,0.238033800236652,0.252283020211930,0.172787005806565,0.140279459933373
338,0.410450927071570,0.149807763529887,0.176522456496951,0.198109430350217,0.156796455796649,0.145319498566922
791,0.629089586309926,0.254108759679802,0.270905253648299,0.198109430350217,0.182778757451073,0.148471133452426
728,0.641442262346675,0.248659484023583,0.198798498578782,0.228656878414890,0.155233599845476,0.155233599845476
705,0.586543936638165,0.303851718893881,0.269956905233921,0.291125967010989,0.191439626593958,0.140279459933373
942,0.635268667058686,0.260567046745838,0.244185541162083,0.264301525715948,0.182190212262849,0.141066417195949
694,0.622020658211421,0.269956905233921,0.189517281185082,0.256863984839407,0.174898448025698,0.140279459933373
745,0.629972659733243,0.214175622695954,0.267121556704060,0.203016510694019,0.140279459933373,0.140279459933373
817,0.621136485069615,0.276626749501763,0.270905253648299,0.248659484023583,0.158822198286243,0.16634019279706
771,0.62555609967103,0.233725581744281,0.179307075461499,0.277585234113443,0.140279459933373,0.190154027575454
811,0.604311860230174,0.250466494772263,0.246862287018223,0.199491561253654,0.178181472416481,0.146548361254107
789,0.606085249352797,0.229493730258852,0.212638240623736,0.272806580486754,0.140279459933373,0.158822198286243
908,0.632621179272578,0.274713840722163,0.292100571713878,0.213405068833102,0.185172899926102,0.158822198286243
841,0.652893966371437,0.306802338059224,0.278545025785751,0.267121556704060,0.177071557205383,0.197424363331222
790,0.626439652176295,0.248659484023583,0.199491561253654,0.255024990396885,0.16634019279706,0.176522456496951
584,0.630855615748439,0.232023448734304,0.229493730258852,0.234581247743386,0.140279459933373,0.216509434133377
751,0.624672424998259,0.246862287018223,0.201594638931909,0.252283020211930,0.140279459933373,0.140279459933373
776,0.63703309779987,0.259638241659144,0.192088479379025,0.242414171861771,0.172787005806565,0.140279459933373
623,0.629972659733243,0.272806580486754,0.272806580486754,0.26806502014066,0.190154027575454,0.163123316426449
347,0.438910260048710,0.140801836156987,0.196066256873814,0.226992939983781,0.140279459933373,0.140279459933373
719,0.600763302119727,0.221274744825972,0.175977245746161,0.209608564537159,0.14298348025674,0.142702524367706
738,0.646729776551258,0.26336509235663,0.253194757033311,0.253194757033311,0.174364837136968,0.147497624383717
391,0.695926026550246,0.252283020211930,0.226165913043895,0.336419918223748,0.32950458986508,0.245075200706715
651,0.617598511353537,0.255024990396885,0.272806580486754,0.279506090033501,0.192088479379025,0.184568357977156
772,0.606971725447777,0.222891426963376,0.254108759679802,0.190794809258731,0.188884569174318,0.150839880430613
840,0.608744246353995,0.26336509235663,0.265239772398733,0.235439936165745,0.192088479379025,0.170233153496669
334,0.447362019176649,0.208860644258667,0.161797245314680,0.191439626593958,0.152982630801945,0.174898448025698
720,0.613173084606865,0.235439936165745,0.241532534498303,0.169733635746363,0.164940248736627,0.184568357977156
158,0.44923503724365,0.140279459933373,0.164024746412181,0.194724220966719,0.140279459933373,0.185781454960399
719,0.635268667058686,0.272806580486754,0.187010622123131,0.279506090033501,0.148801114525785,0.151897993103576
746,0.62555609967103,0.215727826366646,0.226992939983781,0.232023448734304,0.158002143279100,0.171754154191287
201,0.418084423539314,0.140279459933373,0.140279459933373,0.609630293401202,0.668723907006677,0.503733909185275
675,0.586543936638165,0.214175622695954,0.182190212262849,0.238033800236652,0.140279459933373,0.171243398019944
723,0.606971725447777,0.250466494772263,0.232872971194181,0.269010148553487,0.188884569174318,0.177071557205383
326,0.408537424783786,0.14298348025674,0.192088479379025,0.16357228121085,0.170736402643872,0.157195124574254
724,0.591881082994116,0.23033379664679,0.200188610986799,0.171243398019944,0.179875784505171,0.176522456496951
743,0.648491465815105,0.255943411389996,0.248659484023583,0.256863984839407,0.153720720340875,0.208860644258667
163,0.472497848634527,0.140279459933373,0.168745733831007,0.191439626593958,0.140279459933373,0.140279459933373
779,0.59454741884471,0.232872971194181,0.186394027664835,0.275669606701894,0.140279459933373,0.177071557205383
719,0.626439652176295,0.289179343702615,0.227823271636467,0.245967461561916,0.192741366843982,0.140279459933373
161,0.478964395469008,0.148471133452426,0.140279459933373,0.215727826366646,0.140279459933373,0.16357228121085
742,0.630855615748439,0.23977753355553,0.233725581744281,0.251373586915138,0.160502026996677,0.172787005806565
674,0.578526502286961,0.23033379664679,0.222891426963376,0.240653643199231,0.149469410107982,0.150492979148870
729,0.581200590507501,0.266179795115631,0.265239772398733,0.273759486818862,0.161797245314680,0.164940248736627
165,0.490005705397473,0.140279459933373,0.173309128978783,0.204454144375473,0.155619579790919,0.140279459933373
758,0.619367756469412,0.265239772398733,0.242414171861771,0.209608564537159,0.164940248736627,0.175977245746161
720,0.609630293401202,0.211875157547888,0.216509434133377,0.192088479379025,0.171243398019944,0.140279459933373
934,0.610516199655431,0.261497815323131,0.226992939983781,0.303851718893881,0.160930368981928,0.140801836156987
689,0.624672424998259,0.260567046745838,0.289179343702615,0.140279459933373,0.208860644258667,0.149807763529887
753,0.613173084606865,0.260567046745838,0.208860644258667,0.270905253648299,0.197424363331222,0.140279459933373
694,0.598100289370352,0.23033379664679,0.220471637257467,0.238904240888872,0.14298348025674,0.140279459933373
786,0.629089586309926,0.245967461561916,0.282396577544332,0.282396577544332,0.168257318749387,0.182190212262849
896,0.65113325749733,0.286266334773665,0.202303599215116,0.296985336054750,0.184568357977156,0.150492979148870
742,0.620252184825136,0.255024990396885,0.244185541162083,0.212638240623736,0.178742307944130,0.160930368981928
786,0.624672424998259,0.257786672914962,0.274713840722163,0.286266334773665,0.175435913518267,0.162235816543637
284,0.463225147278761,0.187010622123131,0.164480729737195,0.191439626593958,0.150839880430613,0.191439626593958
852,0.631738455286738,0.257786672914962,0.251373586915138,0.237166246337142,0.140279459933373,0.177071557205383
1009,0.633503788623644,0.301887051542692,0.301887051542692,0.184568357977156,0.192741366843982,0.149133866930996
148,0.440791745314472,0.148471133452426,0.140279459933373,0.211115838461421,0.140279459933373,0.162677834203278
853,0.638797087949753,0.269010148553487,0.251373586915138,0.246862287018223,0.160930368981928,0.163123316426449
756,0.644086484322101,0.253194757033311,0.205178843545358,0.221274744825972,0.153350162717428,0.171754154191287
720,0.608744246353995,0.245075200706715,0.219672052767678,0.238904240888872,0.142423961905656,0.150492979148870
879,0.652893966371437,0.253194757033311,0.276626749501763,0.186394027664835,0.16357228121085,0.140279459933373
844,0.615828741507218,0.303851718893881,0.269010148553487,0.286266334773665,0.188255890082703,0.222081350052879
787,0.643205181411445,0.232023448734304,0.225342219919308,0.245075200706715,0.146548361254107,0.153350162717428
834,0.62555609967103,0.259638241659144,0.272806580486754,0.192088479379025,0.195393227873188,0.140279459933373
799,0.606971725447777,0.244185541162083,0.269956905233921,0.254108759679802,0.140279459933373,0.150492979148870
899,0.630855615748439,0.32950458986508,0.300905518027404,0.280468392646033,0.205907447843523,0.174364837136968
169,0.479886604427388,0.140279459933373,0.188884569174318,0.160930368981928,0.140279459933373,0.150148946700048
456,0.546296562840502,0.304834801321944,0.284329312589461,0.267121556704060,0.190794809258731,0.150839880430613
717,0.610516199655431,0.198109430350217,0.209608564537159,0.223704949036996,0.144424803121843,0.165403320798019
782,0.624672424998259,0.273759486818862,0.271855157449252,0.226992939983781,0.178181472416481,0.158002143279100
862,0.59099197716754,0.266179795115631,0.245967461561916,0.221274744825972,0.169237834303805,0.153350162717428
801,0.621136485069615,0.245075200706715,0.223704949036996,0.226992939983781,0.162677834203278,0.166814026627726
728,0.620252184825136,0.248659484023583,0.226992939983781,0.199491561253654,0.158002143279100,0.172268685450245
724,0.61494365721071,0.231177046607856,0.264301525715948,0.175977245746161,0.164940248736627,0.142423961905656
663,0.627323083479833,0.265239772398733,0.278545025785751,0.262430509724191,0.176522456496951,0.168745733831007
158,0.470646634478409,0.167772573247934,0.151189670120080,0.186394027664835,0.156008702799071,0.185172899926102
870,0.607858057407542,0.232872971194181,0.260567046745838,0.222891426963376,0.154470991130581,0.150492979148870
663,0.632621179272578,0.224521889216861,0.238904240888872,0.215727826366646,0.172268685450245,0.156400988328558
740,0.621136485069615,0.249561781327291,0.212638240623736,0.253194757033311,0.141333283747465,0.171243398019944
739,0.652893966371437,0.252283020211930,0.269010148553487,0.212638240623736,0.181605650010004,0.167291481291287
878,0.659933050519219,0.297964434643167,0.260567046745838,0.261497815323131,0.184568357977156,0.167291481291287
835,0.629972659733243,0.246862287018223,0.273759486818862,0.170736402643872,0.183967824035887,0.140279459933373
316,0.438910260048710,0.151542367809210,0.177624558944457,0.214949882112267,0.165869963138432,0.194059239855938
698,0.59099197716754,0.221274744825972,0.242414171861771,0.188255890082703,0.148471133452426,0.159237162188545
173,0.532779695838002,0.140279459933373,0.145622826217966,0.218083551882790,0.140279459933373,0.178181472416481
699,0.592770024376564,0.229493730258852,0.203733362812729,0.284329312589461,0.140279459933373,0.140279459933373
652,0.596324170558622,0.255943411389996,0.254108759679802,0.253194757033311,0.183967824035887,0.145018731380577
739,0.602537880906253,0.215727826366646,0.203733362812729,0.218876016213984,0.145018731380577,0.140279459933373
852,0.635268667058686,0.250466494772263,0.235439936165745,0.266179795115631,0.140279459933373,0.190794809258731
781,0.662571212990782,0.306802338059224,0.292100571713878,0.264301525715948,0.154470991130581,0.154850743467635
715,0.622020658211421,0.219672052767678,0.238904240888872,0.208860644258667,0.171243398019944,0.151189670120080
753,0.62555609967103,0.273759486818862,0.206639944148685,0.256863984839407,0.165869963138432,0.193398287644562
757,0.637915147508898,0.264301525715948,0.296985336054750,0.231177046607856,0.178742307944130,0.144424803121843
727,0.617598511353537,0.257786672914962,0.245075200706715,0.255943411389996,0.143552645462116,0.185172899926102
198,0.574958463059337,0.161362102255135,0.140279459933373,0.188255890082703,0.160502026996677,0.140279459933373
424,0.470646634478409,0.160930368981928,0.191439626593958,0.208860644258667,0.143266847840142,0.140539522938054
889,0.61494365721071,0.357108931824631,0.301887051542692,0.336419918223748,0.186394027664835,0.147178535004063
373,0.443610401564419,0.164024746412181,0.208116557082828,0.170233153496669,0.141066417195949,0.164940248736627
774,0.618483198986599,0.242414171861771,0.283362392853609,0.250466494772263,0.172268685450245,0.182778757451073
807,0.615828741507218,0.247759640188542,0.251373586915138,0.214175622695954,0.162235816543637,0.160930368981928
785,0.605198627992826,0.232023448734304,0.289179343702615,0.214949882112267,0.188884569174318,0.149469410107982
793,0.622904705251892,0.269010148553487,0.232872971194181,0.299924552865763,0.160502026996677,0.168745733831007
758,0.612287594171303,0.264301525715948,0.257786672914962,0.231177046607856,0.147497624383717,0.140279459933373
786,0.61405843859737,0.26336509235663,0.235439936165745,0.269956905233921,0.196066256873814,0.145928733232941
761,0.632621179272578,0.249561781327291,0.245967461561916,0.255943411389996,0.176522456496951,0.140279459933373
778,0.637915147508898,0.274713840722163,0.242414171861771,0.277585234113443,0.203016510694019,0.169733635746363
752,0.61494365721071,0.242414171861771,0.23977753355553,0.243298519444439,0.140279459933373,0.167772573247934
167,0.482650905054512,0.140279459933373,0.144720505822661,0.224521889216861,0.140279459933373,0.140279459933373
764,0.627323083479833,0.215727826366646,0.197424363331222,0.252283020211930,0.159655442358187,0.181605650010004
795,0.623788627185174,0.271855157449252,0.238033800236652,0.269010148553487,0.155619579790919,0.170233153496669
715,0.616713692539713,0.247759640188542,0.246862287018223,0.275669606701894,0.181025063276694,0.164480729737195
327,0.429473753439024,0.171243398019944,0.160502026996677,0.191439626593958,0.140279459933373,0.140279459933373
682,0.627323083479833,0.255024990396885,0.206639944148685,0.257786672914962,0.165403320798019,0.167772573247934
672,0.629972659733243,0.261497815323131,0.235439936165745,0.231177046607856,0.176522456496951,0.140279459933373
751,0.608744246353995,0.217294683481912,0.198109430350217,0.203016510694019,0.170736402643872,0.167772573247934
887,0.665208590906176,0.285297304030371,0.246862287018223,0.303851718893881,0.157195124574254,0.160502026996677
647,0.621136485069615,0.242414171861771,0.246862287018223,0.224521889216861,0.158410531669826,0.23977753355553
644,0.617598511353537,0.204454144375473,0.196066256873814,0.265239772398733,0.140279459933373,0.163123316426449
815,0.649372161207369,0.233725581744281,0.237166246337142,0.276626749501763,0.167291481291287,0.159237162188545
861,0.642323774366231,0.299924552865763,0.275669606701894,0.303851718893881,0.174898448025698,0.170736402643872
361,0.56334084744967,0.198109430350217,0.226992939983781,0.226165913043895,0.147819407725247,0.181025063276694
769,0.599875784998553,0.212638240623736,0.232023448734304,0.220471637257467,0.177071557205383,0.199491561253654
770,0.618483198986599,0.245967461561916,0.188884569174318,0.272806580486754,0.167772573247934,0.143552645462116
698,0.639678919993987,0.283362392853609,0.208116557082828,0.273759486818862,0.160077057692081,0.140279459933373
840,0.645848781067736,0.243298519444439,0.248659484023583,0.226992939983781,0.140279459933373,0.194724220966719
788,0.665208590906176,0.250466494772263,0.202303599215116,0.23977753355553,0.149133866930996,0.213405068833102
891,0.640560644506718,0.26336509235663,0.218083551882790,0.256863984839407,0.178742307944130,0.179307075461499
755,0.596324170558622,0.286266334773665,0.283362392853609,0.255024990396885,0.169237834303805,0.167291481291287
684,0.593658802575914,0.255024990396885,0.202303599215116,0.215727826366646,0.155619579790919,0.188255890082703
765,0.633503788623644,0.277585234113443,0.245075200706715,0.212638240623736,0.161797245314680,0.179307075461499
182,0.504646384858735,0.228656878414890,0.226992939983781,0.245967461561916,0.212638240623736,0.184568357977156
714,0.59099197716754,0.217294683481912,0.232023448734304,0.217294683481912,0.145928733232941,0.198798498578782
745,0.600763302119727,0.233725581744281,0.219672052767678,0.243298519444439,0.160930368981928,0.182778757451073
830,0.661691913619881,0.279506090033501,0.246862287018223,0.246862287018223,0.198798498578782,0.156008702799071
388,0.452041119617036,0.182190212262849,0.189517281185082,0.203016510694019,0.152618104976752,0.156796455796649
275,0.640560644506718,0.177071557205383,0.185172899926102,0.208116557082828,0.168257318749387,0.174898448025698
740,0.596324170558622,0.200188610986799,0.229493730258852,0.245075200706715,0.153350162717428,0.165869963138432
685,0.612287594171303,0.237166246337142,0.255943411389996,0.257786672914962,0.140279459933373,0.140279459933373
355,0.682772413069105,0.276626749501763,0.240653643199231,0.32950458986508,0.323575487390111,0.229493730258852
838,0.616713692539713,0.249561781327291,0.290152214217331,0.238033800236652,0.177624558944457,0.194059239855938
786,0.615828741507218,0.260567046745838,0.226992939983781,0.32159942528535,0.269010148553487,0.209608564537159
714,0.615828741507218,0.271855157449252,0.238033800236652,0.273759486818862,0.140279459933373,0.169237834303805
780,0.619367756469412,0.250466494772263,0.215727826366646,0.249561781327291,0.157597013980819,0.203733362812729
742,0.658173830133798,0.278545025785751,0.259638241659144,0.285297304030371,0.159655442358187,0.148143904307162
805,0.616713692539713,0.245075200706715,0.227823271636467,0.267121556704060,0.175977245746161,0.170736402643872
859,0.662571212990782,0.297964434643167,0.312714190948075,0.262430509724191,0.192088479379025,0.144424803121843
884,0.624672424998259,0.269956905233921,0.248659484023583,0.200188610986799,0.173309128978783,0.158002143279100
755,0.656414246618719,0.265239772398733,0.209608564537159,0.289179343702615,0.182190212262849,0.203733362812729
697,0.61494365721071,0.226992939983781,0.225342219919308,0.237166246337142,0.180448444205294,0.144720505822661
611,0.59454741884471,0.26806502014066,0.205907447843523,0.262430509724191,0.149133866930996,0.168257318749387
845,0.627323083479833,0.278545025785751,0.269956905233921,0.235439936165745,0.166814026627726,0.169237834303805
869,0.612287594171303,0.273759486818862,0.247759640188542,0.246862287018223,0.141333283747465,0.152982630801945
664,0.621136485069615,0.218083551882790,0.211115838461421,0.198109430350217,0.153350162717428,0.146548361254107
216,0.671359527115958,0.226165913043895,0.181025063276694,0.340368763820501,0.361034414931008,0.264301525715948
758,0.604311860230174,0.241532534498303,0.219672052767678,0.243298519444439,0.146862120354825,0.140279459933373
611,0.617598511353537,0.281431899695417,0.249561781327291,0.269010148553487,0.152256565618780,0.14298348025674
773,0.634386284250911,0.214175622695954,0.277585234113443,0.173835068385563,0.199491561253654,0.140279459933373
697,0.629089586309926,0.202303599215116,0.190154027575454,0.229493730258852,0.187010622123131,0.140279459933373
745,0.657294084136253,0.252283020211930,0.249561781327291,0.237166246337142,0.155233599845476,0.204454144375473
301,0.417132025922147,0.194724220966719,0.204454144375473,0.224521889216861,0.169237834303805,0.174898448025698
755,0.652893966371437,0.270905253648299,0.26806502014066,0.240653643199231,0.16357228121085,0.146548361254107
333,0.432309844864813,0.197424363331222,0.185172899926102,0.226992939983781,0.156400988328558,0.173835068385563
754,0.613173084606865,0.208116557082828,0.237166246337142,0.194059239855938,0.169733635746363,0.196743303664015
672,0.622904705251892,0.301887051542692,0.290152214217331,0.302869127130412,0.222891426963376,0.169733635746363
173,0.530069290557968,0.158002143279100,0.145928733232941,0.166814026627726,0.140279459933373,0.151189670120080
740,0.61494365721071,0.229493730258852,0.231177046607856,0.226992939983781,0.175435913518267,0.165869963138432
769,0.610516199655431,0.240653643199231,0.208860644258667,0.259638241659144,0.150492979148870,0.169237834303805
810,0.603424944919196,0.227823271636467,0.233725581744281,0.229493730258852,0.165403320798019,0.145928733232941
670,0.611401966215199,0.206639944148685,0.242414171861771,0.194724220966719,0.181025063276694,0.156400988328558
811,0.615828741507218,0.210360301592275,0.23977753355553,0.186394027664835,0.151897993103576,0.160077057692081
872,0.635268667058686,0.310742219942023,0.267121556704060,0.295029198942614,0.196743303664015,0.155233599845476
704,0.598988114480156,0.253194757033311,0.255943411389996,0.23977753355553,0.152982630801945,0.161362102255135
753,0.627323083479833,0.217294683481912,0.140279459933373,0.583873056414207,0.637915147508898,0.467866722440866
693,0.591881082994116,0.313700605163659,0.303851718893881,0.253194757033311,0.211875157547888,0.142147774681471
681,0.598100289370352,0.262430509724191,0.240653643199231,0.264301525715948,0.151542367809210,0.151542367809210
716,0.608744246353995,0.214949882112267,0.245967461561916,0.213405068833102,0.140279459933373,0.208116557082828
523,0.63703309779987,0.283362392853609,0.294052217151829,0.251373586915138,0.176522456496951,0.155619579790919
874,0.643205181411445,0.255024990396885,0.273759486818862,0.282396577544332,0.140279459933373,0.141333283747465
965,0.739676646389824,0.309756707604237,0.286266334773665,0.269956905233921,0.183967824035887,0.187010622123131
820,0.622020658211421,0.258711437790672,0.181025063276694,0.278545025785751,0.140279459933373,0.172268685450245
161,0.480808424194665,0.169237834303805,0.164024746412181,0.23033379664679,0.170736402643872,0.200889639762023
773,0.606971725447777,0.295029198942614,0.273759486818862,0.299924552865763,0.175435913518267,0.164940248736627
785,0.633503788623644,0.258711437790672,0.223704949036996,0.287236372741756,0.158002143279100,0.177624558944457
165,0.488169238277247,0.185781454960399,0.203016510694019,0.160077057692081,0.162677834203278,0.157195124574254
339,0.419987692000204,0.160502026996677,0.140279459933373,0.234581247743386,0.140279459933373,0.169237834303805
700,0.608744246353995,0.238033800236652,0.152256565618780,0.247759640188542,0.140279459933373,0.171243398019944
726,0.598988114480156,0.249561781327291,0.253194757033311,0.208860644258667,0.187010622123131,0.183371292540019
172,0.535487690890414,0.147497624383717,0.181605650010004,0.164940248736627,0.149807763529887,0.140279459933373
184,0.552585532749393,0.174364837136968,0.187631241909896,0.243298519444439,0.169733635746363,0.140279459933373
581,0.583873056414207,0.264301525715948,0.232872971194181,0.291125967010989,0.164024746412181,0.164024746412181
771,0.618483198986599,0.255943411389996,0.200889639762023,0.243298519444439,0.157597013980819,0.140279459933373
259,0.441731771836077,0.161362102255135,0.212638240623736,0.194724220966719,0.159655442358187,0.170233153496669
893,0.617598511353537,0.218876016213984,0.244185541162083,0.214175622695954,0.173835068385563,0.145928733232941
199,0.440791745314472,0.141602453589765,0.16357228121085,0.189517281185082,0.140539522938054,0.158002143279100
758,0.638797087949753,0.32950458986508,0.315674182764382,0.269956905233921,0.213405068833102,0.180448444205294
397,0.566919113760625,0.255943411389996,0.217294683481912,0.303851718893881,0.245967461561916,0.159655442358187
1021,0.637915147508898,0.297964434643167,0.32950458986508,0.247759640188542,0.188884569174318,0.216509434133377
788,0.589213267095234,0.200889639762023,0.219672052767678,0.207376318697083,0.140279459933373,0.169733635746363
244,0.552585532749393,0.208860644258667,0.236301613614802,0.247759640188542,0.257786672914962,0.203733362812729
747,0.622904705251892,0.261497815323131,0.225342219919308,0.265239772398733,0.162677834203278,0.140279459933373
289,0.695049586089508,0.235439936165745,0.26336509235663,0.326539995183568,0.344314559496454,0.236301613614802
782,0.627323083479833,0.253194757033311,0.233725581744281,0.212638240623736,0.180448444205294,0.211115838461421
815,0.648491465815105,0.238904240888872,0.248659484023583,0.249561781327291,0.177071557205383,0.155233599845476
746,0.622904705251892,0.23033379664679,0.228656878414890,0.232872971194181,0.145622826217966,0.171243398019944
300,0.502821101328797,0.182778757451073,0.169237834303805,0.209608564537159,0.140279459933373,0.140279459933373
512,0.474347434968947,0.211875157547888,0.233725581744281,0.179307075461499,0.199491561253654,0.173835068385563
840,0.637915147508898,0.245075200706715,0.248659484023583,0.193398287644562,0.190154027575454,0.160930368981928
469,0.686281552185454,0.256863984839407,0.277585234113443,0.312714190948075,0.274713840722163,0.222891426963376
661,0.624672424998259,0.242414171861771,0.23977753355553,0.260567046745838,0.140279459933373,0.177624558944457
765,0.63703309779987,0.264301525715948,0.231177046607856,0.257786672914962,0.181605650010004,0.140279459933373
730,0.63703309779987,0.232872971194181,0.208860644258667,0.260567046745838,0.146862120354825,0.140279459933373
659,0.627323083479833,0.26336509235663,0.226165913043895,0.250466494772263,0.154470991130581,0.140279459933373
730,0.640560644506718,0.241532534498303,0.23033379664679,0.246862287018223,0.163123316426449,0.14298348025674
334,0.618483198986599,0.220471637257467,0.140279459933373,0.553483028327823,0.605198627992826,0.440791745314472
414,0.420938564569721,0.188884569174318,0.175977245746161,0.175977245746161,0.151897993103576,0.140279459933373
793,0.620252184825136,0.276626749501763,0.264301525715948,0.238904240888872,0.216509434133377,0.193398287644562
805,0.650252758171119,0.272806580486754,0.226992939983781,0.284329312589461,0.164480729737195,0.212638240623736
784,0.603424944919196,0.245075200706715,0.211875157547888,0.222081350052879,0.146237238572002,0.170233153496669
796,0.659053485350326,0.278545025785751,0.238904240888872,0.291125967010989,0.179307075461499,0.140279459933373
678,0.598100289370352,0.249561781327291,0.284329312589461,0.195393227873188,0.190794809258731,0.179875784505171
312,0.430419611243593,0.175977245746161,0.168257318749387,0.214175622695954,0.156400988328558,0.168257318749387
815,0.681894949187986,0.305818349289740,0.276626749501763,0.270905253648299,0.181025063276694,0.182190212262849
823,0.606971725447777,0.251373586915138,0.256863984839407,0.187631241909896,0.211115838461421,0.215727826366646
393,0.466011361565902,0.167291481291287,0.160502026996677,0.166814026627726,0.151542367809210,0.163123316426449
368,0.439851241970584,0.197424363331222,0.210360301592275,0.206639944148685,0.176522456496951,0.150839880430613
982,0.655534316836593,0.278545025785751,0.26336509235663,0.248659484023583,0.174898448025698,0.179875784505171
834,0.657294084136253,0.284329312589461,0.269956905233921,0.243298519444439,0.170736402643872,0.185781454960399
798,0.652893966371437,0.287236372741756,0.212638240623736,0.246862287018223,0.155233599845476,0.151897993103576
775,0.634386284250911,0.282396577544332,0.278545025785751,0.212638240623736,0.185172899926102,0.187010622123131
348,0.437968797820157,0.157597013980819,0.185172899926102,0.222081350052879,0.157195124574254,0.167291481291287
519,0.599875784998553,0.237166246337142,0.205907447843523,0.23977753355553,0.140279459933373,0.162235816543637
784,0.652893966371437,0.279506090033501,0.196743303664015,0.265239772398733,0.174898448025698,0.164940248736627
816,0.617598511353537,0.255024990396885,0.248659484023583,0.240653643199231,0.181605650010004,0.186394027664835
965,0.62555609967103,0.266179795115631,0.252283020211930,0.228656878414890,0.190154027575454,0.190794809258731
864,0.676628615387707,0.281431899695417,0.278545025785751,0.258711437790672,0.148801114525785,0.150148946700048
720,0.647610671197383,0.250466494772263,0.272806580486754,0.211875157547888,0.186394027664835,0.145319498566922
680,0.61405843859737,0.245075200706715,0.248659484023583,0.223704949036996,0.158002143279100,0.175435913518267
412,0.453909567952752,0.271855157449252,0.233725581744281,0.257786672914962,0.203733362812729,0.181605650010004
925,0.645848781067736,0.232872971194181,0.247759640188542,0.214949882112267,0.166814026627726,0.16634019279706
927,0.632621179272578,0.237166246337142,0.213405068833102,0.26336509235663,0.180448444205294,0.196066256873814
327,0.432309844864813,0.195393227873188,0.201594638931909,0.171754154191287,0.181025063276694,0.169237834303805
328,0.451106215483896,0.160077057692081,0.165403320798019,0.223704949036996,0.145928733232941,0.171243398019944
818,0.62555609967103,0.229493730258852,0.238904240888872,0.276626749501763,0.140279459933373,0.183371292540019
806,0.623788627185174,0.276626749501763,0.211115838461421,0.243298519444439,0.168257318749387,0.167772573247934
384,0.446424815327873,0.170736402643872,0.190794809258731,0.187631241909896,0.140279459933373,0.164480729737195
710,0.602537880906253,0.205178843545358,0.218083551882790,0.220471637257467,0.178742307944130,0.140279459933373
761,0.598100289370352,0.269956905233921,0.243298519444439,0.255024990396885,0.188255890082703,0.200188610986799
757,0.597212308466731,0.304834801321944,0.267121556704060,0.269956905233921,0.185781454960399,0.189517281185082
737,0.627323083479833,0.251373586915138,0.226992939983781,0.237166246337142,0.151542367809210,0.200188610986799
374,0.598988114480156,0.306802338059224,0.245967461561916,0.272806580486754,0.152982630801945,0.169237834303805
806,0.606971725447777,0.240653643199231,0.232872971194181,0.223704949036996,0.157597013980819,0.155233599845476
785,0.627323083479833,0.273759486818862,0.269956905233921,0.214949882112267,0.169237834303805,0.171754154191287
363,0.455776216619560,0.148471133452426,0.185172899926102,0.180448444205294,0.160077057692081,0.161362102255135
794,0.587433883900336,0.262430509724191,0.247759640188542,0.232872971194181,0.169237834303805,0.140279459933373
376,0.434198112267997,0.166814026627726,0.163123316426449,0.214175622695954,0.140279459933373,0.199491561253654
690,0.633503788623644,0.241532534498303,0.255943411389996,0.235439936165745,0.144720505822661,0.182190212262849
685,0.587433883900336,0.207376318697083,0.199491561253654,0.213405068833102,0.174898448025698,0.140279459933373
745,0.641442262346675,0.270905253648299,0.251373586915138,0.285297304030371,0.16634019279706,0.14298348025674
757,0.633503788623644,0.270905253648299,0.235439936165745,0.213405068833102,0.182190212262849,0.145319498566922
730,0.605198627992826,0.248659484023583,0.202303599215116,0.271855157449252,0.175977245746161,0.169237834303805
880,0.627323083479833,0.246862287018223,0.235439936165745,0.225342219919308,0.190794809258731,0.173309128978783
735,0.653774177471793,0.23977753355553,0.190794809258731,0.274713840722163,0.163123316426449,0.167291481291287
897,0.622904705251892,0.235439936165745,0.283362392853609,0.221274744825972,0.147497624383717,0.146237238572002
750,0.593658802575914,0.232872971194181,0.219672052767678,0.240653643199231,0.155233599845476,0.178742307944130
203,0.45297556976512,0.170736402643872,0.197424363331222,0.204454144375473,0.140279459933373,0.140279459933373
952,0.672237905577799,0.278545025785751,0.251373586915138,0.301887051542692,0.161797245314680,0.182190212262849
782,0.630855615748439,0.223704949036996,0.208116557082828,0.23977753355553,0.140279459933373,0.140279459933373
673,0.627323083479833,0.229493730258852,0.23033379664679,0.188884569174318,0.170736402643872,0.148801114525785
738,0.590102705627282,0.282396577544332,0.23977753355553,0.246862287018223,0.223704949036996,0.140801836156987
695,0.61494365721071,0.250466494772263,0.26336509235663,0.262430509724191,0.178742307944130,0.182190212262849
849,0.644086484322101,0.273759486818862,0.231177046607856,0.270905253648299,0.140279459933373,0.156008702799071
778,0.626439652176295,0.251373586915138,0.245967461561916,0.252283020211930,0.141873944585676,0.195393227873188
614,0.613173084606865,0.231177046607856,0.223704949036996,0.234581247743386,0.171243398019944,0.191439626593958
878,0.630855615748439,0.255943411389996,0.226992939983781,0.23977753355553,0.173309128978783,0.203733362812729
743,0.634386284250911,0.223704949036996,0.257786672914962,0.209608564537159,0.169733635746363,0.140279459933373
721,0.621136485069615,0.23977753355553,0.238904240888872,0.247759640188542,0.140279459933373,0.140801836156987
593,0.529165277729617,0.272806580486754,0.23033379664679,0.32159942528535,0.348256569656263,0.220471637257467
782,0.640560644506718,0.23977753355553,0.236301613614802,0.267121556704060,0.140279459933373,0.173835068385563
170,0.527356424038935,0.155233599845476,0.195393227873188,0.195393227873188,0.140279459933373,0.140279459933373
916,0.636150937944643,0.237166246337142,0.258711437790672,0.271855157449252,0.158002143279100,0.140279459933373
725,0.609630293401202,0.224521889216861,0.232872971194181,0.155233599845476,0.151542367809210,0.177624558944457
801,0.585653817185493,0.255024990396885,0.225342219919308,0.255024990396885,0.160502026996677,0.178742307944130
744,0.609630293401202,0.251373586915138,0.205178843545358,0.205907447843523,0.179307075461499,0.140279459933373
743,0.606085249352797,0.311728055196152,0.256863984839407,0.246862287018223,0.173309128978783,0.176522456496951
753,0.617598511353537,0.255024990396885,0.228656878414890,0.241532534498303,0.170736402643872,0.140279459933373
165,0.478041795094857,0.140279459933373,0.146862120354825,0.204454144375473,0.140279459933373,0.152982630801945
818,0.639678919993987,0.271855157449252,0.277585234113443,0.226165913043895,0.193398287644562,0.188255890082703
648,0.609630293401202,0.253194757033311,0.235439936165745,0.224521889216861,0.167772573247934,0.151897993103576
853,0.642323774366231,0.282396577544332,0.225342219919308,0.282396577544332,0.140279459933373,0.211115838461421
931,0.593658802575914,0.269956905233921,0.216509434133377,0.236301613614802,0.172787005806565,0.157597013980819
789,0.611401966215199,0.261497815323131,0.210360301592275,0.26806502014066,0.153350162717428,0.144720505822661
826,0.613173084606865,0.291125967010989,0.279506090033501,0.231177046607856,0.157597013980819,0.178181472416481
714,0.673994424070159,0.273759486818862,0.272806580486754,0.248659484023583,0.174898448025698,0.165403320798019
822,0.660812526368302,0.310742219942023,0.314687276192053,0.238904240888872,0.235439936165745,0.167291481291287
813,0.661691913619881,0.284329312589461,0.261497815323131,0.149133866930996,0.207376318697083,0.145319498566922
819,0.621136485069615,0.188884569174318,0.201594638931909,0.232872971194181,0.154470991130581,0.148471133452426
425,0.467866722440866,0.193398287644562,0.194724220966719,0.191439626593958,0.163123316426449,0.140279459933373
182,0.548993245617665,0.151189670120080,0.188884569174318,0.158822198286243,0.148801114525785,0.140279459933373
808,0.591881082994116,0.289179343702615,0.277585234113443,0.261497815323131,0.155619579790919,0.171754154191287
858,0.653774177471793,0.228656878414890,0.252283020211930,0.171243398019944,0.185172899926102,0.160930368981928
821,0.599875784998553,0.232023448734304,0.23977753355553,0.187631241909896,0.203733362812729,0.208116557082828
765,0.613173084606865,0.250466494772263,0.23033379664679,0.255943411389996,0.158002143279100,0.140279459933373
659,0.617598511353537,0.201594638931909,0.223704949036996,0.211875157547888,0.140801836156987,0.156400988328558
823,0.62555609967103,0.287236372741756,0.26336509235663,0.264301525715948,0.190154027575454,0.149469410107982
697,0.598988114480156,0.242414171861771,0.255024990396885,0.180448444205294,0.153720720340875,0.140279459933373
749,0.602537880906253,0.306802338059224,0.299924552865763,0.221274744825972,0.187631241909896,0.154094323280450
852,0.631738455286738,0.249561781327291,0.218083551882790,0.226165913043895,0.196066256873814,0.150839880430613
709,0.59099197716754,0.226992939983781,0.155619579790919,0.227823271636467,0.140279459933373,0.154470991130581
181,0.431364974573073,0.140279459933373,0.140279459933373,0.618483198986599,0.674872565393281,0.516479299936916
655,0.610516199655431,0.223704949036996,0.23977753355553,0.228656878414890,0.140279459933373,0.140279459933373
714,0.604311860230174,0.237166246337142,0.221274744825972,0.200188610986799,0.171243398019944,0.181025063276694
347,0.435141512434088,0.167772573247934,0.149807763529887,0.226165913043895,0.140279459933373,0.140279459933373
760,0.635268667058686,0.258711437790672,0.255943411389996,0.237166246337142,0.194724220966719,0.140279459933373
714,0.582982412426427,0.211875157547888,0.176522456496951,0.264301525715948,0.140279459933373,0.159237162188545
316,0.432309844864813,0.140279459933373,0.202303599215116,0.149469410107982,0.140279459933373,0.158002143279100
819,0.61405843859737,0.231177046607856,0.247759640188542,0.204454144375473,0.162235816543637,0.140279459933373
362,0.590102705627282,0.290152214217331,0.245075200706715,0.302869127130412,0.160077057692081,0.195393227873188
878,0.649372161207369,0.258711437790672,0.269956905233921,0.266179795115631,0.150148946700048,0.161362102255135
754,0.610516199655431,0.235439936165745,0.234581247743386,0.181605650010004,0.155619579790919,0.140279459933373
830,0.618483198986599,0.23977753355553,0.284329312589461,0.141333283747465,0.194059239855938,0.141333283747465
804,0.602537880906253,0.253194757033311,0.233725581744281,0.222081350052879,0.140279459933373,0.182190212262849
704,0.609630293401202,0.226165913043895,0.202303599215116,0.256863984839407,0.140279459933373,0.142702524367706
764,0.623788627185174,0.244185541162083,0.251373586915138,0.217294683481912,0.194724220966719,0.167291481291287
751,0.598988114480156,0.232023448734304,0.213405068833102,0.23977753355553,0.151542367809210,0.158822198286243
642,0.634386284250911,0.261497815323131,0.282396577544332,0.16634019279706,0.213405068833102,0.140279459933373
765,0.648491465815105,0.224521889216861,0.222891426963376,0.205178843545358,0.192741366843982,0.140539522938054
828,0.61405843859737,0.238033800236652,0.177071557205383,0.274713840722163,0.140279459933373,0.140279459933373
735,0.57763477259731,0.212638240623736,0.203016510694019,0.249561781327291,0.182778757451073,0.140279459933373
808,0.615828741507218,0.284329312589461,0.198798498578782,0.274713840722163,0.178742307944130,0.181025063276694
713,0.605198627992826,0.225342219919308,0.252283020211930,0.233725581744281,0.162235816543637,0.140279459933373
614,0.635268667058686,0.255024990396885,0.190794809258731,0.265239772398733,0.148143904307162,0.16357228121085
641,0.585653817185493,0.221274744825972,0.204454144375473,0.232023448734304,0.164480729737195,0.181605650010004
169,0.523735350546028,0.162677834203278,0.177071557205383,0.183967824035887,0.163123316426449,0.154094323280450
624,0.589213267095234,0.234581247743386,0.249561781327291,0.182190212262849,0.166814026627726,0.192088479379025
785,0.596324170558622,0.234581247743386,0.205907447843523,0.182778757451073,0.169733635746363,0.140279459933373
723,0.611401966215199,0.213405068833102,0.223704949036996,0.220471637257467,0.159655442358187,0.152982630801945
859,0.643205181411445,0.260567046745838,0.244185541162083,0.236301613614802,0.158822198286243,0.193398287644562
815,0.63703309779987,0.266179795115631,0.277585234113443,0.244185541162083,0.184568357977156,0.144424803121843
816,0.618483198986599,0.247759640188542,0.233725581744281,0.278545025785751,0.178181472416481,0.164480729737195
727,0.623788627185174,0.281431899695417,0.265239772398733,0.267121556704060,0.178181472416481,0.190154027575454
741,0.610516199655431,0.285297304030371,0.253194757033311,0.280468392646033,0.171243398019944,0.140279459933373
643,0.59099197716754,0.234581247743386,0.225342219919308,0.219672052767678,0.165403320798019,0.140279459933373
748,0.59099197716754,0.286266334773665,0.247759640188542,0.313700605163659,0.168257318749387,0.181025063276694
800,0.624672424998259,0.259638241659144,0.257786672914962,0.233725581744281,0.140279459933373,0.140279459933373
781,0.611401966215199,0.232023448734304,0.221274744825972,0.250466494772263,0.161797245314680,0.156008702799071
778,0.640560644506718,0.262430509724191,0.26336509235663,0.264301525715948,0.167291481291287,0.140279459933373
472,0.572280442910804,0.274713840722163,0.220471637257467,0.278545025785751,0.201594638931909,0.196743303664015
769,0.610516199655431,0.229493730258852,0.191439626593958,0.271855157449252,0.140279459933373,0.165403320798019
906,0.615828741507218,0.252283020211930,0.256863984839407,0.186394027664835,0.163123316426449,0.162235816543637
727,0.633503788623644,0.246862287018223,0.244185541162083,0.255024990396885,0.143266847840142,0.178181472416481
863,0.643205181411445,0.229493730258852,0.224521889216861,0.270905253648299,0.140279459933373,0.205907447843523
820,0.657294084136253,0.261497815323131,0.249561781327291,0.292100571713878,0.152982630801945,0.161362102255135
361,0.410450927071570,0.169733635746363,0.157597013980819,0.210360301592275,0.140279459933373,0.140279459933373
829,0.635268667058686,0.23977753355553,0.229493730258852,0.253194757033311,0.141602453589765,0.187010622123131
617,0.668723907006677,0.281431899695417,0.298944182722262,0.260567046745838,0.177624558944457,0.150839880430613
762,0.598100289370352,0.228656878414890,0.203733362812729,0.227823271636467,0.187631241909896,0.175435913518267
796,0.603424944919196,0.256863984839407,0.194724220966719,0.211875157547888,0.158410531669826,0.170233153496669
352,0.443610401564419,0.164480729737195,0.140279459933373,0.218876016213984,0.167772573247934,0.141602453589765
700,0.631738455286738,0.234581247743386,0.235439936165745,0.279506090033501,0.154850743467635,0.164480729737195
755,0.624672424998259,0.261497815323131,0.264301525715948,0.251373586915138,0.200889639762023,0.245075200706715
812,0.633503788623644,0.256863984839407,0.236301613614802,0.234581247743386,0.150492979148870,0.205907447843523
880,0.629089586309926,0.257786672914962,0.238033800236652,0.216509434133377,0.161362102255135,0.159237162188545
634,0.607858057407542,0.231177046607856,0.237166246337142,0.172787005806565,0.144131604573628,0.198798498578782
796,0.635268667058686,0.257786672914962,0.23977753355553,0.276626749501763,0.165869963138432,0.192741366843982
692,0.598988114480156,0.226992939983781,0.222891426963376,0.241532534498303,0.140279459933373,0.151189670120080
815,0.607858057407542,0.252283020211930,0.234581247743386,0.205907447843523,0.168745733831007,0.153720720340875
403,0.425685350085428,0.216509434133377,0.154094323280450,0.236301613614802,0.198109430350217,0.210360301592275
450,0.626439652176295,0.246862287018223,0.229493730258852,0.256863984839407,0.26336509235663,0.182778757451073
841,0.660812526368302,0.252283020211930,0.291125967010989,0.235439936165745,0.160930368981928,0.168257318749387
787,0.601650667029677,0.336419918223748,0.300905518027404,0.325551793923222,0.194059239855938,0.140279459933373
735,0.568707020795868,0.226992939983781,0.222891426963376,0.199491561253654,0.140279459933373,0.167291481291287
763,0.627323083479833,0.249561781327291,0.228656878414890,0.262430509724191,0.191439626593958,0.196066256873814
786,0.591881082994116,0.284329312589461,0.26806502014066,0.26806502014066,0.224521889216861,0.143840891542185
755,0.626439652176295,0.248659484023583,0.220471637257467,0.264301525715948,0.171754154191287,0.140279459933373
746,0.600763302119727,0.315674182764382,0.304834801321944,0.251373586915138,0.193398287644562,0.194724220966719
296,0.437968797820157,0.223704949036996,0.229493730258852,0.241532534498303,0.152256565618780,0.181025063276694
799,0.610516199655431,0.240653643199231,0.245075200706715,0.270905253648299,0.140279459933373,0.173835068385563
663,0.593658802575914,0.225342219919308,0.218876016213984,0.198109430350217,0.193398287644562,0.150148946700048
725,0.644086484322101,0.298944182722262,0.300905518027404,0.251373586915138,0.191439626593958,0.184568357977156
452,0.552585532749393,0.188255890082703,0.189517281185082,0.23033379664679,0.140279459933373,0.172787005806565
164,0.475271623239318,0.140279459933373,0.157597013980819,0.154850743467635,0.140279459933373,0.164480729737195
715,0.603424944919196,0.254108759679802,0.238904240888872,0.203733362812729,0.140279459933373,0.140279459933373
731,0.600763302119727,0.205907447843523,0.193398287644562,0.216509434133377,0.167291481291287,0.190154027575454
769,0.644086484322101,0.278545025785751,0.232872971194181,0.244185541162083,0.172268685450245,0.174898448025698
787,0.637915147508898,0.301887051542692,0.253194757033311,0.242414171861771,0.167291481291287,0.196743303664015
356,0.463225147278761,0.211115838461421,0.188884569174318,0.198798498578782,0.143552645462116,0.140279459933373
648,0.593658802575914,0.229493730258852,0.23977753355553,0.236301613614802,0.178181472416481,0.160930368981928
740,0.612287594171303,0.255943411389996,0.214949882112267,0.192088479379025,0.184568357977156,0.140279459933373
756,0.624672424998259,0.211115838461421,0.23977753355553,0.235439936165745,0.140279459933373,0.140279459933373
759,0.592770024376564,0.215727826366646,0.227823271636467,0.232872971194181,0.178742307944130,0.154094323280450
653,0.611401966215199,0.231177046607856,0.235439936165745,0.23977753355553,0.169237834303805,0.140279459933373
855,0.616713692539713,0.222891426963376,0.223704949036996,0.255024990396885,0.166814026627726,0.144424803121843
912,0.629972659733243,0.259638241659144,0.262430509724191,0.228656878414890,0.140279459933373,0.180448444205294
804,0.63703309779987,0.228656878414890,0.286266334773665,0.160502026996677,0.176522456496951,0.140279459933373
702,0.606971725447777,0.193398287644562,0.241532534498303,0.181025063276694,0.174364837136968,0.158002143279100
943,0.639678919993987,0.328516409471957,0.302869127130412,0.278545025785751,0.198109430350217,0.203016510694019
175,0.543597713584787,0.153720720340875,0.146237238572002,0.203733362812729,0.154850743467635,0.196743303664015
736,0.639678919993987,0.262430509724191,0.211115838461421,0.238033800236652,0.173309128978783,0.147178535004063
407,0.433254223593108,0.174364837136968,0.178742307944130,0.165403320798019,0.153720720340875,0.150492979148870
166,0.478041795094857,0.147819407725247,0.182190212262849,0.191439626593958,0.140279459933373,0.161362102255135
835,0.63703309779987,0.26336509235663,0.203016510694019,0.299924552865763,0.195393227873188,0.175435913518267
791,0.622904705251892,0.299924552865763,0.267121556704060,0.271855157449252,0.187010622123131,0.195393227873188
796,0.585653817185493,0.23033379664679,0.264301525715948,0.258711437790672,0.140279459933373,0.164940248736627
962,0.643205181411445,0.341355528691973,0.306802338059224,0.307786743279463,0.236301613614802,0.150492979148870
761,0.624672424998259,0.242414171861771,0.213405068833102,0.241532534498303,0.172787005806565,0.146862120354825
696,0.627323083479833,0.238904240888872,0.191439626593958,0.273759486818862,0.151897993103576,0.190154027575454
375,0.438910260048710,0.167291481291287,0.192088479379025,0.174364837136968,0.147819407725247,0.140279459933373
792,0.635268667058686,0.262430509724191,0.259638241659144,0.244185541162083,0.154850743467635,0.179307075461499
657,0.629089586309926,0.237166246337142,0.198798498578782,0.256863984839407,0.150148946700048,0.196743303664015
643,0.557967132030868,0.244185541162083,0.204454144375473,0.212638240623736,0.173309128978783,0.174364837136968
803,0.647610671197383,0.253194757033311,0.264301525715948,0.243298519444439,0.174364837136968,0.181025063276694
774,0.637915147508898,0.261497815323131,0.255024990396885,0.262430509724191,0.160077057692081,0.174364837136968
313,0.416179118323367,0.165869963138432,0.180448444205294,0.204454144375473,0.140279459933373,0.144424803121843
157,0.518295090270738,0.220471637257467,0.255024990396885,0.236301613614802,0.175435913518267,0.140279459933373
829,0.659053485350326,0.240653643199231,0.246862287018223,0.246862287018223,0.176522456496951,0.140279459933373
788,0.583873056414207,0.235439936165745,0.207376318697083,0.190794809258731,0.159237162188545,0.152618104976752
724,0.618483198986599,0.253194757033311,0.242414171861771,0.251373586915138,0.150148946700048,0.169237834303805
183,0.51193448587976,0.164480729737195,0.153350162717428,0.225342219919308,0.140279459933373,0.154850743467635
850,0.643205181411445,0.303851718893881,0.282396577544332,0.280468392646033,0.194724220966719,0.178742307944130
246,0.622904705251892,0.154470991130581,0.162677834203278,0.224521889216861,0.140279459933373,0.147178535004063
867,0.633503788623644,0.274713840722163,0.269956905233921,0.23977753355553,0.167291481291287,0.150148946700048
379,0.45297556976512,0.188884569174318,0.152256565618780,0.200889639762023,0.157195124574254,0.140279459933373
841,0.607858057407542,0.251373586915138,0.165403320798019,0.284329312589461,0.155619579790919,0.147178535004063
819,0.612287594171303,0.244185541162083,0.254108759679802,0.232023448734304,0.140279459933373,0.165869963138432
733,0.598100289370352,0.226165913043895,0.234581247743386,0.211115838461421,0.174898448025698,0.159655442358187
286,0.420938564569721,0.167291481291287,0.168257318749387,0.226165913043895,0.140279459933373,0.140279459933373
727,0.620252184825136,0.253194757033311,0.218876016213984,0.231177046607856,0.156796455796649,0.189517281185082
989,0.665208590906176,0.341355528691973,0.345300444024283,0.339381807952053,0.226992939983781,0.187010622123131
825,0.62555609967103,0.229493730258852,0.237166246337142,0.227823271636467,0.170233153496669,0.157195124574254
628,0.586543936638165,0.279506090033501,0.257786672914962,0.251373586915138,0.194724220966719,0.165403320798019
924,0.599875784998553,0.248659484023583,0.218083551882790,0.267121556704060,0.151189670120080,0.214175622695954
167,0.514662297605807,0.147819407725247,0.245967461561916,0.140279459933373,0.177071557205383,0.182190212262849
824,0.626439652176295,0.244185541162083,0.233725581744281,0.238904240888872,0.152256565618780,0.159655442358187
793,0.610516199655431,0.248659484023583,0.253194757033311,0.271855157449252,0.155233599845476,0.194724220966719
788,0.611401966215199,0.330492731245164,0.279506090033501,0.301887051542692,0.203733362812729,0.150839880430613
856,0.636150937944643,0.259638241659144,0.218083551882790,0.254108759679802,0.179875784505171,0.140279459933373
160,0.462295554374572,0.140279459933373,0.140279459933373,0.203733362812729,0.144424803121843,0.140279459933373
653,0.596324170558622,0.237166246337142,0.207376318697083,0.192741366843982,0.175435913518267,0.172787005806565
879,0.632621179272578,0.250466494772263,0.248659484023583,0.272806580486754,0.190794809258731,0.175977245746161
631,0.599875784998553,0.179875784505171,0.210360301592275,0.200889639762023,0.172268685450245,0.140279459933373
829,0.603424944919196,0.341355528691973,0.290152214217331,0.346286080835727,0.201594638931909,0.149469410107982
719,0.630855615748439,0.244185541162083,0.276626749501763,0.232023448734304,0.168257318749387,0.173309128978783
706,0.596324170558622,0.255024990396885,0.221274744825972,0.255943411389996,0.167772573247934,0.194724220966719
689,0.608744246353995,0.218876016213984,0.218083551882790,0.213405068833102,0.16634019279706,0.198798498578782
675,0.616713692539713,0.228656878414890,0.213405068833102,0.214949882112267,0.175977245746161,0.186394027664835
907,0.641442262346675,0.254108759679802,0.265239772398733,0.255024990396885,0.161797245314680,0.159237162188545
296,0.409494432911366,0.211875157547888,0.158822198286243,0.317648619366148,0.322587416871138,0.198798498578782
789,0.654654294039608,0.296985336054750,0.269956905233921,0.26336509235663,0.181025063276694,0.218083551882790
751,0.627323083479833,0.256863984839407,0.250466494772263,0.194059239855938,0.203733362812729,0.190794809258731
858,0.632621179272578,0.243298519444439,0.238904240888872,0.228656878414890,0.150148946700048,0.140279459933373
743,0.628206394540431,0.225342219919308,0.217294683481912,0.235439936165745,0.146862120354825,0.143840891542185
766,0.615828741507218,0.296985336054750,0.286266334773665,0.292100571713878,0.206639944148685,0.185781454960399
827,0.622020658211421,0.244185541162083,0.260567046745838,0.247759640188542,0.168257318749387,0.140279459933373
813,0.643205181411445,0.244185541162083,0.229493730258852,0.261497815323131,0.164940248736627,0.197424363331222
418,0.486331294331022,0.177071557205383,0.156400988328558,0.198798498578782,0.140279459933373,0.140279459933373
745,0.621136485069615,0.252283020211930,0.242414171861771,0.273759486818862,0.171754154191287,0.140279459933373
830,0.61494365721071,0.254108759679802,0.216509434133377,0.262430509724191,0.155619579790919,0.163123316426449
878,0.633503788623644,0.243298519444439,0.221274744825972,0.226165913043895,0.161362102255135,0.183371292540019
389,0.469720411442728,0.174364837136968,0.178742307944130,0.200889639762023,0.140279459933373,0.140279459933373
818,0.627323083479833,0.23033379664679,0.243298519444439,0.210360301592275,0.172268685450245,0.173309128978783
822,0.643205181411445,0.242414171861771,0.259638241659144,0.202303599215116,0.182778757451073,0.187631241909896
798,0.603424944919196,0.297964434643167,0.302869127130412,0.331480818156256,0.211115838461421,0.219672052767678
957,0.653774177471793,0.256863984839407,0.212638240623736,0.252283020211930,0.140279459933373,0.198798498578782
295,0.394120687044045,0.181025063276694,0.140279459933373,0.216509434133377,0.149133866930996,0.172787005806565
822,0.660812526368302,0.264301525715948,0.196066256873814,0.333456768437105,0.147497624383717,0.183967824035887
693,0.573173308757861,0.243298519444439,0.269956905233921,0.208116557082828,0.190154027575454,0.192088479379025
730,0.61494365721071,0.192741366843982,0.200889639762023,0.226165913043895,0.140279459933373,0.187631241909896
243,0.457641082102348,0.140279459933373,0.170736402643872,0.213405068833102,0.160930368981928,0.140279459933373
766,0.617598511353537,0.245967461561916,0.269956905233921,0.222081350052879,0.181025063276694,0.237166246337142
786,0.633503788623644,0.255024990396885,0.238033800236652,0.256863984839407,0.155233599845476,0.152982630801945
705,0.572280442910804,0.314687276192053,0.296006914761259,0.255024990396885,0.195393227873188,0.209608564537159
511,0.597212308466731,0.295029198942614,0.291125967010989,0.283362392853609,0.202303599215116,0.140279459933373
716,0.622020658211421,0.228656878414890,0.200889639762023,0.228656878414890,0.140279459933373,0.214949882112267
778,0.607858057407542,0.259638241659144,0.227823271636467,0.214949882112267,0.177624558944457,0.187010622123131
718,0.609630293401202,0.222081350052879,0.23033379664679,0.208860644258667,0.140279459933373,0.174364837136968
921,0.633503788623644,0.275669606701894,0.214949882112267,0.252283020211930,0.161797245314680,0.190794809258731
626,0.568707020795868,0.305818349289740,0.289179343702615,0.279506090033501,0.181605650010004,0.146862120354825
848,0.628206394540431,0.251373586915138,0.260567046745838,0.248659484023583,0.143552645462116,0.169733635746363
743,0.613173084606865,0.326539995183568,0.303851718893881,0.300905518027404,0.229493730258852,0.140279459933373
646,0.654654294039608,0.245967461561916,0.244185541162083,0.256863984839407,0.179875784505171,0.164024746412181
717,0.640560644506718,0.261497815323131,0.244185541162083,0.246862287018223,0.198798498578782,0.177624558944457
683,0.636150937944643,0.319623752397046,0.290152214217331,0.332468835480985,0.185781454960399,0.196066256873814
813,0.620252184825136,0.289179343702615,0.274713840722163,0.255024990396885,0.179875784505171,0.184568357977156
805,0.607858057407542,0.251373586915138,0.238904240888872,0.242414171861771,0.158410531669826,0.213405068833102
685,0.617598511353537,0.222891426963376,0.220471637257467,0.229493730258852,0.162235816543637,0.140279459933373
780,0.628206394540431,0.26336509235663,0.228656878414890,0.232872971194181,0.153720720340875,0.140279459933373
819,0.647610671197383,0.272806580486754,0.271855157449252,0.255024990396885,0.178742307944130,0.140279459933373
748,0.610516199655431,0.256863984839407,0.215727826366646,0.270905253648299,0.140279459933373,0.178742307944130
691,0.602537880906253,0.238033800236652,0.244185541162083,0.211115838461421,0.195393227873188,0.172787005806565
358,0.438910260048710,0.154094323280450,0.200188610986799,0.183967824035887,0.140279459933373,0.140279459933373
163,0.482650905054512,0.146548361254107,0.194724220966719,0.152256565618780,0.157195124574254,0.160077057692081
673,0.589213267095234,0.278545025785751,0.261497815323131,0.225342219919308,0.150839880430613,0.200889639762023
749,0.601650667029677,0.214175622695954,0.226165913043895,0.275669606701894,0.140279459933373,0.155619579790919
704,0.617598511353537,0.254108759679802,0.217294683481912,0.244185541162083,0.153350162717428,0.151897993103576
810,0.642323774366231,0.253194757033311,0.217294683481912,0.276626749501763,0.166814026627726,0.140279459933373
829,0.619367756469412,0.222891426963376,0.240653643199231,0.245967461561916,0.175977245746161,0.140279459933373
406,0.703811180549243,0.255943411389996,0.182778757451073,0.345300444024283,0.323575487390111,0.199491561253654
855,0.581200590507501,0.226165913043895,0.254108759679802,0.185781454960399,0.168745733831007,0.203733362812729
735,0.609630293401202,0.258711437790672,0.238033800236652,0.212638240623736,0.156400988328558,0.142147774681471
991,0.627323083479833,0.237166246337142,0.234581247743386,0.243298519444439,0.170736402643872,0.16634019279706
844,0.637915147508898,0.255024990396885,0.242414171861771,0.257786672914962,0.178181472416481,0.140279459933373
676,0.593658802575914,0.23033379664679,0.178181472416481,0.267121556704060,0.178742307944130,0.174898448025698
820,0.632621179272578,0.264301525715948,0.253194757033311,0.218876016213984,0.149469410107982,0.140279459933373
574,0.564235724377818,0.257786672914962,0.225342219919308,0.252283020211930,0.160077057692081,0.152982630801945
274,0.4964219650051,0.173309128978783,0.205178843545358,0.203733362812729,0.160077057692081,0.167291481291287
718,0.550789853506805,0.511024591546248,0.473422844172892,0.490923390673098,0.382505251364152,0.384446102799712
934,0.636150937944643,0.237166246337142,0.251373586915138,0.208116557082828,0.140279459933373,0.140279459933373
848,0.661691913619881,0.260567046745838,0.219672052767678,0.246862287018223,0.178742307944130,0.185172899926102
546,0.661691913619881,0.262430509724191,0.258711437790672,0.211875157547888,0.237166246337142,0.178742307944130
783,0.599875784998553,0.242414171861771,0.208860644258667,0.247759640188542,0.191439626593958,0.140279459933373
721,0.629972659733243,0.257786672914962,0.246862287018223,0.205907447843523,0.172268685450245,0.146862120354825
643,0.59099197716754,0.23033379664679,0.246862287018223,0.238904240888872,0.143840891542185,0.147497624383717
765,0.622020658211421,0.255024990396885,0.238904240888872,0.199491561253654,0.190154027575454,0.207376318697083
702,0.619367756469412,0.258711437790672,0.207376318697083,0.216509434133377,0.185781454960399,0.149469410107982
800,0.620252184825136,0.238033800236652,0.222081350052879,0.222081350052879,0.194059239855938,0.205178843545358
303,0.40566331506169,0.164480729737195,0.160930368981928,0.209608564537159,0.183967824035887,0.220471637257467
971,0.663450425192382,0.304834801321944,0.264301525715948,0.247759640188542,0.203733362812729,0.178742307944130
756,0.623788627185174,0.271855157449252,0.182190212262849,0.278545025785751,0.158410531669826,0.140279459933373
752,0.617598511353537,0.234581247743386,0.265239772398733,0.23033379664679,0.170736402643872,0.140279459933373
331,0.445487145704544,0.167772573247934,0.166814026627726,0.194724220966719,0.164480729737195,0.187010622123131
961,0.637915147508898,0.340368763820501,0.296985336054750,0.334444602573969,0.248659484023583,0.177624558944457
443,0.451106215483896,0.188255890082703,0.206639944148685,0.167291481291287,0.147819407725247,0.140279459933373
801,0.623788627185174,0.225342219919308,0.199491561253654,0.26806502014066,0.156400988328558,0.171243398019944
772,0.616713692539713,0.245075200706715,0.240653643199231,0.209608564537159,0.165869963138432,0.145018731380577
586,0.629089586309926,0.261497815323131,0.229493730258852,0.229493730258852,0.171754154191287,0.156008702799071
936,0.656414246618719,0.277585234113443,0.248659484023583,0.269956905233921,0.151189670120080,0.140279459933373
944,0.661691913619881,0.288207386188063,0.23033379664679,0.259638241659144,0.156008702799071,0.140279459933373
157,0.427580548847338,0.140279459933373,0.149469410107982,0.192741366843982,0.140279459933373,0.178742307944130
427,0.66608754581422,0.148801114525785,0.182778757451073,0.185172899926102,0.147497624383717,0.140279459933373
863,0.620252184825136,0.229493730258852,0.227823271636467,0.229493730258852,0.140279459933373,0.153720720340875
679,0.631738455286738,0.258711437790672,0.253194757033311,0.181605650010004,0.168257318749387,0.147178535004063
698,0.607858057407542,0.301887051542692,0.327528205863718,0.318636108753548,0.178742307944130,0.16357228121085
707,0.616713692539713,0.37179664134119,0.357108931824631,0.358090854945044,0.181605650010004,0.196066256873814
850,0.570494126543261,0.311728055196152,0.269010148553487,0.292100571713878,0.174364837136968,0.143840891542185
822,0.647610671197383,0.251373586915138,0.244185541162083,0.255943411389996,0.148471133452426,0.177624558944457
743,0.618483198986599,0.318636108753548,0.296985336054750,0.251373586915138,0.203733362812729,0.140279459933373
711,0.613173084606865,0.238904240888872,0.232872971194181,0.179875784505171,0.161362102255135,0.187631241909896
730,0.62555609967103,0.226992939983781,0.206639944148685,0.255024990396885,0.140279459933373,0.140279459933373
927,0.652893966371437,0.274713840722163,0.289179343702615,0.223704949036996,0.198798498578782,0.187631241909896
747,0.61494365721071,0.232023448734304,0.214175622695954,0.232023448734304,0.148143904307162,0.151897993103576
755,0.627323083479833,0.255024990396885,0.225342219919308,0.243298519444439,0.165403320798019,0.165403320798019
696,0.595435874427052,0.238033800236652,0.220471637257467,0.180448444205294,0.141602453589765,0.164940248736627
771,0.61405843859737,0.260567046745838,0.218083551882790,0.267121556704060,0.171754154191287,0.211875157547888
792,0.602537880906253,0.246862287018223,0.208116557082828,0.276626749501763,0.152982630801945,0.171754154191287
830,0.610516199655431,0.225342219919308,0.250466494772263,0.204454144375473,0.151189670120080,0.156796455796649
776,0.665208590906176,0.275669606701894,0.271855157449252,0.23977753355553,0.196743303664015,0.158002143279100
659,0.583873056414207,0.217294683481912,0.232023448734304,0.228656878414890,0.164024746412181,0.170736402643872
874,0.621136485069615,0.300905518027404,0.276626749501763,0.254108759679802,0.177624558944457,0.177071557205383
779,0.631738455286738,0.266179795115631,0.232872971194181,0.240653643199231,0.146548361254107,0.140279459933373
657,0.5390946884908,0.289179343702615,0.256863984839407,0.247759640188542,0.165403320798019,0.153350162717428
865,0.612287594171303,0.266179795115631,0.247759640188542,0.26336509235663,0.179307075461499,0.171243398019944
746,0.610516199655431,0.229493730258852,0.258711437790672,0.213405068833102,0.185172899926102,0.157195124574254
829,0.611401966215199,0.320611530912211,0.277585234113443,0.314687276192053,0.173835068385563,0.183371292540019
317,0.444549008408857,0.173835068385563,0.183967824035887,0.214949882112267,0.156400988328558,0.149807763529887
619,0.601650667029677,0.220471637257467,0.226992939983781,0.282396577544332,0.145319498566922,0.140279459933373
790,0.656414246618719,0.262430509724191,0.246862287018223,0.273759486818862,0.162235816543637,0.167772573247934
720,0.637915147508898,0.26336509235663,0.223704949036996,0.237166246337142,0.181025063276694,0.140279459933373
657,0.556174158820723,0.211115838461421,0.207376318697083,0.233725581744281,0.178742307944130,0.171243398019944
733,0.607858057407542,0.226992939983781,0.271855157449252,0.272806580486754,0.140279459933373,0.153350162717428
689,0.621136485069615,0.26336509235663,0.218876016213984,0.277585234113443,0.158822198286243,0.140279459933373
770,0.608744246353995,0.224521889216861,0.215727826366646,0.202303599215116,0.162235816543637,0.150839880430613
241,0.613173084606865,0.170233153496669,0.146237238572002,0.212638240623736,0.152618104976752,0.140279459933373
198,0.572280442910804,0.140279459933373,0.164024746412181,0.185781454960399,0.140279459933373,0.140279459933373
690,0.602537880906253,0.23033379664679,0.238033800236652,0.196066256873814,0.177071557205383,0.16634019279706
820,0.635268667058686,0.26806502014066,0.256863984839407,0.23977753355553,0.146548361254107,0.177071557205383
606,0.615828741507218,0.212638240623736,0.240653643199231,0.212638240623736,0.177624558944457,0.166814026627726
822,0.668723907006677,0.280468392646033,0.288207386188063,0.292100571713878,0.166814026627726,0.140279459933373
750,0.61494365721071,0.254108759679802,0.262430509724191,0.218876016213984,0.192741366843982,0.156400988328558
853,0.622020658211421,0.227823271636467,0.183371292540019,0.275669606701894,0.164024746412181,0.173309128978783
850,0.645848781067736,0.275669606701894,0.23977753355553,0.276626749501763,0.159237162188545,0.179307075461499
669,0.589213267095234,0.235439936165745,0.237166246337142,0.209608564537159,0.174364837136968,0.174898448025698
836,0.631738455286738,0.213405068833102,0.23977753355553,0.203733362812729,0.171754154191287,0.140279459933373
780,0.638797087949753,0.23977753355553,0.159655442358187,0.26336509235663,0.164024746412181,0.169733635746363
810,0.607858057407542,0.228656878414890,0.196743303664015,0.257786672914962,0.194724220966719,0.156796455796649
751,0.607858057407542,0.280468392646033,0.276626749501763,0.265239772398733,0.164480729737195,0.176522456496951
659,0.637915147508898,0.274713840722163,0.23977753355553,0.252283020211930,0.145319498566922,0.180448444205294
329,0.408537424783786,0.158822198286243,0.209608564537159,0.154850743467635,0.159655442358187,0.178742307944130
662,0.624672424998259,0.189517281185082,0.233725581744281,0.185172899926102,0.181605650010004,0.166814026627726
805,0.632621179272578,0.255024990396885,0.234581247743386,0.246862287018223,0.140279459933373,0.141066417195949
640,0.569600673082815,0.296006914761259,0.273759486818862,0.274713840722163,0.203733362812729,0.197424363331222
772,0.629972659733243,0.266179795115631,0.218083551882790,0.244185541162083,0.186394027664835,0.140279459933373
180,0.578526502286961,0.528260989528785,0.507381840049532,0.522829369551227,0.418084423539314,0.397976414823837
742,0.632621179272578,0.232872971194181,0.23977753355553,0.175977245746161,0.163123316426449,0.157597013980819
840,0.619367756469412,0.261497815323131,0.242414171861771,0.265239772398733,0.201594638931909,0.142423961905656
693,0.596324170558622,0.229493730258852,0.236301613614802,0.227823271636467,0.140279459933373,0.164940248736627
782,0.642323774366231,0.260567046745838,0.248659484023583,0.257786672914962,0.157597013980819,0.226992939983781
810,0.642323774366231,0.245967461561916,0.258711437790672,0.212638240623736,0.173309128978783,0.140279459933373
907,0.644086484322101,0.292100571713878,0.252283020211930,0.196066256873814,0.175435913518267,0.140279459933373
724,0.623788627185174,0.242414171861771,0.207376318697083,0.291125967010989,0.140279459933373,0.140279459933373
712,0.621136485069615,0.233725581744281,0.211115838461421,0.248659484023583,0.156008702799071,0.140279459933373
898,0.641442262346675,0.283362392853609,0.278545025785751,0.291125967010989,0.194059239855938,0.157195124574254
413,0.466939252082330,0.199491561253654,0.192088479379025,0.177624558944457,0.140279459933373,0.140279459933373
710,0.617598511353537,0.254108759679802,0.195393227873188,0.23977753355553,0.143266847840142,0.145622826217966
685,0.635268667058686,0.293075998312143,0.252283020211930,0.269956905233921,0.191439626593958,0.167291481291287
693,0.612287594171303,0.232023448734304,0.221274744825972,0.245967461561916,0.147497624383717,0.152618104976752
775,0.61494365721071,0.205907447843523,0.241532534498303,0.218083551882790,0.186394027664835,0.156796455796649
882,0.640560644506718,0.269956905233921,0.26806502014066,0.264301525715948,0.192088479379025,0.150492979148870
727,0.588323660284695,0.256863984839407,0.222891426963376,0.271855157449252,0.14298348025674,0.185781454960399
794,0.597212308466731,0.250466494772263,0.269010148553487,0.181605650010004,0.181025063276694,0.140279459933373
760,0.61494365721071,0.244185541162083,0.188884569174318,0.232872971194181,0.164940248736627,0.188255890082703
909,0.628206394540431,0.336419918223748,0.322587416871138,0.276626749501763,0.198109430350217,0.160502026996677
774,0.627323083479833,0.255024990396885,0.26336509235663,0.23977753355553,0.171243398019944,0.164940248736627
626,0.548094589195255,0.208860644258667,0.232872971194181,0.218083551882790,0.140279459933373,0.149807763529887
853,0.647610671197383,0.245967461561916,0.253194757033311,0.26336509235663,0.160502026996677,0.184568357977156
849,0.599875784998553,0.304834801321944,0.272806580486754,0.280468392646033,0.200889639762023,0.155619579790919
517,0.595435874427052,0.350225945404854,0.334444602573969,0.303851718893881,0.279506090033501,0.172268685450245
786,0.606085249352797,0.215727826366646,0.244185541162083,0.245075200706715,0.140279459933373,0.162235816543637
720,0.642323774366231,0.226992939983781,0.252283020211930,0.204454144375473,0.169237834303805,0.16634019279706
172,0.515570951288053,0.140279459933373,0.200889639762023,0.149133866930996,0.140539522938054,0.194724220966719
602,0.601650667029677,0.220471637257467,0.167291481291287,0.270905253648299,0.176522456496951,0.185781454960399
736,0.602537880906253,0.234581247743386,0.244185541162083,0.222081350052879,0.161362102255135,0.140279459933373
865,0.605198627992826,0.273759486818862,0.255024990396885,0.158410531669826,0.170233153496669,0.160930368981928
795,0.630855615748439,0.207376318697083,0.253194757033311,0.182778757451073,0.178742307944130,0.140279459933373
735,0.612287594171303,0.224521889216861,0.204454144375473,0.280468392646033,0.147497624383717,0.212638240623736
630,0.540896650628897,0.269010148553487,0.284329312589461,0.185781454960399,0.191439626593958,0.146237238572002
370,0.454843116219575,0.182190212262849,0.220471637257467,0.183967824035887,0.179875784505171,0.170233153496669
804,0.613173084606865,0.269956905233921,0.276626749501763,0.288207386188063,0.157195124574254,0.157597013980819
849,0.61494365721071,0.278545025785751,0.260567046745838,0.277585234113443,0.200889639762023,0.166814026627726
837,0.645848781067736,0.251373586915138,0.238904240888872,0.284329312589461,0.167772573247934,0.153350162717428
281,0.635268667058686,0.169237834303805,0.149807763529887,0.218876016213984,0.140279459933373,0.140279459933373
562,0.603424944919196,0.318636108753548,0.309756707604237,0.278545025785751,0.196743303664015,0.159655442358187
837,0.639678919993987,0.420938564569721,0.403744670601839,0.435141512434088,0.346286080835727,0.328516409471957
546,0.58209159090975,0.198798498578782,0.243298519444439,0.204454144375473,0.160077057692081,0.16634019279706
871,0.635268667058686,0.260567046745838,0.270905253648299,0.242414171861771,0.182778757451073,0.152618104976752
159,0.445487145704544,0.142423961905656,0.145018731380577,0.192741366843982,0.140279459933373,0.153350162717428
625,0.567813168189284,0.245967461561916,0.182778757451073,0.267121556704060,0.176522456496951,0.183371292540019
365,0.407579902497849,0.178742307944130,0.140279459933373,0.252283020211930,0.140279459933373,0.165403320798019
682,0.574958463059337,0.212638240623736,0.251373586915138,0.226992939983781,0.148143904307162,0.140279459933373
784,0.629972659733243,0.269956905233921,0.273759486818862,0.228656878414890,0.201594638931909,0.186394027664835
743,0.591881082994116,0.229493730258852,0.203016510694019,0.210360301592275,0.156400988328558,0.140279459933373
860,0.623788627185174,0.260567046745838,0.196066256873814,0.283362392853609,0.192741366843982,0.141066417195949
731,0.648491465815105,0.254108759679802,0.245075200706715,0.253194757033311,0.163123316426449,0.140279459933373
407,0.440791745314472,0.141333283747465,0.205178843545358,0.156008702799071,0.140279459933373,0.140279459933373
383,0.680139802349038,0.252283020211930,0.245075200706715,0.232872971194181,0.188884569174318,0.161362102255135
353,0.432309844864813,0.209608564537159,0.175977245746161,0.207376318697083,0.148471133452426,0.140279459933373
245,0.437968797820157,0.157195124574254,0.205907447843523,0.188884569174318,0.153720720340875,0.142147774681471
699,0.603424944919196,0.319623752397046,0.314687276192053,0.244185541162083,0.210360301592275,0.194059239855938
808,0.622904705251892,0.303851718893881,0.206639944148685,0.266179795115631,0.207376318697083,0.165869963138432
687,0.611401966215199,0.201594638931909,0.233725581744281,0.214175622695954,0.140279459933373,0.150148946700048
686,0.605198627992826,0.220471637257467,0.226992939983781,0.248659484023583,0.151189670120080,0.149807763529887
788,0.610516199655431,0.259638241659144,0.217294683481912,0.232023448734304,0.140279459933373,0.155233599845476
853,0.665208590906176,0.269956905233921,0.269956905233921,0.272806580486754,0.16357228121085,0.157195124574254
730,0.663450425192382,0.513753336846181,0.464154311336516,0.448298759169222,0.322587416871138,0.292100571713878
841,0.643205181411445,0.279506090033501,0.210360301592275,0.273759486818862,0.165403320798019,0.205907447843523
269,0.425685350085428,0.174898448025698,0.161797245314680,0.217294683481912,0.150492979148870,0.143552645462116
893,0.641442262346675,0.318636108753548,0.305818349289740,0.251373586915138,0.182190212262849,0.194059239855938
825,0.618483198986599,0.235439936165745,0.244185541162083,0.270905253648299,0.177071557205383,0.140279459933373
849,0.656414246618719,0.224521889216861,0.23977753355553,0.243298519444439,0.146237238572002,0.169733635746363
708,0.658173830133798,0.283362392853609,0.212638240623736,0.238033800236652,0.180448444205294,0.154470991130581
720,0.593658802575914,0.211875157547888,0.260567046745838,0.220471637257467,0.168745733831007,0.192088479379025
914,0.666966416344732,0.26806502014066,0.23033379664679,0.270905253648299,0.156796455796649,0.140279459933373
728,0.611401966215199,0.224521889216861,0.240653643199231,0.197424363331222,0.146548361254107,0.140279459933373
797,0.617598511353537,0.269010148553487,0.238033800236652,0.240653643199231,0.177624558944457,0.140279459933373
572,0.531876497718254,0.167772573247934,0.214175622695954,0.238033800236652,0.140279459933373,0.191439626593958
962,0.644086484322101,0.348256569656263,0.287236372741756,0.314687276192053,0.188884569174318,0.147497624383717
326,0.438910260048710,0.144131604573628,0.190794809258731,0.204454144375473,0.140801836156987,0.162677834203278
873,0.637915147508898,0.271855157449252,0.246862287018223,0.226992939983781,0.172787005806565,0.190794809258731
701,0.595435874427052,0.209608564537159,0.192741366843982,0.261497815323131,0.16634019279706,0.172787005806565
379,0.436084425669404,0.170233153496669,0.198109430350217,0.143266847840142,0.140801836156987,0.140279459933373
835,0.615828741507218,0.295029198942614,0.279506090033501,0.308771540986705,0.238904240888872,0.183967824035887
840,0.652893966371437,0.254108759679802,0.260567046745838,0.250466494772263,0.146548361254107,0.165869963138432
747,0.600763302119727,0.216509434133377,0.173835068385563,0.229493730258852,0.171754154191287,0.151189670120080
679,0.598100289370352,0.238904240888872,0.227823271636467,0.231177046607856,0.142147774681471,0.157597013980819
654,0.606085249352797,0.236301613614802,0.165403320798019,0.246862287018223,0.155619579790919,0.187010622123131
776,0.630855615748439,0.261497815323131,0.287236372741756,0.248659484023583,0.151189670120080,0.184568357977156
601,0.634386284250911,0.333456768437105,0.314687276192053,0.297964434643167,0.203733362812729,0.173835068385563
850,0.606085249352797,0.277585234113443,0.197424363331222,0.288207386188063,0.140279459933373,0.158410531669826
308,0.432309844864813,0.176522456496951,0.184568357977156,0.198109430350217,0.155619579790919,0.179307075461499
817,0.626439652176295,0.249561781327291,0.258711437790672,0.225342219919308,0.169733635746363,0.140279459933373
751,0.589213267095234,0.238904240888872,0.244185541162083,0.236301613614802,0.158410531669826,0.168257318749387
957,0.656414246618719,0.285297304030371,0.295029198942614,0.229493730258852,0.222081350052879,0.160930368981928
701,0.620252184825136,0.242414171861771,0.194059239855938,0.223704949036996,0.161797245314680,0.155233599845476
185,0.431364974573073,0.183967824035887,0.175435913518267,0.211875157547888,0.152982630801945,0.141066417195949
595,0.574958463059337,0.207376318697083,0.167291481291287,0.26336509235663,0.175977245746161,0.166814026627726
723,0.59454741884471,0.227823271636467,0.202303599215116,0.269010148553487,0.143266847840142,0.152982630801945
689,0.598100289370352,0.258711437790672,0.23977753355553,0.295029198942614,0.140279459933373,0.182190212262849
732,0.611401966215199,0.209608564537159,0.215727826366646,0.244185541162083,0.140279459933373,0.140279459933373
683,0.570494126543261,0.311728055196152,0.251373586915138,0.250466494772263,0.173835068385563,0.140279459933373
713,0.627323083479833,0.245967461561916,0.264301525715948,0.295029198942614,0.192088479379025,0.173309128978783
768,0.612287594171303,0.248659484023583,0.222081350052879,0.259638241659144,0.147819407725247,0.147497624383717
729,0.643205181411445,0.246862287018223,0.234581247743386,0.222891426963376,0.156008702799071,0.154850743467635
740,0.616713692539713,0.262430509724191,0.250466494772263,0.209608564537159,0.153720720340875,0.173309128978783
765,0.57763477259731,0.269010148553487,0.214175622695954,0.265239772398733,0.154850743467635,0.140279459933373
836,0.633503788623644,0.264301525715948,0.238904240888872,0.286266334773665,0.173835068385563,0.206639944148685
288,0.447362019176649,0.177624558944457,0.169237834303805,0.194059239855938,0.140279459933373,0.166814026627726
725,0.619367756469412,0.255024990396885,0.232023448734304,0.242414171861771,0.191439626593958,0.190154027575454
169,0.472497848634527,0.142702524367706,0.178742307944130,0.158410531669826,0.140279459933373,0.158410531669826
656,0.629972659733243,0.232023448734304,0.195393227873188,0.234581247743386,0.151897993103576,0.177624558944457
741,0.624672424998259,0.248659484023583,0.26336509235663,0.240653643199231,0.190154027575454,0.177624558944457
704,0.632621179272578,0.251373586915138,0.236301613614802,0.23033379664679,0.165869963138432,0.140279459933373
797,0.635268667058686,0.258711437790672,0.216509434133377,0.289179343702615,0.170736402643872,0.168257318749387
794,0.596324170558622,0.242414171861771,0.238033800236652,0.178181472416481,0.140279459933373,0.141066417195949
676,0.571387382661058,0.205178843545358,0.164024746412181,0.248659484023583,0.140279459933373,0.140279459933373
754,0.607858057407542,0.240653643199231,0.228656878414890,0.209608564537159,0.185172899926102,0.187631241909896
685,0.612287594171303,0.238033800236652,0.26336509235663,0.251373586915138,0.151189670120080,0.197424363331222
741,0.597212308466731,0.223704949036996,0.218876016213984,0.234581247743386,0.208860644258667,0.149807763529887
692,0.61405843859737,0.286266334773665,0.227823271636467,0.256863984839407,0.190154027575454,0.140279459933373
709,0.589213267095234,0.198109430350217,0.194724220966719,0.259638241659144,0.140279459933373,0.140279459933373
725,0.57763477259731,0.233725581744281,0.219672052767678,0.244185541162083,0.178742307944130,0.164024746412181
730,0.605198627992826,0.232872971194181,0.253194757033311,0.209608564537159,0.194724220966719,0.150492979148870
728,0.609630293401202,0.229493730258852,0.221274744825972,0.185781454960399,0.168257318749387,0.142147774681471
811,0.649372161207369,0.269010148553487,0.231177046607856,0.265239772398733,0.149133866930996,0.140279459933373
738,0.610516199655431,0.292100571713878,0.252283020211930,0.200188610986799,0.220471637257467,0.161362102255135
822,0.623788627185174,0.260567046745838,0.232872971194181,0.232872971194181,0.169237834303805,0.221274744825972
523,0.522829369551227,0.238033800236652,0.260567046745838,0.23977753355553,0.167772573247934,0.140279459933373
259,0.423788147113161,0.178742307944130,0.204454144375473,0.219672052767678,0.141066417195949,0.145018731380577
685,0.592770024376564,0.373747820375976,0.346286080835727,0.330492731245164,0.242414171861771,0.148801114525785
755,0.638797087949753,0.252283020211930,0.278545025785751,0.232023448734304,0.202303599215116,0.184568357977156
772,0.642323774366231,0.246862287018223,0.248659484023583,0.246862287018223,0.147497624383717,0.199491561253654
171,0.534585290557682,0.140279459933373,0.192741366843982,0.196066256873814,0.148143904307162,0.148143904307162
703,0.597212308466731,0.242414171861771,0.221274744825972,0.241532534498303,0.153350162717428,0.140279459933373
704,0.629972659733243,0.251373586915138,0.234581247743386,0.252283020211930,0.140279459933373,0.190794809258731
867,0.63703309779987,0.238904240888872,0.218083551882790,0.294052217151829,0.175435913518267,0.152618104976752
931,0.631738455286738,0.307786743279463,0.245075200706715,0.238904240888872,0.182778757451073,0.210360301592275
966,0.673116204346268,0.274713840722163,0.265239772398733,0.237166246337142,0.178181472416481,0.151189670120080
700,0.730062251334779,0.312714190948075,0.279506090033501,0.266179795115631,0.170736402643872,0.16357228121085
861,0.627323083479833,0.274713840722163,0.286266334773665,0.229493730258852,0.189517281185082,0.140279459933373
576,0.565130393380684,0.214175622695954,0.236301613614802,0.232023448734304,0.173835068385563,0.140279459933373
812,0.627323083479833,0.207376318697083,0.215727826366646,0.229493730258852,0.147178535004063,0.160502026996677
730,0.633503788623644,0.241532534498303,0.206639944148685,0.23977753355553,0.173309128978783,0.176522456496951
804,0.65201365997105,0.270905253648299,0.228656878414890,0.285297304030371,0.175977245746161,0.158002143279100
976,0.624672424998259,0.26336509235663,0.276626749501763,0.200188610986799,0.162677834203278,0.140279459933373
859,0.66608754581422,0.298944182722262,0.278545025785751,0.249561781327291,0.152618104976752,0.195393227873188
756,0.630855615748439,0.255943411389996,0.245075200706715,0.232872971194181,0.16357228121085,0.146237238572002
691,0.588323660284695,0.211875157547888,0.209608564537159,0.227823271636467,0.147497624383717,0.148471133452426
766,0.620252184825136,0.214949882112267,0.216509434133377,0.223704949036996,0.147819407725247,0.159655442358187
355,0.432309844864813,0.182778757451073,0.206639944148685,0.169237834303805,0.140279459933373,0.149807763529887
732,0.633503788623644,0.249561781327291,0.227823271636467,0.251373586915138,0.171243398019944,0.178742307944130
669,0.613173084606865,0.222891426963376,0.228656878414890,0.218876016213984,0.176522456496951,0.164940248736627
650,0.589213267095234,0.217294683481912,0.222891426963376,0.196066256873814,0.174898448025698,0.142423961905656
799,0.626439652176295,0.241532534498303,0.221274744825972,0.208116557082828,0.164940248736627,0.149133866930996
889,0.672237905577799,0.287236372741756,0.26336509235663,0.275669606701894,0.140801836156987,0.151189670120080
703,0.59099197716754,0.238904240888872,0.215727826366646,0.249561781327291,0.181605650010004,0.150148946700048
813,0.627323083479833,0.255943411389996,0.226992939983781,0.270905253648299,0.164024746412181,0.140279459933373
346,0.375697185802696,0.148143904307162,0.184568357977156,0.211875157547888,0.140279459933373,0.140279459933373
730,0.628206394540431,0.254108759679802,0.232872971194181,0.211875157547888,0.140279459933373,0.140279459933373
826,0.599875784998553,0.265239772398733,0.182778757451073,0.310742219942023,0.210360301592275,0.175977245746161
764,0.590102705627282,0.242414171861771,0.243298519444439,0.226165913043895,0.140279459933373,0.140279459933373
728,0.650252758171119,0.254108759679802,0.226992939983781,0.264301525715948,0.140279459933373,0.169733635746363
169,0.409494432911366,0.173309128978783,0.150148946700048,0.410450927071570,0.464154311336516,0.267121556704060
948,0.607858057407542,0.247759640188542,0.222891426963376,0.26336509235663,0.179307075461499,0.140279459933373
860,0.631738455286738,0.265239772398733,0.241532534498303,0.219672052767678,0.141873944585676,0.159237162188545
681,0.586543936638165,0.225342219919308,0.245967461561916,0.186394027664835,0.224521889216861,0.143266847840142
848,0.606085249352797,0.241532534498303,0.169237834303805,0.267121556704060,0.172268685450245,0.148471133452426
620,0.630855615748439,0.258711437790672,0.272806580486754,0.237166246337142,0.193398287644562,0.182778757451073
725,0.618483198986599,0.237166246337142,0.241532534498303,0.205907447843523,0.182778757451073,0.147178535004063
783,0.593658802575914,0.282396577544332,0.266179795115631,0.255943411389996,0.171754154191287,0.148801114525785
195,0.394120687044045,0.140279459933373,0.161797245314680,0.215727826366646,0.140279459933373,0.171243398019944
682,0.61494365721071,0.225342219919308,0.261497815323131,0.212638240623736,0.159655442358187,0.140801836156987
746,0.586543936638165,0.233725581744281,0.238904240888872,0.238033800236652,0.190794809258731,0.160502026996677
255,0.426633199381427,0.165403320798019,0.212638240623736,0.178742307944130,0.140279459933373,0.162677834203278
719,0.629972659733243,0.213405068833102,0.168745733831007,0.259638241659144,0.140279459933373,0.148143904307162
690,0.621136485069615,0.276626749501763,0.229493730258852,0.273759486818862,0.179875784505171,0.187631241909896
730,0.656414246618719,0.247759640188542,0.240653643199231,0.242414171861771,0.140279459933373,0.167772573247934
884,0.613173084606865,0.320611530912211,0.292100571713878,0.207376318697083,0.205907447843523,0.160930368981928
803,0.622020658211421,0.252283020211930,0.252283020211930,0.245075200706715,0.177624558944457,0.140279459933373
758,0.609630293401202,0.236301613614802,0.200889639762023,0.291125967010989,0.169733635746363,0.151542367809210
885,0.645848781067736,0.258711437790672,0.256863984839407,0.247759640188542,0.150148946700048,0.149469410107982
756,0.601650667029677,0.236301613614802,0.245075200706715,0.252283020211930,0.153720720340875,0.144720505822661
606,0.612287594171303,0.205178843545358,0.232023448734304,0.146548361254107,0.199491561253654,0.164480729737195
650,0.624672424998259,0.237166246337142,0.235439936165745,0.234581247743386,0.148471133452426,0.140801836156987
834,0.615828741507218,0.253194757033311,0.243298519444439,0.233725581744281,0.191439626593958,0.198109430350217
746,0.627323083479833,0.238033800236652,0.185781454960399,0.242414171861771,0.167772573247934,0.171754154191287
598,0.629972659733243,0.323575487390111,0.296985336054750,0.310742219942023,0.222891426963376,0.161362102255135
699,0.596324170558622,0.213405068833102,0.228656878414890,0.205907447843523,0.159237162188545,0.145622826217966
736,0.630855615748439,0.234581247743386,0.254108759679802,0.188255890082703,0.171754154191287,0.153350162717428
169,0.521923099581909,0.150492979148870,0.158410531669826,0.157597013980819,0.140279459933373,0.154850743467635
858,0.65201365997105,0.273759486818862,0.269956905233921,0.236301613614802,0.197424363331222,0.183967824035887
809,0.658173830133798,0.267121556704060,0.245967461561916,0.252283020211930,0.140279459933373,0.144131604573628
689,0.664329550930648,0.302869127130412,0.283362392853609,0.32950458986508,0.287236372741756,0.185172899926102
719,0.618483198986599,0.245075200706715,0.233725581744281,0.279506090033501,0.145319498566922,0.140279459933373
809,0.641442262346675,0.278545025785751,0.279506090033501,0.287236372741756,0.161362102255135,0.140279459933373
352,0.45297556976512,0.196743303664015,0.149469410107982,0.237166246337142,0.140279459933373,0.162677834203278
670,0.630855615748439,0.236301613614802,0.223704949036996,0.245967461561916,0.160077057692081,0.143552645462116
726,0.618483198986599,0.271855157449252,0.244185541162083,0.227823271636467,0.175435913518267,0.140279459933373
740,0.654654294039608,0.245967461561916,0.218876016213984,0.255024990396885,0.142147774681471,0.140279459933373
743,0.611401966215199,0.246862287018223,0.223704949036996,0.210360301592275,0.167772573247934,0.204454144375473
723,0.623788627185174,0.241532534498303,0.227823271636467,0.172268685450245,0.175977245746161,0.153350162717428
898,0.642323774366231,0.260567046745838,0.269956905233921,0.214175622695954,0.177071557205383,0.236301613614802
806,0.59099197716754,0.23977753355553,0.23977753355553,0.184568357977156,0.153720720340875,0.195393227873188
792,0.599875784998553,0.253194757033311,0.285297304030371,0.231177046607856,0.156008702799071,0.158002143279100
711,0.58209159090975,0.228656878414890,0.272806580486754,0.231177046607856,0.144131604573628,0.165869963138432
647,0.603424944919196,0.212638240623736,0.228656878414890,0.23033379664679,0.178181472416481,0.140279459933373
903,0.671359527115958,0.264301525715948,0.258711437790672,0.253194757033311,0.184568357977156,0.146862120354825
294,0.450170855356869,0.171754154191287,0.149807763529887,0.204454144375473,0.147178535004063,0.140279459933373
154,0.450170855356869,0.140279459933373,0.183371292540019,0.159237162188545,0.140279459933373,0.140279459933373
717,0.61405843859737,0.238904240888872,0.248659484023583,0.236301613614802,0.140279459933373,0.140279459933373
862,0.656414246618719,0.274713840722163,0.237166246337142,0.245075200706715,0.140279459933373,0.182190212262849
709,0.644086484322101,0.226992939983781,0.236301613614802,0.193398287644562,0.166814026627726,0.140279459933373
782,0.622020658211421,0.227823271636467,0.250466494772263,0.262430509724191,0.144720505822661,0.140279459933373
808,0.646729776551258,0.313700605163659,0.267121556704060,0.286266334773665,0.226165913043895,0.220471637257467
815,0.639678919993987,0.290152214217331,0.218876016213984,0.293075998312143,0.165869963138432,0.211875157547888
735,0.58030940985411,0.260567046745838,0.264301525715948,0.243298519444439,0.150839880430613,0.188255890082703
971,0.631738455286738,0.281431899695417,0.289179343702615,0.252283020211930,0.210360301592275,0.178181472416481
533,0.5390946884908,0.189517281185082,0.235439936165745,0.215727826366646,0.140279459933373,0.153720720340875
824,0.642323774366231,0.248659484023583,0.194724220966719,0.303851718893881,0.143266847840142,0.178181472416481
738,0.65113325749733,0.281431899695417,0.270905253648299,0.275669606701894,0.173309128978783,0.181605650010004
705,0.61405843859737,0.244185541162083,0.238033800236652,0.179875784505171,0.140279459933373,0.170233153496669
872,0.627323083479833,0.273759486818862,0.272806580486754,0.256863984839407,0.164480729737195,0.165869963138432
686,0.603424944919196,0.23977753355553,0.242414171861771,0.162677834203278,0.158002143279100,0.152618104976752
189,0.424736999725661,0.151189670120080,0.202303599215116,0.163123316426449,0.142423961905656,0.140279459933373
710,0.634386284250911,0.269010148553487,0.227823271636467,0.221274744825972,0.160077057692081,0.140279459933373
261,0.68364980472056,0.233725581744281,0.243298519444439,0.297964434643167,0.350225945404854,0.197424363331222
681,0.633503788623644,0.254108759679802,0.238033800236652,0.270905253648299,0.147819407725247,0.154094323280450
741,0.638797087949753,0.241532534498303,0.234581247743386,0.245075200706715,0.171243398019944,0.141333283747465
776,0.640560644506718,0.245967461561916,0.23977753355553,0.220471637257467,0.171243398019944,0.216509434133377
720,0.61494365721071,0.207376318697083,0.212638240623736,0.236301613614802,0.171754154191287,0.145319498566922
726,0.616713692539713,0.255024990396885,0.187010622123131,0.277585234113443,0.145622826217966,0.158822198286243
680,0.653774177471793,0.26336509235663,0.279506090033501,0.228656878414890,0.190794809258731,0.159237162188545
938,0.621136485069615,0.294052217151829,0.267121556704060,0.256863984839407,0.158410531669826,0.165869963138432
842,0.610516199655431,0.262430509724191,0.288207386188063,0.246862287018223,0.140279459933373,0.140279459933373
788,0.637915147508898,0.271855157449252,0.250466494772263,0.256863984839407,0.164940248736627,0.149469410107982
202,0.450170855356869,0.196066256873814,0.140279459933373,0.216509434133377,0.140539522938054,0.140279459933373
981,0.648491465815105,0.350225945404854,0.331480818156256,0.350225945404854,0.234581247743386,0.219672052767678
730,0.623788627185174,0.228656878414890,0.217294683481912,0.255943411389996,0.204454144375473,0.140279459933373
785,0.606971725447777,0.241532534498303,0.182190212262849,0.222081350052879,0.151897993103576,0.163123316426449
774,0.633503788623644,0.223704949036996,0.252283020211930,0.236301613614802,0.175435913518267,0.140279459933373
719,0.626439652176295,0.26336509235663,0.269010148553487,0.258711437790672,0.145622826217966,0.140279459933373
651,0.626439652176295,0.214175622695954,0.218876016213984,0.207376318697083,0.170736402643872,0.158822198286243
371,0.690666407645512,0.244185541162083,0.190154027575454,0.377644706128292,0.361034414931008,0.245075200706715
856,0.636150937944643,0.292100571713878,0.260567046745838,0.265239772398733,0.161797245314680,0.222891426963376
703,0.610516199655431,0.237166246337142,0.237166246337142,0.214175622695954,0.163123316426449,0.173835068385563
415,0.452041119617036,0.182778757451073,0.172787005806565,0.227823271636467,0.150492979148870,0.140279459933373
805,0.62555609967103,0.224521889216861,0.247759640188542,0.250466494772263,0.151189670120080,0.190794809258731
789,0.620252184825136,0.238904240888872,0.241532534498303,0.238904240888872,0.151189670120080,0.140279459933373
306,0.429473753439024,0.149469410107982,0.145319498566922,0.226165913043895,0.140279459933373,0.160930368981928
771,0.61494365721071,0.224521889216861,0.237166246337142,0.259638241659144,0.140279459933373,0.143552645462116
693,0.618483198986599,0.232023448734304,0.198109430350217,0.248659484023583,0.148471133452426,0.144424803121843
736,0.615828741507218,0.228656878414890,0.214949882112267,0.240653643199231,0.140279459933373,0.168745733831007
524,0.608744246353995,0.231177046607856,0.244185541162083,0.262430509724191,0.170233153496669,0.156008702799071
620,0.545397189457851,0.262430509724191,0.267121556704060,0.205907447843523,0.182190212262849,0.140279459933373
746,0.621136485069615,0.259638241659144,0.240653643199231,0.226992939983781,0.147819407725247,0.145928733232941
627,0.600763302119727,0.244185541162083,0.210360301592275,0.241532534498303,0.145928733232941,0.196743303664015
716,0.608744246353995,0.23977753355553,0.216509434133377,0.243298519444439,0.175977245746161,0.198109430350217
847,0.644967683931748,0.248659484023583,0.251373586915138,0.273759486818862,0.149133866930996,0.142702524367706
699,0.593658802575914,0.242414171861771,0.257786672914962,0.218876016213984,0.183371292540019,0.140279459933373
815,0.620252184825136,0.267121556704060,0.225342219919308,0.272806580486754,0.201594638931909,0.194724220966719
384,0.453909567952752,0.174364837136968,0.196743303664015,0.185172899926102,0.140279459933373,0.14298348025674
194,0.410450927071570,0.162235816543637,0.156400988328558,0.23977753355553,0.140279459933373,0.170736402643872
845,0.660812526368302,0.267121556704060,0.222891426963376,0.280468392646033,0.188884569174318,0.156796455796649
742,0.635268667058686,0.275669606701894,0.270905253648299,0.273759486818862,0.177071557205383,0.157195124574254
670,0.615828741507218,0.219672052767678,0.215727826366646,0.250466494772263,0.161362102255135,0.166814026627726
713,0.597212308466731,0.220471637257467,0.246862287018223,0.218083551882790,0.177624558944457,0.192088479379025
340,0.444549008408857,0.183371292540019,0.195393227873188,0.220471637257467,0.145319498566922,0.182778757451073
753,0.603424944919196,0.226165913043895,0.185781454960399,0.222891426963376,0.166814026627726,0.174364837136968
711,0.605198627992826,0.205178843545358,0.196066256873814,0.204454144375473,0.190154027575454,0.140279459933373
805,0.597212308466731,0.238033800236652,0.204454144375473,0.274713840722163,0.140279459933373,0.198798498578782
703,0.597212308466731,0.215727826366646,0.225342219919308,0.191439626593958,0.168257318749387,0.140279459933373
872,0.650252758171119,0.247759640188542,0.249561781327291,0.252283020211930,0.169237834303805,0.223704949036996
944,0.646729776551258,0.256863984839407,0.238904240888872,0.224521889216861,0.16634019279706,0.155233599845476
720,0.652893966371437,0.232023448734304,0.226165913043895,0.209608564537159,0.152618104976752,0.140279459933373
708,0.598100289370352,0.227823271636467,0.208860644258667,0.227823271636467,0.166814026627726,0.151189670120080
682,0.58209159090975,0.223704949036996,0.219672052767678,0.237166246337142,0.157195124574254,0.141333283747465
170,0.488169238277247,0.143552645462116,0.174364837136968,0.155233599845476,0.154094323280450,0.184568357977156
598,0.600763302119727,0.211115838461421,0.218083551882790,0.216509434133377,0.159655442358187,0.160930368981928
775,0.631738455286738,0.255943411389996,0.252283020211930,0.254108759679802,0.175977245746161,0.181605650010004
759,0.61494365721071,0.226992939983781,0.208860644258667,0.269010148553487,0.140279459933373,0.140279459933373
784,0.622904705251892,0.274713840722163,0.226992939983781,0.294052217151829,0.165869963138432,0.140279459933373
805,0.630855615748439,0.291125967010989,0.244185541162083,0.282396577544332,0.181605650010004,0.148471133452426
376,0.447362019176649,0.188884569174318,0.161362102255135,0.248659484023583,0.150839880430613,0.159237162188545
930,0.652893966371437,0.274713840722163,0.225342219919308,0.301887051542692,0.183967824035887,0.170736402643872
747,0.606085249352797,0.235439936165745,0.262430509724191,0.213405068833102,0.16634019279706,0.140279459933373
493,0.606971725447777,0.232023448734304,0.194724220966719,0.238033800236652,0.140279459933373,0.191439626593958
721,0.635268667058686,0.23033379664679,0.257786672914962,0.245967461561916,0.170233153496669,0.168745733831007
681,0.640560644506718,0.269956905233921,0.279506090033501,0.226992939983781,0.205907447843523,0.145622826217966
514,0.632621179272578,0.223704949036996,0.197424363331222,0.250466494772263,0.160502026996677,0.187010622123131
183,0.550789853506805,0.150148946700048,0.148471133452426,0.194059239855938,0.155233599845476,0.140279459933373
312,0.456708871220304,0.202303599215116,0.186394027664835,0.236301613614802,0.141873944585676,0.157597013980819
745,0.599875784998553,0.222081350052879,0.213405068833102,0.245075200706715,0.151542367809210,0.140279459933373
762,0.63703309779987,0.202303599215116,0.219672052767678,0.258711437790672,0.146862120354825,0.141333283747465
651,0.574958463059337,0.215727826366646,0.214175622695954,0.218876016213984,0.144131604573628,0.163123316426449
461,0.479886604427388,0.174364837136968,0.221274744825972,0.203733362812729,0.143552645462116,0.140279459933373
800,0.647610671197383,0.235439936165745,0.232023448734304,0.23977753355553,0.155619579790919,0.188255890082703
800,0.649372161207369,0.262430509724191,0.276626749501763,0.269010148553487,0.140279459933373,0.208116557082828
732,0.632621179272578,0.227823271636467,0.211875157547888,0.238904240888872,0.166814026627726,0.140279459933373
742,0.629972659733243,0.283362392853609,0.241532534498303,0.26806502014066,0.169237834303805,0.189517281185082
688,0.598988114480156,0.254108759679802,0.201594638931909,0.266179795115631,0.183967824035887,0.140279459933373
740,0.612287594171303,0.237166246337142,0.240653643199231,0.226165913043895,0.159655442358187,0.140279459933373
761,0.61405843859737,0.253194757033311,0.255024990396885,0.221274744825972,0.151897993103576,0.150492979148870
678,0.619367756469412,0.250466494772263,0.169733635746363,0.270905253648299,0.140279459933373,0.146237238572002
827,0.65201365997105,0.248659484023583,0.255024990396885,0.300905518027404,0.155619579790919,0.140279459933373
937,0.643205181411445,0.352194131843378,0.350225945404854,0.343328438016707,0.204454144375473,0.232872971194181
775,0.62555609967103,0.233725581744281,0.218876016213984,0.234581247743386,0.171754154191287,0.182190212262849
876,0.642323774366231,0.233725581744281,0.252283020211930,0.255024990396885,0.144131604573628,0.153350162717428
703,0.596324170558622,0.234581247743386,0.196066256873814,0.252283020211930,0.202303599215116,0.145622826217966
854,0.644086484322101,0.242414171861771,0.269010148553487,0.308771540986705,0.140279459933373,0.218083551882790
728,0.605198627992826,0.229493730258852,0.208116557082828,0.256863984839407,0.141873944585676,0.143552645462116
373,0.466939252082330,0.185172899926102,0.183371292540019,0.150492979148870,0.140279459933373,0.168745733831007
694,0.606085249352797,0.313700605163659,0.283362392853609,0.255943411389996,0.190794809258731,0.140279459933373
708,0.628206394540431,0.260567046745838,0.245967461561916,0.265239772398733,0.190794809258731,0.181025063276694
712,0.606971725447777,0.233725581744281,0.222891426963376,0.181605650010004,0.149807763529887,0.140279459933373
748,0.632621179272578,0.23977753355553,0.249561781327291,0.226992939983781,0.168257318749387,0.175435913518267
719,0.619367756469412,0.206639944148685,0.226992939983781,0.179307075461499,0.150839880430613,0.205178843545358
747,0.644967683931748,0.292100571713878,0.276626749501763,0.261497815323131,0.177071557205383,0.175435913518267
901,0.670481068306923,0.244185541162083,0.256863984839407,0.259638241659144,0.156796455796649,0.140279459933373
757,0.633503788623644,0.245075200706715,0.232872971194181,0.229493730258852,0.218876016213984,0.178181472416481
852,0.641442262346675,0.270905253648299,0.222081350052879,0.295029198942614,0.181025063276694,0.170233153496669
645,0.606971725447777,0.257786672914962,0.243298519444439,0.244185541162083,0.163123316426449,0.160077057692081
839,0.632621179272578,0.232023448734304,0.240653643199231,0.256863984839407,0.173309128978783,0.165403320798019
832,0.622020658211421,0.258711437790672,0.231177046607856,0.248659484023583,0.150148946700048,0.150492979148870
717,0.620252184825136,0.253194757033311,0.226165913043895,0.183967824035887,0.177071557205383,0.164024746412181
867,0.610516199655431,0.228656878414890,0.223704949036996,0.26336509235663,0.164024746412181,0.156008702799071
388,0.441731771836077,0.164480729737195,0.175435913518267,0.223704949036996,0.140279459933373,0.175977245746161
415,0.442671323317129,0.214949882112267,0.187631241909896,0.196743303664015,0.140279459933373,0.142147774681471
677,0.618483198986599,0.262430509724191,0.220471637257467,0.280468392646033,0.167291481291287,0.174364837136968
738,0.613173084606865,0.235439936165745,0.256863984839407,0.162235816543637,0.16634019279706,0.140279459933373
149,0.435141512434088,0.153350162717428,0.177624558944457,0.202303599215116,0.141873944585676,0.156008702799071
663,0.578526502286961,0.240653643199231,0.199491561253654,0.246862287018223,0.140279459933373,0.172268685450245
630,0.557070755717787,0.214949882112267,0.196743303664015,0.224521889216861,0.150839880430613,0.172787005806565
294,0.437968797820157,0.149807763529887,0.204454144375473,0.214175622695954,0.140279459933373,0.184568357977156
825,0.610516199655431,0.266179795115631,0.253194757033311,0.200889639762023,0.194724220966719,0.192088479379025
664,0.601650667029677,0.216509434133377,0.241532534498303,0.232023448734304,0.155233599845476,0.140279459933373
759,0.652893966371437,0.259638241659144,0.250466494772263,0.238033800236652,0.140279459933373,0.140279459933373
996,0.719567431317471,0.302869127130412,0.274713840722163,0.271855157449252,0.204454144375473,0.166814026627726
339,0.445487145704544,0.183967824035887,0.199491561253654,0.175435913518267,0.143266847840142,0.167772573247934
711,0.612287594171303,0.251373586915138,0.245075200706715,0.200188610986799,0.163123316426449,0.163123316426449
741,0.591881082994116,0.226992939983781,0.223704949036996,0.189517281185082,0.187010622123131,0.140279459933373
763,0.615828741507218,0.234581247743386,0.253194757033311,0.208860644258667,0.161362102255135,0.192741366843982
923,0.647610671197383,0.233725581744281,0.220471637257467,0.243298519444439,0.178742307944130,0.152982630801945
617,0.624672424998259,0.226165913043895,0.217294683481912,0.267121556704060,0.166814026627726,0.165869963138432
842,0.606971725447777,0.218876016213984,0.237166246337142,0.214175622695954,0.143552645462116,0.185172899926102
660,0.601650667029677,0.218876016213984,0.233725581744281,0.214175622695954,0.147497624383717,0.140279459933373
790,0.647610671197383,0.255024990396885,0.250466494772263,0.209608564537159,0.160502026996677,0.148143904307162
160,0.44923503724365,0.140279459933373,0.140279459933373,0.207376318697083,0.140279459933373,0.140279459933373
812,0.623788627185174,0.249561781327291,0.227823271636467,0.273759486818862,0.151542367809210,0.202303599215116
861,0.646729776551258,0.337407372460796,0.333456768437105,0.238033800236652,0.198109430350217,0.162235816543637
606,0.592770024376564,0.279506090033501,0.262430509724191,0.227823271636467,0.187631241909896,0.211875157547888
696,0.598100289370352,0.224521889216861,0.213405068833102,0.226165913043895,0.157195124574254,0.183967824035887
648,0.593658802575914,0.210360301592275,0.222891426963376,0.274713840722163,0.151542367809210,0.160077057692081
729,0.612287594171303,0.199491561253654,0.170736402643872,0.270905253648299,0.140279459933373,0.140279459933373
915,0.677506525321988,0.266179795115631,0.252283020211930,0.26336509235663,0.188255890082703,0.164480729737195
384,0.443610401564419,0.182778757451073,0.196743303664015,0.213405068833102,0.186394027664835,0.140279459933373
776,0.618483198986599,0.270905253648299,0.245967461561916,0.205178843545358,0.158410531669826,0.146548361254107
708,0.581200590507501,0.235439936165745,0.205178843545358,0.252283020211930,0.156008702799071,0.191439626593958
767,0.622020658211421,0.258711437790672,0.264301525715948,0.236301613614802,0.204454144375473,0.151189670120080
765,0.639678919993987,0.258711437790672,0.224521889216861,0.267121556704060,0.140279459933373,0.140279459933373
587,0.589213267095234,0.240653643199231,0.238033800236652,0.238904240888872,0.160930368981928,0.148143904307162
751,0.612287594171303,0.229493730258852,0.218083551882790,0.223704949036996,0.162235816543637,0.140279459933373
675,0.645848781067736,0.255024990396885,0.206639944148685,0.276626749501763,0.178742307944130,0.160930368981928
721,0.620252184825136,0.232023448734304,0.223704949036996,0.242414171861771,0.168745733831007,0.173835068385563
650,0.59099197716754,0.222081350052879,0.177071557205383,0.245967461561916,0.153350162717428,0.140279459933373
677,0.623788627185174,0.23033379664679,0.260567046745838,0.226992939983781,0.178742307944130,0.192741366843982
652,0.545397189457851,0.297964434643167,0.299924552865763,0.232023448734304,0.220471637257467,0.175977245746161
263,0.629089586309926,0.16634019279706,0.191439626593958,0.173835068385563,0.149133866930996,0.186394027664835
716,0.599875784998553,0.244185541162083,0.232872971194181,0.202303599215116,0.152618104976752,0.174898448025698
731,0.628206394540431,0.248659484023583,0.248659484023583,0.220471637257467,0.175435913518267,0.181605650010004
238,0.407579902497849,0.152618104976752,0.160930368981928,0.221274744825972,0.140279459933373,0.173309128978783
763,0.640560644506718,0.261497815323131,0.238033800236652,0.231177046607856,0.190794809258731,0.140279459933373
829,0.622904705251892,0.232872971194181,0.190794809258731,0.275669606701894,0.140279459933373,0.149469410107982
620,0.644967683931748,0.266179795115631,0.238033800236652,0.238033800236652,0.182190212262849,0.237166246337142
230,0.526451579334568,0.16357228121085,0.166814026627726,0.238904240888872,0.148471133452426,0.162677834203278
796,0.65113325749733,0.264301525715948,0.191439626593958,0.255024990396885,0.187631241909896,0.168257318749387
776,0.630855615748439,0.259638241659144,0.252283020211930,0.235439936165745,0.146548361254107,0.155619579790919
732,0.626439652176295,0.212638240623736,0.234581247743386,0.242414171861771,0.150492979148870,0.194724220966719
344,0.417132025922147,0.165869963138432,0.183371292540019,0.205907447843523,0.145018731380577,0.160930368981928
340,0.433254223593108,0.165869963138432,0.157597013980819,0.206639944148685,0.163123316426449,0.174898448025698
760,0.646729776551258,0.238904240888872,0.257786672914962,0.266179795115631,0.16634019279706,0.188884569174318
632,0.549891666487745,0.203016510694019,0.225342219919308,0.258711437790672,0.140279459933373,0.140279459933373
876,0.638797087949753,0.261497815323131,0.241532534498303,0.26336509235663,0.154470991130581,0.140279459933373
763,0.600763302119727,0.220471637257467,0.226992939983781,0.208116557082828,0.163123316426449,0.165869963138432
811,0.652893966371437,0.261497815323131,0.264301525715948,0.264301525715948,0.161362102255135,0.140279459933373
488,0.63703309779987,0.226992939983781,0.198798498578782,0.255024990396885,0.174364837136968,0.170233153496669
695,0.608744246353995,0.236301613614802,0.200188610986799,0.278545025785751,0.140279459933373,0.176522456496951
875,0.640560644506718,0.222891426963376,0.203016510694019,0.23977753355553,0.164024746412181,0.170736402643872
705,0.61494365721071,0.237166246337142,0.226992939983781,0.253194757033311,0.175977245746161,0.179875784505171
739,0.605198627992826,0.232872971194181,0.185172899926102,0.302869127130412,0.156796455796649,0.142147774681471
161,0.574065981658382,0.232023448734304,0.176522456496951,0.184568357977156,0.211115838461421,0.175435913518267
914,0.677506525321988,0.26806502014066,0.254108759679802,0.248659484023583,0.147178535004063,0.221274744825972
713,0.612287594171303,0.238033800236652,0.179307075461499,0.292100571713878,0.140279459933373,0.16357228121085
692,0.637915147508898,0.253194757033311,0.212638240623736,0.237166246337142,0.168745733831007,0.168257318749387
703,0.622020658211421,0.242414171861771,0.206639944148685,0.247759640188542,0.143552645462116,0.140279459933373
697,0.624672424998259,0.240653643199231,0.229493730258852,0.23977753355553,0.151542367809210,0.182778757451073
312,0.433254223593108,0.172787005806565,0.174898448025698,0.208860644258667,0.140279459933373,0.145319498566922
773,0.589213267095234,0.231177046607856,0.26336509235663,0.220471637257467,0.162677834203278,0.187010622123131
823,0.622904705251892,0.284329312589461,0.26806502014066,0.238033800236652,0.181025063276694,0.165403320798019
711,0.622904705251892,0.214175622695954,0.234581247743386,0.207376318697083,0.158410531669826,0.161797245314680
716,0.599875784998553,0.182778757451073,0.222081350052879,0.241532534498303,0.162235816543637,0.140279459933373
853,0.636150937944643,0.253194757033311,0.237166246337142,0.205178843545358,0.175435913518267,0.178742307944130
686,0.604311860230174,0.214175622695954,0.236301613614802,0.203016510694019,0.162677834203278,0.167772573247934
165,0.454843116219575,0.169733635746363,0.221274744825972,0.235439936165745,0.148143904307162,0.140279459933373
668,0.644967683931748,0.370820382306947,0.336419918223748,0.337407372460796,0.244185541162083,0.171754154191287
722,0.634386284250911,0.235439936165745,0.185781454960399,0.217294683481912,0.165869963138432,0.158410531669826
616,0.603424944919196,0.279506090033501,0.269956905233921,0.256863984839407,0.161362102255135,0.140279459933373
860,0.647610671197383,0.286266334773665,0.250466494772263,0.236301613614802,0.169237834303805,0.169237834303805
840,0.652893966371437,0.245967461561916,0.218083551882790,0.259638241659144,0.148471133452426,0.183371292540019
722,0.578526502286961,0.213405068833102,0.179307075461499,0.241532534498303,0.169733635746363,0.140279459933373
752,0.653774177471793,0.273759486818862,0.237166246337142,0.255024990396885,0.203733362812729,0.166814026627726
710,0.626439652176295,0.237166246337142,0.258711437790672,0.238033800236652,0.140279459933373,0.174898448025698
654,0.555277339714655,0.311728055196152,0.294052217151829,0.269010148553487,0.204454144375473,0.184568357977156
647,0.615828741507218,0.226992939983781,0.233725581744281,0.219672052767678,0.169733635746363,0.140279459933373
609,0.611401966215199,0.221274744825972,0.212638240623736,0.246862287018223,0.140279459933373,0.154094323280450
715,0.628206394540431,0.223704949036996,0.222891426963376,0.216509434133377,0.161362102255135,0.140279459933373
643,0.616713692539713,0.232872971194181,0.192088479379025,0.217294683481912,0.149807763529887,0.140279459933373
666,0.602537880906253,0.235439936165745,0.245967461561916,0.235439936165745,0.188255890082703,0.148471133452426
762,0.61405843859737,0.250466494772263,0.276626749501763,0.259638241659144,0.179875784505171,0.167772573247934
747,0.595435874427052,0.224521889216861,0.198109430350217,0.249561781327291,0.148471133452426,0.140279459933373
945,0.640560644506718,0.257786672914962,0.205907447843523,0.296985336054750,0.179307075461499,0.173835068385563
231,0.409494432911366,0.194724220966719,0.203733362812729,0.184568357977156,0.171243398019944,0.160502026996677
736,0.609630293401202,0.232023448734304,0.208116557082828,0.222081350052879,0.170736402643872,0.185781454960399
722,0.642323774366231,0.596324170558622,0.531876497718254,0.512844066957349,0.404704249910189,0.355144025044986
878,0.663450425192382,0.327528205863718,0.332468835480985,0.26806502014066,0.218083551882790,0.212638240623736
320,0.393155485097713,0.142702524367706,0.171243398019944,0.220471637257467,0.140279459933373,0.196066256873814
768,0.598100289370352,0.231177046607856,0.197424363331222,0.245075200706715,0.153720720340875,0.194059239855938
761,0.616713692539713,0.243298519444439,0.234581247743386,0.205907447843523,0.160502026996677,0.182190212262849
798,0.622904705251892,0.270905253648299,0.233725581744281,0.217294683481912,0.140279459933373,0.140279459933373
741,0.615828741507218,0.208860644258667,0.176522456496951,0.247759640188542,0.160502026996677,0.140279459933373
731,0.639678919993987,0.256863984839407,0.262430509724191,0.215727826366646,0.140279459933373,0.140279459933373
492,0.535487690890414,0.223704949036996,0.228656878414890,0.194724220966719,0.175435913518267,0.174898448025698
616,0.586543936638165,0.253194757033311,0.201594638931909,0.256863984839407,0.183967824035887,0.147178535004063
714,0.615828741507218,0.262430509724191,0.269010148553487,0.26336509235663,0.182778757451073,0.196066256873814
844,0.641442262346675,0.269956905233921,0.243298519444439,0.270905253648299,0.206639944148685,0.190154027575454
167,0.510114381882143,0.141873944585676,0.185172899926102,0.205178843545358,0.162677834203278,0.187631241909896
506,0.452041119617036,0.185781454960399,0.208116557082828,0.190794809258731,0.140801836156987,0.165869963138432
763,0.636150937944643,0.237166246337142,0.243298519444439,0.246862287018223,0.172787005806565,0.158822198286243
805,0.636150937944643,0.235439936165745,0.238033800236652,0.260567046745838,0.188255890082703,0.177071557205383
697,0.62555609967103,0.214175622695954,0.238904240888872,0.185172899926102,0.184568357977156,0.172268685450245
844,0.632621179272578,0.259638241659144,0.234581247743386,0.283362392853609,0.156400988328558,0.203016510694019
785,0.629089586309926,0.201594638931909,0.221274744825972,0.232023448734304,0.140279459933373,0.157597013980819
831,0.626439652176295,0.275669606701894,0.277585234113443,0.236301613614802,0.202303599215116,0.161362102255135
763,0.632621179272578,0.273759486818862,0.283362392853609,0.267121556704060,0.217294683481912,0.197424363331222
660,0.636150937944643,0.287236372741756,0.265239772398733,0.254108759679802,0.228656878414890,0.203733362812729
371,0.459504181093247,0.178181472416481,0.173835068385563,0.199491561253654,0.156008702799071,0.140279459933373
725,0.610516199655431,0.23977753355553,0.245075200706715,0.222891426963376,0.172268685450245,0.200889639762023
922,0.646729776551258,0.347271459448055,0.324563618926047,0.302869127130412,0.204454144375473,0.140279459933373
684,0.608744246353995,0.229493730258852,0.283362392853609,0.246862287018223,0.153720720340875,0.152618104976752
702,0.600763302119727,0.226992939983781,0.187010622123131,0.264301525715948,0.149469410107982,0.197424363331222
746,0.628206394540431,0.267121556704060,0.261497815323131,0.291125967010989,0.203733362812729,0.160930368981928
642,0.629089586309926,0.294052217151829,0.248659484023583,0.310742219942023,0.140279459933373,0.140279459933373
426,0.469720411442728,0.199491561253654,0.198798498578782,0.158002143279100,0.170233153496669,0.140279459933373
682,0.627323083479833,0.227823271636467,0.215727826366646,0.218876016213984,0.153720720340875,0.16634019279706
190,0.557070755717787,0.157195124574254,0.194724220966719,0.213405068833102,0.174898448025698,0.156400988328558
757,0.630855615748439,0.277585234113443,0.236301613614802,0.253194757033311,0.198109430350217,0.165403320798019
1013,0.661691913619881,0.316661303992259,0.306802338059224,0.306802338059224,0.195393227873188,0.190154027575454
814,0.655534316836593,0.272806580486754,0.235439936165745,0.281431899695417,0.167772573247934,0.153350162717428
302,0.431364974573073,0.140279459933373,0.185172899926102,0.169733635746363,0.140279459933373,0.167772573247934
705,0.613173084606865,0.212638240623736,0.194059239855938,0.255024990396885,0.148801114525785,0.183967824035887
740,0.617598511353537,0.219672052767678,0.242414171861771,0.199491561253654,0.160077057692081,0.153720720340875
713,0.61405843859737,0.244185541162083,0.219672052767678,0.251373586915138,0.181025063276694,0.173309128978783
948,0.616713692539713,0.316661303992259,0.305818349289740,0.281431899695417,0.180448444205294,0.189517281185082
840,0.626439652176295,0.287236372741756,0.199491561253654,0.238033800236652,0.140279459933373,0.182778757451073
793,0.629972659733243,0.218876016213984,0.217294683481912,0.248659484023583,0.158410531669826,0.205907447843523
822,0.642323774366231,0.260567046745838,0.217294683481912,0.270905253648299,0.142702524367706,0.140279459933373
704,0.573173308757861,0.236301613614802,0.158002143279100,0.261497815323131,0.140279459933373,0.166814026627726
773,0.606085249352797,0.296006914761259,0.291125967010989,0.307786743279463,0.184568357977156,0.182190212262849
684,0.568707020795868,0.219672052767678,0.194059239855938,0.260567046745838,0.157597013980819,0.200188610986799
865,0.640560644506718,0.251373586915138,0.233725581744281,0.267121556704060,0.164940248736627,0.158410531669826
644,0.610516199655431,0.237166246337142,0.214949882112267,0.292100571713878,0.142423961905656,0.140279459933373
907,0.634386284250911,0.282396577544332,0.26336509235663,0.245967461561916,0.166814026627726,0.192088479379025
834,0.602537880906253,0.26806502014066,0.241532534498303,0.243298519444439,0.140279459933373,0.200188610986799
853,0.620252184825136,0.277585234113443,0.211115838461421,0.282396577544332,0.218876016213984,0.214175622695954
804,0.629972659733243,0.252283020211930,0.282396577544332,0.187631241909896,0.140279459933373,0.14298348025674
908,0.631738455286738,0.266179795115631,0.214175622695954,0.296985336054750,0.153720720340875,0.164940248736627
313,0.447362019176649,0.188884569174318,0.197424363331222,0.179875784505171,0.158822198286243,0.145018731380577
856,0.636150937944643,0.247759640188542,0.222081350052879,0.255024990396885,0.161797245314680,0.188255890082703
925,0.657294084136253,0.266179795115631,0.240653643199231,0.238033800236652,0.196066256873814,0.188884569174318
688,0.626439652176295,0.232023448734304,0.235439936165745,0.208860644258667,0.140279459933373,0.156008702799071
318,0.5417972538608,0.295029198942614,0.264301525715948,0.272806580486754,0.166814026627726,0.168745733831007
732,0.622904705251892,0.248659484023583,0.240653643199231,0.228656878414890,0.172787005806565,0.178742307944130
822,0.628206394540431,0.251373586915138,0.271855157449252,0.225342219919308,0.185172899926102,0.148801114525785
671,0.616713692539713,0.322587416871138,0.274713840722163,0.326539995183568,0.224521889216861,0.183371292540019
709,0.637915147508898,0.274713840722163,0.274713840722163,0.269010148553487,0.182778757451073,0.16634019279706
675,0.582982412426427,0.206639944148685,0.182190212262849,0.257786672914962,0.154094323280450,0.148143904307162
756,0.61405843859737,0.233725581744281,0.259638241659144,0.179875784505171,0.160502026996677,0.140279459933373
783,0.631738455286738,0.309756707604237,0.212638240623736,0.302869127130412,0.225342219919308,0.214175622695954
722,0.634386284250911,0.259638241659144,0.266179795115631,0.23977753355553,0.155619579790919,0.187010622123131
792,0.657294084136253,0.269010148553487,0.235439936165745,0.237166246337142,0.170736402643872,0.171754154191287
717,0.59099197716754,0.232023448734304,0.204454144375473,0.248659484023583,0.158002143279100,0.147497624383717
801,0.615828741507218,0.245967461561916,0.205178843545358,0.211115838461421,0.173309128978783,0.140279459933373
837,0.629972659733243,0.259638241659144,0.278545025785751,0.225342219919308,0.188884569174318,0.140279459933373
752,0.608744246353995,0.270905253648299,0.279506090033501,0.211115838461421,0.165403320798019,0.165403320798019
834,0.641442262346675,0.283362392853609,0.259638241659144,0.269956905233921,0.16634019279706,0.167772573247934
183,0.55975922935761,0.146862120354825,0.164480729737195,0.185172899926102,0.160502026996677,0.187010622123131
659,0.59099197716754,0.233725581744281,0.198798498578782,0.265239772398733,0.146548361254107,0.197424363331222
891,0.623788627185174,0.273759486818862,0.280468392646033,0.26336509235663,0.179875784505171,0.204454144375473
742,0.592770024376564,0.232023448734304,0.211115838461421,0.262430509724191,0.158410531669826,0.182190212262849
633,0.585653817185493,0.224521889216861,0.223704949036996,0.188255890082703,0.158822198286243,0.140279459933373
832,0.62555609967103,0.211875157547888,0.176522456496951,0.301887051542692,0.140279459933373,0.165403320798019
607,0.548094589195255,0.250466494772263,0.246862287018223,0.232023448734304,0.174364837136968,0.156008702799071
687,0.619367756469412,0.228656878414890,0.241532534498303,0.256863984839407,0.142702524367706,0.140279459933373
164,0.481729856995562,0.157597013980819,0.140279459933373,0.207376318697083,0.159237162188545,0.140279459933373
164,0.492757675678563,0.154850743467635,0.198798498578782,0.187631241909896,0.194724220966719,0.203016510694019
748,0.612287594171303,0.23977753355553,0.249561781327291,0.247759640188542,0.164024746412181,0.168257318749387
738,0.650252758171119,0.359072414588444,0.357108931824631,0.341355528691973,0.174898448025698,0.178181472416481
493,0.535487690890414,0.23033379664679,0.277585234113443,0.240653643199231,0.158410531669826,0.140279459933373
781,0.61405843859737,0.228656878414890,0.199491561253654,0.232872971194181,0.152256565618780,0.171754154191287
879,0.593658802575914,0.242414171861771,0.256863984839407,0.215727826366646,0.194059239855938,0.190794809258731
176,0.489087655334828,0.140279459933373,0.169237834303805,0.183967824035887,0.140279459933373,0.140279459933373
965,0.644086484322101,0.304834801321944,0.250466494772263,0.213405068833102,0.169237834303805,0.162235816543637
762,0.628206394540431,0.256863984839407,0.210360301592275,0.172268685450245,0.192741366843982,0.172787005806565
412,0.447362019176649,0.199491561253654,0.188255890082703,0.232872971194181,0.140279459933373,0.153350162717428
858,0.619367756469412,0.265239772398733,0.285297304030371,0.195393227873188,0.187010622123131,0.140279459933373
765,0.560654953573793,0.299924552865763,0.276626749501763,0.23033379664679,0.191439626593958,0.140279459933373
704,0.611401966215199,0.225342219919308,0.233725581744281,0.228656878414890,0.173309128978783,0.184568357977156
781,0.607858057407542,0.255024990396885,0.245075200706715,0.235439936165745,0.163123316426449,0.173309128978783
803,0.627323083479833,0.251373586915138,0.213405068833102,0.246862287018223,0.187631241909896,0.193398287644562
792,0.591881082994116,0.255943411389996,0.200889639762023,0.245075200706715,0.166814026627726,0.164480729737195
974,0.666966416344732,0.262430509724191,0.262430509724191,0.280468392646033,0.154470991130581,0.183371292540019
687,0.624672424998259,0.309756707604237,0.255943411389996,0.296006914761259,0.168745733831007,0.203733362812729
793,0.610516199655431,0.211115838461421,0.236301613614802,0.189517281185082,0.144131604573628,0.145928733232941
1019,0.609630293401202,0.248659484023583,0.226992939983781,0.241532534498303,0.185172899926102,0.140279459933373
863,0.637915147508898,0.224521889216861,0.23977753355553,0.218083551882790,0.175977245746161,0.140279459933373
726,0.632621179272578,0.248659484023583,0.226992939983781,0.228656878414890,0.170736402643872,0.173309128978783
682,0.569600673082815,0.261497815323131,0.224521889216861,0.269956905233921,0.160502026996677,0.140279459933373
311,0.491840713366392,0.190794809258731,0.203016510694019,0.158822198286243,0.144720505822661,0.159237162188545
832,0.596324170558622,0.269956905233921,0.188255890082703,0.327528205863718,0.151542367809210,0.140279459933373
832,0.632621179272578,0.245075200706715,0.264301525715948,0.198798498578782,0.178742307944130,0.142147774681471
811,0.642323774366231,0.212638240623736,0.255943411389996,0.180448444205294,0.158410531669826,0.144424803121843
696,0.63703309779987,0.273759486818862,0.275669606701894,0.238904240888872,0.140279459933373,0.159237162188545
737,0.609630293401202,0.221274744825972,0.175977245746161,0.272806580486754,0.155233599845476,0.140279459933373
756,0.659053485350326,0.269010148553487,0.279506090033501,0.222081350052879,0.157195124574254,0.151189670120080
977,0.652893966371437,0.273759486818862,0.262430509724191,0.270905253648299,0.140279459933373,0.184568357977156
735,0.643205181411445,0.319623752397046,0.253194757033311,0.290152214217331,0.187010622123131,0.140279459933373
849,0.644967683931748,0.282396577544332,0.261497815323131,0.276626749501763,0.181025063276694,0.152618104976752
761,0.616713692539713,0.226165913043895,0.252283020211930,0.240653643199231,0.187631241909896,0.184568357977156
159,0.508293008226672,0.170233153496669,0.171243398019944,0.234581247743386,0.140279459933373,0.185781454960399
780,0.610516199655431,0.205178843545358,0.272806580486754,0.231177046607856,0.140279459933373,0.192088479379025
653,0.600763302119727,0.278545025785751,0.247759640188542,0.256863984839407,0.181605650010004,0.175977245746161
802,0.653774177471793,0.247759640188542,0.250466494772263,0.203733362812729,0.181605650010004,0.140279459933373
790,0.644967683931748,0.243298519444439,0.261497815323131,0.200188610986799,0.178181472416481,0.172787005806565
766,0.608744246353995,0.225342219919308,0.208116557082828,0.26336509235663,0.140279459933373,0.140279459933373
689,0.59454741884471,0.212638240623736,0.221274744825972,0.218876016213984,0.154470991130581,0.176522456496951
835,0.633503788623644,0.246862287018223,0.211115838461421,0.271855157449252,0.155619579790919,0.151542367809210
849,0.637915147508898,0.267121556704060,0.250466494772263,0.23977753355553,0.163123316426449,0.184568357977156
843,0.644967683931748,0.220471637257467,0.235439936165745,0.295029198942614,0.145319498566922,0.190794809258731
775,0.606085249352797,0.196066256873814,0.242414171861771,0.232023448734304,0.184568357977156,0.154094323280450
754,0.576742857104671,0.238904240888872,0.238904240888872,0.227823271636467,0.140279459933373,0.203733362812729
332,0.451106215483896,0.201594638931909,0.238033800236652,0.178742307944130,0.140279459933373,0.176522456496951
746,0.673994424070159,0.259638241659144,0.242414171861771,0.240653643199231,0.140279459933373,0.212638240623736
734,0.632621179272578,0.232023448734304,0.23977753355553,0.271855157449252,0.140279459933373,0.140279459933373
730,0.621136485069615,0.218083551882790,0.232023448734304,0.216509434133377,0.149133866930996,0.140279459933373
376,0.441731771836077,0.180448444205294,0.197424363331222,0.182190212262849,0.148143904307162,0.164024746412181
176,0.486331294331022,0.169733635746363,0.140279459933373,0.226992939983781,0.148471133452426,0.140279459933373
809,0.635268667058686,0.23977753355553,0.248659484023583,0.210360301592275,0.169237834303805,0.140279459933373
723,0.619367756469412,0.232023448734304,0.218876016213984,0.222891426963376,0.159655442358187,0.182778757451073
303,0.438910260048710,0.161797245314680,0.196066256873814,0.202303599215116,0.140279459933373,0.141333283747465
805,0.627323083479833,0.243298519444439,0.200188610986799,0.260567046745838,0.152982630801945,0.140279459933373
159,0.460435073421994,0.140279459933373,0.149469410107982,0.210360301592275,0.175435913518267,0.168257318749387
188,0.513753336846181,0.193398287644562,0.159237162188545,0.257786672914962,0.158002143279100,0.188255890082703
303,0.709940740769691,0.262430509724191,0.200889639762023,0.310742219942023,0.35612665264182,0.202303599215116
729,0.591881082994116,0.238033800236652,0.208116557082828,0.238033800236652,0.148801114525785,0.148801114525785
392,0.443610401564419,0.190794809258731,0.192741366843982,0.177071557205383,0.150492979148870,0.167291481291287
732,0.622020658211421,0.218083551882790,0.226992939983781,0.224521889216861,0.187010622123131,0.171243398019944
697,0.615828741507218,0.245967461561916,0.23977753355553,0.205178843545358,0.167291481291287,0.198109430350217
649,0.597212308466731,0.223704949036996,0.264301525715948,0.170736402643872,0.170233153496669,0.147819407725247
353,0.438910260048710,0.168745733831007,0.200889639762023,0.209608564537159,0.154850743467635,0.183967824035887
978,0.637915147508898,0.251373586915138,0.279506090033501,0.218876016213984,0.177624558944457,0.153350162717428
740,0.621136485069615,0.243298519444439,0.257786672914962,0.199491561253654,0.173309128978783,0.140279459933373
703,0.65201365997105,0.258711437790672,0.247759640188542,0.226992939983781,0.148801114525785,0.149469410107982
810,0.646729776551258,0.286266334773665,0.245967461561916,0.264301525715948,0.188255890082703,0.140279459933373
373,0.434198112267997,0.199491561253654,0.215727826366646,0.182778757451073,0.140279459933373,0.156008702799071
814,0.632621179272578,0.249561781327291,0.265239772398733,0.222891426963376,0.194059239855938,0.214949882112267
185,0.586543936638165,0.140279459933373,0.192088479379025,0.162677834203278,0.158002143279100,0.150148946700048
391,0.434198112267997,0.200889639762023,0.176522456496951,0.179307075461499,0.176522456496951,0.165403320798019
160,0.465083048709257,0.151542367809210,0.149807763529887,0.207376318697083,0.140279459933373,0.185781454960399
817,0.629972659733243,0.23977753355553,0.211115838461421,0.276626749501763,0.152618104976752,0.161797245314680
689,0.61405843859737,0.243298519444439,0.240653643199231,0.236301613614802,0.157597013980819,0.166814026627726
650,0.58209159090975,0.388321919900050,0.358090854945044,0.382505251364152,0.277585234113443,0.202303599215116
811,0.573173308757861,0.210360301592275,0.208860644258667,0.242414171861771,0.155233599845476,0.140279459933373
973,0.629972659733243,0.267121556704060,0.262430509724191,0.233725581744281,0.140279459933373,0.194059239855938
608,0.623788627185174,0.252283020211930,0.266179795115631,0.188884569174318,0.170736402643872,0.16634019279706
252,0.475271623239318,0.146862120354825,0.161797245314680,0.214949882112267,0.140539522938054,0.140279459933373
788,0.615828741507218,0.267121556704060,0.23033379664679,0.256863984839407,0.168745733831007,0.140279459933373
527,0.537291706764252,0.308771540986705,0.275669606701894,0.290152214217331,0.14298348025674,0.140279459933373
314,0.438910260048710,0.188255890082703,0.156400988328558,0.219672052767678,0.140279459933373,0.166814026627726
733,0.610516199655431,0.220471637257467,0.211115838461421,0.245967461561916,0.140279459933373,0.168745733831007
622,0.584763524220902,0.222891426963376,0.237166246337142,0.261497815323131,0.208860644258667,0.162235816543637
625,0.649372161207369,0.288207386188063,0.250466494772263,0.286266334773665,0.194059239855938,0.193398287644562
804,0.644967683931748,0.259638241659144,0.274713840722163,0.252283020211930,0.171243398019944,0.171754154191287
643,0.566919113760625,0.310742219942023,0.292100571713878,0.271855157449252,0.200889639762023,0.188255890082703
803,0.629089586309926,0.249561781327291,0.242414171861771,0.278545025785751,0.178181472416481,0.146237238572002
679,0.593658802575914,0.242414171861771,0.210360301592275,0.242414171861771,0.152618104976752,0.140279459933373
832,0.652893966371437,0.242414171861771,0.250466494772263,0.26806502014066,0.168257318749387,0.140279459933373
867,0.646729776551258,0.269956905233921,0.255943411389996,0.218876016213984,0.174364837136968,0.16357228121085
603,0.629972659733243,0.207376318697083,0.260567046745838,0.215727826366646,0.164024746412181,0.151542367809210
804,0.647610671197383,0.240653643199231,0.244185541162083,0.232872971194181,0.153350162717428,0.159237162188545
713,0.604311860230174,0.194724220966719,0.208116557082828,0.218083551882790,0.140279459933373,0.150148946700048
896,0.637915147508898,0.320611530912211,0.277585234113443,0.295029198942614,0.186394027664835,0.189517281185082
617,0.592770024376564,0.269956905233921,0.271855157449252,0.215727826366646,0.169733635746363,0.140279459933373
520,0.557070755717787,0.177071557205383,0.186394027664835,0.212638240623736,0.154094323280450,0.140279459933373
949,0.657294084136253,0.285297304030371,0.265239772398733,0.208116557082828,0.196743303664015,0.150839880430613
810,0.636150937944643,0.211115838461421,0.186394027664835,0.282396577544332,0.161797245314680,0.167772573247934
689,0.596324170558622,0.227823271636467,0.206639944148685,0.204454144375473,0.183967824035887,0.157195124574254
209,0.424736999725661,0.140279459933373,0.218083551882790,0.211875157547888,0.140279459933373,0.164024746412181
892,0.618483198986599,0.256863984839407,0.255943411389996,0.242414171861771,0.160077057692081,0.160502026996677
555,0.644967683931748,0.285297304030371,0.238904240888872,0.267121556704060,0.208116557082828,0.140279459933373
760,0.587433883900336,0.232023448734304,0.203733362812729,0.271855157449252,0.144424803121843,0.141066417195949
731,0.613173084606865,0.249561781327291,0.235439936165745,0.16634019279706,0.160502026996677,0.158410531669826
811,0.650252758171119,0.266179795115631,0.281431899695417,0.238904240888872,0.164024746412181,0.170736402643872
673,0.607858057407542,0.246862287018223,0.244185541162083,0.231177046607856,0.145319498566922,0.198798498578782
589,0.566919113760625,0.236301613614802,0.236301613614802,0.259638241659144,0.150148946700048,0.140279459933373
723,0.619367756469412,0.218876016213984,0.254108759679802,0.196066256873814,0.150148946700048,0.146862120354825
864,0.620252184825136,0.241532534498303,0.241532534498303,0.208116557082828,0.140279459933373,0.172787005806565
864,0.63703309779987,0.262430509724191,0.262430509724191,0.221274744825972,0.203016510694019,0.178181472416481
738,0.615828741507218,0.233725581744281,0.206639944148685,0.286266334773665,0.140279459933373,0.171243398019944
830,0.627323083479833,0.253194757033311,0.232023448734304,0.273759486818862,0.154470991130581,0.177624558944457
853,0.646729776551258,0.269956905233921,0.266179795115631,0.241532534498303,0.151897993103576,0.16357228121085
752,0.62555609967103,0.234581247743386,0.245967461561916,0.220471637257467,0.162235816543637,0.176522456496951
869,0.665208590906176,0.306802338059224,0.270905253648299,0.277585234113443,0.160077057692081,0.211875157547888
669,0.620252184825136,0.224521889216861,0.240653643199231,0.180448444205294,0.140279459933373,0.182778757451073
708,0.631738455286738,0.280468392646033,0.247759640188542,0.298944182722262,0.169733635746363,0.16634019279706
770,0.648491465815105,0.26806502014066,0.237166246337142,0.264301525715948,0.245967461561916,0.140279459933373
307,0.440791745314472,0.189517281185082,0.217294683481912,0.199491561253654,0.162235816543637,0.155233599845476
745,0.652893966371437,0.255943411389996,0.240653643199231,0.273759486818862,0.14298348025674,0.140279459933373
757,0.629089586309926,0.215727826366646,0.267121556704060,0.198798498578782,0.157597013980819,0.140279459933373
664,0.591881082994116,0.213405068833102,0.218876016213984,0.205178843545358,0.168745733831007,0.159237162188545
710,0.601650667029677,0.248659484023583,0.254108759679802,0.219672052767678,0.179307075461499,0.140279459933373
332,0.432309844864813,0.165869963138432,0.190154027575454,0.203016510694019,0.140279459933373,0.147178535004063
599,0.489087655334828,0.194059239855938,0.172787005806565,0.165403320798019,0.170233153496669,0.146862120354825
675,0.616713692539713,0.244185541162083,0.215727826366646,0.226165913043895,0.171243398019944,0.154850743467635
787,0.624672424998259,0.248659484023583,0.246862287018223,0.225342219919308,0.178742307944130,0.178181472416481
759,0.613173084606865,0.237166246337142,0.228656878414890,0.281431899695417,0.140279459933373,0.140279459933373
169,0.50099448051522,0.144720505822661,0.147178535004063,0.211875157547888,0.140279459933373,0.189517281185082
793,0.626439652176295,0.234581247743386,0.23977753355553,0.248659484023583,0.171754154191287,0.170233153496669
726,0.610516199655431,0.257786672914962,0.26806502014066,0.229493730258852,0.167772573247934,0.150492979148870
829,0.622020658211421,0.243298519444439,0.255024990396885,0.249561781327291,0.140279459933373,0.156400988328558
649,0.616713692539713,0.237166246337142,0.253194757033311,0.226992939983781,0.174898448025698,0.140279459933373
872,0.61405843859737,0.240653643199231,0.236301613614802,0.226165913043895,0.161797245314680,0.140279459933373
896,0.655534316836593,0.271855157449252,0.253194757033311,0.226165913043895,0.178181472416481,0.181025063276694
790,0.660812526368302,0.282396577544332,0.211875157547888,0.317648619366148,0.154850743467635,0.205178843545358
388,0.426633199381427,0.181025063276694,0.160930368981928,0.253194757033311,0.140279459933373,0.144131604573628
960,0.591881082994116,0.279506090033501,0.262430509724191,0.284329312589461,0.179307075461499,0.158002143279100
743,0.618483198986599,0.238033800236652,0.226992939983781,0.257786672914962,0.157195124574254,0.191439626593958
869,0.648491465815105,0.273759486818862,0.273759486818862,0.245967461561916,0.161797245314680,0.207376318697083
766,0.604311860230174,0.243298519444439,0.224521889216861,0.23977753355553,0.181605650010004,0.140279459933373
786,0.65201365997105,0.23033379664679,0.227823271636467,0.231177046607856,0.140279459933373,0.175435913518267
695,0.618483198986599,0.252283020211930,0.221274744825972,0.237166246337142,0.169733635746363,0.160077057692081
814,0.633503788623644,0.270905253648299,0.259638241659144,0.289179343702615,0.190794809258731,0.145622826217966
889,0.613173084606865,0.251373586915138,0.247759640188542,0.238033800236652,0.158410531669826,0.144720505822661
595,0.604311860230174,0.425685350085428,0.386384998416716,0.324563618926047,0.242414171861771,0.160930368981928
759,0.588323660284695,0.238033800236652,0.235439936165745,0.255024990396885,0.167291481291287,0.197424363331222
819,0.621136485069615,0.250466494772263,0.233725581744281,0.188884569174318,0.156796455796649,0.208116557082828
746,0.610516199655431,0.208860644258667,0.211875157547888,0.231177046607856,0.173309128978783,0.187010622123131
173,0.420938564569721,0.174898448025698,0.247759640188542,0.158410531669826,0.160930368981928,0.141066417195949
704,0.572280442910804,0.303851718893881,0.255024990396885,0.318636108753548,0.222081350052879,0.145319498566922
396,0.45297556976512,0.173835068385563,0.159237162188545,0.196066256873814,0.148143904307162,0.157195124574254
330,0.434198112267997,0.178181472416481,0.140279459933373,0.198109430350217,0.152618104976752,0.140279459933373
604,0.587433883900336,0.269956905233921,0.255024990396885,0.271855157449252,0.154850743467635,0.177624558944457
675,0.618483198986599,0.293075998312143,0.218083551882790,0.274713840722163,0.166814026627726,0.150492979148870
221,0.601650667029677,0.14298348025674,0.203733362812729,0.174898448025698,0.140279459933373,0.213405068833102
261,0.618483198986599,0.141333283747465,0.193398287644562,0.173309128978783,0.146237238572002,0.150839880430613
319,0.452041119617036,0.198798498578782,0.179875784505171,0.190154027575454,0.140279459933373,0.140279459933373
258,0.472497848634527,0.140279459933373,0.224521889216861,0.178742307944130,0.140279459933373,0.143266847840142
815,0.633503788623644,0.214949882112267,0.266179795115631,0.196066256873814,0.153350162717428,0.159655442358187
320,0.428527399760189,0.164940248736627,0.189517281185082,0.149469410107982,0.140279459933373,0.140279459933373
730,0.627323083479833,0.283362392853609,0.236301613614802,0.270905253648299,0.165403320798019,0.162677834203278
844,0.615828741507218,0.249561781327291,0.225342219919308,0.267121556704060,0.203733362812729,0.150839880430613
805,0.632621179272578,0.276626749501763,0.226165913043895,0.272806580486754,0.177071557205383,0.228656878414890
809,0.624672424998259,0.226992939983781,0.262430509724191,0.160502026996677,0.173309128978783,0.140279459933373
486,0.582982412426427,0.358090854945044,0.334444602573969,0.307786743279463,0.200188610986799,0.140279459933373
728,0.646729776551258,0.211875157547888,0.23977753355553,0.185172899926102,0.149133866930996,0.140539522938054
767,0.640560644506718,0.225342219919308,0.232023448734304,0.214175622695954,0.149807763529887,0.175977245746161
672,0.599875784998553,0.209608564537159,0.188884569174318,0.262430509724191,0.160502026996677,0.188255890082703
172,0.524641044535778,0.14298348025674,0.178181472416481,0.181025063276694,0.140279459933373,0.149807763529887
864,0.646729776551258,0.261497815323131,0.217294683481912,0.232872971194181,0.175435913518267,0.165403320798019
392,0.434198112267997,0.205178843545358,0.183371292540019,0.171754154191287,0.140279459933373,0.149469410107982
672,0.617598511353537,0.281431899695417,0.302869127130412,0.280468392646033,0.217294683481912,0.202303599215116
719,0.615828741507218,0.216509434133377,0.214175622695954,0.209608564537159,0.161797245314680,0.140279459933373
914,0.624672424998259,0.26336509235663,0.246862287018223,0.234581247743386,0.199491561253654,0.148143904307162
719,0.609630293401202,0.224521889216861,0.217294683481912,0.269956905233921,0.140279459933373,0.150148946700048
626,0.642323774366231,0.228656878414890,0.191439626593958,0.264301525715948,0.144720505822661,0.140279459933373
859,0.646729776551258,0.287236372741756,0.277585234113443,0.188255890082703,0.171243398019944,0.194724220966719
837,0.631738455286738,0.259638241659144,0.285297304030371,0.232872971194181,0.152618104976752,0.167291481291287
689,0.612287594171303,0.298944182722262,0.288207386188063,0.250466494772263,0.142702524367706,0.154470991130581
682,0.61405843859737,0.238033800236652,0.243298519444439,0.220471637257467,0.144424803121843,0.192741366843982
347,0.435141512434088,0.164940248736627,0.168257318749387,0.195393227873188,0.142702524367706,0.140279459933373
676,0.574065981658382,0.322587416871138,0.283362392853609,0.297964434643167,0.190794809258731,0.142147774681471
864,0.639678919993987,0.255024990396885,0.247759640188542,0.232023448734304,0.140279459933373,0.152256565618780
735,0.58030940985411,0.285297304030371,0.267121556704060,0.245967461561916,0.178181472416481,0.150492979148870
536,0.623788627185174,0.308771540986705,0.289179343702615,0.290152214217331,0.175435913518267,0.181605650010004
814,0.606085249352797,0.299924552865763,0.262430509724191,0.281431899695417,0.174898448025698,0.203016510694019
413,0.425685350085428,0.160077057692081,0.182778757451073,0.190794809258731,0.140279459933373,0.148471133452426
710,0.615828741507218,0.219672052767678,0.197424363331222,0.229493730258852,0.153720720340875,0.162677834203278
330,0.43702685358426,0.164480729737195,0.202303599215116,0.212638240623736,0.170736402643872,0.140279459933373
792,0.629089586309926,0.248659484023583,0.262430509724191,0.242414171861771,0.140279459933373,0.144424803121843
810,0.620252184825136,0.247759640188542,0.201594638931909,0.291125967010989,0.156008702799071,0.171243398019944
604,0.606085249352797,0.261497815323131,0.245075200706715,0.247759640188542,0.200188610986799,0.170736402643872
677,0.613173084606865,0.233725581744281,0.198798498578782,0.216509434133377,0.149469410107982,0.213405068833102
348,0.464154311336516,0.179307075461499,0.148143904307162,0.218876016213984,0.140279459933373,0.156796455796649
738,0.602537880906253,0.292100571713878,0.289179343702615,0.202303599215116,0.167772573247934,0.140279459933373
736,0.601650667029677,0.262430509724191,0.255943411389996,0.196743303664015,0.162677834203278,0.214175622695954
803,0.61405843859737,0.204454144375473,0.254108759679802,0.267121556704060,0.152618104976752,0.148143904307162
845,0.645848781067736,0.255024990396885,0.243298519444439,0.249561781327291,0.153350162717428,0.191439626593958
784,0.629089586309926,0.225342219919308,0.26336509235663,0.191439626593958,0.178181472416481,0.162235816543637
796,0.615828741507218,0.267121556704060,0.198798498578782,0.245967461561916,0.169237834303805,0.140279459933373
702,0.609630293401202,0.236301613614802,0.195393227873188,0.249561781327291,0.172268685450245,0.140279459933373
356,0.455776216619560,0.174898448025698,0.150148946700048,0.211875157547888,0.140279459933373,0.146237238572002
756,0.626439652176295,0.225342219919308,0.224521889216861,0.227823271636467,0.148801114525785,0.175977245746161
698,0.595435874427052,0.238033800236652,0.192088479379025,0.284329312589461,0.170736402643872,0.171243398019944
772,0.628206394540431,0.226165913043895,0.213405068833102,0.210360301592275,0.140279459933373,0.165403320798019
893,0.606971725447777,0.298944182722262,0.280468392646033,0.293075998312143,0.157597013980819,0.187631241909896
795,0.647610671197383,0.303851718893881,0.264301525715948,0.275669606701894,0.156008702799071,0.140279459933373
918,0.645848781067736,0.258711437790672,0.255024990396885,0.264301525715948,0.165869963138432,0.152618104976752
791,0.603424944919196,0.251373586915138,0.243298519444439,0.194724220966719,0.183967824035887,0.172268685450245
775,0.606971725447777,0.291125967010989,0.246862287018223,0.294052217151829,0.205907447843523,0.141602453589765
830,0.634386284250911,0.273759486818862,0.205907447843523,0.264301525715948,0.164480729737195,0.141066417195949
320,0.444549008408857,0.173835068385563,0.185172899926102,0.177624558944457,0.140279459933373,0.160502026996677
754,0.620252184825136,0.216509434133377,0.255943411389996,0.185172899926102,0.152982630801945,0.142147774681471
868,0.65201365997105,0.267121556704060,0.274713840722163,0.195393227873188,0.206639944148685,0.140279459933373
744,0.619367756469412,0.244185541162083,0.226165913043895,0.247759640188542,0.184568357977156,0.156008702799071
794,0.642323774366231,0.273759486818862,0.255024990396885,0.276626749501763,0.140279459933373,0.165403320798019
567,0.493674279807102,0.211115838461421,0.191439626593958,0.198798498578782,0.171243398019944,0.140279459933373
679,0.623788627185174,0.258711437790672,0.255024990396885,0.208860644258667,0.161797245314680,0.163123316426449
624,0.602537880906253,0.232023448734304,0.238033800236652,0.213405068833102,0.197424363331222,0.141066417195949
757,0.610516199655431,0.225342219919308,0.219672052767678,0.23977753355553,0.154850743467635,0.201594638931909
565,0.571387382661058,0.221274744825972,0.181025063276694,0.246862287018223,0.140279459933373,0.149469410107982
458,0.43702685358426,0.184568357977156,0.209608564537159,0.220471637257467,0.140279459933373,0.168257318749387
767,0.621136485069615,0.219672052767678,0.246862287018223,0.211875157547888,0.162677834203278,0.151542367809210
431,0.677506525321988,0.23977753355553,0.185781454960399,0.237166246337142,0.175977245746161,0.180448444205294
600,0.615828741507218,0.222891426963376,0.196743303664015,0.245967461561916,0.147178535004063,0.152618104976752
831,0.652893966371437,0.282396577544332,0.214175622695954,0.236301613614802,0.140279459933373,0.186394027664835
695,0.613173084606865,0.251373586915138,0.255943411389996,0.198798498578782,0.182778757451073,0.150839880430613
902,0.62555609967103,0.260567046745838,0.266179795115631,0.247759640188542,0.188884569174318,0.172268685450245
729,0.61494365721071,0.231177046607856,0.221274744825972,0.264301525715948,0.140279459933373,0.164940248736627
603,0.609630293401202,0.260567046745838,0.189517281185082,0.207376318697083,0.173835068385563,0.198109430350217
833,0.656414246618719,0.288207386188063,0.276626749501763,0.245967461561916,0.190794809258731,0.141066417195949
648,0.607858057407542,0.201594638931909,0.240653643199231,0.232872971194181,0.151542367809210,0.143840891542185
903,0.636150937944643,0.252283020211930,0.244185541162083,0.203016510694019,0.155233599845476,0.184568357977156
800,0.603424944919196,0.266179795115631,0.274713840722163,0.265239772398733,0.155619579790919,0.170233153496669
722,0.65201365997105,0.288207386188063,0.249561781327291,0.304834801321944,0.177071557205383,0.197424363331222
708,0.645848781067736,0.235439936165745,0.254108759679802,0.203016510694019,0.164480729737195,0.197424363331222
721,0.59099197716754,0.397976414823837,0.367888982200334,0.385415796280043,0.276626749501763,0.251373586915138
778,0.62555609967103,0.260567046745838,0.232872971194181,0.270905253648299,0.140279459933373,0.174364837136968
716,0.612287594171303,0.215727826366646,0.233725581744281,0.140279459933373,0.160930368981928,0.154850743467635
756,0.601650667029677,0.208116557082828,0.193398287644562,0.260567046745838,0.154850743467635,0.155233599845476
712,0.608744246353995,0.232023448734304,0.182778757451073,0.23033379664679,0.142147774681471,0.181605650010004
718,0.573173308757861,0.218083551882790,0.188255890082703,0.245075200706715,0.155619579790919,0.161797245314680
773,0.631738455286738,0.287236372741756,0.227823271636467,0.280468392646033,0.192741366843982,0.140279459933373
719,0.615828741507218,0.232872971194181,0.179875784505171,0.269956905233921,0.160077057692081,0.152982630801945
690,0.598988114480156,0.261497815323131,0.255943411389996,0.185781454960399,0.173835068385563,0.174364837136968
286,0.357108931824631,0.196743303664015,0.181605650010004,0.293075998312143,0.337407372460796,0.201594638931909
808,0.636150937944643,0.243298519444439,0.245967461561916,0.261497815323131,0.174364837136968,0.214175622695954
719,0.588323660284695,0.386384998416716,0.363974517009122,0.339381807952053,0.269956905233921,0.203733362812729
817,0.65201365997105,0.246862287018223,0.252283020211930,0.202303599215116,0.195393227873188,0.198109430350217
689,0.616713692539713,0.237166246337142,0.219672052767678,0.234581247743386,0.145622826217966,0.177071557205383
741,0.590102705627282,0.332468835480985,0.274713840722163,0.323575487390111,0.144131604573628,0.147819407725247
176,0.472497848634527,0.23977753355553,0.273759486818862,0.269010148553487,0.178181472416481,0.158822198286243
361,0.44923503724365,0.194724220966719,0.206639944148685,0.181025063276694,0.145928733232941,0.140279459933373
780,0.638797087949753,0.23977753355553,0.247759640188542,0.224521889216861,0.155619579790919,0.154094323280450
746,0.620252184825136,0.254108759679802,0.225342219919308,0.218083551882790,0.189517281185082,0.150148946700048
705,0.600763302119727,0.229493730258852,0.238904240888872,0.220471637257467,0.16357228121085,0.140279459933373
828,0.638797087949753,0.267121556704060,0.26806502014066,0.194724220966719,0.154470991130581,0.154850743467635
675,0.629089586309926,0.240653643199231,0.219672052767678,0.243298519444439,0.140279459933373,0.170736402643872
920,0.645848781067736,0.259638241659144,0.242414171861771,0.267121556704060,0.174364837136968,0.140279459933373
741,0.618483198986599,0.226992939983781,0.234581247743386,0.181605650010004,0.171754154191287,0.173309128978783
651,0.603424944919196,0.237166246337142,0.226165913043895,0.235439936165745,0.149133866930996,0.148801114525785
596,0.59454741884471,0.319623752397046,0.299924552865763,0.318636108753548,0.169237834303805,0.145622826217966
876,0.652893966371437,0.224521889216861,0.238033800236652,0.240653643199231,0.140801836156987,0.140279459933373
743,0.629089586309926,0.278545025785751,0.240653643199231,0.282396577544332,0.186394027664835,0.16634019279706
485,0.57585075439854,0.271855157449252,0.222891426963376,0.293075998312143,0.171243398019944,0.173835068385563
661,0.599875784998553,0.232023448734304,0.226992939983781,0.209608564537159,0.140279459933373,0.140279459933373
822,0.639678919993987,0.250466494772263,0.232872971194181,0.256863984839407,0.173309128978783,0.190794809258731
743,0.601650667029677,0.255024990396885,0.285297304030371,0.212638240623736,0.193398287644562,0.158002143279100
156,0.445487145704544,0.140279459933373,0.198798498578782,0.164024746412181,0.148143904307162,0.164480729737195
866,0.615828741507218,0.259638241659144,0.275669606701894,0.247759640188542,0.171243398019944,0.201594638931909
793,0.664329550930648,0.244185541162083,0.279506090033501,0.177624558944457,0.151542367809210,0.199491561253654
721,0.628206394540431,0.275669606701894,0.198109430350217,0.310742219942023,0.176522456496951,0.174898448025698
656,0.576742857104671,0.194059239855938,0.231177046607856,0.226992939983781,0.161797245314680,0.140279459933373
183,0.540896650628897,0.158002143279100,0.168745733831007,0.179875784505171,0.140279459933373,0.169733635746363
169,0.547195695509664,0.354161056920203,0.359072414588444,0.390256851013871,0.314687276192053,0.322587416871138
837,0.620252184825136,0.364953752682284,0.316661303992259,0.308771540986705,0.179307075461499,0.164024746412181
759,0.631738455286738,0.269956905233921,0.255943411389996,0.274713840722163,0.169733635746363,0.163123316426449
725,0.616713692539713,0.229493730258852,0.225342219919308,0.238904240888872,0.179307075461499,0.16634019279706
549,0.478964395469008,0.226165913043895,0.192088479379025,0.219672052767678,0.165403320798019,0.14298348025674
909,0.636150937944643,0.404704249910189,0.364953752682284,0.379590352485876,0.265239772398733,0.255943411389996
722,0.623788627185174,0.225342219919308,0.180448444205294,0.226165913043895,0.140279459933373,0.140279459933373
285,0.499166505254691,0.185172899926102,0.203016510694019,0.204454144375473,0.140279459933373,0.140279459933373
712,0.598988114480156,0.232872971194181,0.284329312589461,0.240653643199231,0.192741366843982,0.177071557205383
752,0.613173084606865,0.271855157449252,0.255024990396885,0.245967461561916,0.202303599215116,0.168257318749387
666,0.615828741507218,0.235439936165745,0.260567046745838,0.198798498578782,0.185781454960399,0.140279459933373
777,0.626439652176295,0.233725581744281,0.247759640188542,0.246862287018223,0.179875784505171,0.142423961905656
165,0.470646634478409,0.140279459933373,0.192741366843982,0.197424363331222,0.170736402643872,0.140279459933373
363,0.439851241970584,0.173309128978783,0.198798498578782,0.150492979148870,0.160930368981928,0.140279459933373
196,0.522829369551227,0.165869963138432,0.183967824035887,0.202303599215116,0.148471133452426,0.188884569174318
788,0.627323083479833,0.328516409471957,0.330492731245164,0.299924552865763,0.236301613614802,0.233725581744281
877,0.622904705251892,0.26336509235663,0.242414171861771,0.295029198942614,0.151189670120080,0.140279459933373
750,0.618483198986599,0.255024990396885,0.247759640188542,0.255943411389996,0.140279459933373,0.165403320798019
797,0.615828741507218,0.251373586915138,0.237166246337142,0.219672052767678,0.167772573247934,0.173835068385563
806,0.618483198986599,0.232023448734304,0.26806502014066,0.259638241659144,0.180448444205294,0.143266847840142
806,0.618483198986599,0.266179795115631,0.215727826366646,0.255943411389996,0.192088479379025,0.164480729737195
725,0.630855615748439,0.238033800236652,0.223704949036996,0.257786672914962,0.140279459933373,0.140279459933373
827,0.630855615748439,0.245075200706715,0.165869963138432,0.249561781327291,0.156008702799071,0.179307075461499
404,0.457641082102348,0.185781454960399,0.196066256873814,0.173835068385563,0.140279459933373,0.174898448025698
833,0.622020658211421,0.305818349289740,0.302869127130412,0.294052217151829,0.179307075461499,0.179307075461499
777,0.632621179272578,0.270905253648299,0.245967461561916,0.260567046745838,0.160077057692081,0.140279459933373
168,0.501907959152939,0.140279459933373,0.154470991130581,0.224521889216861,0.144720505822661,0.187010622123131
910,0.641442262346675,0.243298519444439,0.202303599215116,0.274713840722163,0.158822198286243,0.168257318749387
757,0.627323083479833,0.212638240623736,0.196743303664015,0.228656878414890,0.140539522938054,0.164940248736627
610,0.61405843859737,0.236301613614802,0.222891426963376,0.244185541162083,0.165869963138432,0.162235816543637
350,0.658173830133798,0.150148946700048,0.198109430350217,0.181025063276694,0.140279459933373,0.179307075461499
741,0.622904705251892,0.246862287018223,0.220471637257467,0.229493730258852,0.193398287644562,0.14298348025674
673,0.600763302119727,0.255943411389996,0.244185541162083,0.228656878414890,0.149133866930996,0.140279459933373
376,0.437968797820157,0.164024746412181,0.203016510694019,0.193398287644562,0.142423961905656,0.150492979148870
174,0.499166505254691,0.16634019279706,0.184568357977156,0.187631241909896,0.165403320798019,0.175977245746161
264,0.466011361565902,0.155619579790919,0.198798498578782,0.217294683481912,0.178181472416481,0.144720505822661
197,0.39604956908159,0.153720720340875,0.162677834203278,0.188255890082703,0.141066417195949,0.140279459933373
787,0.656414246618719,0.26336509235663,0.271855157449252,0.204454144375473,0.191439626593958,0.158002143279100
665,0.601650667029677,0.219672052767678,0.225342219919308,0.231177046607856,0.185781454960399,0.140279459933373
867,0.628206394540431,0.250466494772263,0.264301525715948,0.232023448734304,0.194724220966719,0.169237834303805
451,0.453909567952752,0.187010622123131,0.200889639762023,0.185781454960399,0.165869963138432,0.145928733232941
398,0.670481068306923,0.151897993103576,0.185781454960399,0.168257318749387,0.141066417195949,0.140279459933373
195,0.571387382661058,0.141602453589765,0.183371292540019,0.185172899926102,0.145018731380577,0.196066256873814
801,0.612287594171303,0.232023448734304,0.200889639762023,0.217294683481912,0.16634019279706,0.181605650010004
728,0.619367756469412,0.273759486818862,0.225342219919308,0.286266334773665,0.140279459933373,0.161362102255135
582,0.610516199655431,0.246862287018223,0.245967461561916,0.212638240623736,0.207376318697083,0.182190212262849
680,0.597212308466731,0.267121556704060,0.275669606701894,0.232872971194181,0.140279459933373,0.174364837136968
745,0.608744246353995,0.256863984839407,0.259638241659144,0.209608564537159,0.174898448025698,0.145928733232941
841,0.659053485350326,0.260567046745838,0.232023448734304,0.271855157449252,0.140279459933373,0.216509434133377
690,0.621136485069615,0.203733362812729,0.237166246337142,0.186394027664835,0.157597013980819,0.140279459933373
732,0.639678919993987,0.231177046607856,0.257786672914962,0.217294683481912,0.143840891542185,0.140279459933373
411,0.457641082102348,0.209608564537159,0.179307075461499,0.151189670120080,0.152618104976752,0.150492979148870
371,0.448298759169222,0.196743303664015,0.208860644258667,0.23033379664679,0.144424803121843,0.140279459933373
688,0.601650667029677,0.227823271636467,0.183371292540019,0.192088479379025,0.179307075461499,0.166814026627726
168,0.525546453481271,0.155233599845476,0.142423961905656,0.199491561253654,0.141066417195949,0.140279459933373
342,0.454843116219575,0.158410531669826,0.196743303664015,0.179875784505171,0.148143904307162,0.174898448025698
807,0.626439652176295,0.266179795115631,0.222081350052879,0.232023448734304,0.177624558944457,0.156008702799071
780,0.629089586309926,0.245075200706715,0.249561781327291,0.264301525715948,0.152982630801945,0.149807763529887
754,0.616713692539713,0.328516409471957,0.294052217151829,0.305818349289740,0.241532534498303,0.201594638931909
757,0.586543936638165,0.233725581744281,0.277585234113443,0.242414171861771,0.143266847840142,0.184568357977156
674,0.635268667058686,0.238904240888872,0.245967461561916,0.207376318697083,0.145319498566922,0.152982630801945
649,0.597212308466731,0.224521889216861,0.226165913043895,0.233725581744281,0.174898448025698,0.170233153496669
777,0.606085249352797,0.266179795115631,0.269956905233921,0.282396577544332,0.147819407725247,0.180448444205294
661,0.633503788623644,0.249561781327291,0.205907447843523,0.222081350052879,0.172787005806565,0.146237238572002
745,0.603424944919196,0.218083551882790,0.253194757033311,0.211875157547888,0.169237834303805,0.174364837136968
782,0.611401966215199,0.219672052767678,0.197424363331222,0.289179343702615,0.152256565618780,0.171754154191287
804,0.61405843859737,0.241532534498303,0.226165913043895,0.282396577544332,0.16634019279706,0.140279459933373
854,0.61405843859737,0.232872971194181,0.219672052767678,0.221274744825972,0.140279459933373,0.140279459933373
855,0.597212308466731,0.224521889216861,0.266179795115631,0.149133866930996,0.153720720340875,0.188255890082703
1016,0.623788627185174,0.227823271636467,0.140279459933373,0.613173084606865,0.664329550930648,0.50099448051522
766,0.646729776551258,0.266179795115631,0.232872971194181,0.261497815323131,0.155233599845476,0.183967824035887
380,0.435141512434088,0.165869963138432,0.151897993103576,0.205907447843523,0.140279459933373,0.151897993103576
170,0.469720411442728,0.144131604573628,0.218876016213984,0.140279459933373,0.162235816543637,0.158002143279100
326,0.452041119617036,0.180448444205294,0.148801114525785,0.212638240623736,0.140279459933373,0.145018731380577
797,0.609630293401202,0.209608564537159,0.221274744825972,0.240653643199231,0.140279459933373,0.140279459933373
746,0.606085249352797,0.224521889216861,0.214175622695954,0.237166246337142,0.143840891542185,0.140279459933373
236,0.440791745314472,0.140279459933373,0.140279459933373,0.620252184825136,0.669602528491819,0.503733909185275
652,0.632621179272578,0.250466494772263,0.236301613614802,0.203016510694019,0.176522456496951,0.157195124574254
652,0.616713692539713,0.221274744825972,0.229493730258852,0.250466494772263,0.158822198286243,0.157597013980819
404,0.44923503724365,0.175977245746161,0.156008702799071,0.217294683481912,0.150839880430613,0.140279459933373
603,0.603424944919196,0.270905253648299,0.255943411389996,0.265239772398733,0.171243398019944,0.145928733232941
831,0.636150937944643,0.270905253648299,0.255943411389996,0.253194757033311,0.140279459933373,0.140279459933373
761,0.630855615748439,0.266179795115631,0.228656878414890,0.266179795115631,0.153720720340875,0.145319498566922
827,0.657294084136253,0.259638241659144,0.232872971194181,0.274713840722163,0.171754154191287,0.142423961905656
801,0.627323083479833,0.227823271636467,0.249561781327291,0.217294683481912,0.164480729737195,0.140279459933373
729,0.590102705627282,0.236301613614802,0.259638241659144,0.279506090033501,0.212638240623736,0.171754154191287
808,0.653774177471793,0.349241401529061,0.311728055196152,0.290152214217331,0.173309128978783,0.165869963138432
786,0.642323774366231,0.265239772398733,0.269010148553487,0.241532534498303,0.203016510694019,0.160930368981928
700,0.606971725447777,0.214175622695954,0.227823271636467,0.189517281185082,0.154470991130581,0.140279459933373
676,0.608744246353995,0.224521889216861,0.192741366843982,0.220471637257467,0.140279459933373,0.140539522938054
304,0.602537880906253,0.299924552865763,0.282396577544332,0.261497815323131,0.187010622123131,0.140279459933373
419,0.451106215483896,0.170736402643872,0.191439626593958,0.236301613614802,0.140279459933373,0.140279459933373
665,0.605198627992826,0.273759486818862,0.249561781327291,0.218083551882790,0.160077057692081,0.181025063276694
677,0.598100289370352,0.215727826366646,0.209608564537159,0.242414171861771,0.154094323280450,0.164024746412181
803,0.618483198986599,0.258711437790672,0.232872971194181,0.243298519444439,0.203016510694019,0.141602453589765
567,0.609630293401202,0.267121556704060,0.237166246337142,0.227823271636467,0.183371292540019,0.175977245746161
641,0.628206394540431,0.247759640188542,0.205178843545358,0.238033800236652,0.165869963138432,0.153720720340875
737,0.636150937944643,0.242414171861771,0.237166246337142,0.247759640188542,0.179875784505171,0.155619579790919
639,0.588323660284695,0.235439936165745,0.234581247743386,0.205907447843523,0.140279459933373,0.140279459933373
862,0.666966416344732,0.276626749501763,0.265239772398733,0.296006914761259,0.175977245746161,0.156008702799071
807,0.652893966371437,0.262430509724191,0.175977245746161,0.307786743279463,0.140279459933373,0.181025063276694
781,0.557967132030868,0.345300444024283,0.324563618926047,0.295029198942614,0.190154027575454,0.157195124574254
799,0.642323774366231,0.296006914761259,0.280468392646033,0.287236372741756,0.145928733232941,0.164480729737195
562,0.588323660284695,0.241532534498303,0.211875157547888,0.273759486818862,0.157597013980819,0.160502026996677
658,0.59099197716754,0.269010148553487,0.217294683481912,0.267121556704060,0.167291481291287,0.140279459933373
765,0.645848781067736,0.246862287018223,0.221274744825972,0.296006914761259,0.146237238572002,0.164940248736627
681,0.588323660284695,0.238033800236652,0.177624558944457,0.273759486818862,0.150839880430613,0.140279459933373
713,0.61405843859737,0.23033379664679,0.199491561253654,0.245075200706715,0.154094323280450,0.171243398019944
798,0.57585075439854,0.227823271636467,0.176522456496951,0.290152214217331,0.140279459933373,0.149133866930996
347,0.424736999725661,0.157597013980819,0.185781454960399,0.183371292540019,0.159237162188545,0.150839880430613
778,0.610516199655431,0.265239772398733,0.23033379664679,0.222081350052879,0.166814026627726,0.140279459933373
707,0.590102705627282,0.245967461561916,0.191439626593958,0.254108759679802,0.140279459933373,0.159237162188545
727,0.643205181411445,0.254108759679802,0.269956905233921,0.186394027664835,0.164940248736627,0.154094323280450
774,0.624672424998259,0.243298519444439,0.185172899926102,0.256863984839407,0.140279459933373,0.140279459933373
729,0.61405843859737,0.236301613614802,0.211115838461421,0.259638241659144,0.187010622123131,0.147819407725247
204,0.465083048709257,0.140279459933373,0.140279459933373,0.612287594171303,0.666966416344732,0.503733909185275
696,0.597212308466731,0.224521889216861,0.229493730258852,0.231177046607856,0.190794809258731,0.164940248736627
688,0.634386284250911,0.242414171861771,0.225342219919308,0.243298519444439,0.147819407725247,0.195393227873188
344,0.466011361565902,0.181025063276694,0.170736402643872,0.214175622695954,0.140279459933373,0.140279459933373
755,0.617598511353537,0.252283020211930,0.200889639762023,0.241532534498303,0.140279459933373,0.149133866930996
656,0.586543936638165,0.216509434133377,0.210360301592275,0.237166246337142,0.149133866930996,0.16357228121085
778,0.644967683931748,0.272806580486754,0.246862287018223,0.276626749501763,0.172787005806565,0.164024746412181
693,0.606085249352797,0.232023448734304,0.238904240888872,0.221274744825972,0.171754154191287,0.141602453589765
905,0.633503788623644,0.246862287018223,0.229493730258852,0.243298519444439,0.194724220966719,0.175435913518267
689,0.624672424998259,0.232872971194181,0.235439936165745,0.236301613614802,0.140279459933373,0.186394027664835
641,0.603424944919196,0.231177046607856,0.208860644258667,0.237166246337142,0.140279459933373,0.144720505822661
622,0.61405843859737,0.256863984839407,0.240653643199231,0.274713840722163,0.181025063276694,0.176522456496951
741,0.598100289370352,0.244185541162083,0.221274744825972,0.226992939983781,0.140279459933373,0.140279459933373
821,0.644967683931748,0.259638241659144,0.245075200706715,0.245967461561916,0.179875784505171,0.168745733831007
780,0.608744246353995,0.289179343702615,0.296985336054750,0.260567046745838,0.190794809258731,0.140279459933373
726,0.660812526368302,0.242414171861771,0.211115838461421,0.257786672914962,0.178742307944130,0.16357228121085
826,0.633503788623644,0.262430509724191,0.214949882112267,0.286266334773665,0.185172899926102,0.140279459933373
915,0.638797087949753,0.271855157449252,0.253194757033311,0.282396577544332,0.140279459933373,0.140279459933373
782,0.603424944919196,0.294052217151829,0.301887051542692,0.202303599215116,0.266179795115631,0.219672052767678
723,0.620252184825136,0.267121556704060,0.172787005806565,0.281431899695417,0.192741366843982,0.192741366843982
371,0.454843116219575,0.140279459933373,0.214949882112267,0.140279459933373,0.140279459933373,0.140279459933373
621,0.59099197716754,0.228656878414890,0.213405068833102,0.255943411389996,0.158410531669826,0.140279459933373
827,0.662571212990782,0.274713840722163,0.249561781327291,0.246862287018223,0.186394027664835,0.141602453589765
228,0.602537880906253,0.167291481291287,0.140279459933373,0.256863984839407,0.140279459933373,0.158410531669826
851,0.611401966215199,0.192088479379025,0.202303599215116,0.241532534498303,0.140279459933373,0.140279459933373
164,0.475271623239318,0.140279459933373,0.140279459933373,0.198109430350217,0.140279459933373,0.140279459933373
634,0.619367756469412,0.236301613614802,0.203016510694019,0.255024990396885,0.165403320798019,0.181605650010004
706,0.636150937944643,0.23977753355553,0.253194757033311,0.214175622695954,0.140801836156987,0.140279459933373
823,0.664329550930648,0.213405068833102,0.217294683481912,0.270905253648299,0.147497624383717,0.146237238572002
800,0.583873056414207,0.226992939983781,0.196066256873814,0.257786672914962,0.159655442358187,0.141873944585676
815,0.61494365721071,0.251373586915138,0.241532534498303,0.205178843545358,0.150839880430613,0.187631241909896
195,0.562445761046978,0.140279459933373,0.195393227873188,0.207376318697083,0.140279459933373,0.143552645462116
819,0.590102705627282,0.226165913043895,0.246862287018223,0.246862287018223,0.142147774681471,0.150839880430613
188,0.464154311336516,0.186394027664835,0.159655442358187,0.251373586915138,0.140279459933373,0.140279459933373
850,0.647610671197383,0.246862287018223,0.254108759679802,0.214175622695954,0.167291481291287,0.154850743467635
775,0.629972659733243,0.300905518027404,0.298944182722262,0.269956905233921,0.179875784505171,0.164480729737195
758,0.596324170558622,0.250466494772263,0.221274744825972,0.250466494772263,0.170233153496669,0.174364837136968
746,0.592770024376564,0.238904240888872,0.210360301592275,0.241532534498303,0.140279459933373,0.182778757451073
745,0.627323083479833,0.233725581744281,0.243298519444439,0.227823271636467,0.156008702799071,0.142702524367706
692,0.593658802575914,0.348256569656263,0.336419918223748,0.313700605163659,0.271855157449252,0.23033379664679
718,0.592770024376564,0.245967461561916,0.220471637257467,0.252283020211930,0.164480729737195,0.168745733831007
186,0.482650905054512,0.160930368981928,0.140279459933373,0.604311860230174,0.656414246618719,0.490005705397473
703,0.607858057407542,0.216509434133377,0.232023448734304,0.190154027575454,0.172268685450245,0.158410531669826
777,0.629972659733243,0.265239772398733,0.214175622695954,0.265239772398733,0.152256565618780,0.167772573247934
611,0.584763524220902,0.215727826366646,0.209608564537159,0.232023448734304,0.178181472416481,0.152618104976752
608,0.583873056414207,0.247759640188542,0.245967461561916,0.255024990396885,0.214175622695954,0.194724220966719
516,0.5390946884908,0.198109430350217,0.199491561253654,0.200188610986799,0.140279459933373,0.175977245746161
355,0.445487145704544,0.185781454960399,0.193398287644562,0.183371292540019,0.140279459933373,0.151189670120080
670,0.608744246353995,0.218083551882790,0.253194757033311,0.195393227873188,0.145319498566922,0.170736402643872
663,0.665208590906176,0.319623752397046,0.292100571713878,0.280468392646033,0.203016510694019,0.215727826366646
767,0.612287594171303,0.243298519444439,0.236301613614802,0.258711437790672,0.157195124574254,0.171243398019944
851,0.62555609967103,0.282396577544332,0.243298519444439,0.243298519444439,0.145928733232941,0.185781454960399
644,0.623788627185174,0.209608564537159,0.223704949036996,0.204454144375473,0.163123316426449,0.140279459933373
1001,0.684527124733494,0.264301525715948,0.233725581744281,0.241532534498303,0.192088479379025,0.189517281185082
823,0.584763524220902,0.241532534498303,0.209608564537159,0.223704949036996,0.149133866930996,0.146237238572002
780,0.606971725447777,0.240653643199231,0.227823271636467,0.182190212262849,0.148801114525785,0.16357228121085
845,0.63703309779987,0.274713840722163,0.264301525715948,0.221274744825972,0.153350162717428,0.157195124574254
915,0.653774177471793,0.271855157449252,0.255943411389996,0.252283020211930,0.164940248736627,0.145018731380577
773,0.656414246618719,0.247759640188542,0.181605650010004,0.255024990396885,0.150492979148870,0.164024746412181
376,0.420938564569721,0.183371292540019,0.146548361254107,0.187631241909896,0.143266847840142,0.153720720340875
754,0.512844066957349,0.269010148553487,0.238033800236652,0.160077057692081,0.182778757451073,0.165869963138432
384,0.457641082102348,0.199491561253654,0.183371292540019,0.197424363331222,0.171754154191287,0.159237162188545
936,0.65201365997105,0.274713840722163,0.267121556704060,0.247759640188542,0.158410531669826,0.146237238572002
829,0.649372161207369,0.252283020211930,0.189517281185082,0.271855157449252,0.140279459933373,0.202303599215116
299,0.451106215483896,0.156008702799071,0.171754154191287,0.218083551882790,0.140279459933373,0.210360301592275
814,0.630855615748439,0.26806502014066,0.222891426963376,0.282396577544332,0.185172899926102,0.161362102255135
845,0.634386284250911,0.256863984839407,0.213405068833102,0.240653643199231,0.150148946700048,0.140279459933373
791,0.663450425192382,0.258711437790672,0.238904240888872,0.245075200706715,0.156008702799071,0.177071557205383
341,0.462295554374572,0.172787005806565,0.190154027575454,0.170233153496669,0.16634019279706,0.140801836156987
825,0.634386284250911,0.26806502014066,0.260567046745838,0.259638241659144,0.174898448025698,0.200889639762023
819,0.647610671197383,0.265239772398733,0.262430509724191,0.255024990396885,0.160930368981928,0.188884569174318
774,0.589213267095234,0.215727826366646,0.203733362812729,0.254108759679802,0.140279459933373,0.158002143279100
346,0.45297556976512,0.179307075461499,0.212638240623736,0.146237238572002,0.167772573247934,0.140279459933373
184,0.547195695509664,0.155233599845476,0.180448444205294,0.142702524367706,0.163123316426449,0.143266847840142
885,0.627323083479833,0.383475920330798,0.330492731245164,0.326539995183568,0.211875157547888,0.151897993103576
750,0.634386284250911,0.236301613614802,0.269010148553487,0.234581247743386,0.165403320798019,0.146237238572002
607,0.570494126543261,0.282396577544332,0.238033800236652,0.258711437790672,0.201594638931909,0.201594638931909
864,0.658173830133798,0.259638241659144,0.227823271636467,0.223704949036996,0.178181472416481,0.140279459933373
808,0.6678452031824,0.296006914761259,0.251373586915138,0.269010148553487,0.153720720340875,0.158822198286243
310,0.468793774829766,0.183371292540019,0.162235816543637,0.177624558944457,0.144131604573628,0.141873944585676
636,0.616713692539713,0.250466494772263,0.256863984839407,0.214949882112267,0.183371292540019,0.211115838461421
463,0.719567431317471,0.245075200706715,0.243298519444439,0.367888982200334,0.393155485097713,0.266179795115631
886,0.642323774366231,0.248659484023583,0.225342219919308,0.222891426963376,0.140279459933373,0.155233599845476
560,0.579418047575081,0.236301613614802,0.254108759679802,0.254108759679802,0.158822198286243,0.145622826217966
593,0.582982412426427,0.206639944148685,0.210360301592275,0.197424363331222,0.149469410107982,0.140279459933373
631,0.59099197716754,0.252283020211930,0.252283020211930,0.217294683481912,0.195393227873188,0.209608564537159
764,0.61494365721071,0.223704949036996,0.175435913518267,0.264301525715948,0.153720720340875,0.142423961905656
297,0.705562772434465,0.245075200706715,0.227823271636467,0.308771540986705,0.347271459448055,0.179875784505171
801,0.636150937944643,0.260567046745838,0.238904240888872,0.26336509235663,0.165403320798019,0.189517281185082
793,0.644086484322101,0.252283020211930,0.157195124574254,0.287236372741756,0.171243398019944,0.171243398019944
603,0.644967683931748,0.23977753355553,0.256863984839407,0.224521889216861,0.153350162717428,0.140279459933373
362,0.455776216619560,0.159237162188545,0.210360301592275,0.140279459933373,0.151189670120080,0.141066417195949
963,0.65201365997105,0.37179664134119,0.324563618926047,0.358090854945044,0.254108759679802,0.152618104976752
802,0.61494365721071,0.234581247743386,0.252283020211930,0.151189670120080,0.167291481291287,0.140279459933373
732,0.630855615748439,0.280468392646033,0.244185541162083,0.23977753355553,0.149469410107982,0.158002143279100
798,0.615828741507218,0.208860644258667,0.205907447843523,0.255943411389996,0.140279459933373,0.172787005806565
464,0.472497848634527,0.209608564537159,0.190794809258731,0.226165913043895,0.169733635746363,0.141873944585676
716,0.616713692539713,0.251373586915138,0.245967461561916,0.209608564537159,0.173309128978783,0.148471133452426
646,0.592770024376564,0.267121556704060,0.255024990396885,0.243298519444439,0.213405068833102,0.148143904307162
317,0.428527399760189,0.170736402643872,0.167772573247934,0.184568357977156,0.177624558944457,0.140279459933373
724,0.624672424998259,0.253194757033311,0.208860644258667,0.227823271636467,0.191439626593958,0.161362102255135
622,0.617598511353537,0.26806502014066,0.254108759679802,0.232872971194181,0.159655442358187,0.159655442358187
152,0.39893907178823,0.140279459933373,0.156008702799071,0.196743303664015,0.140279459933373,0.146862120354825
777,0.648491465815105,0.292100571713878,0.265239772398733,0.262430509724191,0.205178843545358,0.159237162188545
403,0.457641082102348,0.181605650010004,0.196066256873814,0.196743303664015,0.140279459933373,0.143840891542185
881,0.666966416344732,0.247759640188542,0.276626749501763,0.260567046745838,0.140279459933373,0.140279459933373
739,0.658173830133798,0.259638241659144,0.275669606701894,0.26806502014066,0.207376318697083,0.149469410107982
742,0.610516199655431,0.270905253648299,0.279506090033501,0.251373586915138,0.161797245314680,0.161797245314680
739,0.601650667029677,0.304834801321944,0.309756707604237,0.265239772398733,0.209608564537159,0.165869963138432
666,0.578526502286961,0.183967824035887,0.235439936165745,0.191439626593958,0.16357228121085,0.156796455796649
895,0.613173084606865,0.290152214217331,0.255024990396885,0.309756707604237,0.140279459933373,0.148143904307162
743,0.61405843859737,0.221274744825972,0.250466494772263,0.226992939983781,0.174364837136968,0.140279459933373
738,0.609630293401202,0.232872971194181,0.159237162188545,0.266179795115631,0.140279459933373,0.196066256873814
641,0.602537880906253,0.226165913043895,0.192741366843982,0.23033379664679,0.140279459933373,0.169733635746363
346,0.399901217123282,0.167772573247934,0.168745733831007,0.193398287644562,0.140279459933373,0.140279459933373
598,0.62555609967103,0.228656878414890,0.191439626593958,0.214175622695954,0.149807763529887,0.161362102255135
739,0.622904705251892,0.248659484023583,0.23977753355553,0.218083551882790,0.162677834203278,0.140279459933373
793,0.644086484322101,0.233725581744281,0.246862287018223,0.209608564537159,0.140279459933373,0.177624558944457
911,0.607858057407542,0.243298519444439,0.238033800236652,0.198798498578782,0.141873944585676,0.200188610986799
797,0.658173830133798,0.273759486818862,0.267121556704060,0.238904240888872,0.169237834303805,0.196066256873814
724,0.613173084606865,0.235439936165745,0.171243398019944,0.219672052767678,0.175977245746161,0.140279459933373
752,0.618483198986599,0.264301525715948,0.257786672914962,0.217294683481912,0.153720720340875,0.146862120354825
715,0.606085249352797,0.232023448734304,0.204454144375473,0.235439936165745,0.187631241909896,0.144720505822661
775,0.628206394540431,0.267121556704060,0.286266334773665,0.253194757033311,0.172268685450245,0.141066417195949
685,0.652893966371437,0.237166246337142,0.232872971194181,0.253194757033311,0.149133866930996,0.149133866930996
830,0.621136485069615,0.249561781327291,0.226165913043895,0.265239772398733,0.171243398019944,0.140279459933373
299,0.452041119617036,0.205178843545358,0.151897993103576,0.234581247743386,0.140279459933373,0.203016510694019
735,0.59454741884471,0.209608564537159,0.222891426963376,0.254108759679802,0.141873944585676,0.158410531669826
737,0.658173830133798,0.271855157449252,0.285297304030371,0.267121556704060,0.181025063276694,0.169733635746363
828,0.643205181411445,0.264301525715948,0.238904240888872,0.279506090033501,0.165869963138432,0.140279459933373
745,0.607858057407542,0.211115838461421,0.157195124574254,0.264301525715948,0.140279459933373,0.140279459933373
420,0.457641082102348,0.177071557205383,0.218083551882790,0.204454144375473,0.140279459933373,0.188884569174318
978,0.629972659733243,0.277585234113443,0.294052217151829,0.140279459933373,0.203016510694019,0.228656878414890
865,0.606085249352797,0.234581247743386,0.202303599215116,0.282396577544332,0.167772573247934,0.160930368981928
817,0.621136485069615,0.236301613614802,0.255943411389996,0.240653643199231,0.160930368981928,0.157597013980819
809,0.65201365997105,0.246862287018223,0.247759640188542,0.199491561253654,0.154094323280450,0.156400988328558
700,0.59099197716754,0.243298519444439,0.251373586915138,0.232023448734304,0.140279459933373,0.169733635746363
868,0.644086484322101,0.264301525715948,0.276626749501763,0.209608564537159,0.196743303664015,0.160502026996677
702,0.618483198986599,0.255024990396885,0.23977753355553,0.225342219919308,0.178181472416481,0.177071557205383
982,0.643205181411445,0.294052217151829,0.270905253648299,0.297964434643167,0.175435913518267,0.156400988328558
788,0.638797087949753,0.269956905233921,0.237166246337142,0.266179795115631,0.192741366843982,0.192088479379025
980,0.676628615387707,0.245967461561916,0.296006914761259,0.140279459933373,0.198109430350217,0.214949882112267
170,0.317648619366148,0.159237162188545,0.140279459933373,0.214175622695954,0.140279459933373,0.140279459933373
733,0.639678919993987,0.264301525715948,0.248659484023583,0.255024990396885,0.173835068385563,0.175435913518267
772,0.646729776551258,0.271855157449252,0.283362392853609,0.264301525715948,0.197424363331222,0.159655442358187
752,0.617598511353537,0.272806580486754,0.290152214217331,0.209608564537159,0.178742307944130,0.167772573247934
773,0.630855615748439,0.244185541162083,0.192088479379025,0.26806502014066,0.154470991130581,0.177624558944457
867,0.630855615748439,0.265239772398733,0.198798498578782,0.271855157449252,0.196743303664015,0.140279459933373
760,0.588323660284695,0.243298519444439,0.183967824035887,0.267121556704060,0.140279459933373,0.16357228121085
635,0.621136485069615,0.245075200706715,0.245967461561916,0.216509434133377,0.144720505822661,0.172268685450245
809,0.639678919993987,0.298944182722262,0.288207386188063,0.311728055196152,0.173835068385563,0.213405068833102
328,0.387353706987488,0.140279459933373,0.194724220966719,0.174898448025698,0.14298348025674,0.161362102255135
783,0.619367756469412,0.231177046607856,0.220471637257467,0.196066256873814,0.160502026996677,0.156796455796649
675,0.61405843859737,0.216509434133377,0.220471637257467,0.238033800236652,0.16634019279706,0.164480729737195
182,0.442671323317129,0.145018731380577,0.140279459933373,0.222891426963376,0.140279459933373,0.143266847840142
877,0.657294084136253,0.160502026996677,0.140279459933373,0.603424944919196,0.661691913619881,0.490005705397473
788,0.618483198986599,0.285297304030371,0.254108759679802,0.279506090033501,0.140279459933373,0.179307075461499
265,0.458572851358513,0.156008702799071,0.193398287644562,0.158410531669826,0.177071557205383,0.140279459933373
618,0.610516199655431,0.237166246337142,0.211875157547888,0.236301613614802,0.148801114525785,0.143552645462116
1000,0.629089586309926,0.26336509235663,0.261497815323131,0.276626749501763,0.140279459933373,0.212638240623736
432,0.439851241970584,0.154094323280450,0.194059239855938,0.214175622695954,0.140279459933373,0.145928733232941
325,0.416179118323367,0.167291481291287,0.203016510694019,0.175435913518267,0.151189670120080,0.179875784505171
303,0.455776216619560,0.170233153496669,0.213405068833102,0.183967824035887,0.140279459933373,0.181605650010004
441,0.455776216619560,0.234581247743386,0.190794809258731,0.226165913043895,0.140279459933373,0.182190212262849
827,0.622904705251892,0.241532534498303,0.223704949036996,0.290152214217331,0.140279459933373,0.191439626593958
395,0.450170855356869,0.170736402643872,0.154470991130581,0.245075200706715,0.140279459933373,0.140279459933373
669,0.558863289375474,0.369843682925459,0.330492731245164,0.293075998312143,0.208116557082828,0.147497624383717
729,0.69417308126887,0.140279459933373,0.140279459933373,0.725690256401728,0.785064711299903,0.622020658211421
772,0.618483198986599,0.229493730258852,0.219672052767678,0.23033379664679,0.173835068385563,0.166814026627726
872,0.622020658211421,0.243298519444439,0.232023448734304,0.226992939983781,0.155233599845476,0.146862120354825
829,0.626439652176295,0.273759486818862,0.226992939983781,0.241532534498303,0.180448444205294,0.182778757451073
745,0.611401966215199,0.279506090033501,0.271855157449252,0.187631241909896,0.167291481291287,0.170736402643872
750,0.616713692539713,0.215727826366646,0.235439936165745,0.189517281185082,0.140279459933373,0.143840891542185
906,0.620252184825136,0.309756707604237,0.302869127130412,0.247759640188542,0.210360301592275,0.181605650010004
803,0.616713692539713,0.255943411389996,0.207376318697083,0.254108759679802,0.172268685450245,0.164024746412181
670,0.629089586309926,0.245075200706715,0.270905253648299,0.264301525715948,0.140279459933373,0.192741366843982
732,0.600763302119727,0.251373586915138,0.192741366843982,0.232023448734304,0.191439626593958,0.154470991130581
623,0.596324170558622,0.222891426963376,0.180448444205294,0.204454144375473,0.167291481291287,0.140279459933373
808,0.629089586309926,0.26336509235663,0.287236372741756,0.211115838461421,0.192088479379025,0.214175622695954
353,0.440791745314472,0.184568357977156,0.200188610986799,0.212638240623736,0.140279459933373,0.196743303664015
726,0.608744246353995,0.228656878414890,0.233725581744281,0.211115838461421,0.148471133452426,0.140279459933373
681,0.644086484322101,0.280468392646033,0.23033379664679,0.226992939983781,0.176522456496951,0.185172899926102
833,0.632621179272578,0.276626749501763,0.251373586915138,0.23977753355553,0.170736402643872,0.163123316426449
846,0.640560644506718,0.279506090033501,0.285297304030371,0.211875157547888,0.167291481291287,0.209608564537159
758,0.595435874427052,0.237166246337142,0.226165913043895,0.209608564537159,0.171754154191287,0.140279459933373
532,0.531876497718254,0.255943411389996,0.225342219919308,0.257786672914962,0.151542367809210,0.184568357977156
720,0.601650667029677,0.258711437790672,0.211115838461421,0.238033800236652,0.164480729737195,0.149469410107982
886,0.608744246353995,0.286266334773665,0.255024990396885,0.303851718893881,0.148471133452426,0.150492979148870
748,0.645848781067736,0.245075200706715,0.244185541162083,0.23033379664679,0.205907447843523,0.192088479379025
650,0.61494365721071,0.260567046745838,0.259638241659144,0.274713840722163,0.147819407725247,0.152256565618780
311,0.454843116219575,0.194724220966719,0.227823271636467,0.144131604573628,0.165869963138432,0.140279459933373
684,0.647610671197383,0.244185541162083,0.227823271636467,0.223704949036996,0.150839880430613,0.173309128978783
776,0.643205181411445,0.242414171861771,0.213405068833102,0.260567046745838,0.140279459933373,0.172787005806565
352,0.554380296765044,0.16357228121085,0.197424363331222,0.191439626593958,0.143552645462116,0.195393227873188
979,0.633503788623644,0.346286080835727,0.306802338059224,0.309756707604237,0.201594638931909,0.178742307944130
632,0.624672424998259,0.322587416871138,0.271855157449252,0.304834801321944,0.174898448025698,0.141066417195949
762,0.596324170558622,0.248659484023583,0.187631241909896,0.26806502014066,0.140279459933373,0.202303599215116
768,0.630855615748439,0.277585234113443,0.301887051542692,0.226165913043895,0.177624558944457,0.194724220966719
718,0.621136485069615,0.214949882112267,0.208860644258667,0.247759640188542,0.148801114525785,0.159237162188545
1013,0.638797087949753,0.286266334773665,0.278545025785751,0.340368763820501,0.298944182722262,0.175977245746161
763,0.601650667029677,0.242414171861771,0.199491561253654,0.247759640188542,0.180448444205294,0.174898448025698
173,0.490923390673098,0.140279459933373,0.145319498566922,0.201594638931909,0.140279459933373,0.145018731380577
166,0.485411763012758,0.140279459933373,0.170736402643872,0.200889639762023,0.140279459933373,0.161797245314680
804,0.62555609967103,0.368866547920421,0.332468835480985,0.341355528691973,0.171754154191287,0.150839880430613
809,0.602537880906253,0.232023448734304,0.159655442358187,0.276626749501763,0.167772573247934,0.14298348025674
722,0.607858057407542,0.222891426963376,0.227823271636467,0.255943411389996,0.147178535004063,0.140279459933373
753,0.622904705251892,0.240653643199231,0.251373586915138,0.175977245746161,0.170233153496669,0.178181472416481
859,0.645848781067736,0.234581247743386,0.255943411389996,0.213405068833102,0.150839880430613,0.167772573247934
716,0.626439652176295,0.214949882112267,0.227823271636467,0.226992939983781,0.158410531669826,0.215727826366646
218,0.598100289370352,0.146862120354825,0.168257318749387,0.200889639762023,0.140279459933373,0.159655442358187
370,0.447362019176649,0.175977245746161,0.158002143279100,0.249561781327291,0.167772573247934,0.140279459933373
720,0.609630293401202,0.328516409471957,0.293075998312143,0.300905518027404,0.200188610986799,0.166814026627726
956,0.640560644506718,0.352194131843378,0.318636108753548,0.330492731245164,0.215727826366646,0.193398287644562
811,0.59454741884471,0.269956905233921,0.269010148553487,0.171243398019944,0.176522456496951,0.205178843545358
743,0.59454741884471,0.222891426963376,0.232023448734304,0.259638241659144,0.159237162188545,0.140279459933373
578,0.588323660284695,0.244185541162083,0.231177046607856,0.273759486818862,0.140279459933373,0.140279459933373
788,0.606971725447777,0.258711437790672,0.290152214217331,0.264301525715948,0.183967824035887,0.173309128978783
503,0.458572851358513,0.173309128978783,0.16357228121085,0.218083551882790,0.140279459933373,0.140279459933373
163,0.478964395469008,0.140279459933373,0.151542367809210,0.218083551882790,0.154094323280450,0.140279459933373
295,0.436084425669404,0.185172899926102,0.149133866930996,0.233725581744281,0.144424803121843,0.175435913518267
755,0.608744246353995,0.250466494772263,0.214949882112267,0.250466494772263,0.165869963138432,0.188884569174318
722,0.602537880906253,0.264301525715948,0.275669606701894,0.245967461561916,0.176522456496951,0.144131604573628
183,0.537291706764252,0.175435913518267,0.185781454960399,0.206639944148685,0.144131604573628,0.140279459933373
655,0.599875784998553,0.222081350052879,0.236301613614802,0.231177046607856,0.192741366843982,0.140279459933373
831,0.615828741507218,0.232023448734304,0.243298519444439,0.222891426963376,0.142702524367706,0.151189670120080
401,0.461365530470573,0.153720720340875,0.190154027575454,0.172268685450245,0.150148946700048,0.148471133452426
734,0.590102705627282,0.219672052767678,0.204454144375473,0.216509434133377,0.140279459933373,0.181025063276694
305,0.431364974573073,0.140279459933373,0.160930368981928,0.197424363331222,0.140279459933373,0.174898448025698
845,0.630855615748439,0.279506090033501,0.269010148553487,0.219672052767678,0.199491561253654,0.196743303664015
718,0.657294084136253,0.256863984839407,0.240653643199231,0.267121556704060,0.170233153496669,0.162235816543637
164,0.505558530479263,0.178181472416481,0.161362102255135,0.197424363331222,0.193398287644562,0.14298348025674
839,0.622904705251892,0.244185541162083,0.245967461561916,0.280468392646033,0.156796455796649,0.16357228121085
832,0.653774177471793,0.255943411389996,0.176522456496951,0.308771540986705,0.140279459933373,0.160077057692081
619,0.626439652176295,0.240653643199231,0.228656878414890,0.23033379664679,0.153350162717428,0.154470991130581
720,0.633503788623644,0.222891426963376,0.224521889216861,0.224521889216861,0.140279459933373,0.164940248736627
700,0.604311860230174,0.296985336054750,0.281431899695417,0.271855157449252,0.179875784505171,0.196743303664015
656,0.620252184825136,0.282396577544332,0.26806502014066,0.261497815323131,0.177624558944457,0.178181472416481
867,0.645848781067736,0.265239772398733,0.241532534498303,0.255024990396885,0.149133866930996,0.152256565618780
285,0.419987692000204,0.163123316426449,0.157597013980819,0.227823271636467,0.140279459933373,0.165869963138432
210,0.430419611243593,0.250466494772263,0.140279459933373,0.370820382306947,0.39893907178823,0.272806580486754
865,0.6678452031824,0.236301613614802,0.208116557082828,0.255943411389996,0.187010622123131,0.144131604573628
835,0.672237905577799,0.293075998312143,0.251373586915138,0.317648619366148,0.251373586915138,0.233725581744281
918,0.69417308126887,0.280468392646033,0.264301525715948,0.261497815323131,0.190794809258731,0.141066417195949
794,0.68364980472056,0.269956905233921,0.214949882112267,0.288207386188063,0.156796455796649,0.154094323280450
597,0.65201365997105,0.270905253648299,0.267121556704060,0.240653643199231,0.166814026627726,0.140279459933373
362,0.418084423539314,0.193398287644562,0.174898448025698,0.201594638931909,0.140801836156987,0.140279459933373
721,0.6678452031824,0.266179795115631,0.235439936165745,0.258711437790672,0.140279459933373,0.140279459933373
250,0.602537880906253,0.362994878061971,0.309756707604237,0.290152214217331,0.174364837136968,0.160930368981928
633,0.601650667029677,0.260567046745838,0.227823271636467,0.246862287018223,0.154850743467635,0.162677834203278
896,0.661691913619881,0.248659484023583,0.254108759679802,0.267121556704060,0.154094323280450,0.200188610986799
936,0.640560644506718,0.256863984839407,0.243298519444439,0.209608564537159,0.178742307944130,0.158002143279100
772,0.591881082994116,0.217294683481912,0.228656878414890,0.205178843545358,0.205907447843523,0.140279459933373
900,0.639678919993987,0.253194757033311,0.229493730258852,0.267121556704060,0.142702524367706,0.182778757451073
845,0.616713692539713,0.236301613614802,0.265239772398733,0.166814026627726,0.175977245746161,0.183371292540019
251,0.648491465815105,0.388321919900050,0.325551793923222,0.33543232376894,0.181605650010004,0.179875784505171
734,0.633503788623644,0.292100571713878,0.273759486818862,0.264301525715948,0.152618104976752,0.152618104976752
242,0.432309844864813,0.192088479379025,0.211115838461421,0.190794809258731,0.140279459933373,0.140279459933373
810,0.598100289370352,0.226165913043895,0.185172899926102,0.253194757033311,0.159655442358187,0.181605650010004
762,0.601650667029677,0.226165913043895,0.189517281185082,0.23033379664679,0.16634019279706,0.162677834203278
844,0.645848781067736,0.238904240888872,0.210360301592275,0.258711437790672,0.171243398019944,0.140279459933373
727,0.628206394540431,0.208116557082828,0.262430509724191,0.202303599215116,0.148471133452426,0.151542367809210
327,0.466011361565902,0.169237834303805,0.218876016213984,0.171243398019944,0.14298348025674,0.159237162188545
719,0.590102705627282,0.255943411389996,0.185781454960399,0.264301525715948,0.159237162188545,0.161362102255135
840,0.630855615748439,0.271855157449252,0.276626749501763,0.272806580486754,0.156796455796649,0.140279459933373
756,0.608744246353995,0.260567046745838,0.231177046607856,0.257786672914962,0.187631241909896,0.154094323280450
813,0.605198627992826,0.241532534498303,0.192088479379025,0.229493730258852,0.14298348025674,0.140279459933373
837,0.646729776551258,0.238033800236652,0.252283020211930,0.279506090033501,0.140279459933373,0.194724220966719
688,0.602537880906253,0.236301613614802,0.174364837136968,0.238033800236652,0.169237834303805,0.175977245746161
731,0.626439652176295,0.244185541162083,0.232023448734304,0.238904240888872,0.171754154191287,0.181025063276694
703,0.631738455286738,0.229493730258852,0.252283020211930,0.183967824035887,0.148143904307162,0.140279459933373
898,0.655534316836593,0.251373586915138,0.170736402643872,0.262430509724191,0.158822198286243,0.188884569174318
878,0.644086484322101,0.280468392646033,0.277585234113443,0.233725581744281,0.153350162717428,0.184568357977156
697,0.606971725447777,0.228656878414890,0.253194757033311,0.214949882112267,0.158410531669826,0.140279459933373
165,0.4964219650051,0.140279459933373,0.150839880430613,0.193398287644562,0.152982630801945,0.157195124574254
260,0.422838791105066,0.159655442358187,0.191439626593958,0.196066256873814,0.140279459933373,0.140279459933373
866,0.590102705627282,0.245967461561916,0.245967461561916,0.211115838461421,0.193398287644562,0.145018731380577
921,0.617598511353537,0.266179795115631,0.254108759679802,0.234581247743386,0.181605650010004,0.154094323280450
303,0.464154311336516,0.154850743467635,0.140279459933373,0.228656878414890,0.140279459933373,0.141333283747465
793,0.633503788623644,0.209608564537159,0.199491561253654,0.284329312589461,0.156008702799071,0.140279459933373
769,0.606971725447777,0.238904240888872,0.186394027664835,0.224521889216861,0.169733635746363,0.175435913518267
694,0.639678919993987,0.214949882112267,0.262430509724191,0.201594638931909,0.160930368981928,0.165869963138432
616,0.578526502286961,0.205178843545358,0.234581247743386,0.203733362812729,0.161362102255135,0.175435913518267
690,0.613173084606865,0.249561781327291,0.206639944148685,0.26806502014066,0.167291481291287,0.141066417195949
783,0.640560644506718,0.255024990396885,0.249561781327291,0.284329312589461,0.175435913518267,0.140279459933373
824,0.566919113760625,0.308771540986705,0.277585234113443,0.295029198942614,0.156008702799071,0.173309128978783
485,0.438910260048710,0.16634019279706,0.173309128978783,0.197424363331222,0.150492979148870,0.140279459933373
148,0.45297556976512,0.144131604573628,0.177071557205383,0.170736402643872,0.140279459933373,0.140279459933373
910,0.637915147508898,0.287236372741756,0.245075200706715,0.294052217151829,0.174898448025698,0.140279459933373
982,0.611401966215199,0.271855157449252,0.245967461561916,0.252283020211930,0.147819407725247,0.157195124574254
702,0.598988114480156,0.238033800236652,0.200188610986799,0.242414171861771,0.140279459933373,0.148801114525785
749,0.61494365721071,0.216509434133377,0.253194757033311,0.196066256873814,0.140279459933373,0.168257318749387
493,0.686281552185454,0.217294683481912,0.140279459933373,0.583873056414207,0.640560644506718,0.483571570595327
790,0.632621179272578,0.280468392646033,0.247759640188542,0.274713840722163,0.158410531669826,0.177624558944457
825,0.643205181411445,0.283362392853609,0.233725581744281,0.318636108753548,0.140279459933373,0.140279459933373
891,0.633503788623644,0.267121556704060,0.231177046607856,0.274713840722163,0.171754154191287,0.140279459933373
745,0.618483198986599,0.245967461561916,0.250466494772263,0.264301525715948,0.157597013980819,0.168745733831007
531,0.606085249352797,0.233725581744281,0.185172899926102,0.262430509724191,0.185781454960399,0.140279459933373
257,0.62555609967103,0.145319498566922,0.218083551882790,0.171243398019944,0.141602453589765,0.173309128978783
166,0.522829369551227,0.140539522938054,0.170233153496669,0.181025063276694,0.140279459933373,0.168257318749387
732,0.622020658211421,0.269010148553487,0.218083551882790,0.246862287018223,0.182190212262849,0.178181472416481
760,0.633503788623644,0.254108759679802,0.248659484023583,0.212638240623736,0.16634019279706,0.205178843545358
609,0.603424944919196,0.254108759679802,0.215727826366646,0.288207386188063,0.152256565618780,0.141873944585676
779,0.610516199655431,0.269956905233921,0.231177046607856,0.220471637257467,0.187010622123131,0.152618104976752
802,0.63703309779987,0.271855157449252,0.265239772398733,0.246862287018223,0.140279459933373,0.185781454960399
682,0.690666407645512,0.345300444024283,0.296985336054750,0.32159942528535,0.216509434133377,0.190794809258731
691,0.603424944919196,0.237166246337142,0.243298519444439,0.208116557082828,0.153720720340875,0.175977245746161
793,0.604311860230174,0.242414171861771,0.205178843545358,0.254108759679802,0.182778757451073,0.140279459933373
869,0.644967683931748,0.296006914761259,0.26806502014066,0.255024990396885,0.185172899926102,0.16634019279706
746,0.595435874427052,0.222891426963376,0.218083551882790,0.241532534498303,0.155619579790919,0.153720720340875
152,0.438910260048710,0.140279459933373,0.175435913518267,0.223704949036996,0.140279459933373,0.146237238572002
764,0.611401966215199,0.270905253648299,0.226992939983781,0.248659484023583,0.182778757451073,0.146548361254107
736,0.633503788623644,0.261497815323131,0.236301613614802,0.247759640188542,0.148471133452426,0.146548361254107
615,0.597212308466731,0.238904240888872,0.238904240888872,0.226992939983781,0.174898448025698,0.140279459933373
159,0.567813168189284,0.33543232376894,0.276626749501763,0.262430509724191,0.187631241909896,0.188884569174318
875,0.61405843859737,0.225342219919308,0.273759486818862,0.219672052767678,0.140279459933373,0.140279459933373
716,0.637915147508898,0.257786672914962,0.267121556704060,0.219672052767678,0.140279459933373,0.165403320798019
627,0.588323660284695,0.192088479379025,0.200889639762023,0.191439626593958,0.158410531669826,0.179307075461499
744,0.629972659733243,0.243298519444439,0.255943411389996,0.188884569174318,0.168745733831007,0.140539522938054
742,0.598100289370352,0.235439936165745,0.248659484023583,0.164480729737195,0.156400988328558,0.151897993103576
762,0.613173084606865,0.229493730258852,0.194724220966719,0.271855157449252,0.160077057692081,0.179875784505171
750,0.620252184825136,0.237166246337142,0.222081350052879,0.227823271636467,0.157597013980819,0.148471133452426
779,0.619367756469412,0.214175622695954,0.227823271636467,0.23977753355553,0.150492979148870,0.140279459933373
872,0.656414246618719,0.264301525715948,0.194059239855938,0.267121556704060,0.153350162717428,0.225342219919308
390,0.444549008408857,0.188884569174318,0.184568357977156,0.173309128978783,0.140801836156987,0.160930368981928
781,0.599875784998553,0.223704949036996,0.226165913043895,0.213405068833102,0.149807763529887,0.188884569174318
804,0.63703309779987,0.332468835480985,0.326539995183568,0.332468835480985,0.302869127130412,0.214949882112267
721,0.622904705251892,0.246862287018223,0.227823271636467,0.229493730258852,0.147178535004063,0.170736402643872
818,0.642323774366231,0.276626749501763,0.298944182722262,0.252283020211930,0.187631241909896,0.16357228121085
627,0.611401966215199,0.238033800236652,0.243298519444439,0.216509434133377,0.171243398019944,0.179307075461499
653,0.61494365721071,0.225342219919308,0.161362102255135,0.260567046745838,0.165869963138432,0.140279459933373
676,0.61494365721071,0.229493730258852,0.202303599215116,0.200889639762023,0.159655442358187,0.140279459933373
711,0.634386284250911,0.240653643199231,0.228656878414890,0.270905253648299,0.156400988328558,0.182778757451073
823,0.643205181411445,0.264301525715948,0.272806580486754,0.218876016213984,0.164940248736627,0.177071557205383
782,0.629972659733243,0.248659484023583,0.226992939983781,0.265239772398733,0.153350162717428,0.140279459933373
799,0.654654294039608,0.244185541162083,0.233725581744281,0.228656878414890,0.165869963138432,0.140279459933373
638,0.608744246353995,0.248659484023583,0.26806502014066,0.205907447843523,0.158002143279100,0.140279459933373
806,0.612287594171303,0.235439936165745,0.246862287018223,0.179875784505171,0.164940248736627,0.172787005806565
461,0.478964395469008,0.269956905233921,0.148471133452426,0.299924552865763,0.143266847840142,0.151542367809210
586,0.617598511353537,0.222081350052879,0.197424363331222,0.26806502014066,0.165403320798019,0.192741366843982
777,0.632621179272578,0.229493730258852,0.195393227873188,0.264301525715948,0.157195124574254,0.155619579790919
408,0.444549008408857,0.172787005806565,0.187631241909896,0.152618104976752,0.140279459933373,0.143840891542185
740,0.610516199655431,0.233725581744281,0.225342219919308,0.218876016213984,0.140279459933373,0.198109430350217
825,0.65201365997105,0.279506090033501,0.253194757033311,0.249561781327291,0.175435913518267,0.199491561253654
779,0.604311860230174,0.285297304030371,0.269010148553487,0.258711437790672,0.164940248736627,0.157597013980819
662,0.585653817185493,0.269010148553487,0.257786672914962,0.277585234113443,0.169733635746363,0.159655442358187
778,0.623788627185174,0.241532534498303,0.252283020211930,0.192088479379025,0.163123316426449,0.149133866930996
720,0.624672424998259,0.252283020211930,0.192741366843982,0.215727826366646,0.181025063276694,0.140279459933373
171,0.452041119617036,0.140801836156987,0.140279459933373,0.201594638931909,0.140279459933373,0.16357228121085
389,0.472497848634527,0.193398287644562,0.198109430350217,0.205907447843523,0.140279459933373,0.148801114525785
358,0.428527399760189,0.16634019279706,0.147178535004063,0.201594638931909,0.140279459933373,0.140279459933373
737,0.62555609967103,0.292100571713878,0.243298519444439,0.244185541162083,0.203733362812729,0.187010622123131
729,0.619367756469412,0.285297304030371,0.255024990396885,0.309756707604237,0.189517281185082,0.186394027664835
688,0.598100289370352,0.232023448734304,0.237166246337142,0.23977753355553,0.183371292540019,0.171243398019944
314,0.509203854805391,0.152982630801945,0.170736402643872,0.179307075461499,0.140279459933373,0.150492979148870
727,0.641442262346675,0.225342219919308,0.258711437790672,0.209608564537159,0.171243398019944,0.156400988328558
814,0.636150937944643,0.317648619366148,0.240653643199231,0.299924552865763,0.185172899926102,0.158002143279100
345,0.447362019176649,0.167291481291287,0.165869963138432,0.200889639762023,0.160077057692081,0.158822198286243
663,0.606085249352797,0.220471637257467,0.232023448734304,0.212638240623736,0.146862120354825,0.140279459933373
780,0.623788627185174,0.253194757033311,0.267121556704060,0.242414171861771,0.164024746412181,0.140279459933373
735,0.628206394540431,0.256863984839407,0.252283020211930,0.23977753355553,0.169733635746363,0.182190212262849
702,0.602537880906253,0.278545025785751,0.261497815323131,0.271855157449252,0.179307075461499,0.140279459933373
285,0.681017412481438,0.227823271636467,0.198109430350217,0.37179664134119,0.351210191887716,0.266179795115631
687,0.576742857104671,0.192741366843982,0.190794809258731,0.220471637257467,0.158002143279100,0.183967824035887
163,0.481729856995562,0.152982630801945,0.182190212262849,0.206639944148685,0.141066417195949,0.164940248736627
753,0.642323774366231,0.26336509235663,0.237166246337142,0.244185541162083,0.152982630801945,0.140279459933373
750,0.599875784998553,0.23977753355553,0.218083551882790,0.26806502014066,0.140279459933373,0.143266847840142
371,0.431364974573073,0.162677834203278,0.192088479379025,0.188884569174318,0.150148946700048,0.140279459933373
757,0.632621179272578,0.245075200706715,0.245075200706715,0.237166246337142,0.140539522938054,0.140279459933373
347,0.693296511554413,0.242414171861771,0.189517281185082,0.342342090635241,0.35612665264182,0.219672052767678
776,0.622020658211421,0.229493730258852,0.252283020211930,0.140279459933373,0.184568357977156,0.144131604573628
178,0.366910990862085,0.140279459933373,0.148471133452426,0.193398287644562,0.140279459933373,0.190794809258731
785,0.644086484322101,0.229493730258852,0.274713840722163,0.229493730258852,0.168257318749387,0.149807763529887
414,0.445487145704544,0.140279459933373,0.173835068385563,0.223704949036996,0.150839880430613,0.140279459933373
1011,0.626439652176295,0.281431899695417,0.23033379664679,0.285297304030371,0.146862120354825,0.140279459933373
815,0.636150937944643,0.256863984839407,0.253194757033311,0.232872971194181,0.218083551882790,0.154094323280450
760,0.592770024376564,0.314687276192053,0.290152214217331,0.219672052767678,0.194724220966719,0.140279459933373
814,0.62555609967103,0.23977753355553,0.234581247743386,0.238904240888872,0.143840891542185,0.157597013980819
199,0.576742857104671,0.147819407725247,0.152618104976752,0.245967461561916,0.140279459933373,0.165403320798019
839,0.629089586309926,0.363974517009122,0.354161056920203,0.35612665264182,0.228656878414890,0.229493730258852
183,0.557967132030868,0.14298348025674,0.193398287644562,0.181605650010004,0.152618104976752,0.140279459933373
761,0.626439652176295,0.210360301592275,0.163123316426449,0.243298519444439,0.164940248736627,0.140279459933373
304,0.431364974573073,0.187010622123131,0.207376318697083,0.224521889216861,0.140279459933373,0.140279459933373
649,0.596324170558622,0.223704949036996,0.180448444205294,0.236301613614802,0.160502026996677,0.140279459933373
828,0.630855615748439,0.233725581744281,0.271855157449252,0.209608564537159,0.161362102255135,0.203016510694019
676,0.574958463059337,0.250466494772263,0.220471637257467,0.277585234113443,0.156796455796649,0.176522456496951
787,0.629089586309926,0.241532534498303,0.23033379664679,0.273759486818862,0.140279459933373,0.179875784505171
817,0.596324170558622,0.231177046607856,0.220471637257467,0.245967461561916,0.163123316426449,0.188884569174318
887,0.61494365721071,0.333456768437105,0.323575487390111,0.326539995183568,0.237166246337142,0.229493730258852
306,0.448298759169222,0.177071557205383,0.156796455796649,0.227823271636467,0.147819407725247,0.153350162717428
628,0.612287594171303,0.255024990396885,0.232872971194181,0.248659484023583,0.169733635746363,0.152618104976752
628,0.562445761046978,0.337407372460796,0.300905518027404,0.308771540986705,0.201594638931909,0.146862120354825
560,0.547195695509664,0.218876016213984,0.245075200706715,0.199491561253654,0.167772573247934,0.142702524367706
414,0.480808424194665,0.187631241909896,0.187010622123131,0.193398287644562,0.140279459933373,0.140801836156987
631,0.589213267095234,0.203016510694019,0.218083551882790,0.199491561253654,0.172787005806565,0.140279459933373
768,0.628206394540431,0.273759486818862,0.250466494772263,0.273759486818862,0.180448444205294,0.140279459933373
179,0.540896650628897,0.140279459933373,0.169237834303805,0.208116557082828,0.160502026996677,0.143840891542185
712,0.621136485069615,0.235439936165745,0.255943411389996,0.231177046607856,0.157597013980819,0.140279459933373
705,0.629089586309926,0.252283020211930,0.209608564537159,0.284329312589461,0.169733635746363,0.140279459933373
770,0.641442262346675,0.278545025785751,0.256863984839407,0.245967461561916,0.213405068833102,0.188255890082703
761,0.610516199655431,0.245075200706715,0.257786672914962,0.212638240623736,0.201594638931909,0.183371292540019
400,0.458572851358513,0.192088479379025,0.151189670120080,0.200889639762023,0.140279459933373,0.142147774681471
687,0.591881082994116,0.307786743279463,0.255024990396885,0.279506090033501,0.157195124574254,0.189517281185082
705,0.584763524220902,0.266179795115631,0.227823271636467,0.258711437790672,0.174898448025698,0.174364837136968
683,0.609630293401202,0.192088479379025,0.255024990396885,0.221274744825972,0.168257318749387,0.168257318749387
309,0.415225700022613,0.165403320798019,0.208116557082828,0.177624558944457,0.182778757451073,0.149469410107982
686,0.627323083479833,0.253194757033311,0.270905253648299,0.237166246337142,0.179875784505171,0.149133866930996
223,0.596324170558622,0.140279459933373,0.160930368981928,0.206639944148685,0.140279459933373,0.161362102255135
731,0.621136485069615,0.269010148553487,0.274713840722163,0.208116557082828,0.183967824035887,0.203733362812729
330,0.598100289370352,0.218083551882790,0.201594638931909,0.260567046745838,0.141333283747465,0.189517281185082
820,0.639678919993987,0.249561781327291,0.218876016213984,0.241532534498303,0.140279459933373,0.171754154191287
842,0.599875784998553,0.238904240888872,0.229493730258852,0.259638241659144,0.140279459933373,0.140279459933373
718,0.592770024376564,0.23977753355553,0.205178843545358,0.240653643199231,0.153350162717428,0.141602453589765
789,0.647610671197383,0.272806580486754,0.273759486818862,0.260567046745838,0.185781454960399,0.168745733831007
885,0.637915147508898,0.248659484023583,0.269010148553487,0.211115838461421,0.164480729737195,0.181025063276694
812,0.613173084606865,0.251373586915138,0.203016510694019,0.233725581744281,0.154094323280450,0.140279459933373
705,0.599875784998553,0.254108759679802,0.205907447843523,0.23977753355553,0.171243398019944,0.158002143279100
901,0.61405843859737,0.247759640188542,0.223704949036996,0.249561781327291,0.140279459933373,0.140279459933373
333,0.455776216619560,0.212638240623736,0.181605650010004,0.194059239855938,0.168257318749387,0.144720505822661
457,0.448298759169222,0.142423961905656,0.168745733831007,0.218083551882790,0.154094323280450,0.140279459933373
391,0.409494432911366,0.160930368981928,0.178742307944130,0.213405068833102,0.140279459933373,0.179307075461499
803,0.671359527115958,0.319623752397046,0.262430509724191,0.302869127130412,0.183371292540019,0.16634019279706
766,0.617598511353537,0.249561781327291,0.242414171861771,0.205907447843523,0.145622826217966,0.178181472416481
678,0.595435874427052,0.225342219919308,0.199491561253654,0.246862287018223,0.160077057692081,0.140279459933373
718,0.622020658211421,0.246862287018223,0.252283020211930,0.178742307944130,0.158410531669826,0.188255890082703
833,0.624672424998259,0.267121556704060,0.231177046607856,0.277585234113443,0.159237162188545,0.167772573247934
737,0.629972659733243,0.257786672914962,0.236301613614802,0.281431899695417,0.165869963138432,0.150839880430613
966,0.646729776551258,0.276626749501763,0.185781454960399,0.278545025785751,0.167772573247934,0.187010622123131
828,0.593658802575914,0.219672052767678,0.242414171861771,0.242414171861771,0.141066417195949,0.176522456496951
776,0.620252184825136,0.282396577544332,0.267121556704060,0.290152214217331,0.148471133452426,0.172268685450245
719,0.66608754581422,0.266179795115631,0.226165913043895,0.286266334773665,0.159655442358187,0.191439626593958
996,0.657294084136253,0.287236372741756,0.260567046745838,0.255943411389996,0.172268685450245,0.190794809258731
793,0.650252758171119,0.250466494772263,0.242414171861771,0.288207386188063,0.142702524367706,0.140279459933373
813,0.661691913619881,0.273759486818862,0.244185541162083,0.282396577544332,0.140279459933373,0.192741366843982
828,0.633503788623644,0.246862287018223,0.269010148553487,0.221274744825972,0.185172899926102,0.221274744825972
647,0.593658802575914,0.219672052767678,0.221274744825972,0.251373586915138,0.150148946700048,0.163123316426449
775,0.586543936638165,0.281431899695417,0.231177046607856,0.277585234113443,0.150148946700048,0.199491561253654
400,0.440791745314472,0.205907447843523,0.197424363331222,0.203016510694019,0.140279459933373,0.196066256873814
641,0.58030940985411,0.384446102799712,0.354161056920203,0.384446102799712,0.280468392646033,0.279506090033501
318,0.414271770359505,0.167772573247934,0.173835068385563,0.205907447843523,0.164940248736627,0.178181472416481
703,0.58209159090975,0.228656878414890,0.228656878414890,0.221274744825972,0.176522456496951,0.157597013980819
726,0.605198627992826,0.231177046607856,0.279506090033501,0.167772573247934,0.181025063276694,0.140279459933373
764,0.639678919993987,0.281431899695417,0.283362392853609,0.242414171861771,0.173835068385563,0.168257318749387
763,0.599875784998553,0.222891426963376,0.191439626593958,0.207376318697083,0.142423961905656,0.151542367809210
661,0.606971725447777,0.252283020211930,0.211115838461421,0.253194757033311,0.148801114525785,0.144424803121843
996,0.62555609967103,0.317648619366148,0.304834801321944,0.32159942528535,0.204454144375473,0.158410531669826
518,0.655534316836593,0.294052217151829,0.256863984839407,0.349241401529061,0.296985336054750,0.198109430350217
787,0.627323083479833,0.225342219919308,0.235439936165745,0.200188610986799,0.165869963138432,0.179307075461499
163,0.363974517009122,0.140279459933373,0.140279459933373,0.185172899926102,0.140279459933373,0.140279459933373
189,0.552585532749393,0.140279459933373,0.183967824035887,0.150148946700048,0.152256565618780,0.174364837136968
727,0.602537880906253,0.214949882112267,0.212638240623736,0.238033800236652,0.148471133452426,0.140279459933373
739,0.607858057407542,0.235439936165745,0.241532534498303,0.225342219919308,0.173309128978783,0.151189670120080
689,0.644967683931748,0.256863984839407,0.275669606701894,0.233725581744281,0.140279459933373,0.168257318749387
739,0.659053485350326,0.269010148553487,0.271855157449252,0.281431899695417,0.153720720340875,0.205178843545358
685,0.602537880906253,0.215727826366646,0.182778757451073,0.259638241659144,0.146548361254107,0.147178535004063
743,0.643205181411445,0.281431899695417,0.244185541162083,0.266179795115631,0.159237162188545,0.180448444205294
833,0.623788627185174,0.26336509235663,0.262430509724191,0.242414171861771,0.143552645462116,0.182778757451073
730,0.622020658211421,0.250466494772263,0.249561781327291,0.209608564537159,0.174898448025698,0.183967824035887
889,0.652893966371437,0.267121556704060,0.273759486818862,0.271855157449252,0.141602453589765,0.178181472416481
689,0.586543936638165,0.245967461561916,0.204454144375473,0.220471637257467,0.151897993103576,0.169733635746363
928,0.661691913619881,0.258711437790672,0.266179795115631,0.274713840722163,0.140279459933373,0.186394027664835
879,0.598100289370352,0.214175622695954,0.222891426963376,0.23033379664679,0.145319498566922,0.140279459933373
202,0.583873056414207,0.140279459933373,0.175435913518267,0.208860644258667,0.140279459933373,0.140279459933373
167,0.471572446139952,0.145018731380577,0.185172899926102,0.179875784505171,0.168257318749387,0.162677834203278
682,0.605198627992826,0.226992939983781,0.236301613614802,0.214949882112267,0.167291481291287,0.140279459933373
770,0.629089586309926,0.245075200706715,0.286266334773665,0.160077057692081,0.140279459933373,0.192088479379025
736,0.605198627992826,0.244185541162083,0.220471637257467,0.306802338059224,0.155233599845476,0.140279459933373
341,0.426633199381427,0.163123316426449,0.194724220966719,0.177624558944457,0.156400988328558,0.160502026996677
752,0.606971725447777,0.206639944148685,0.281431899695417,0.158410531669826,0.148801114525785,0.140279459933373
700,0.603424944919196,0.204454144375473,0.149469410107982,0.261497815323131,0.140279459933373,0.140279459933373
818,0.619367756469412,0.255943411389996,0.200188610986799,0.233725581744281,0.141873944585676,0.188884569174318
772,0.61405843859737,0.289179343702615,0.257786672914962,0.359072414588444,0.348256569656263,0.255024990396885
466,0.531876497718254,0.196066256873814,0.149807763529887,0.258711437790672,0.140279459933373,0.190794809258731
875,0.621136485069615,0.251373586915138,0.208116557082828,0.258711437790672,0.149133866930996,0.173835068385563
783,0.65201365997105,0.238033800236652,0.288207386188063,0.203016510694019,0.16634019279706,0.145928733232941
660,0.58209159090975,0.197424363331222,0.140279459933373,0.620252184825136,0.674872565393281,0.512844066957349
759,0.589213267095234,0.220471637257467,0.242414171861771,0.185781454960399,0.168257318749387,0.172268685450245
655,0.592770024376564,0.208116557082828,0.190794809258731,0.23977753355553,0.140279459933373,0.140801836156987
834,0.644086484322101,0.247759640188542,0.23977753355553,0.225342219919308,0.165869963138432,0.193398287644562
685,0.633503788623644,0.262430509724191,0.232872971194181,0.271855157449252,0.176522456496951,0.140279459933373
768,0.61405843859737,0.252283020211930,0.222891426963376,0.264301525715948,0.161362102255135,0.225342219919308
793,0.630855615748439,0.246862287018223,0.240653643199231,0.261497815323131,0.140279459933373,0.141602453589765
944,0.652893966371437,0.32950458986508,0.320611530912211,0.296006914761259,0.200188610986799,0.185781454960399
632,0.573173308757861,0.194724220966719,0.209608564537159,0.262430509724191,0.148143904307162,0.167291481291287
686,0.61494365721071,0.224521889216861,0.185172899926102,0.211115838461421,0.158002143279100,0.178742307944130
413,0.418084423539314,0.16357228121085,0.156796455796649,0.215727826366646,0.140279459933373,0.149469410107982
836,0.607858057407542,0.203733362812729,0.214175622695954,0.217294683481912,0.160502026996677,0.170233153496669
848,0.624672424998259,0.270905253648299,0.227823271636467,0.255943411389996,0.202303599215116,0.150839880430613
810,0.617598511353537,0.225342219919308,0.253194757033311,0.217294683481912,0.198109430350217,0.153350162717428
541,0.640560644506718,0.238033800236652,0.245967461561916,0.281431899695417,0.16634019279706,0.144424803121843
689,0.620252184825136,0.216509434133377,0.23977753355553,0.229493730258852,0.149133866930996,0.143840891542185
289,0.441731771836077,0.221274744825972,0.196743303664015,0.201594638931909,0.140801836156987,0.179875784505171
666,0.601650667029677,0.244185541162083,0.194724220966719,0.289179343702615,0.184568357977156,0.156400988328558
479,0.482650905054512,0.176522456496951,0.167772573247934,0.225342219919308,0.140279459933373,0.149133866930996
800,0.592770024376564,0.221274744825972,0.240653643199231,0.222891426963376,0.173835068385563,0.140539522938054
782,0.618483198986599,0.266179795115631,0.269956905233921,0.293075998312143,0.174364837136968,0.158002143279100
690,0.61494365721071,0.23977753355553,0.173835068385563,0.310742219942023,0.140279459933373,0.140279459933373
679,0.58030940985411,0.214949882112267,0.217294683481912,0.242414171861771,0.170736402643872,0.152256565618780
655,0.62555609967103,0.255943411389996,0.182778757451073,0.248659484023583,0.152618104976752,0.156400988328558
148,0.415225700022613,0.148471133452426,0.201594638931909,0.196743303664015,0.142423961905656,0.140279459933373
781,0.629089586309926,0.253194757033311,0.246862287018223,0.212638240623736,0.162677834203278,0.187631241909896
840,0.615828741507218,0.262430509724191,0.232872971194181,0.226165913043895,0.164024746412181,0.156796455796649
928,0.636150937944643,0.269956905233921,0.270905253648299,0.233725581744281,0.203016510694019,0.151542367809210
716,0.652893966371437,0.258711437790672,0.208860644258667,0.302869127130412,0.140279459933373,0.16634019279706
831,0.654654294039608,0.262430509724191,0.243298519444439,0.284329312589461,0.187010622123131,0.140279459933373
748,0.627323083479833,0.23033379664679,0.253194757033311,0.160502026996677,0.140279459933373,0.172268685450245
334,0.458572851358513,0.190794809258731,0.229493730258852,0.140279459933373,0.168257318749387,0.162235816543637
346,0.45297556976512,0.167772573247934,0.197424363331222,0.180448444205294,0.146548361254107,0.154850743467635
425,0.43702685358426,0.196743303664015,0.185781454960399,0.194059239855938,0.140279459933373,0.140279459933373
178,0.41331732873535,0.140279459933373,0.140279459933373,0.607858057407542,0.66608754581422,0.498252004317859
405,0.461365530470573,0.193398287644562,0.180448444205294,0.218876016213984,0.175435913518267,0.179875784505171
735,0.578526502286961,0.211875157547888,0.204454144375473,0.224521889216861,0.185781454960399,0.140279459933373
849,0.639678919993987,0.291125967010989,0.295029198942614,0.269010148553487,0.203016510694019,0.177624558944457
745,0.657294084136253,0.244185541162083,0.233725581744281,0.242414171861771,0.140279459933373,0.143552645462116
794,0.607858057407542,0.253194757033311,0.26806502014066,0.16357228121085,0.162235816543637,0.182190212262849
757,0.626439652176295,0.243298519444439,0.253194757033311,0.26336509235663,0.167291481291287,0.170233153496669
858,0.622904705251892,0.232023448734304,0.26336509235663,0.243298519444439,0.166814026627726,0.16634019279706
694,0.578526502286961,0.211875157547888,0.213405068833102,0.255024990396885,0.165403320798019,0.162677834203278
519,0.553483028327823,0.226992939983781,0.235439936165745,0.238033800236652,0.176522456496951,0.140279459933373
234,0.429473753439024,0.159655442358187,0.174898448025698,0.224521889216861,0.14298348025674,0.140279459933373
919,0.629089586309926,0.279506090033501,0.244185541162083,0.274713840722163,0.187631241909896,0.156008702799071
784,0.611401966215199,0.262430509724191,0.194724220966719,0.270905253648299,0.140279459933373,0.140279459933373
710,0.607858057407542,0.212638240623736,0.221274744825972,0.240653643199231,0.140279459933373,0.181025063276694
371,0.459504181093247,0.182190212262849,0.198798498578782,0.206639944148685,0.140279459933373,0.140279459933373
705,0.619367756469412,0.259638241659144,0.254108759679802,0.206639944148685,0.162677834203278,0.140279459933373
164,0.472497848634527,0.140279459933373,0.140279459933373,0.194059239855938,0.140279459933373,0.153350162717428
755,0.617598511353537,0.233725581744281,0.23033379664679,0.202303599215116,0.160502026996677,0.167291481291287
726,0.601650667029677,0.275669606701894,0.211875157547888,0.304834801321944,0.163123316426449,0.177071557205383
769,0.645848781067736,0.252283020211930,0.243298519444439,0.233725581744281,0.148471133452426,0.172268685450245
756,0.601650667029677,0.234581247743386,0.224521889216861,0.258711437790672,0.145319498566922,0.175977245746161
347,0.66608754581422,0.160930368981928,0.216509434133377,0.194059239855938,0.140279459933373,0.185172899926102
351,0.434198112267997,0.152618104976752,0.152256565618780,0.216509434133377,0.140279459933373,0.140279459933373
148,0.430419611243593,0.140279459933373,0.158002143279100,0.187631241909896,0.140279459933373,0.145928733232941
604,0.611401966215199,0.209608564537159,0.216509434133377,0.213405068833102,0.140279459933373,0.155619579790919
150,0.444549008408857,0.164940248736627,0.190794809258731,0.232023448734304,0.164940248736627,0.198798498578782
650,0.593658802575914,0.221274744825972,0.249561781327291,0.161797245314680,0.178181472416481,0.169237834303805
801,0.611401966215199,0.253194757033311,0.206639944148685,0.244185541162083,0.150148946700048,0.140279459933373
371,0.431364974573073,0.150148946700048,0.148471133452426,0.219672052767678,0.140279459933373,0.140279459933373
750,0.62555609967103,0.276626749501763,0.270905253648299,0.225342219919308,0.147819407725247,0.167772573247934
746,0.626439652176295,0.249561781327291,0.275669606701894,0.279506090033501,0.140279459933373,0.204454144375473
170,0.509203854805391,0.140279459933373,0.140279459933373,0.200188610986799,0.140279459933373,0.140279459933373
618,0.62555609967103,0.26806502014066,0.270905253648299,0.216509434133377,0.179875784505171,0.140279459933373
773,0.632621179272578,0.241532534498303,0.229493730258852,0.205178843545358,0.174364837136968,0.147819407725247
882,0.63703309779987,0.258711437790672,0.229493730258852,0.252283020211930,0.165403320798019,0.160502026996677
880,0.616713692539713,0.267121556704060,0.244185541162083,0.222891426963376,0.175435913518267,0.185172899926102
746,0.639678919993987,0.249561781327291,0.218083551882790,0.255943411389996,0.150839880430613,0.145319498566922
146,0.428527399760189,0.140279459933373,0.170233153496669,0.200889639762023,0.170233153496669,0.16634019279706
649,0.617598511353537,0.251373586915138,0.245967461561916,0.225342219919308,0.179307075461499,0.147178535004063
550,0.599875784998553,0.200188610986799,0.251373586915138,0.168745733831007,0.179307075461499,0.202303599215116
838,0.676628615387707,0.292100571713878,0.254108759679802,0.251373586915138,0.140279459933373,0.197424363331222
673,0.635268667058686,0.246862287018223,0.208860644258667,0.229493730258852,0.146548361254107,0.187631241909896
608,0.58209159090975,0.232872971194181,0.278545025785751,0.203016510694019,0.190154027575454,0.140279459933373
822,0.645848781067736,0.246862287018223,0.214949882112267,0.257786672914962,0.140279459933373,0.158002143279100
667,0.607858057407542,0.228656878414890,0.208860644258667,0.23977753355553,0.140279459933373,0.168257318749387
825,0.626439652176295,0.23977753355553,0.254108759679802,0.218083551882790,0.140279459933373,0.162235816543637
771,0.631738455286738,0.242414171861771,0.244185541162083,0.265239772398733,0.140279459933373,0.140279459933373
367,0.422838791105066,0.160930368981928,0.182190212262849,0.235439936165745,0.140279459933373,0.140279459933373
319,0.453909567952752,0.158002143279100,0.174364837136968,0.200188610986799,0.140279459933373,0.143552645462116
713,0.636150937944643,0.309756707604237,0.293075998312143,0.205178843545358,0.213405068833102,0.171243398019944
968,0.695926026550246,0.316661303992259,0.298944182722262,0.294052217151829,0.187631241909896,0.166814026627726
776,0.612287594171303,0.226165913043895,0.248659484023583,0.269010148553487,0.235439936165745,0.203733362812729
709,0.558863289375474,0.287236372741756,0.314687276192053,0.26336509235663,0.205907447843523,0.175435913518267
680,0.602537880906253,0.217294683481912,0.207376318697083,0.200188610986799,0.177624558944457,0.140279459933373
345,0.468793774829766,0.214175622695954,0.198798498578782,0.203016510694019,0.140279459933373,0.164480729737195
335,0.459504181093247,0.182190212262849,0.143840891542185,0.253194757033311,0.140279459933373,0.150492979148870
615,0.606971725447777,0.296006914761259,0.312714190948075,0.183967824035887,0.241532534498303,0.205907447843523
637,0.621136485069615,0.26806502014066,0.204454144375473,0.245967461561916,0.194059239855938,0.147178535004063
391,0.455776216619560,0.193398287644562,0.193398287644562,0.146862120354825,0.171754154191287,0.140279459933373
929,0.663450425192382,0.269010148553487,0.276626749501763,0.229493730258852,0.164024746412181,0.174898448025698
797,0.630855615748439,0.293075998312143,0.305818349289740,0.280468392646033,0.188255890082703,0.146862120354825
653,0.636150937944643,0.245967461561916,0.236301613614802,0.221274744825972,0.149807763529887,0.188255890082703
175,0.468793774829766,0.14298348025674,0.165869963138432,0.225342219919308,0.140279459933373,0.145928733232941
809,0.622020658211421,0.222081350052879,0.206639944148685,0.262430509724191,0.145928733232941,0.140279459933373
701,0.622020658211421,0.214175622695954,0.236301613614802,0.242414171861771,0.160502026996677,0.140279459933373
631,0.617598511353537,0.238904240888872,0.262430509724191,0.218876016213984,0.209608564537159,0.169733635746363
742,0.617598511353537,0.243298519444439,0.269956905233921,0.140279459933373,0.204454144375473,0.140279459933373
785,0.61494365721071,0.267121556704060,0.23977753355553,0.243298519444439,0.140279459933373,0.178181472416481
731,0.63703309779987,0.273759486818862,0.254108759679802,0.265239772398733,0.174364837136968,0.190794809258731
757,0.618483198986599,0.208860644258667,0.201594638931909,0.244185541162083,0.140279459933373,0.156796455796649
742,0.653774177471793,0.237166246337142,0.250466494772263,0.196066256873814,0.162677834203278,0.179875784505171
817,0.623788627185174,0.226992939983781,0.255943411389996,0.247759640188542,0.145622826217966,0.164940248736627
782,0.607858057407542,0.229493730258852,0.271855157449252,0.232023448734304,0.156008702799071,0.196743303664015
807,0.640560644506718,0.23977753355553,0.185781454960399,0.23977753355553,0.169237834303805,0.140279459933373
668,0.586543936638165,0.206639944148685,0.202303599215116,0.177071557205383,0.176522456496951,0.140279459933373
662,0.631738455286738,0.252283020211930,0.256863984839407,0.246862287018223,0.175435913518267,0.203016510694019
817,0.674872565393281,0.273759486818862,0.291125967010989,0.244185541162083,0.187631241909896,0.167772573247934
764,0.62555609967103,0.256863984839407,0.194724220966719,0.279506090033501,0.140279459933373,0.140279459933373
814,0.619367756469412,0.250466494772263,0.248659484023583,0.220471637257467,0.147178535004063,0.140279459933373
729,0.617598511353537,0.246862287018223,0.215727826366646,0.271855157449252,0.179307075461499,0.167772573247934
714,0.627323083479833,0.253194757033311,0.203016510694019,0.217294683481912,0.164940248736627,0.140279459933373
693,0.629972659733243,0.257786672914962,0.226992939983781,0.258711437790672,0.168257318749387,0.140279459933373
680,0.629089586309926,0.236301613614802,0.267121556704060,0.222891426963376,0.153720720340875,0.204454144375473
691,0.646729776551258,0.256863984839407,0.241532534498303,0.249561781327291,0.152982630801945,0.159237162188545
569,0.601650667029677,0.209608564537159,0.249561781327291,0.209608564537159,0.181605650010004,0.144720505822661
686,0.581200590507501,0.225342219919308,0.215727826366646,0.251373586915138,0.145622826217966,0.155233599845476
769,0.620252184825136,0.244185541162083,0.227823271636467,0.215727826366646,0.157597013980819,0.200889639762023
624,0.618483198986599,0.201594638931909,0.223704949036996,0.200188610986799,0.169237834303805,0.140279459933373
705,0.616713692539713,0.209608564537159,0.185781454960399,0.251373586915138,0.140279459933373,0.140279459933373
760,0.617598511353537,0.229493730258852,0.218083551882790,0.212638240623736,0.140279459933373,0.167291481291287
875,0.676628615387707,0.270905253648299,0.292100571713878,0.287236372741756,0.140279459933373,0.140279459933373
890,0.624672424998259,0.252283020211930,0.242414171861771,0.219672052767678,0.148801114525785,0.144424803121843
735,0.607858057407542,0.225342219919308,0.232872971194181,0.267121556704060,0.151897993103576,0.147819407725247
877,0.632621179272578,0.285297304030371,0.259638241659144,0.246862287018223,0.167772573247934,0.140279459933373
713,0.629089586309926,0.279506090033501,0.224521889216861,0.23977753355553,0.146862120354825,0.183371292540019
396,0.452041119617036,0.154470991130581,0.149807763529887,0.177624558944457,0.140279459933373,0.140279459933373
832,0.637915147508898,0.265239772398733,0.232872971194181,0.237166246337142,0.167772573247934,0.140279459933373
719,0.631738455286738,0.225342219919308,0.244185541162083,0.253194757033311,0.173309128978783,0.140279459933373
614,0.562445761046978,0.259638241659144,0.253194757033311,0.282396577544332,0.151189670120080,0.143266847840142
929,0.61405843859737,0.256863984839407,0.213405068833102,0.193398287644562,0.196743303664015,0.140279459933373
852,0.638797087949753,0.276626749501763,0.277585234113443,0.297964434643167,0.140279459933373,0.180448444205294
185,0.549891666487745,0.16357228121085,0.140279459933373,0.242414171861771,0.140279459933373,0.176522456496951
807,0.671359527115958,0.270905253648299,0.26806502014066,0.261497815323131,0.192741366843982,0.159655442358187
677,0.617598511353537,0.242414171861771,0.200889639762023,0.267121556704060,0.150148946700048,0.152982630801945
825,0.61494365721071,0.293075998312143,0.313700605163659,0.238033800236652,0.193398287644562,0.195393227873188
823,0.61405843859737,0.248659484023583,0.213405068833102,0.260567046745838,0.173309128978783,0.159655442358187
326,0.591881082994116,0.226992939983781,0.226165913043895,0.152982630801945,0.140279459933373,0.145319498566922
837,0.65201365997105,0.252283020211930,0.245075200706715,0.236301613614802,0.192088479379025,0.140279459933373
813,0.644967683931748,0.238904240888872,0.211875157547888,0.269010148553487,0.151897993103576,0.170736402643872
695,0.593658802575914,0.220471637257467,0.197424363331222,0.211875157547888,0.147178535004063,0.190794809258731
374,0.472497848634527,0.193398287644562,0.140279459933373,0.249561781327291,0.140279459933373,0.185781454960399
744,0.620252184825136,0.23033379664679,0.228656878414890,0.161362102255135,0.140279459933373,0.140279459933373
720,0.605198627992826,0.23977753355553,0.164480729737195,0.23977753355553,0.172268685450245,0.195393227873188
806,0.65113325749733,0.259638241659144,0.213405068833102,0.240653643199231,0.189517281185082,0.144720505822661
764,0.620252184825136,0.314687276192053,0.297964434643167,0.217294683481912,0.212638240623736,0.151189670120080
808,0.637915147508898,0.245967461561916,0.241532534498303,0.224521889216861,0.168257318749387,0.198109430350217
810,0.628206394540431,0.214949882112267,0.235439936165745,0.287236372741756,0.143552645462116,0.152982630801945
356,0.433254223593108,0.143840891542185,0.161362102255135,0.217294683481912,0.140279459933373,0.140279459933373
811,0.673994424070159,0.280468392646033,0.262430509724191,0.285297304030371,0.140279459933373,0.140279459933373
343,0.451106215483896,0.198798498578782,0.143840891542185,0.238033800236652,0.140539522938054,0.166814026627726
846,0.601650667029677,0.203733362812729,0.254108759679802,0.211875157547888,0.140279459933373,0.218083551882790
233,0.605198627992826,0.152618104976752,0.150839880430613,0.198109430350217,0.159237162188545,0.140279459933373
780,0.623788627185174,0.234581247743386,0.216509434133377,0.208860644258667,0.168257318749387,0.214175622695954
616,0.5390946884908,0.241532534498303,0.248659484023583,0.226165913043895,0.175435913518267,0.144131604573628
812,0.621136485069615,0.227823271636467,0.194059239855938,0.247759640188542,0.202303599215116,0.188255890082703
852,0.629972659733243,0.286266334773665,0.305818349289740,0.147178535004063,0.181025063276694,0.183371292540019
639,0.588323660284695,0.281431899695417,0.311728055196152,0.23033379664679,0.210360301592275,0.157597013980819
785,0.631738455286738,0.26336509235663,0.259638241659144,0.275669606701894,0.167291481291287,0.148143904307162
913,0.666966416344732,0.309756707604237,0.316661303992259,0.283362392853609,0.194059239855938,0.164480729737195
698,0.585653817185493,0.189517281185082,0.202303599215116,0.231177046607856,0.155619579790919,0.140279459933373
184,0.462295554374572,0.151897993103576,0.140279459933373,0.246862287018223,0.140279459933373,0.140279459933373
838,0.665208590906176,0.255024990396885,0.260567046745838,0.223704949036996,0.140279459933373,0.172787005806565
871,0.636150937944643,0.322587416871138,0.306802338059224,0.327528205863718,0.196066256873814,0.243298519444439
848,0.643205181411445,0.255024990396885,0.226165913043895,0.275669606701894,0.140279459933373,0.148801114525785
160,0.418084423539314,0.215727826366646,0.184568357977156,0.292100571713878,0.305818349289740,0.196066256873814
759,0.622020658211421,0.241532534498303,0.269956905233921,0.177624558944457,0.206639944148685,0.140279459933373
772,0.610516199655431,0.240653643199231,0.232872971194181,0.188884569174318,0.168745733831007,0.177624558944457
483,0.473422844172892,0.164480729737195,0.177071557205383,0.148801114525785,0.151189670120080,0.173835068385563
357,0.432309844864813,0.183967824035887,0.225342219919308,0.152618104976752,0.154094323280450,0.140279459933373
802,0.636150937944643,0.231177046607856,0.235439936165745,0.256863984839407,0.169733635746363,0.161362102255135
725,0.635268667058686,0.246862287018223,0.201594638931909,0.265239772398733,0.140279459933373,0.141602453589765
307,0.436084425669404,0.148471133452426,0.173835068385563,0.205178843545358,0.140279459933373,0.140279459933373
843,0.616713692539713,0.26806502014066,0.211115838461421,0.252283020211930,0.196743303664015,0.140279459933373
734,0.581200590507501,0.259638241659144,0.232023448734304,0.265239772398733,0.174898448025698,0.140279459933373
721,0.61494365721071,0.214949882112267,0.213405068833102,0.259638241659144,0.188884569174318,0.170233153496669
202,0.570494126543261,0.339381807952053,0.292100571713878,0.296006914761259,0.175435913518267,0.145319498566922
816,0.612287594171303,0.220471637257467,0.227823271636467,0.250466494772263,0.167291481291287,0.140279459933373
627,0.631738455286738,0.247759640188542,0.248659484023583,0.23033379664679,0.189517281185082,0.154850743467635
656,0.627323083479833,0.246862287018223,0.269956905233921,0.264301525715948,0.175435913518267,0.14298348025674
838,0.640560644506718,0.235439936165745,0.192741366843982,0.238033800236652,0.140279459933373,0.210360301592275
166,0.492757675678563,0.162677834203278,0.185172899926102,0.158002143279100,0.157597013980819,0.148471133452426
698,0.600763302119727,0.227823271636467,0.199491561253654,0.202303599215116,0.155619579790919,0.189517281185082
213,0.586543936638165,0.140279459933373,0.189517281185082,0.187631241909896,0.140279459933373,0.160077057692081
704,0.574065981658382,0.207376318697083,0.202303599215116,0.269956905233921,0.162677834203278,0.182778757451073
759,0.636150937944643,0.237166246337142,0.197424363331222,0.229493730258852,0.170736402643872,0.152982630801945
733,0.623788627185174,0.221274744825972,0.23033379664679,0.254108759679802,0.158410531669826,0.148471133452426
761,0.620252184825136,0.326539995183568,0.318636108753548,0.314687276192053,0.189517281185082,0.172787005806565
755,0.600763302119727,0.262430509724191,0.216509434133377,0.243298519444439,0.140279459933373,0.172787005806565
230,0.600763302119727,0.148471133452426,0.140279459933373,0.219672052767678,0.151897993103576,0.153720720340875
817,0.639678919993987,0.214175622695954,0.243298519444439,0.198798498578782,0.170233153496669,0.140539522938054
755,0.629972659733243,0.265239772398733,0.229493730258852,0.251373586915138,0.168257318749387,0.196066256873814
369,0.417132025922147,0.158410531669826,0.160930368981928,0.194724220966719,0.167291481291287,0.140279459933373
752,0.610516199655431,0.282396577544332,0.228656878414890,0.298944182722262,0.152982630801945,0.140279459933373
855,0.633503788623644,0.235439936165745,0.203016510694019,0.256863984839407,0.16634019279706,0.156796455796649
359,0.425685350085428,0.145928733232941,0.157195124574254,0.223704949036996,0.140279459933373,0.140279459933373
745,0.607858057407542,0.245075200706715,0.243298519444439,0.219672052767678,0.162677834203278,0.174364837136968
819,0.62555609967103,0.229493730258852,0.271855157449252,0.196743303664015,0.143552645462116,0.16357228121085
849,0.643205181411445,0.267121556704060,0.185781454960399,0.288207386188063,0.140279459933373,0.140279459933373
718,0.601650667029677,0.251373586915138,0.234581247743386,0.250466494772263,0.148801114525785,0.151189670120080
323,0.450170855356869,0.203733362812729,0.208860644258667,0.14298348025674,0.154094323280450,0.145928733232941
216,0.598988114480156,0.347271459448055,0.298944182722262,0.274713840722163,0.175435913518267,0.140279459933373
780,0.619367756469412,0.269010148553487,0.245967461561916,0.200188610986799,0.172787005806565,0.164024746412181
722,0.599875784998553,0.208860644258667,0.228656878414890,0.219672052767678,0.140279459933373,0.179875784505171
666,0.609630293401202,0.234581247743386,0.218876016213984,0.231177046607856,0.183371292540019,0.154094323280450
660,0.61494365721071,0.219672052767678,0.219672052767678,0.218083551882790,0.143840891542185,0.175977245746161
905,0.654654294039608,0.255024990396885,0.258711437790672,0.260567046745838,0.143552645462116,0.192088479379025
842,0.655534316836593,0.232023448734304,0.238904240888872,0.244185541162083,0.167772573247934,0.148471133452426
805,0.643205181411445,0.252283020211930,0.253194757033311,0.23033379664679,0.173309128978783,0.140279459933373
488,0.681894949187986,0.217294683481912,0.232023448734304,0.226992939983781,0.190154027575454,0.165403320798019
813,0.635268667058686,0.222081350052879,0.208860644258667,0.245967461561916,0.140279459933373,0.210360301592275
740,0.628206394540431,0.271855157449252,0.206639944148685,0.278545025785751,0.183967824035887,0.174898448025698
849,0.653774177471793,0.273759486818862,0.259638241659144,0.277585234113443,0.213405068833102,0.175977245746161
809,0.606085249352797,0.251373586915138,0.26336509235663,0.251373586915138,0.188884569174318,0.223704949036996
803,0.600763302119727,0.322587416871138,0.264301525715948,0.290152214217331,0.172787005806565,0.154470991130581
343,0.427580548847338,0.194059239855938,0.178181472416481,0.183371292540019,0.140279459933373,0.150148946700048
800,0.646729776551258,0.238904240888872,0.222891426963376,0.245967461561916,0.212638240623736,0.152256565618780
814,0.628206394540431,0.275669606701894,0.257786672914962,0.255943411389996,0.182778757451073,0.140279459933373
843,0.622020658211421,0.252283020211930,0.244185541162083,0.269010148553487,0.141602453589765,0.167772573247934
769,0.619367756469412,0.258711437790672,0.241532534498303,0.327528205863718,0.313700605163659,0.255943411389996
167,0.500080663267207,0.150492979148870,0.207376318697083,0.160930368981928,0.140279459933373,0.140279459933373
363,0.422838791105066,0.154850743467635,0.152256565618780,0.185781454960399,0.140279459933373,0.144720505822661
733,0.645848781067736,0.271855157449252,0.228656878414890,0.264301525715948,0.141333283747465,0.140279459933373
170,0.504646384858735,0.141602453589765,0.164024746412181,0.237166246337142,0.154470991130581,0.161797245314680
622,0.606971725447777,0.229493730258852,0.208860644258667,0.234581247743386,0.154850743467635,0.140279459933373
308,0.473422844172892,0.176522456496951,0.187631241909896,0.194059239855938,0.142702524367706,0.158822198286243
761,0.65113325749733,0.280468392646033,0.270905253648299,0.211875157547888,0.219672052767678,0.146548361254107
799,0.627323083479833,0.279506090033501,0.224521889216861,0.246862287018223,0.189517281185082,0.145319498566922
803,0.631738455286738,0.244185541162083,0.228656878414890,0.192741366843982,0.165403320798019,0.187010622123131
629,0.589213267095234,0.255943411389996,0.236301613614802,0.250466494772263,0.140279459933373,0.142702524367706
150,0.436084425669404,0.144720505822661,0.187010622123131,0.157195124574254,0.140279459933373,0.152982630801945
267,0.456708871220304,0.174364837136968,0.160077057692081,0.231177046607856,0.140279459933373,0.158002143279100
733,0.58209159090975,0.285297304030371,0.278545025785751,0.269956905233921,0.171243398019944,0.193398287644562
651,0.622020658211421,0.238033800236652,0.211875157547888,0.245967461561916,0.178181472416481,0.140279459933373
724,0.62555609967103,0.226165913043895,0.211115838461421,0.214175622695954,0.158002143279100,0.173309128978783
811,0.637915147508898,0.250466494772263,0.192741366843982,0.248659484023583,0.175435913518267,0.150148946700048
146,0.427580548847338,0.140279459933373,0.172268685450245,0.189517281185082,0.140279459933373,0.150492979148870
536,0.495506422283226,0.266179795115631,0.188884569174318,0.181605650010004,0.159655442358187,0.143266847840142
730,0.633503788623644,0.276626749501763,0.271855157449252,0.257786672914962,0.173835068385563,0.140279459933373
593,0.599875784998553,0.205178843545358,0.241532534498303,0.223704949036996,0.140279459933373,0.140279459933373
623,0.655534316836593,0.366910990862085,0.342342090635241,0.338394673319409,0.258711437790672,0.159237162188545
310,0.655534316836593,0.158002143279100,0.199491561253654,0.168745733831007,0.141333283747465,0.174364837136968
683,0.585653817185493,0.218876016213984,0.189517281185082,0.234581247743386,0.158410531669826,0.140279459933373
672,0.589213267095234,0.250466494772263,0.235439936165745,0.250466494772263,0.156796455796649,0.148471133452426
167,0.478041795094857,0.140279459933373,0.179875784505171,0.182190212262849,0.164024746412181,0.158002143279100
679,0.616713692539713,0.248659484023583,0.159655442358187,0.247759640188542,0.153720720340875,0.140279459933373
403,0.425685350085428,0.173309128978783,0.192088479379025,0.149469410107982,0.140279459933373,0.140279459933373
835,0.58209159090975,0.245075200706715,0.23033379664679,0.228656878414890,0.192741366843982,0.145319498566922
731,0.595435874427052,0.225342219919308,0.200188610986799,0.233725581744281,0.154850743467635,0.140279459933373
876,0.622020658211421,0.280468392646033,0.294052217151829,0.246862287018223,0.163123316426449,0.173309128978783
167,0.484491855840873,0.140279459933373,0.161362102255135,0.227823271636467,0.140279459933373,0.153350162717428
829,0.618483198986599,0.242414171861771,0.276626749501763,0.185781454960399,0.178181472416481,0.142147774681471
734,0.617598511353537,0.237166246337142,0.253194757033311,0.193398287644562,0.182778757451073,0.140279459933373
798,0.582982412426427,0.242414171861771,0.245075200706715,0.203016510694019,0.140279459933373,0.160502026996677
781,0.588323660284695,0.280468392646033,0.265239772398733,0.260567046745838,0.216509434133377,0.210360301592275
745,0.62555609967103,0.229493730258852,0.214175622695954,0.229493730258852,0.143266847840142,0.140279459933373
843,0.601650667029677,0.281431899695417,0.256863984839407,0.293075998312143,0.205178843545358,0.150492979148870
701,0.607858057407542,0.249561781327291,0.214949882112267,0.244185541162083,0.158410531669826,0.166814026627726
791,0.632621179272578,0.23033379664679,0.256863984839407,0.223704949036996,0.179875784505171,0.162677834203278
709,0.654654294039608,0.261497815323131,0.205907447843523,0.278545025785751,0.142702524367706,0.140279459933373
417,0.464154311336516,0.179875784505171,0.198798498578782,0.200188610986799,0.140279459933373,0.140279459933373
869,0.621136485069615,0.251373586915138,0.273759486818862,0.195393227873188,0.185172899926102,0.140279459933373
770,0.597212308466731,0.201594638931909,0.208116557082828,0.237166246337142,0.140279459933373,0.159655442358187
698,0.593658802575914,0.222891426963376,0.191439626593958,0.262430509724191,0.16357228121085,0.140279459933373
818,0.681894949187986,0.270905253648299,0.234581247743386,0.244185541162083,0.140279459933373,0.152982630801945
865,0.638797087949753,0.253194757033311,0.269956905233921,0.238033800236652,0.16357228121085,0.161797245314680
729,0.627323083479833,0.240653643199231,0.229493730258852,0.254108759679802,0.158822198286243,0.145622826217966
690,0.611401966215199,0.238033800236652,0.193398287644562,0.26336509235663,0.150839880430613,0.140279459933373
442,0.502821101328797,0.196743303664015,0.160930368981928,0.217294683481912,0.140279459933373,0.154470991130581
825,0.648491465815105,0.245967461561916,0.238033800236652,0.257786672914962,0.156008702799071,0.194724220966719
737,0.616713692539713,0.241532534498303,0.240653643199231,0.222081350052879,0.164024746412181,0.159237162188545
690,0.592770024376564,0.232872971194181,0.194724220966719,0.244185541162083,0.151897993103576,0.140279459933373
780,0.631738455286738,0.26336509235663,0.253194757033311,0.222891426963376,0.197424363331222,0.192088479379025
359,0.437968797820157,0.171754154191287,0.184568357977156,0.193398287644562,0.140279459933373,0.163123316426449
799,0.635268667058686,0.264301525715948,0.240653643199231,0.260567046745838,0.148801114525785,0.160930368981928
797,0.638797087949753,0.269956905233921,0.246862287018223,0.253194757033311,0.140279459933373,0.16634019279706
761,0.656414246618719,0.333456768437105,0.32159942528535,0.340368763820501,0.199491561253654,0.160502026996677
868,0.630855615748439,0.247759640188542,0.271855157449252,0.234581247743386,0.163123316426449,0.145319498566922
855,0.608744246353995,0.308771540986705,0.256863984839407,0.261497815323131,0.177071557205383,0.192088479379025
602,0.615828741507218,0.222891426963376,0.250466494772263,0.204454144375473,0.172787005806565,0.182190212262849
796,0.642323774366231,0.256863984839407,0.219672052767678,0.287236372741756,0.153720720340875,0.199491561253654
784,0.641442262346675,0.297964434643167,0.192741366843982,0.299924552865763,0.154470991130581,0.144424803121843
757,0.629972659733243,0.279506090033501,0.265239772398733,0.246862287018223,0.173835068385563,0.177624558944457
666,0.61405843859737,0.241532534498303,0.161797245314680,0.281431899695417,0.149469410107982,0.156400988328558
828,0.610516199655431,0.237166246337142,0.228656878414890,0.262430509724191,0.165869963138432,0.140279459933373
739,0.59454741884471,0.253194757033311,0.214949882112267,0.264301525715948,0.140279459933373,0.140279459933373
625,0.59454741884471,0.296006914761259,0.267121556704060,0.224521889216861,0.222891426963376,0.153350162717428
723,0.644967683931748,0.247759640188542,0.214175622695954,0.215727826366646,0.167772573247934,0.149133866930996
768,0.62555609967103,0.23033379664679,0.237166246337142,0.216509434133377,0.145622826217966,0.166814026627726
788,0.621136485069615,0.229493730258852,0.248659484023583,0.209608564537159,0.152618104976752,0.159237162188545
848,0.639678919993987,0.266179795115631,0.238904240888872,0.252283020211930,0.198798498578782,0.140279459933373
786,0.648491465815105,0.274713840722163,0.221274744825972,0.259638241659144,0.177624558944457,0.157195124574254
532,0.602537880906253,0.232023448734304,0.198109430350217,0.246862287018223,0.154850743467635,0.199491561253654
741,0.622904705251892,0.245967461561916,0.243298519444439,0.235439936165745,0.151897993103576,0.143266847840142
838,0.640560644506718,0.277585234113443,0.251373586915138,0.218876016213984,0.175977245746161,0.150148946700048
393,0.461365530470573,0.162235816543637,0.159655442358187,0.173835068385563,0.140279459933373,0.140279459933373
821,0.661691913619881,0.269956905233921,0.264301525715948,0.237166246337142,0.140279459933373,0.140279459933373
715,0.642323774366231,0.245967461561916,0.209608564537159,0.226165913043895,0.181605650010004,0.141333283747465
758,0.629972659733243,0.226992939983781,0.228656878414890,0.224521889216861,0.144720505822661,0.158822198286243
844,0.626439652176295,0.249561781327291,0.232023448734304,0.245967461561916,0.140279459933373,0.140279459933373
745,0.611401966215199,0.238033800236652,0.203016510694019,0.271855157449252,0.140279459933373,0.179875784505171
829,0.637915147508898,0.249561781327291,0.203016510694019,0.288207386188063,0.151897993103576,0.152256565618780
889,0.620252184825136,0.293075998312143,0.288207386188063,0.274713840722163,0.172787005806565,0.197424363331222
764,0.626439652176295,0.256863984839407,0.226165913043895,0.193398287644562,0.140279459933373,0.14298348025674
781,0.622904705251892,0.236301613614802,0.253194757033311,0.225342219919308,0.181025063276694,0.154470991130581
749,0.560654953573793,0.384446102799712,0.353177756395209,0.333456768437105,0.246862287018223,0.222891426963376
819,0.624672424998259,0.235439936165745,0.198109430350217,0.23033379664679,0.185781454960399,0.160502026996677
1010,0.617598511353537,0.32950458986508,0.326539995183568,0.282396577544332,0.182190212262849,0.142147774681471
764,0.629089586309926,0.23033379664679,0.150492979148870,0.273759486818862,0.150148946700048,0.180448444205294
218,0.451106215483896,0.142702524367706,0.155233599845476,0.214949882112267,0.157597013980819,0.140279459933373
697,0.592770024376564,0.226165913043895,0.193398287644562,0.241532534498303,0.170233153496669,0.140279459933373
861,0.628206394540431,0.273759486818862,0.272806580486754,0.222891426963376,0.191439626593958,0.198798498578782
599,0.596324170558622,0.181025063276694,0.222081350052879,0.192088479379025,0.167291481291287,0.156400988328558
372,0.435141512434088,0.149807763529887,0.155233599845476,0.217294683481912,0.140279459933373,0.140279459933373
706,0.596324170558622,0.220471637257467,0.200188610986799,0.250466494772263,0.140279459933373,0.140279459933373
384,0.434198112267997,0.173835068385563,0.179875784505171,0.207376318697083,0.150148946700048,0.141333283747465
931,0.619367756469412,0.274713840722163,0.255943411389996,0.255943411389996,0.177071557205383,0.199491561253654
760,0.616713692539713,0.242414171861771,0.217294683481912,0.298944182722262,0.156796455796649,0.140801836156987
320,0.422838791105066,0.165403320798019,0.140279459933373,0.196066256873814,0.140279459933373,0.141873944585676
694,0.615828741507218,0.23977753355553,0.238033800236652,0.265239772398733,0.165403320798019,0.140801836156987
750,0.624672424998259,0.261497815323131,0.237166246337142,0.232872971194181,0.160502026996677,0.144424803121843
185,0.490923390673098,0.140279459933373,0.140279459933373,0.167772573247934,0.140279459933373,0.147497624383717
735,0.608744246353995,0.254108759679802,0.218083551882790,0.251373586915138,0.181605650010004,0.158002143279100
842,0.623788627185174,0.264301525715948,0.240653643199231,0.229493730258852,0.193398287644562,0.140279459933373
172,0.4964219650051,0.140279459933373,0.173309128978783,0.200889639762023,0.140279459933373,0.147497624383717
669,0.590102705627282,0.229493730258852,0.257786672914962,0.214175622695954,0.163123316426449,0.140279459933373
423,0.521923099581909,0.207376318697083,0.219672052767678,0.232023448734304,0.172268685450245,0.145018731380577
844,0.63703309779987,0.23977753355553,0.188884569174318,0.266179795115631,0.160077057692081,0.151897993103576
830,0.646729776551258,0.258711437790672,0.246862287018223,0.212638240623736,0.154850743467635,0.140279459933373
764,0.613173084606865,0.233725581744281,0.178181472416481,0.243298519444439,0.149469410107982,0.140279459933373
723,0.61405843859737,0.233725581744281,0.229493730258852,0.214949882112267,0.170736402643872,0.184568357977156
686,0.598988114480156,0.224521889216861,0.258711437790672,0.212638240623736,0.140279459933373,0.190154027575454
687,0.610516199655431,0.238904240888872,0.211875157547888,0.226992939983781,0.140279459933373,0.177071557205383
793,0.61405843859737,0.269010148553487,0.258711437790672,0.226992939983781,0.164940248736627,0.140279459933373
860,0.638797087949753,0.245075200706715,0.255943411389996,0.232872971194181,0.161797245314680,0.185172899926102
225,0.597212308466731,0.140279459933373,0.140279459933373,0.225342219919308,0.140279459933373,0.160077057692081
932,0.666966416344732,0.277585234113443,0.262430509724191,0.265239772398733,0.181025063276694,0.159237162188545
836,0.653774177471793,0.274713840722163,0.210360301592275,0.253194757033311,0.177624558944457,0.156796455796649
636,0.578526502286961,0.261497815323131,0.265239772398733,0.249561781327291,0.167291481291287,0.140279459933373
883,0.645848781067736,0.245967461561916,0.241532534498303,0.175435913518267,0.193398287644562,0.185172899926102
768,0.603424944919196,0.23033379664679,0.238033800236652,0.244185541162083,0.156796455796649,0.153350162717428
810,0.659053485350326,0.26336509235663,0.238033800236652,0.219672052767678,0.145018731380577,0.168745733831007
164,0.462295554374572,0.140279459933373,0.155619579790919,0.209608564537159,0.148801114525785,0.171754154191287
742,0.629089586309926,0.252283020211930,0.207376318697083,0.267121556704060,0.175435913518267,0.154094323280450
843,0.638797087949753,0.255024990396885,0.228656878414890,0.257786672914962,0.146862120354825,0.143552645462116
618,0.543597713584787,0.278545025785751,0.232023448734304,0.275669606701894,0.159237162188545,0.153350162717428
730,0.617598511353537,0.205907447843523,0.23977753355553,0.245967461561916,0.144131604573628,0.195393227873188
846,0.657294084136253,0.271855157449252,0.284329312589461,0.241532534498303,0.211115838461421,0.140279459933373
821,0.644967683931748,0.334444602573969,0.292100571713878,0.306802338059224,0.192741366843982,0.211875157547888
724,0.582982412426427,0.212638240623736,0.217294683481912,0.159655442358187,0.140279459933373,0.155619579790919
345,0.442671323317129,0.179307075461499,0.180448444205294,0.181025063276694,0.143840891542185,0.171754154191287
840,0.610516199655431,0.255943411389996,0.247759640188542,0.177071557205383,0.167772573247934,0.154470991130581
900,0.647610671197383,0.283362392853609,0.286266334773665,0.255943411389996,0.175435913518267,0.175435913518267
431,0.462295554374572,0.194059239855938,0.153720720340875,0.229493730258852,0.140279459933373,0.184568357977156
534,0.487250452013843,0.189517281185082,0.170233153496669,0.190154027575454,0.172268685450245,0.140279459933373
454,0.691543175287256,0.26806502014066,0.225342219919308,0.373747820375976,0.382505251364152,0.262430509724191
169,0.500080663267207,0.153720720340875,0.145018731380577,0.206639944148685,0.157597013980819,0.156400988328558
747,0.635268667058686,0.258711437790672,0.217294683481912,0.289179343702615,0.142702524367706,0.147178535004063
947,0.6678452031824,0.254108759679802,0.273759486818862,0.203016510694019,0.140279459933373,0.177624558944457
766,0.619367756469412,0.285297304030371,0.242414171861771,0.265239772398733,0.193398287644562,0.226992939983781
647,0.592770024376564,0.244185541162083,0.205178843545358,0.222081350052879,0.155233599845476,0.189517281185082
888,0.634386284250911,0.243298519444439,0.292100571713878,0.185781454960399,0.162235816543637,0.140279459933373
725,0.611401966215199,0.244185541162083,0.253194757033311,0.229493730258852,0.168745733831007,0.151897993103576
684,0.604311860230174,0.225342219919308,0.257786672914962,0.231177046607856,0.157597013980819,0.140279459933373
878,0.650252758171119,0.317648619366148,0.285297304030371,0.251373586915138,0.149133866930996,0.140279459933373
169,0.365932579194558,0.148471133452426,0.140279459933373,0.269010148553487,0.140279459933373,0.149807763529887
313,0.423788147113161,0.157195124574254,0.210360301592275,0.156008702799071,0.140279459933373,0.140279459933373
865,0.620252184825136,0.235439936165745,0.232023448734304,0.218083551882790,0.173835068385563,0.179307075461499
153,0.439851241970584,0.140279459933373,0.176522456496951,0.182778757451073,0.148471133452426,0.149807763529887
731,0.600763302119727,0.204454144375473,0.217294683481912,0.212638240623736,0.140279459933373,0.200188610986799
653,0.607858057407542,0.220471637257467,0.194724220966719,0.224521889216861,0.171754154191287,0.140279459933373
682,0.595435874427052,0.208860644258667,0.205907447843523,0.244185541162083,0.146548361254107,0.140279459933373
790,0.648491465815105,0.259638241659144,0.235439936165745,0.275669606701894,0.170233153496669,0.174364837136968
706,0.612287594171303,0.208116557082828,0.195393227873188,0.237166246337142,0.168745733831007,0.140279459933373
736,0.626439652176295,0.260567046745838,0.26336509235663,0.236301613614802,0.144720505822661,0.164940248736627
810,0.636150937944643,0.253194757033311,0.177071557205383,0.277585234113443,0.140801836156987,0.155619579790919
648,0.593658802575914,0.202303599215116,0.217294683481912,0.234581247743386,0.140279459933373,0.140279459933373
796,0.650252758171119,0.260567046745838,0.249561781327291,0.214175622695954,0.180448444205294,0.142702524367706
326,0.416179118323367,0.140279459933373,0.140279459933373,0.197424363331222,0.140279459933373,0.146862120354825
775,0.59454741884471,0.397013246974146,0.374722731821464,0.347271459448055,0.266179795115631,0.231177046607856
777,0.622904705251892,0.217294683481912,0.249561781327291,0.237166246337142,0.140279459933373,0.163123316426449
640,0.619367756469412,0.225342219919308,0.245075200706715,0.209608564537159,0.143266847840142,0.140279459933373
657,0.61494365721071,0.238904240888872,0.193398287644562,0.262430509724191,0.147178535004063,0.192741366843982
667,0.59454741884471,0.325551793923222,0.297964434643167,0.308771540986705,0.175977245746161,0.172268685450245
812,0.595435874427052,0.293075998312143,0.255943411389996,0.255024990396885,0.185781454960399,0.204454144375473
672,0.578526502286961,0.222081350052879,0.215727826366646,0.158002143279100,0.160930368981928,0.150839880430613
710,0.597212308466731,0.206639944148685,0.214949882112267,0.234581247743386,0.140279459933373,0.148471133452426
793,0.641442262346675,0.267121556704060,0.269010148553487,0.253194757033311,0.161797245314680,0.158410531669826
669,0.605198627992826,0.202303599215116,0.206639944148685,0.229493730258852,0.158002143279100,0.140279459933373
757,0.599875784998553,0.242414171861771,0.221274744825972,0.251373586915138,0.148801114525785,0.178742307944130
690,0.606085249352797,0.322587416871138,0.312714190948075,0.294052217151829,0.191439626593958,0.149469410107982
829,0.604311860230174,0.241532534498303,0.237166246337142,0.250466494772263,0.173309128978783,0.140279459933373
189,0.546296562840502,0.155619579790919,0.162677834203278,0.208860644258667,0.140279459933373,0.150839880430613
640,0.561550463611059,0.200188610986799,0.227823271636467,0.219672052767678,0.179875784505171,0.159237162188545
373,0.43702685358426,0.188255890082703,0.211875157547888,0.222891426963376,0.140279459933373,0.140279459933373
710,0.628206394540431,0.311728055196152,0.284329312589461,0.289179343702615,0.208860644258667,0.142423961905656
769,0.629972659733243,0.194059239855938,0.23033379664679,0.182190212262849,0.173835068385563,0.140279459933373
785,0.61405843859737,0.278545025785751,0.224521889216861,0.261497815323131,0.176522456496951,0.142702524367706
753,0.637915147508898,0.258711437790672,0.253194757033311,0.248659484023583,0.150148946700048,0.179875784505171
666,0.612287594171303,0.352194131843378,0.326539995183568,0.343328438016707,0.201594638931909,0.200889639762023
223,0.675750628954486,0.211875157547888,0.150148946700048,0.385415796280043,0.429473753439024,0.276626749501763
434,0.691543175287256,0.243298519444439,0.249561781327291,0.322587416871138,0.313700605163659,0.204454144375473
704,0.627323083479833,0.241532534498303,0.180448444205294,0.234581247743386,0.142423961905656,0.158002143279100
770,0.635268667058686,0.269956905233921,0.257786672914962,0.245075200706715,0.140279459933373,0.140279459933373
816,0.629089586309926,0.236301613614802,0.203016510694019,0.251373586915138,0.170233153496669,0.183371292540019
956,0.632621179272578,0.267121556704060,0.281431899695417,0.264301525715948,0.164480729737195,0.167772573247934
748,0.622020658211421,0.240653643199231,0.222891426963376,0.228656878414890,0.172268685450245,0.190794809258731
980,0.62555609967103,0.296006914761259,0.276626749501763,0.300905518027404,0.16634019279706,0.154470991130581
826,0.636150937944643,0.282396577544332,0.279506090033501,0.227823271636467,0.221274744825972,0.140279459933373
724,0.695926026550246,0.289179343702615,0.271855157449252,0.245967461561916,0.322587416871138,0.236301613614802
800,0.61405843859737,0.195393227873188,0.188884569174318,0.26806502014066,0.140279459933373,0.167291481291287
660,0.778087608528583,0.305818349289740,0.249561781327291,0.419987692000204,0.447362019176649,0.297964434643167
788,0.61494365721071,0.224521889216861,0.247759640188542,0.184568357977156,0.170736402643872,0.140279459933373
793,0.630855615748439,0.244185541162083,0.277585234113443,0.160502026996677,0.167772573247934,0.140279459933373
172,0.532779695838002,0.144720505822661,0.191439626593958,0.194724220966719,0.147819407725247,0.140279459933373
809,0.676628615387707,0.279506090033501,0.264301525715948,0.212638240623736,0.164024746412181,0.194724220966719
763,0.602537880906253,0.178181472416481,0.217294683481912,0.221274744825972,0.158410531669826,0.194724220966719
688,0.597212308466731,0.212638240623736,0.184568357977156,0.26806502014066,0.140279459933373,0.140279459933373
756,0.623788627185174,0.256863984839407,0.243298519444439,0.249561781327291,0.165869963138432,0.172268685450245
694,0.608744246353995,0.297964434643167,0.299924552865763,0.290152214217331,0.277585234113443,0.173835068385563
684,0.600763302119727,0.243298519444439,0.203016510694019,0.229493730258852,0.177624558944457,0.162235816543637
546,0.618483198986599,0.23033379664679,0.238904240888872,0.168257318749387,0.140279459933373,0.140279459933373
846,0.66608754581422,0.286266334773665,0.257786672914962,0.269010148553487,0.164024746412181,0.183967824035887
848,0.629089586309926,0.276626749501763,0.226165913043895,0.283362392853609,0.174364837136968,0.194059239855938
766,0.622020658211421,0.26806502014066,0.278545025785751,0.220471637257467,0.196743303664015,0.170233153496669
779,0.612287594171303,0.26336509235663,0.249561781327291,0.261497815323131,0.153720720340875,0.205178843545358
423,0.436084425669404,0.140279459933373,0.174364837136968,0.204454144375473,0.140279459933373,0.149807763529887
861,0.646729776551258,0.245075200706715,0.272806580486754,0.235439936165745,0.177624558944457,0.140279459933373
688,0.633503788623644,0.235439936165745,0.247759640188542,0.279506090033501,0.140279459933373,0.169237834303805
740,0.628206394540431,0.221274744825972,0.214175622695954,0.244185541162083,0.156008702799071,0.151897993103576
918,0.676628615387707,0.271855157449252,0.245967461561916,0.292100571713878,0.144131604573628,0.156400988328558
788,0.618483198986599,0.245075200706715,0.240653643199231,0.264301525715948,0.196066256873814,0.140279459933373
916,0.671359527115958,0.284329312589461,0.26806502014066,0.23033379664679,0.182778757451073,0.147178535004063
781,0.585653817185493,0.224521889216861,0.23977753355553,0.204454144375473,0.158410531669826,0.149133866930996
808,0.609630293401202,0.247759640188542,0.254108759679802,0.214949882112267,0.178742307944130,0.190154027575454
754,0.61494365721071,0.241532534498303,0.226165913043895,0.222081350052879,0.159655442358187,0.145622826217966
756,0.59454741884471,0.204454144375473,0.213405068833102,0.208116557082828,0.156796455796649,0.164480729737195
832,0.604311860230174,0.247759640188542,0.220471637257467,0.222081350052879,0.140279459933373,0.142147774681471
796,0.646729776551258,0.248659484023583,0.255024990396885,0.196066256873814,0.140279459933373,0.165403320798019
172,0.522829369551227,0.148143904307162,0.221274744825972,0.145018731380577,0.173835068385563,0.154470991130581
786,0.62555609967103,0.23977753355553,0.243298519444439,0.249561781327291,0.143552645462116,0.140279459933373
831,0.607858057407542,0.297964434643167,0.26806502014066,0.275669606701894,0.142147774681471,0.189517281185082
899,0.627323083479833,0.284329312589461,0.261497815323131,0.242414171861771,0.199491561253654,0.181025063276694
900,0.649372161207369,0.253194757033311,0.209608564537159,0.252283020211930,0.146237238572002,0.160077057692081
640,0.604311860230174,0.23977753355553,0.205178843545358,0.252283020211930,0.16634019279706,0.140279459933373
878,0.649372161207369,0.251373586915138,0.253194757033311,0.218876016213984,0.165869963138432,0.143552645462116
610,0.595435874427052,0.328516409471957,0.316661303992259,0.316661303992259,0.193398287644562,0.140279459933373
717,0.606971725447777,0.207376318697083,0.200889639762023,0.270905253648299,0.140279459933373,0.146862120354825
851,0.658173830133798,0.241532534498303,0.199491561253654,0.246862287018223,0.154094323280450,0.195393227873188
719,0.622904705251892,0.249561781327291,0.222081350052879,0.253194757033311,0.169733635746363,0.140279459933373
669,0.598988114480156,0.246862287018223,0.235439936165745,0.200188610986799,0.143552645462116,0.16634019279706
655,0.605198627992826,0.244185541162083,0.248659484023583,0.177071557205383,0.182190212262849,0.159655442358187
800,0.606085249352797,0.246862287018223,0.269010148553487,0.246862287018223,0.175977245746161,0.181025063276694
537,0.615828741507218,0.223704949036996,0.245075200706715,0.260567046745838,0.165403320798019,0.140279459933373
870,0.622020658211421,0.266179795115631,0.231177046607856,0.245075200706715,0.182190212262849,0.172787005806565
890,0.659933050519219,0.264301525715948,0.225342219919308,0.275669606701894,0.140279459933373,0.140279459933373
690,0.606085249352797,0.375697185802696,0.351210191887716,0.33543232376894,0.214175622695954,0.141602453589765
759,0.606085249352797,0.242414171861771,0.189517281185082,0.262430509724191,0.16634019279706,0.169237834303805
724,0.588323660284695,0.221274744825972,0.232023448734304,0.249561781327291,0.144424803121843,0.146237238572002
173,0.522829369551227,0.140279459933373,0.183967824035887,0.202303599215116,0.140279459933373,0.154850743467635
745,0.622020658211421,0.238904240888872,0.214175622695954,0.247759640188542,0.151897993103576,0.166814026627726
387,0.417132025922147,0.152256565618780,0.217294683481912,0.184568357977156,0.140279459933373,0.169733635746363
887,0.650252758171119,0.259638241659144,0.226992939983781,0.288207386188063,0.180448444205294,0.140279459933373
768,0.616713692539713,0.246862287018223,0.181605650010004,0.299924552865763,0.164940248736627,0.140279459933373
760,0.636150937944643,0.269956905233921,0.231177046607856,0.291125967010989,0.164940248736627,0.140279459933373
164,0.480808424194665,0.145622826217966,0.174898448025698,0.190154027575454,0.146548361254107,0.161362102255135
652,0.68364980472056,0.343328438016707,0.306802338059224,0.317648619366148,0.234581247743386,0.178742307944130
862,0.617598511353537,0.227823271636467,0.253194757033311,0.211875157547888,0.154094323280450,0.200188610986799
752,0.628206394540431,0.252283020211930,0.213405068833102,0.261497815323131,0.177624558944457,0.140279459933373
307,0.701183347132507,0.277585234113443,0.203016510694019,0.327528205863718,0.341355528691973,0.226165913043895
179,0.542697607586951,0.140279459933373,0.140279459933373,0.193398287644562,0.14298348025674,0.145018731380577
968,0.652893966371437,0.270905253648299,0.259638241659144,0.242414171861771,0.140279459933373,0.171243398019944
167,0.522829369551227,0.145018731380577,0.144424803121843,0.245075200706715,0.140279459933373,0.151897993103576
720,0.596324170558622,0.211115838461421,0.234581247743386,0.293075998312143,0.171243398019944,0.175977245746161
931,0.623788627185174,0.294052217151829,0.275669606701894,0.267121556704060,0.201594638931909,0.146862120354825
171,0.384446102799712,0.144720505822661,0.219672052767678,0.152618104976752,0.140279459933373,0.140279459933373
566,0.69417308126887,0.275669606701894,0.226992939983781,0.37179664134119,0.410450927071570,0.284329312589461
683,0.599875784998553,0.200188610986799,0.216509434133377,0.185781454960399,0.143266847840142,0.160502026996677
589,0.555277339714655,0.222081350052879,0.198109430350217,0.219672052767678,0.169237834303805,0.140279459933373
795,0.598100289370352,0.255943411389996,0.260567046745838,0.269956905233921,0.180448444205294,0.140279459933373
763,0.622020658211421,0.26806502014066,0.235439936165745,0.236301613614802,0.171754154191287,0.155619579790919
736,0.612287594171303,0.237166246337142,0.247759640188542,0.205178843545358,0.187010622123131,0.140279459933373
217,0.448298759169222,0.142702524367706,0.179875784505171,0.140279459933373,0.140279459933373,0.178742307944130
718,0.608744246353995,0.248659484023583,0.228656878414890,0.233725581744281,0.203016510694019,0.160930368981928
695,0.626439652176295,0.228656878414890,0.211115838461421,0.238033800236652,0.175977245746161,0.171754154191287
740,0.604311860230174,0.243298519444439,0.196066256873814,0.257786672914962,0.175977245746161,0.183967824035887
775,0.621136485069615,0.334444602573969,0.278545025785751,0.33543232376894,0.140279459933373,0.214175622695954
797,0.598100289370352,0.238904240888872,0.216509434133377,0.260567046745838,0.152618104976752,0.151897993103576
720,0.615828741507218,0.234581247743386,0.227823271636467,0.214175622695954,0.157597013980819,0.140279459933373
825,0.636150937944643,0.262430509724191,0.266179795115631,0.291125967010989,0.168745733831007,0.140279459933373
779,0.627323083479833,0.244185541162083,0.222081350052879,0.235439936165745,0.160930368981928,0.140279459933373
191,0.560654953573793,0.140279459933373,0.177624558944457,0.170736402643872,0.140279459933373,0.175435913518267
807,0.633503788623644,0.260567046745838,0.245075200706715,0.278545025785751,0.164940248736627,0.140279459933373
667,0.57763477259731,0.324563618926047,0.326539995183568,0.281431899695417,0.188884569174318,0.232023448734304
372,0.59099197716754,0.293075998312143,0.277585234113443,0.33543232376894,0.297964434643167,0.162677834203278
387,0.438910260048710,0.167772573247934,0.197424363331222,0.164480729737195,0.154470991130581,0.146237238572002
723,0.619367756469412,0.232023448734304,0.253194757033311,0.222081350052879,0.191439626593958,0.140279459933373
762,0.641442262346675,0.275669606701894,0.226165913043895,0.221274744825972,0.201594638931909,0.157195124574254
795,0.647610671197383,0.251373586915138,0.255024990396885,0.243298519444439,0.160077057692081,0.140279459933373
738,0.599875784998553,0.226992939983781,0.234581247743386,0.208116557082828,0.140279459933373,0.185781454960399
632,0.597212308466731,0.220471637257467,0.23977753355553,0.231177046607856,0.205907447843523,0.183371292540019
813,0.657294084136253,0.314687276192053,0.282396577544332,0.294052217151829,0.187631241909896,0.199491561253654
463,0.684527124733494,0.278545025785751,0.204454144375473,0.461365530470573,0.490005705397473,0.328516409471957
843,0.599875784998553,0.203733362812729,0.189517281185082,0.228656878414890,0.160077057692081,0.145319498566922
987,0.630855615748439,0.254108759679802,0.222891426963376,0.259638241659144,0.178181472416481,0.180448444205294
640,0.602537880906253,0.224521889216861,0.199491561253654,0.246862287018223,0.173309128978783,0.140279459933373
962,0.655534316836593,0.251373586915138,0.243298519444439,0.256863984839407,0.151189670120080,0.184568357977156
883,0.658173830133798,0.276626749501763,0.262430509724191,0.249561781327291,0.140539522938054,0.193398287644562
322,0.454843116219575,0.180448444205294,0.165869963138432,0.215727826366646,0.157195124574254,0.173309128978783
746,0.596324170558622,0.228656878414890,0.202303599215116,0.279506090033501,0.140279459933373,0.172268685450245
338,0.451106215483896,0.189517281185082,0.164940248736627,0.218876016213984,0.152256565618780,0.199491561253654
690,0.597212308466731,0.212638240623736,0.229493730258852,0.226992939983781,0.141333283747465,0.140279459933373
698,0.634386284250911,0.175435913518267,0.240653643199231,0.145018731380577,0.174364837136968,0.157195124574254
152,0.438910260048710,0.140279459933373,0.189517281185082,0.208860644258667,0.140279459933373,0.140279459933373
951,0.629972659733243,0.293075998312143,0.299924552865763,0.273759486818862,0.160930368981928,0.192088479379025
810,0.659933050519219,0.245075200706715,0.266179795115631,0.243298519444439,0.174898448025698,0.181605650010004
950,0.629089586309926,0.313700605163659,0.285297304030371,0.255943411389996,0.187010622123131,0.165403320798019
895,0.631738455286738,0.328516409471957,0.312714190948075,0.288207386188063,0.213405068833102,0.179875784505171
687,0.613173084606865,0.219672052767678,0.232872971194181,0.207376318697083,0.159237162188545,0.140279459933373
821,0.608744246353995,0.254108759679802,0.165403320798019,0.258711437790672,0.151189670120080,0.140279459933373
729,0.598988114480156,0.247759640188542,0.213405068833102,0.248659484023583,0.148801114525785,0.160077057692081
889,0.628206394540431,0.26806502014066,0.276626749501763,0.194724220966719,0.170736402643872,0.192088479379025
928,0.624672424998259,0.249561781327291,0.254108759679802,0.198109430350217,0.172787005806565,0.140279459933373
905,0.637915147508898,0.243298519444439,0.231177046607856,0.258711437790672,0.149469410107982,0.140279459933373
527,0.569600673082815,0.261497815323131,0.222081350052879,0.269010148553487,0.164940248736627,0.187010622123131
413,0.450170855356869,0.187631241909896,0.193398287644562,0.211115838461421,0.152256565618780,0.180448444205294
237,0.611401966215199,0.140279459933373,0.164480729737195,0.211875157547888,0.140279459933373,0.160930368981928
319,0.411406907527978,0.160930368981928,0.217294683481912,0.196066256873814,0.140801836156987,0.177624558944457
744,0.608744246353995,0.290152214217331,0.240653643199231,0.282396577544332,0.192741366843982,0.149133866930996
679,0.622020658211421,0.23977753355553,0.200889639762023,0.223704949036996,0.140279459933373,0.140279459933373
748,0.638797087949753,0.206639944148685,0.204454144375473,0.257786672914962,0.148801114525785,0.140279459933373
751,0.616713692539713,0.318636108753548,0.269010148553487,0.264301525715948,0.188255890082703,0.177624558944457
692,0.613173084606865,0.232023448734304,0.225342219919308,0.222081350052879,0.177071557205383,0.154470991130581
763,0.606085249352797,0.227823271636467,0.23977753355553,0.299924552865763,0.148143904307162,0.176522456496951
751,0.648491465815105,0.284329312589461,0.248659484023583,0.269956905233921,0.144424803121843,0.175977245746161
821,0.638797087949753,0.265239772398733,0.238904240888872,0.280468392646033,0.192741366843982,0.170736402643872
637,0.624672424998259,0.247759640188542,0.227823271636467,0.26336509235663,0.140279459933373,0.173835068385563
763,0.645848781067736,0.278545025785751,0.201594638931909,0.265239772398733,0.140279459933373,0.207376318697083
782,0.656414246618719,0.26806502014066,0.251373586915138,0.237166246337142,0.148471133452426,0.140279459933373
710,0.607858057407542,0.208860644258667,0.234581247743386,0.184568357977156,0.169733635746363,0.140279459933373
244,0.394120687044045,0.148801114525785,0.144720505822661,0.232023448734304,0.140279459933373,0.152982630801945
819,0.621136485069615,0.270905253648299,0.256863984839407,0.250466494772263,0.202303599215116,0.183967824035887
723,0.615828741507218,0.221274744825972,0.231177046607856,0.26336509235663,0.158822198286243,0.140279459933373
784,0.631738455286738,0.302869127130412,0.232023448734304,0.306802338059224,0.203016510694019,0.173835068385563
382,0.447362019176649,0.168745733831007,0.198109430350217,0.172268685450245,0.163123316426449,0.150148946700048
231,0.613173084606865,0.164480729737195,0.156008702799071,0.235439936165745,0.140279459933373,0.184568357977156
263,0.579418047575081,0.272806580486754,0.140279459933373,0.524641044535778,0.561550463611059,0.409494432911366
806,0.634386284250911,0.255943411389996,0.200889639762023,0.250466494772263,0.153350162717428,0.198798498578782
675,0.611401966215199,0.225342219919308,0.244185541162083,0.218083551882790,0.166814026627726,0.181605650010004
771,0.619367756469412,0.252283020211930,0.269956905233921,0.221274744825972,0.148801114525785,0.16634019279706
306,0.436084425669404,0.182778757451073,0.171754154191287,0.182190212262849,0.143840891542185,0.140279459933373
946,0.65201365997105,0.257786672914962,0.291125967010989,0.212638240623736,0.141333283747465,0.198109430350217
811,0.630855615748439,0.248659484023583,0.247759640188542,0.242414171861771,0.172268685450245,0.140279459933373
747,0.615828741507218,0.231177046607856,0.254108759679802,0.216509434133377,0.158822198286243,0.145018731380577
687,0.630855615748439,0.229493730258852,0.202303599215116,0.249561781327291,0.158822198286243,0.140279459933373
392,0.43702685358426,0.173309128978783,0.140279459933373,0.225342219919308,0.140279459933373,0.174364837136968
386,0.450170855356869,0.195393227873188,0.198109430350217,0.181605650010004,0.140279459933373,0.158002143279100
961,0.652893966371437,0.301887051542692,0.291125967010989,0.312714190948075,0.217294683481912,0.199491561253654
711,0.569600673082815,0.236301613614802,0.226165913043895,0.246862287018223,0.140279459933373,0.164480729737195
850,0.623788627185174,0.244185541162083,0.223704949036996,0.210360301592275,0.190794809258731,0.163123316426449
823,0.644967683931748,0.274713840722163,0.26336509235663,0.289179343702615,0.168257318749387,0.212638240623736
608,0.484491855840873,0.196743303664015,0.144424803121843,0.174898448025698,0.156796455796649,0.140279459933373
232,0.595435874427052,0.187010622123131,0.189517281185082,0.242414171861771,0.188255890082703,0.150492979148870
745,0.677506525321988,0.280468392646033,0.249561781327291,0.214949882112267,0.148143904307162,0.169733635746363
874,0.65201365997105,0.269010148553487,0.265239772398733,0.23977753355553,0.183371292540019,0.168257318749387
744,0.619367756469412,0.246862287018223,0.259638241659144,0.225342219919308,0.215727826366646,0.16634019279706
651,0.588323660284695,0.242414171861771,0.221274744825972,0.258711437790672,0.145622826217966,0.154850743467635
301,0.44923503724365,0.207376318697083,0.238904240888872,0.190154027575454,0.196066256873814,0.181605650010004
421,0.472497848634527,0.199491561253654,0.201594638931909,0.161362102255135,0.142423961905656,0.152618104976752
546,0.677506525321988,0.224521889216861,0.210360301592275,0.222891426963376,0.164940248736627,0.173835068385563
817,0.610516199655431,0.253194757033311,0.222891426963376,0.253194757033311,0.155619579790919,0.192741366843982
194,0.566919113760625,0.160077057692081,0.154470991130581,0.196743303664015,0.149469410107982,0.161797245314680
398,0.437968797820157,0.170233153496669,0.192088479379025,0.212638240623736,0.140279459933373,0.165403320798019
817,0.637915147508898,0.253194757033311,0.16634019279706,0.273759486818862,0.151189670120080,0.170233153496669
167,0.521016538660012,0.140279459933373,0.171754154191287,0.201594638931909,0.140279459933373,0.151542367809210
789,0.61494365721071,0.232023448734304,0.272806580486754,0.220471637257467,0.168745733831007,0.146548361254107
699,0.593658802575914,0.214949882112267,0.228656878414890,0.255024990396885,0.140279459933373,0.179307075461499
732,0.621136485069615,0.255024990396885,0.222081350052879,0.277585234113443,0.155233599845476,0.167772573247934
846,0.63703309779987,0.269956905233921,0.260567046745838,0.234581247743386,0.172268685450245,0.183371292540019
718,0.624672424998259,0.245967461561916,0.220471637257467,0.212638240623736,0.16634019279706,0.159655442358187
588,0.680139802349038,0.237166246337142,0.253194757033311,0.218083551882790,0.174898448025698,0.161362102255135
831,0.622020658211421,0.210360301592275,0.251373586915138,0.185781454960399,0.190794809258731,0.16634019279706
671,0.607858057407542,0.225342219919308,0.226992939983781,0.247759640188542,0.159655442358187,0.151189670120080
902,0.617598511353537,0.260567046745838,0.235439936165745,0.248659484023583,0.169237834303805,0.143552645462116
761,0.635268667058686,0.260567046745838,0.273759486818862,0.221274744825972,0.210360301592275,0.167772573247934
816,0.623788627185174,0.247759640188542,0.240653643199231,0.238904240888872,0.170736402643872,0.140279459933373
696,0.688912670590823,0.26806502014066,0.226992939983781,0.247759640188542,0.182190212262849,0.196743303664015
863,0.656414246618719,0.276626749501763,0.232023448734304,0.269956905233921,0.186394027664835,0.174364837136968
670,0.590102705627282,0.210360301592275,0.250466494772263,0.225342219919308,0.184568357977156,0.176522456496951
817,0.618483198986599,0.237166246337142,0.247759640188542,0.281431899695417,0.180448444205294,0.213405068833102
233,0.599875784998553,0.140279459933373,0.172268685450245,0.153720720340875,0.140279459933373,0.162235816543637
870,0.624672424998259,0.300905518027404,0.284329312589461,0.265239772398733,0.190794809258731,0.140539522938054
286,0.40662186593712,0.166814026627726,0.145928733232941,0.248659484023583,0.140279459933373,0.157195124574254
754,0.617598511353537,0.211875157547888,0.279506090033501,0.190154027575454,0.168257318749387,0.170233153496669
168,0.486331294331022,0.140279459933373,0.145622826217966,0.167772573247934,0.140279459933373,0.140279459933373
835,0.61405843859737,0.253194757033311,0.215727826366646,0.243298519444439,0.173835068385563,0.150839880430613
725,0.626439652176295,0.364953752682284,0.32950458986508,0.301887051542692,0.175435913518267,0.160502026996677
409,0.467866722440866,0.191439626593958,0.216509434133377,0.176522456496951,0.145622826217966,0.179307075461499
747,0.582982412426427,0.224521889216861,0.234581247743386,0.173309128978783,0.170736402643872,0.159655442358187
828,0.646729776551258,0.271855157449252,0.250466494772263,0.23977753355553,0.181605650010004,0.140279459933373
879,0.656414246618719,0.290152214217331,0.292100571713878,0.269956905233921,0.187010622123131,0.184568357977156
735,0.605198627992826,0.229493730258852,0.245967461561916,0.197424363331222,0.162677834203278,0.140279459933373
807,0.622904705251892,0.205907447843523,0.246862287018223,0.205907447843523,0.181025063276694,0.151542367809210
751,0.605198627992826,0.258711437790672,0.208116557082828,0.261497815323131,0.147497624383717,0.169733635746363
572,0.609630293401202,0.258711437790672,0.247759640188542,0.255024990396885,0.160077057692081,0.175977245746161
744,0.603424944919196,0.231177046607856,0.191439626593958,0.218083551882790,0.164024746412181,0.177624558944457
718,0.643205181411445,0.236301613614802,0.23033379664679,0.235439936165745,0.181025063276694,0.219672052767678
759,0.619367756469412,0.216509434133377,0.186394027664835,0.246862287018223,0.140279459933373,0.140279459933373
702,0.626439652176295,0.222081350052879,0.248659484023583,0.194059239855938,0.163123316426449,0.164480729737195
864,0.650252758171119,0.23977753355553,0.259638241659144,0.257786672914962,0.180448444205294,0.140279459933373
886,0.618483198986599,0.231177046607856,0.226165913043895,0.221274744825972,0.174898448025698,0.149807763529887
808,0.627323083479833,0.233725581744281,0.232023448734304,0.236301613614802,0.179307075461499,0.189517281185082
775,0.608744246353995,0.233725581744281,0.262430509724191,0.211875157547888,0.146862120354825,0.164940248736627
780,0.602537880906253,0.235439936165745,0.244185541162083,0.229493730258852,0.173835068385563,0.169237834303805
261,0.634386284250911,0.152982630801945,0.185781454960399,0.247759640188542,0.140279459933373,0.140279459933373
791,0.604311860230174,0.250466494772263,0.296006914761259,0.222891426963376,0.183371292540019,0.181605650010004
243,0.606971725447777,0.140279459933373,0.140279459933373,0.606971725447777,0.661691913619881,0.490005705397473
827,0.630855615748439,0.264301525715948,0.211115838461421,0.242414171861771,0.223704949036996,0.151897993103576
1015,0.680139802349038,0.249561781327291,0.221274744825972,0.221274744825972,0.164940248736627,0.208860644258667
812,0.631738455286738,0.243298519444439,0.218876016213984,0.252283020211930,0.187010622123131,0.140279459933373
843,0.611401966215199,0.234581247743386,0.147497624383717,0.234581247743386,0.145928733232941,0.160930368981928
714,0.609630293401202,0.214949882112267,0.180448444205294,0.228656878414890,0.156796455796649,0.140279459933373
591,0.598100289370352,0.199491561253654,0.204454144375473,0.228656878414890,0.160077057692081,0.158410531669826
175,0.533682626160806,0.140279459933373,0.168257318749387,0.181025063276694,0.140279459933373,0.140279459933373
775,0.608744246353995,0.242414171861771,0.235439936165745,0.225342219919308,0.141333283747465,0.165869963138432
804,0.622904705251892,0.249561781327291,0.223704949036996,0.222891426963376,0.146237238572002,0.140279459933373
731,0.615828741507218,0.237166246337142,0.224521889216861,0.240653643199231,0.164024746412181,0.141602453589765
758,0.605198627992826,0.244185541162083,0.238904240888872,0.269956905233921,0.168257318749387,0.162677834203278
613,0.61494365721071,0.208116557082828,0.23977753355553,0.216509434133377,0.174364837136968,0.170736402643872
684,0.572280442910804,0.249561781327291,0.232872971194181,0.272806580486754,0.171754154191287,0.163123316426449
821,0.612287594171303,0.234581247743386,0.226165913043895,0.260567046745838,0.140279459933373,0.160930368981928
186,0.324563618926047,0.140279459933373,0.179307075461499,0.156400988328558,0.140279459933373,0.150492979148870
801,0.68364980472056,0.257786672914962,0.260567046745838,0.254108759679802,0.168745733831007,0.140279459933373
656,0.652893966371437,0.23033379664679,0.175435913518267,0.287236372741756,0.140279459933373,0.140279459933373
777,0.607858057407542,0.231177046607856,0.183967824035887,0.26336509235663,0.164024746412181,0.187631241909896
798,0.583873056414207,0.201594638931909,0.266179795115631,0.153350162717428,0.171754154191287,0.140279459933373
429,0.443610401564419,0.212638240623736,0.220471637257467,0.232023448734304,0.168745733831007,0.188255890082703
720,0.610516199655431,0.259638241659144,0.224521889216861,0.255943411389996,0.180448444205294,0.160077057692081
371,0.443610401564419,0.181605650010004,0.175435913518267,0.205907447843523,0.162677834203278,0.146548361254107
578,0.617598511353537,0.213405068833102,0.260567046745838,0.204454144375473,0.168257318749387,0.140279459933373
767,0.654654294039608,0.314687276192053,0.287236372741756,0.322587416871138,0.174898448025698,0.170233153496669
363,0.439851241970584,0.165869963138432,0.207376318697083,0.174898448025698,0.140279459933373,0.140279459933373
738,0.631738455286738,0.297964434643167,0.246862287018223,0.285297304030371,0.177624558944457,0.181025063276694
748,0.624672424998259,0.318636108753548,0.288207386188063,0.267121556704060,0.162235816543637,0.202303599215116
698,0.644967683931748,0.227823271636467,0.225342219919308,0.218876016213984,0.140279459933373,0.140279459933373
764,0.65113325749733,0.270905253648299,0.254108759679802,0.271855157449252,0.167772573247934,0.140279459933373
760,0.615828741507218,0.23977753355553,0.206639944148685,0.275669606701894,0.178181472416481,0.153350162717428
705,0.616713692539713,0.23033379664679,0.255943411389996,0.219672052767678,0.164940248736627,0.173835068385563
906,0.681017412481438,0.336419918223748,0.275669606701894,0.299924552865763,0.192088479379025,0.208116557082828
880,0.632621179272578,0.249561781327291,0.200889639762023,0.26336509235663,0.140279459933373,0.164024746412181
749,0.626439652176295,0.247759640188542,0.252283020211930,0.183371292540019,0.181025063276694,0.188884569174318
1022,0.655534316836593,0.302869127130412,0.337407372460796,0.387353706987488,0.258711437790672,0.233725581744281
684,0.59099197716754,0.218876016213984,0.192088479379025,0.232872971194181,0.157195124574254,0.140279459933373
709,0.616713692539713,0.249561781327291,0.226992939983781,0.243298519444439,0.183371292540019,0.159655442358187
773,0.643205181411445,0.228656878414890,0.249561781327291,0.243298519444439,0.154094323280450,0.183967824035887
379,0.443610401564419,0.191439626593958,0.229493730258852,0.140279459933373,0.140279459933373,0.157597013980819
835,0.630855615748439,0.238904240888872,0.23033379664679,0.257786672914962,0.16634019279706,0.140279459933373
733,0.593658802575914,0.173835068385563,0.212638240623736,0.182190212262849,0.171243398019944,0.172787005806565
824,0.638797087949753,0.257786672914962,0.246862287018223,0.253194757033311,0.175435913518267,0.140279459933373
846,0.630855615748439,0.273759486818862,0.254108759679802,0.284329312589461,0.140279459933373,0.140279459933373
268,0.420938564569721,0.183371292540019,0.146237238572002,0.196066256873814,0.140279459933373,0.140279459933373
818,0.632621179272578,0.345300444024283,0.361034414931008,0.281431899695417,0.198798498578782,0.220471637257467
802,0.630855615748439,0.272806580486754,0.234581247743386,0.200889639762023,0.157195124574254,0.156008702799071
207,0.585653817185493,0.140279459933373,0.190794809258731,0.198798498578782,0.16357228121085,0.169237834303805
771,0.648491465815105,0.248659484023583,0.282396577544332,0.213405068833102,0.192088479379025,0.164940248736627
793,0.634386284250911,0.272806580486754,0.266179795115631,0.220471637257467,0.170233153496669,0.192088479379025
770,0.617598511353537,0.228656878414890,0.211115838461421,0.226992939983781,0.175435913518267,0.178742307944130
731,0.602537880906253,0.246862287018223,0.170736402643872,0.225342219919308,0.143840891542185,0.176522456496951
891,0.606971725447777,0.389289635189169,0.367888982200334,0.33543232376894,0.212638240623736,0.164480729737195
176,0.536389829011528,0.140279459933373,0.154850743467635,0.209608564537159,0.140279459933373,0.140279459933373
173,0.533682626160806,0.141333283747465,0.213405068833102,0.174898448025698,0.140279459933373,0.140279459933373
349,0.44923503724365,0.147819407725247,0.199491561253654,0.140279459933373,0.140279459933373,0.140279459933373
815,0.641442262346675,0.265239772398733,0.301887051542692,0.205907447843523,0.198798498578782,0.160930368981928
625,0.588323660284695,0.222081350052879,0.221274744825972,0.211115838461421,0.140279459933373,0.187010622123131
760,0.646729776551258,0.251373586915138,0.220471637257467,0.258711437790672,0.143266847840142,0.175435913518267
898,0.652893966371437,0.262430509724191,0.253194757033311,0.222891426963376,0.156400988328558,0.198109430350217
882,0.647610671197383,0.26806502014066,0.23977753355553,0.275669606701894,0.158822198286243,0.172787005806565
749,0.573173308757861,0.217294683481912,0.207376318697083,0.208116557082828,0.181605650010004,0.176522456496951
667,0.582982412426427,0.241532534498303,0.23033379664679,0.203733362812729,0.214949882112267,0.217294683481912
349,0.442671323317129,0.182190212262849,0.204454144375473,0.205907447843523,0.140279459933373,0.146862120354825
763,0.618483198986599,0.228656878414890,0.23977753355553,0.222081350052879,0.174364837136968,0.153720720340875
826,0.644967683931748,0.257786672914962,0.232872971194181,0.247759640188542,0.171754154191287,0.140279459933373
811,0.603424944919196,0.253194757033311,0.250466494772263,0.218876016213984,0.150148946700048,0.171243398019944
334,0.438910260048710,0.173835068385563,0.174364837136968,0.214949882112267,0.140279459933373,0.142147774681471
356,0.468793774829766,0.199491561253654,0.189517281185082,0.23977753355553,0.142423961905656,0.140279459933373
898,0.643205181411445,0.269010148553487,0.247759640188542,0.272806580486754,0.149469410107982,0.194724220966719
615,0.611401966215199,0.255024990396885,0.215727826366646,0.196066256873814,0.160502026996677,0.175977245746161
990,0.597212308466731,0.248659484023583,0.252283020211930,0.274713840722163,0.173309128978783,0.140801836156987
770,0.618483198986599,0.246862287018223,0.259638241659144,0.228656878414890,0.155619579790919,0.162235816543637
778,0.601650667029677,0.236301613614802,0.232023448734304,0.259638241659144,0.162235816543637,0.142423961905656
366,0.670481068306923,0.192741366843982,0.237166246337142,0.178742307944130,0.163123316426449,0.140279459933373
806,0.626439652176295,0.237166246337142,0.247759640188542,0.246862287018223,0.175435913518267,0.168745733831007
394,0.420938564569721,0.156008702799071,0.188255890082703,0.191439626593958,0.140279459933373,0.162235816543637
914,0.644967683931748,0.340368763820501,0.340368763820501,0.341355528691973,0.238033800236652,0.168745733831007
687,0.592770024376564,0.316661303992259,0.278545025785751,0.26336509235663,0.198798498578782,0.141873944585676
776,0.604311860230174,0.247759640188542,0.254108759679802,0.225342219919308,0.16634019279706,0.170736402643872
674,0.606085249352797,0.26806502014066,0.256863984839407,0.266179795115631,0.176522456496951,0.159655442358187
887,0.636150937944643,0.254108759679802,0.255943411389996,0.294052217151829,0.178742307944130,0.193398287644562
721,0.657294084136253,0.249561781327291,0.255943411389996,0.257786672914962,0.161797245314680,0.152618104976752
785,0.637915147508898,0.241532534498303,0.23977753355553,0.275669606701894,0.190154027575454,0.140279459933373
218,0.476195411202944,0.140279459933373,0.186394027664835,0.220471637257467,0.140279459933373,0.140279459933373
881,0.68540437369446,0.257786672914962,0.327528205863718,0.383475920330798,0.188255890082703,0.157597013980819
353,0.439851241970584,0.153350162717428,0.175977245746161,0.211115838461421,0.153720720340875,0.140279459933373
937,0.619367756469412,0.245967461561916,0.226992939983781,0.235439936165745,0.188884569174318,0.205907447843523
716,0.578526502286961,0.194724220966719,0.198798498578782,0.214175622695954,0.169733635746363,0.152256565618780
709,0.623788627185174,0.215727826366646,0.238033800236652,0.196066256873814,0.140279459933373,0.140279459933373
828,0.592770024376564,0.227823271636467,0.214949882112267,0.203733362812729,0.185781454960399,0.140279459933373
931,0.631738455286738,0.288207386188063,0.26806502014066,0.23977753355553,0.150492979148870,0.156008702799071
474,0.622904705251892,0.146548361254107,0.208116557082828,0.208116557082828,0.174364837136968,0.157195124574254
805,0.607858057407542,0.258711437790672,0.222891426963376,0.203733362812729,0.171243398019944,0.140279459933373
347,0.416179118323367,0.155619579790919,0.151542367809210,0.191439626593958,0.140279459933373,0.140801836156987
812,0.629089586309926,0.264301525715948,0.231177046607856,0.228656878414890,0.164480729737195,0.181025063276694
692,0.620252184825136,0.229493730258852,0.240653643199231,0.208860644258667,0.173309128978783,0.140279459933373
842,0.623788627185174,0.254108759679802,0.247759640188542,0.252283020211930,0.140279459933373,0.162677834203278
334,0.419987692000204,0.154850743467635,0.202303599215116,0.182190212262849,0.154094323280450,0.142147774681471
795,0.61494365721071,0.273759486818862,0.266179795115631,0.259638241659144,0.174364837136968,0.162235816543637
748,0.582982412426427,0.203016510694019,0.245075200706715,0.217294683481912,0.156008702799071,0.182778757451073
231,0.602537880906253,0.156400988328558,0.173835068385563,0.214949882112267,0.140279459933373,0.179307075461499
640,0.574958463059337,0.194059239855938,0.226992939983781,0.200188610986799,0.157597013980819,0.140279459933373
819,0.644967683931748,0.290152214217331,0.260567046745838,0.212638240623736,0.191439626593958,0.167772573247934
711,0.638797087949753,0.373747820375976,0.36005360357005,0.343328438016707,0.245075200706715,0.191439626593958
892,0.621136485069615,0.237166246337142,0.194059239855938,0.269010148553487,0.140279459933373,0.143840891542185
776,0.639678919993987,0.269956905233921,0.278545025785751,0.270905253648299,0.182190212262849,0.154094323280450
382,0.419987692000204,0.173309128978783,0.192741366843982,0.192741366843982,0.140279459933373,0.140279459933373
796,0.636150937944643,0.226992939983781,0.257786672914962,0.228656878414890,0.157597013980819,0.140279459933373
251,0.620252184825136,0.140279459933373,0.160930368981928,0.212638240623736,0.140279459933373,0.151897993103576
767,0.656414246618719,0.304834801321944,0.281431899695417,0.238904240888872,0.176522456496951,0.176522456496951
175,0.529165277729617,0.140279459933373,0.178742307944130,0.200188610986799,0.140279459933373,0.162677834203278
679,0.610516199655431,0.23977753355553,0.236301613614802,0.238033800236652,0.154094323280450,0.160930368981928
848,0.619367756469412,0.226165913043895,0.228656878414890,0.234581247743386,0.140279459933373,0.150148946700048
726,0.565130393380684,0.217294683481912,0.204454144375473,0.212638240623736,0.170736402643872,0.222081350052879
843,0.619367756469412,0.235439936165745,0.238033800236652,0.203016510694019,0.154094323280450,0.163123316426449
713,0.593658802575914,0.225342219919308,0.23033379664679,0.228656878414890,0.149807763529887,0.157195124574254
738,0.629972659733243,0.226165913043895,0.187631241909896,0.285297304030371,0.153720720340875,0.142423961905656
721,0.604311860230174,0.240653643199231,0.23033379664679,0.202303599215116,0.179307075461499,0.144424803121843
654,0.584763524220902,0.257786672914962,0.214175622695954,0.292100571713878,0.220471637257467,0.170233153496669
620,0.624672424998259,0.226992939983781,0.23977753355553,0.228656878414890,0.156400988328558,0.140279459933373
811,0.648491465815105,0.267121556704060,0.273759486818862,0.237166246337142,0.197424363331222,0.170736402643872
687,0.598100289370352,0.225342219919308,0.214175622695954,0.229493730258852,0.152256565618780,0.158002143279100
744,0.616713692539713,0.229493730258852,0.244185541162083,0.228656878414890,0.159655442358187,0.158410531669826
488,0.597212308466731,0.309756707604237,0.294052217151829,0.271855157449252,0.206639944148685,0.140279459933373
842,0.631738455286738,0.255024990396885,0.202303599215116,0.293075998312143,0.186394027664835,0.189517281185082
890,0.638797087949753,0.33543232376894,0.303851718893881,0.308771540986705,0.210360301592275,0.186394027664835
777,0.638797087949753,0.262430509724191,0.255024990396885,0.192088479379025,0.167772573247934,0.173309128978783
156,0.454843116219575,0.140279459933373,0.140279459933373,0.187631241909896,0.140279459933373,0.147819407725247
712,0.627323083479833,0.284329312589461,0.264301525715948,0.231177046607856,0.200889639762023,0.140279459933373
411,0.6976787165068,0.246862287018223,0.267121556704060,0.264301525715948,0.240653643199231,0.185172899926102
727,0.636150937944643,0.218876016213984,0.190794809258731,0.284329312589461,0.140279459933373,0.172787005806565
708,0.568707020795868,0.213405068833102,0.236301613614802,0.185172899926102,0.177624558944457,0.153720720340875
603,0.608744246353995,0.269010148553487,0.255024990396885,0.220471637257467,0.187010622123131,0.158410531669826
620,0.617598511353537,0.235439936165745,0.228656878414890,0.23033379664679,0.141873944585676,0.140279459933373
842,0.657294084136253,0.248659484023583,0.276626749501763,0.207376318697083,0.178181472416481,0.153350162717428
151,0.442671323317129,0.140279459933373,0.140279459933373,0.214949882112267,0.140279459933373,0.16634019279706
538,0.564235724377818,0.202303599215116,0.198798498578782,0.218083551882790,0.140279459933373,0.152256565618780
684,0.622020658211421,0.200889639762023,0.205178843545358,0.238904240888872,0.140279459933373,0.140279459933373
959,0.696802403180819,0.302869127130412,0.316661303992259,0.278545025785751,0.192741366843982,0.203733362812729
220,0.592770024376564,0.178181472416481,0.200188610986799,0.162235816543637,0.151897993103576,0.140801836156987
717,0.649372161207369,0.274713840722163,0.257786672914962,0.276626749501763,0.140801836156987,0.147819407725247
760,0.615828741507218,0.260567046745838,0.241532534498303,0.188255890082703,0.170736402643872,0.198109430350217
745,0.604311860230174,0.285297304030371,0.235439936165745,0.301887051542692,0.222891426963376,0.190794809258731
767,0.61405843859737,0.200188610986799,0.244185541162083,0.179307075461499,0.153350162717428,0.143552645462116
391,0.4964219650051,0.187631241909896,0.211115838461421,0.161797245314680,0.166814026627726,0.177624558944457
816,0.658173830133798,0.255943411389996,0.262430509724191,0.255943411389996,0.168257318749387,0.140279459933373
738,0.620252184825136,0.23033379664679,0.218876016213984,0.23033379664679,0.147819407725247,0.157597013980819
834,0.592770024376564,0.247759640188542,0.264301525715948,0.244185541162083,0.155233599845476,0.158410531669826
411,0.462295554374572,0.148801114525785,0.148801114525785,0.214175622695954,0.148471133452426,0.151189670120080
871,0.604311860230174,0.256863984839407,0.267121556704060,0.203733362812729,0.164024746412181,0.140279459933373
698,0.620252184825136,0.264301525715948,0.227823271636467,0.264301525715948,0.142147774681471,0.160502026996677
694,0.609630293401202,0.234581247743386,0.238033800236652,0.229493730258852,0.192088479379025,0.140279459933373
746,0.606971725447777,0.256863984839407,0.218876016213984,0.276626749501763,0.164480729737195,0.142147774681471
752,0.630855615748439,0.273759486818862,0.253194757033311,0.23977753355553,0.185781454960399,0.189517281185082
739,0.611401966215199,0.216509434133377,0.265239772398733,0.177624558944457,0.175435913518267,0.140279459933373
247,0.583873056414207,0.341355528691973,0.307786743279463,0.298944182722262,0.181025063276694,0.194724220966719
711,0.602537880906253,0.229493730258852,0.200889639762023,0.269956905233921,0.148801114525785,0.145319498566922
718,0.600763302119727,0.246862287018223,0.199491561253654,0.245967461561916,0.160930368981928,0.184568357977156
700,0.566024855998128,0.357108931824631,0.324563618926047,0.294052217151829,0.232872971194181,0.219672052767678
816,0.645848781067736,0.279506090033501,0.223704949036996,0.32159942528535,0.185172899926102,0.183967824035887
737,0.597212308466731,0.235439936165745,0.198109430350217,0.238904240888872,0.140279459933373,0.185172899926102
801,0.622904705251892,0.259638241659144,0.223704949036996,0.213405068833102,0.167291481291287,0.222081350052879
617,0.581200590507501,0.234581247743386,0.202303599215116,0.182190212262849,0.156400988328558,0.173309128978783
764,0.626439652176295,0.242414171861771,0.237166246337142,0.241532534498303,0.171754154191287,0.170233153496669
337,0.474347434968947,0.205178843545358,0.161362102255135,0.212638240623736,0.140279459933373,0.141873944585676
792,0.644086484322101,0.271855157449252,0.236301613614802,0.223704949036996,0.188884569174318,0.142702524367706
169,0.469720411442728,0.175977245746161,0.161362102255135,0.197424363331222,0.147819407725247,0.175435913518267
756,0.610516199655431,0.254108759679802,0.171243398019944,0.295029198942614,0.166814026627726,0.140279459933373
848,0.645848781067736,0.274713840722163,0.26806502014066,0.262430509724191,0.162677834203278,0.147497624383717
823,0.63703309779987,0.208860644258667,0.218083551882790,0.23033379664679,0.173309128978783,0.154094323280450
848,0.641442262346675,0.260567046745838,0.269956905233921,0.278545025785751,0.178742307944130,0.140279459933373
732,0.603424944919196,0.240653643199231,0.197424363331222,0.266179795115631,0.158002143279100,0.207376318697083
343,0.440791745314472,0.192088479379025,0.140279459933373,0.228656878414890,0.140279459933373,0.140279459933373
854,0.629972659733243,0.259638241659144,0.281431899695417,0.228656878414890,0.198798498578782,0.232023448734304
726,0.619367756469412,0.223704949036996,0.211115838461421,0.214175622695954,0.148471133452426,0.154850743467635
677,0.603424944919196,0.231177046607856,0.209608564537159,0.256863984839407,0.142702524367706,0.202303599215116
789,0.631738455286738,0.246862287018223,0.204454144375473,0.291125967010989,0.143552645462116,0.180448444205294
853,0.655534316836593,0.303851718893881,0.272806580486754,0.232872971194181,0.196743303664015,0.184568357977156
792,0.640560644506718,0.232872971194181,0.211115838461421,0.258711437790672,0.140279459933373,0.146862120354825
871,0.619367756469412,0.256863984839407,0.278545025785751,0.217294683481912,0.161362102255135,0.173835068385563
622,0.602537880906253,0.254108759679802,0.246862287018223,0.238033800236652,0.157195124574254,0.162677834203278
839,0.61494365721071,0.345300444024283,0.328516409471957,0.358090854945044,0.265239772398733,0.290152214217331
819,0.699431155326687,0.280468392646033,0.237166246337142,0.312714190948075,0.140279459933373,0.145622826217966
931,0.611401966215199,0.271855157449252,0.281431899695417,0.193398287644562,0.214175622695954,0.181025063276694
760,0.637915147508898,0.242414171861771,0.258711437790672,0.224521889216861,0.148143904307162,0.140279459933373
673,0.598100289370352,0.208116557082828,0.160930368981928,0.226992939983781,0.171243398019944,0.168745733831007
824,0.613173084606865,0.269010148553487,0.247759640188542,0.299924552865763,0.192088479379025,0.145319498566922
853,0.620252184825136,0.231177046607856,0.238904240888872,0.238904240888872,0.146862120354825,0.160077057692081
709,0.624672424998259,0.254108759679802,0.26336509235663,0.223704949036996,0.14298348025674,0.160502026996677
353,0.424736999725661,0.165869963138432,0.175977245746161,0.176522456496951,0.147497624383717,0.140279459933373
659,0.598988114480156,0.273759486818862,0.278545025785751,0.211115838461421,0.164024746412181,0.140279459933373
845,0.622020658211421,0.238904240888872,0.246862287018223,0.198798498578782,0.199491561253654,0.167772573247934
169,0.43702685358426,0.140279459933373,0.140279459933373,0.609630293401202,0.664329550930648,0.502821101328797
781,0.619367756469412,0.227823271636467,0.256863984839407,0.285297304030371,0.140279459933373,0.180448444205294
162,0.585653817185493,0.310742219942023,0.285297304030371,0.298944182722262,0.140279459933373,0.159237162188545
274,0.629089586309926,0.160930368981928,0.164480729737195,0.23033379664679,0.157195124574254,0.174898448025698
373,0.429473753439024,0.168257318749387,0.169237834303805,0.218876016213984,0.140279459933373,0.140279459933373
397,0.470646634478409,0.222081350052879,0.147497624383717,0.26806502014066,0.142423961905656,0.140279459933373
885,0.622904705251892,0.294052217151829,0.277585234113443,0.288207386188063,0.254108759679802,0.160077057692081
212,0.598100289370352,0.283362392853609,0.255943411389996,0.35612665264182,0.357108931824631,0.237166246337142
733,0.608744246353995,0.222081350052879,0.235439936165745,0.165403320798019,0.149807763529887,0.179307075461499
764,0.616713692539713,0.252283020211930,0.23977753355553,0.222891426963376,0.158822198286243,0.186394027664835
754,0.751032582448925,0.201594638931909,0.205907447843523,0.197424363331222,0.197424363331222,0.179307075461499
694,0.586543936638165,0.208860644258667,0.246862287018223,0.217294683481912,0.146237238572002,0.156796455796649
452,0.567813168189284,0.274713840722163,0.266179795115631,0.291125967010989,0.193398287644562,0.181605650010004
669,0.641442262346675,0.269956905233921,0.280468392646033,0.253194757033311,0.148801114525785,0.178742307944130
768,0.620252184825136,0.23977753355553,0.232872971194181,0.170233153496669,0.175435913518267,0.141066417195949
650,0.596324170558622,0.262430509724191,0.253194757033311,0.266179795115631,0.178181472416481,0.194724220966719
615,0.659053485350326,0.248659484023583,0.23033379664679,0.202303599215116,0.177071557205383,0.142147774681471
178,0.540896650628897,0.140279459933373,0.174364837136968,0.186394027664835,0.140279459933373,0.170736402643872
240,0.616713692539713,0.148143904307162,0.144720505822661,0.245967461561916,0.150492979148870,0.159237162188545
933,0.659053485350326,0.411406907527978,0.370820382306947,0.384446102799712,0.234581247743386,0.178181472416481
784,0.613173084606865,0.226992939983781,0.257786672914962,0.190154027575454,0.151189670120080,0.151897993103576
843,0.586543936638165,0.305818349289740,0.279506090033501,0.209608564537159,0.201594638931909,0.196066256873814
784,0.61494365721071,0.234581247743386,0.196066256873814,0.224521889216861,0.187631241909896,0.194059239855938
627,0.615828741507218,0.251373586915138,0.178181472416481,0.269956905233921,0.182190212262849,0.140279459933373
853,0.616713692539713,0.255943411389996,0.234581247743386,0.259638241659144,0.185781454960399,0.148143904307162
701,0.616713692539713,0.219672052767678,0.192088479379025,0.296985336054750,0.140279459933373,0.157195124574254
369,0.450170855356869,0.167772573247934,0.190154027575454,0.177071557205383,0.182190212262849,0.150148946700048
411,0.438910260048710,0.167291481291287,0.158822198286243,0.194724220966719,0.154850743467635,0.151897993103576
575,0.59454741884471,0.236301613614802,0.237166246337142,0.229493730258852,0.170736402643872,0.140279459933373
670,0.663450425192382,0.308771540986705,0.294052217151829,0.284329312589461,0.182190212262849,0.178742307944130
587,0.595435874427052,0.218083551882790,0.180448444205294,0.240653643199231,0.149133866930996,0.167291481291287
672,0.593658802575914,0.208860644258667,0.190154027575454,0.256863984839407,0.140279459933373,0.142702524367706
676,0.634386284250911,0.241532534498303,0.224521889216861,0.226992939983781,0.140279459933373,0.140279459933373
724,0.612287594171303,0.294052217151829,0.285297304030371,0.278545025785751,0.178181472416481,0.181605650010004
767,0.640560644506718,0.254108759679802,0.251373586915138,0.244185541162083,0.154470991130581,0.148143904307162
825,0.629972659733243,0.295029198942614,0.304834801321944,0.255024990396885,0.179875784505171,0.140279459933373
763,0.602537880906253,0.229493730258852,0.190154027575454,0.194724220966719,0.140279459933373,0.140279459933373
726,0.641442262346675,0.231177046607856,0.256863984839407,0.159655442358187,0.164480729737195,0.145018731380577
766,0.605198627992826,0.32159942528535,0.317648619366148,0.190154027575454,0.179875784505171,0.214949882112267
545,0.640560644506718,0.23033379664679,0.251373586915138,0.282396577544332,0.262430509724191,0.187631241909896
161,0.474347434968947,0.140279459933373,0.192741366843982,0.198109430350217,0.140279459933373,0.142147774681471
792,0.619367756469412,0.245075200706715,0.225342219919308,0.232872971194181,0.171243398019944,0.147497624383717
721,0.610516199655431,0.319623752397046,0.306802338059224,0.295029198942614,0.202303599215116,0.140279459933373
751,0.649372161207369,0.235439936165745,0.216509434133377,0.26336509235663,0.159655442358187,0.183967824035887
894,0.65201365997105,0.254108759679802,0.256863984839407,0.238033800236652,0.163123316426449,0.160502026996677
399,0.454843116219575,0.178181472416481,0.212638240623736,0.184568357977156,0.148471133452426,0.140279459933373
781,0.605198627992826,0.26336509235663,0.229493730258852,0.266179795115631,0.147819407725247,0.162677834203278
711,0.615828741507218,0.232872971194181,0.23977753355553,0.203016510694019,0.188255890082703,0.149807763529887
699,0.62555609967103,0.251373586915138,0.223704949036996,0.225342219919308,0.142423961905656,0.171754154191287
361,0.453909567952752,0.195393227873188,0.211115838461421,0.198798498578782,0.178181472416481,0.220471637257467
254,0.411406907527978,0.165869963138432,0.174898448025698,0.193398287644562,0.151542367809210,0.140279459933373
754,0.631738455286738,0.253194757033311,0.255943411389996,0.212638240623736,0.162235816543637,0.140279459933373
710,0.617598511353537,0.242414171861771,0.258711437790672,0.232023448734304,0.165403320798019,0.171754154191287
805,0.606971725447777,0.293075998312143,0.291125967010989,0.262430509724191,0.175435913518267,0.140279459933373
175,0.537291706764252,0.142702524367706,0.197424363331222,0.16357228121085,0.162677834203278,0.140279459933373
676,0.623788627185174,0.257786672914962,0.250466494772263,0.213405068833102,0.170233153496669,0.140279459933373
713,0.645848781067736,0.247759640188542,0.222891426963376,0.26336509235663,0.154470991130581,0.140279459933373
370,0.437968797820157,0.174364837136968,0.206639944148685,0.192088479379025,0.146548361254107,0.189517281185082
985,0.638797087949753,0.283362392853609,0.290152214217331,0.231177046607856,0.143552645462116,0.160930368981928
687,0.609630293401202,0.215727826366646,0.237166246337142,0.259638241659144,0.148143904307162,0.140279459933373
717,0.612287594171303,0.210360301592275,0.190794809258731,0.214949882112267,0.156796455796649,0.145018731380577
157,0.460435073421994,0.156400988328558,0.177071557205383,0.171243398019944,0.151897993103576,0.169733635746363
300,0.659933050519219,0.204454144375473,0.140279459933373,0.470646634478409,0.521923099581909,0.349241401529061
836,0.61494365721071,0.271855157449252,0.246862287018223,0.246862287018223,0.166814026627726,0.209608564537159
159,0.453909567952752,0.140279459933373,0.203016510694019,0.140279459933373,0.148143904307162,0.150148946700048
810,0.619367756469412,0.246862287018223,0.238904240888872,0.219672052767678,0.175435913518267,0.148471133452426
617,0.593658802575914,0.242414171861771,0.211875157547888,0.266179795115631,0.146548361254107,0.146237238572002
735,0.608744246353995,0.264301525715948,0.270905253648299,0.211875157547888,0.181025063276694,0.154850743467635
164,0.495506422283226,0.148801114525785,0.166814026627726,0.201594638931909,0.176522456496951,0.158002143279100
956,0.629089586309926,0.283362392853609,0.235439936165745,0.271855157449252,0.181605650010004,0.140801836156987
732,0.632621179272578,0.245967461561916,0.199491561253654,0.269010148553487,0.168257318749387,0.167772573247934
736,0.627323083479833,0.258711437790672,0.222081350052879,0.273759486818862,0.146862120354825,0.167291481291287
557,0.600763302119727,0.238033800236652,0.217294683481912,0.198109430350217,0.145622826217966,0.178742307944130
654,0.598988114480156,0.232872971194181,0.235439936165745,0.196743303664015,0.171754154191287,0.140279459933373
770,0.544497573622266,0.273759486818862,0.282396577544332,0.26336509235663,0.188255890082703,0.140279459933373
818,0.633503788623644,0.269010148553487,0.193398287644562,0.248659484023583,0.177624558944457,0.151897993103576
838,0.612287594171303,0.246862287018223,0.209608564537159,0.26806502014066,0.151542367809210,0.140279459933373
842,0.61494365721071,0.23033379664679,0.248659484023583,0.259638241659144,0.141333283747465,0.175435913518267
810,0.629972659733243,0.273759486818862,0.246862287018223,0.219672052767678,0.192088479379025,0.175977245746161
699,0.618483198986599,0.246862287018223,0.261497815323131,0.218083551882790,0.173309128978783,0.171754154191287
448,0.58030940985411,0.176522456496951,0.164940248736627,0.211875157547888,0.175435913518267,0.140279459933373
737,0.61405843859737,0.219672052767678,0.218083551882790,0.190794809258731,0.164480729737195,0.190794809258731
684,0.582982412426427,0.241532534498303,0.244185541162083,0.267121556704060,0.159655442358187,0.163123316426449
754,0.599875784998553,0.253194757033311,0.261497815323131,0.208860644258667,0.179307075461499,0.160077057692081
769,0.641442262346675,0.26336509235663,0.241532534498303,0.256863984839407,0.152256565618780,0.182778757451073
779,0.627323083479833,0.234581247743386,0.255024990396885,0.181025063276694,0.178742307944130,0.176522456496951
208,0.585653817185493,0.154850743467635,0.179875784505171,0.16634019279706,0.149469410107982,0.147178535004063
395,0.478041795094857,0.169237834303805,0.140279459933373,0.240653643199231,0.140279459933373,0.144720505822661
814,0.621136485069615,0.218083551882790,0.194724220966719,0.248659484023583,0.140279459933373,0.185172899926102
784,0.628206394540431,0.249561781327291,0.229493730258852,0.238033800236652,0.149469410107982,0.188255890082703
772,0.624672424998259,0.222081350052879,0.216509434133377,0.257786672914962,0.140279459933373,0.140279459933373
820,0.634386284250911,0.264301525715948,0.270905253648299,0.234581247743386,0.209608564537159,0.162235816543637
762,0.644967683931748,0.260567046745838,0.250466494772263,0.245075200706715,0.173309128978783,0.189517281185082
197,0.59454741884471,0.238033800236652,0.214949882112267,0.320611530912211,0.336419918223748,0.234581247743386
802,0.620252184825136,0.241532534498303,0.26806502014066,0.259638241659144,0.162235816543637,0.156008702799071
737,0.613173084606865,0.262430509724191,0.218083551882790,0.294052217151829,0.146862120354825,0.140279459933373
742,0.630855615748439,0.260567046745838,0.246862287018223,0.260567046745838,0.169237834303805,0.177624558944457
338,0.467866722440866,0.208116557082828,0.198109430350217,0.182190212262849,0.16634019279706,0.149807763529887
208,0.514662297605807,0.294052217151829,0.193398287644562,0.457641082102348,0.49459052794554,0.338394673319409
366,0.428527399760189,0.203016510694019,0.166814026627726,0.229493730258852,0.173835068385563,0.152618104976752
801,0.579418047575081,0.350225945404854,0.338394673319409,0.300905518027404,0.248659484023583,0.209608564537159
800,0.606971725447777,0.246862287018223,0.211115838461421,0.260567046745838,0.169733635746363,0.140279459933373
761,0.628206394540431,0.269010148553487,0.269956905233921,0.198109430350217,0.178181472416481,0.169237834303805
812,0.630855615748439,0.221274744825972,0.219672052767678,0.228656878414890,0.179307075461499,0.145928733232941
413,0.463225147278761,0.162235816543637,0.140279459933373,0.212638240623736,0.140279459933373,0.143266847840142
691,0.623788627185174,0.233725581744281,0.240653643199231,0.246862287018223,0.190154027575454,0.198109430350217
806,0.620252184825136,0.278545025785751,0.221274744825972,0.282396577544332,0.148801114525785,0.146862120354825
755,0.649372161207369,0.245075200706715,0.236301613614802,0.274713840722163,0.174364837136968,0.203733362812729
154,0.451106215483896,0.164480729737195,0.207376318697083,0.145928733232941,0.16357228121085,0.140279459933373
772,0.609630293401202,0.277585234113443,0.249561781327291,0.232872971194181,0.176522456496951,0.170736402643872
756,0.62555609967103,0.248659484023583,0.282396577544332,0.242414171861771,0.147178535004063,0.145319498566922
894,0.61405843859737,0.245967461561916,0.231177046607856,0.221274744825972,0.159655442358187,0.140279459933373
202,0.573173308757861,0.146548361254107,0.168257318749387,0.241532534498303,0.140279459933373,0.140279459933373
159,0.446424815327873,0.140279459933373,0.184568357977156,0.182190212262849,0.140279459933373,0.140279459933373
732,0.62555609967103,0.244185541162083,0.184568357977156,0.245075200706715,0.141333283747465,0.140279459933373
872,0.63703309779987,0.257786672914962,0.245967461561916,0.241532534498303,0.140279459933373,0.158822198286243
365,0.435141512434088,0.190794809258731,0.186394027664835,0.235439936165745,0.150492979148870,0.140279459933373
838,0.608744246353995,0.298944182722262,0.266179795115631,0.300905518027404,0.190794809258731,0.142702524367706
794,0.617598511353537,0.238033800236652,0.203733362812729,0.229493730258852,0.157597013980819,0.152256565618780
774,0.659933050519219,0.298944182722262,0.270905253648299,0.275669606701894,0.171754154191287,0.144131604573628
321,0.66608754581422,0.219672052767678,0.160502026996677,0.412362374614871,0.469720411442728,0.292100571713878
752,0.601650667029677,0.237166246337142,0.260567046745838,0.208860644258667,0.192088479379025,0.140279459933373
772,0.622904705251892,0.227823271636467,0.232872971194181,0.238904240888872,0.165403320798019,0.149469410107982
594,0.595435874427052,0.192741366843982,0.174364837136968,0.26806502014066,0.162235816543637,0.156400988328558
803,0.601650667029677,0.240653643199231,0.241532534498303,0.23977753355553,0.140279459933373,0.211115838461421
681,0.609630293401202,0.238904240888872,0.220471637257467,0.232023448734304,0.155233599845476,0.157195124574254
407,0.462295554374572,0.170233153496669,0.175435913518267,0.219672052767678,0.144424803121843,0.173835068385563
648,0.605198627992826,0.226165913043895,0.206639944148685,0.218876016213984,0.145319498566922,0.145622826217966
804,0.629089586309926,0.245967461561916,0.244185541162083,0.249561781327291,0.160077057692081,0.171243398019944
778,0.615828741507218,0.237166246337142,0.248659484023583,0.214949882112267,0.140279459933373,0.181025063276694
714,0.616713692539713,0.219672052767678,0.218876016213984,0.243298519444439,0.147178535004063,0.173309128978783
618,0.624672424998259,0.287236372741756,0.208860644258667,0.291125967010989,0.224521889216861,0.175977245746161
766,0.611401966215199,0.221274744825972,0.23977753355553,0.199491561253654,0.185172899926102,0.157597013980819
661,0.585653817185493,0.210360301592275,0.221274744825972,0.207376318697083,0.151897993103576,0.143552645462116
741,0.597212308466731,0.210360301592275,0.238033800236652,0.233725581744281,0.148801114525785,0.174898448025698
851,0.626439652176295,0.26336509235663,0.260567046745838,0.201594638931909,0.188255890082703,0.201594638931909
815,0.626439652176295,0.262430509724191,0.265239772398733,0.245967461561916,0.16357228121085,0.140801836156987
745,0.570494126543261,0.247759640188542,0.198109430350217,0.273759486818862,0.178181472416481,0.140279459933373
521,0.528260989528785,0.224521889216861,0.188884569174318,0.232023448734304,0.158002143279100,0.154470991130581
218,0.56334084744967,0.141066417195949,0.147819407725247,0.232023448734304,0.140279459933373,0.185781454960399
666,0.598100289370352,0.23977753355553,0.204454144375473,0.233725581744281,0.170736402643872,0.153350162717428
829,0.593658802575914,0.222081350052879,0.226992939983781,0.229493730258852,0.165869963138432,0.140279459933373
664,0.616713692539713,0.210360301592275,0.206639944148685,0.208116557082828,0.158822198286243,0.140801836156987
985,0.693296511554413,0.363974517009122,0.362014841934518,0.399901217123282,0.284329312589461,0.198109430350217
271,0.472497848634527,0.140279459933373,0.199491561253654,0.203016510694019,0.148143904307162,0.140279459933373
186,0.540896650628897,0.171754154191287,0.150148946700048,0.202303599215116,0.164480729737195,0.142147774681471
373,0.476195411202944,0.180448444205294,0.14298348025674,0.236301613614802,0.156400988328558,0.174364837136968
778,0.615828741507218,0.264301525715948,0.218876016213984,0.270905253648299,0.165403320798019,0.140279459933373
668,0.587433883900336,0.234581247743386,0.150839880430613,0.256863984839407,0.140279459933373,0.178742307944130
774,0.61494365721071,0.255024990396885,0.261497815323131,0.232872971194181,0.196066256873814,0.167772573247934
788,0.596324170558622,0.278545025785751,0.317648619366148,0.284329312589461,0.172268685450245,0.140279459933373
806,0.600763302119727,0.217294683481912,0.255024990396885,0.202303599215116,0.176522456496951,0.141873944585676
691,0.626439652176295,0.222081350052879,0.259638241659144,0.176522456496951,0.150148946700048,0.191439626593958
777,0.659933050519219,0.259638241659144,0.240653643199231,0.271855157449252,0.190794809258731,0.241532534498303
630,0.587433883900336,0.197424363331222,0.205907447843523,0.211875157547888,0.141066417195949,0.142147774681471
899,0.622020658211421,0.249561781327291,0.242414171861771,0.232023448734304,0.140279459933373,0.140279459933373
818,0.630855615748439,0.275669606701894,0.259638241659144,0.269010148553487,0.182778757451073,0.154094323280450
630,0.590102705627282,0.431364974573073,0.400862850180983,0.419036311953547,0.343328438016707,0.344314559496454
660,0.644086484322101,0.26336509235663,0.276626749501763,0.223704949036996,0.179875784505171,0.155619579790919
885,0.682772413069105,0.26336509235663,0.250466494772263,0.255024990396885,0.143266847840142,0.185172899926102
266,0.420938564569721,0.165869963138432,0.177071557205383,0.178181472416481,0.140279459933373,0.171243398019944
794,0.628206394540431,0.232872971194181,0.257786672914962,0.220471637257467,0.160930368981928,0.151189670120080
792,0.645848781067736,0.259638241659144,0.233725581744281,0.247759640188542,0.160077057692081,0.196066256873814
765,0.622020658211421,0.262430509724191,0.249561781327291,0.255024990396885,0.167772573247934,0.157195124574254
166,0.490005705397473,0.140279459933373,0.145928733232941,0.194724220966719,0.148801114525785,0.140279459933373
843,0.573173308757861,0.319623752397046,0.280468392646033,0.273759486818862,0.240653643199231,0.181605650010004
784,0.61405843859737,0.209608564537159,0.258711437790672,0.191439626593958,0.159655442358187,0.182190212262849
766,0.608744246353995,0.255943411389996,0.208116557082828,0.223704949036996,0.168257318749387,0.195393227873188
191,0.525546453481271,0.157195124574254,0.140279459933373,0.210360301592275,0.144720505822661,0.146237238572002
809,0.627323083479833,0.258711437790672,0.203733362812729,0.274713840722163,0.169733635746363,0.140279459933373
888,0.642323774366231,0.285297304030371,0.258711437790672,0.251373586915138,0.190794809258731,0.151897993103576
703,0.59454741884471,0.228656878414890,0.190794809258731,0.207376318697083,0.157597013980819,0.140279459933373
311,0.457641082102348,0.200188610986799,0.178181472416481,0.238033800236652,0.164940248736627,0.181025063276694
451,0.513753336846181,0.202303599215116,0.223704949036996,0.198109430350217,0.16357228121085,0.151897993103576
534,0.529165277729617,0.237166246337142,0.190154027575454,0.253194757033311,0.140279459933373,0.178181472416481
773,0.619367756469412,0.232872971194181,0.187631241909896,0.255024990396885,0.140279459933373,0.207376318697083
708,0.58209159090975,0.273759486818862,0.267121556704060,0.193398287644562,0.181605650010004,0.173835068385563
572,0.579418047575081,0.303851718893881,0.254108759679802,0.233725581744281,0.185172899926102,0.140279459933373
803,0.642323774366231,0.244185541162083,0.229493730258852,0.255024990396885,0.140279459933373,0.140279459933373
816,0.603424944919196,0.286266334773665,0.278545025785751,0.234581247743386,0.206639944148685,0.16357228121085
270,0.603424944919196,0.26806502014066,0.221274744825972,0.37179664134119,0.377644706128292,0.281431899695417
607,0.63703309779987,0.270905253648299,0.237166246337142,0.260567046745838,0.182778757451073,0.140279459933373
664,0.612287594171303,0.220471637257467,0.218083551882790,0.220471637257467,0.155619579790919,0.147497624383717
828,0.605198627992826,0.285297304030371,0.255024990396885,0.26806502014066,0.149807763529887,0.154470991130581
664,0.583873056414207,0.211115838461421,0.204454144375473,0.158410531669826,0.140279459933373,0.167291481291287
824,0.633503788623644,0.280468392646033,0.276626749501763,0.209608564537159,0.179875784505171,0.200889639762023
768,0.623788627185174,0.233725581744281,0.218876016213984,0.214949882112267,0.146862120354825,0.140279459933373
633,0.578526502286961,0.232872971194181,0.240653643199231,0.228656878414890,0.209608564537159,0.177071557205383
790,0.633503788623644,0.265239772398733,0.256863984839407,0.248659484023583,0.190794809258731,0.168257318749387
175,0.376671178467619,0.140279459933373,0.187631241909896,0.204454144375473,0.153350162717428,0.155619579790919
713,0.621136485069615,0.241532534498303,0.215727826366646,0.276626749501763,0.143840891542185,0.150492979148870
881,0.630855615748439,0.303851718893881,0.246862287018223,0.286266334773665,0.187631241909896,0.179307075461499
796,0.622904705251892,0.220471637257467,0.215727826366646,0.237166246337142,0.150492979148870,0.168745733831007
778,0.629089586309926,0.228656878414890,0.223704949036996,0.200889639762023,0.153720720340875,0.140279459933373
855,0.662571212990782,0.279506090033501,0.266179795115631,0.250466494772263,0.175435913518267,0.140279459933373
1002,0.677506525321988,0.23977753355553,0.254108759679802,0.270905253648299,0.162677834203278,0.192088479379025
164,0.484491855840873,0.140539522938054,0.181605650010004,0.247759640188542,0.140279459933373,0.158002143279100
166,0.492757675678563,0.140279459933373,0.140279459933373,0.190154027575454,0.140279459933373,0.140279459933373
669,0.584763524220902,0.213405068833102,0.231177046607856,0.217294683481912,0.174898448025698,0.179307075461499
532,0.51920253600366,0.195393227873188,0.190154027575454,0.220471637257467,0.140279459933373,0.140279459933373
764,0.648491465815105,0.26806502014066,0.259638241659144,0.223704949036996,0.172787005806565,0.184568357977156
753,0.630855615748439,0.250466494772263,0.270905253648299,0.220471637257467,0.197424363331222,0.165869963138432
672,0.619367756469412,0.219672052767678,0.252283020211930,0.16357228121085,0.164940248736627,0.166814026627726
719,0.623788627185174,0.222891426963376,0.226165913043895,0.228656878414890,0.160077057692081,0.16634019279706
695,0.595435874427052,0.219672052767678,0.223704949036996,0.236301613614802,0.140279459933373,0.147819407725247
698,0.620252184825136,0.210360301592275,0.226992939983781,0.171243398019944,0.149469410107982,0.143552645462116
778,0.640560644506718,0.250466494772263,0.224521889216861,0.208860644258667,0.186394027664835,0.141066417195949
358,0.419987692000204,0.188884569174318,0.158002143279100,0.238904240888872,0.153720720340875,0.140279459933373
835,0.638797087949753,0.257786672914962,0.201594638931909,0.283362392853609,0.160077057692081,0.186394027664835
728,0.598988114480156,0.226992939983781,0.249561781327291,0.174898448025698,0.160502026996677,0.164940248736627
777,0.629089586309926,0.246862287018223,0.226165913043895,0.256863984839407,0.168257318749387,0.184568357977156
869,0.619367756469412,0.222891426963376,0.209608564537159,0.249561781327291,0.181025063276694,0.176522456496951
773,0.608744246353995,0.231177046607856,0.205178843545358,0.248659484023583,0.179875784505171,0.143552645462116
767,0.641442262346675,0.248659484023583,0.221274744825972,0.218083551882790,0.158002143279100,0.191439626593958
799,0.636150937944643,0.233725581744281,0.262430509724191,0.193398287644562,0.140279459933373,0.183967824035887
380,0.448298759169222,0.177071557205383,0.158002143279100,0.233725581744281,0.140279459933373,0.167772573247934
779,0.63703309779987,0.243298519444439,0.270905253648299,0.212638240623736,0.196066256873814,0.164940248736627
481,0.552585532749393,0.342342090635241,0.315674182764382,0.278545025785751,0.232872971194181,0.168257318749387
661,0.595435874427052,0.215727826366646,0.180448444205294,0.236301613614802,0.16357228121085,0.146548361254107
633,0.586543936638165,0.192741366843982,0.182778757451073,0.232872971194181,0.155619579790919,0.149807763529887
162,0.481729856995562,0.143552645462116,0.170736402643872,0.198109430350217,0.156008702799071,0.156008702799071
1015,0.644967683931748,0.237166246337142,0.259638241659144,0.172787005806565,0.150492979148870,0.144424803121843
172,0.499166505254691,0.140279459933373,0.183967824035887,0.194724220966719,0.153350162717428,0.140279459933373
725,0.610516199655431,0.245967461561916,0.248659484023583,0.183371292540019,0.189517281185082,0.181025063276694
734,0.626439652176295,0.23033379664679,0.235439936165745,0.226165913043895,0.163123316426449,0.140279459933373
826,0.632621179272578,0.236301613614802,0.229493730258852,0.245075200706715,0.158410531669826,0.210360301592275
892,0.639678919993987,0.265239772398733,0.245967461561916,0.222891426963376,0.184568357977156,0.167291481291287
811,0.636150937944643,0.252283020211930,0.269010148553487,0.210360301592275,0.181025063276694,0.195393227873188
860,0.620252184825136,0.246862287018223,0.226165913043895,0.235439936165745,0.188255890082703,0.140279459933373
659,0.607858057407542,0.225342219919308,0.254108759679802,0.175435913518267,0.171243398019944,0.159237162188545
816,0.654654294039608,0.256863984839407,0.281431899695417,0.232872971194181,0.156008702799071,0.140279459933373
759,0.616713692539713,0.220471637257467,0.207376318697083,0.188884569174318,0.147497624383717,0.169733635746363
810,0.645848781067736,0.258711437790672,0.211115838461421,0.226992939983781,0.165403320798019,0.183967824035887
785,0.642323774366231,0.270905253648299,0.266179795115631,0.231177046607856,0.183967824035887,0.149469410107982
155,0.442671323317129,0.140279459933373,0.168257318749387,0.188255890082703,0.140279459933373,0.140279459933373
550,0.56334084744967,0.175977245746161,0.165869963138432,0.235439936165745,0.140279459933373,0.190794809258731
429,0.665208590906176,0.237166246337142,0.223704949036996,0.214949882112267,0.196066256873814,0.147497624383717
739,0.622904705251892,0.203733362812729,0.232872971194181,0.238033800236652,0.140279459933373,0.174364837136968
371,0.440791745314472,0.145622826217966,0.205178843545358,0.166814026627726,0.148143904307162,0.141873944585676
801,0.622904705251892,0.204454144375473,0.238033800236652,0.217294683481912,0.145018731380577,0.177624558944457
362,0.434198112267997,0.168745733831007,0.171243398019944,0.178181472416481,0.140279459933373,0.140279459933373
785,0.640560644506718,0.226992939983781,0.229493730258852,0.246862287018223,0.153350162717428,0.168257318749387
402,0.647610671197383,0.215727826366646,0.197424363331222,0.231177046607856,0.174364837136968,0.157195124574254
702,0.629089586309926,0.298944182722262,0.284329312589461,0.272806580486754,0.140279459933373,0.16634019279706
870,0.609630293401202,0.235439936165745,0.198798498578782,0.279506090033501,0.159655442358187,0.140279459933373
750,0.618483198986599,0.259638241659144,0.264301525715948,0.245075200706715,0.168257318749387,0.187010622123131
803,0.640560644506718,0.235439936165745,0.241532534498303,0.23977753355553,0.145622826217966,0.141066417195949
360,0.448298759169222,0.164024746412181,0.149807763529887,0.218083551882790,0.140279459933373,0.151897993103576
164,0.458572851358513,0.140279459933373,0.185781454960399,0.140279459933373,0.140279459933373,0.156796455796649
300,0.447362019176649,0.178742307944130,0.196066256873814,0.190794809258731,0.158002143279100,0.140279459933373
841,0.660812526368302,0.242414171861771,0.243298519444439,0.262430509724191,0.175977245746161,0.159237162188545
165,0.453909567952752,0.146548361254107,0.192088479379025,0.150492979148870,0.154470991130581,0.143552645462116
669,0.587433883900336,0.23977753355553,0.245075200706715,0.238904240888872,0.151542367809210,0.16357228121085
607,0.57585075439854,0.210360301592275,0.243298519444439,0.214175622695954,0.181025063276694,0.153350162717428
805,0.631738455286738,0.247759640188542,0.256863984839407,0.222081350052879,0.167772573247934,0.156008702799071
756,0.612287594171303,0.280468392646033,0.249561781327291,0.245075200706715,0.163123316426449,0.185781454960399
669,0.603424944919196,0.212638240623736,0.194059239855938,0.248659484023583,0.152256565618780,0.167772573247934
792,0.648491465815105,0.220471637257467,0.228656878414890,0.215727826366646,0.140279459933373,0.194059239855938
750,0.571387382661058,0.215727826366646,0.161362102255135,0.257786672914962,0.142702524367706,0.146237238572002
764,0.63703309779987,0.261497815323131,0.281431899695417,0.220471637257467,0.157597013980819,0.140279459933373
765,0.624672424998259,0.351210191887716,0.320611530912211,0.296006914761259,0.222891426963376,0.167772573247934
583,0.59454741884471,0.212638240623736,0.220471637257467,0.285297304030371,0.141333283747465,0.167291481291287
728,0.606085249352797,0.214949882112267,0.276626749501763,0.214949882112267,0.146862120354825,0.140279459933373
199,0.571387382661058,0.180448444205294,0.140279459933373,0.23033379664679,0.140539522938054,0.140279459933373
760,0.638797087949753,0.248659484023583,0.250466494772263,0.248659484023583,0.144720505822661,0.143552645462116
739,0.627323083479833,0.341355528691973,0.342342090635241,0.281431899695417,0.203733362812729,0.202303599215116
883,0.653774177471793,0.254108759679802,0.197424363331222,0.261497815323131,0.141333283747465,0.140279459933373
726,0.579418047575081,0.267121556704060,0.269010148553487,0.222891426963376,0.156400988328558,0.169237834303805
760,0.600763302119727,0.358090854945044,0.341355528691973,0.309756707604237,0.23977753355553,0.172787005806565
819,0.630855615748439,0.276626749501763,0.214949882112267,0.258711437790672,0.141873944585676,0.156008702799071
696,0.61405843859737,0.207376318697083,0.242414171861771,0.229493730258852,0.156400988328558,0.164024746412181
800,0.635268667058686,0.251373586915138,0.203733362812729,0.278545025785751,0.183967824035887,0.252283020211930
180,0.548993245617665,0.152982630801945,0.140279459933373,0.201594638931909,0.140279459933373,0.175977245746161
854,0.643205181411445,0.326539995183568,0.26806502014066,0.331480818156256,0.213405068833102,0.140279459933373
698,0.61405843859737,0.211875157547888,0.203016510694019,0.206639944148685,0.155233599845476,0.140539522938054
730,0.608744246353995,0.251373586915138,0.257786672914962,0.181605650010004,0.192088479379025,0.158822198286243
804,0.644967683931748,0.245967461561916,0.246862287018223,0.221274744825972,0.141873944585676,0.149807763529887
334,0.432309844864813,0.179307075461499,0.171754154191287,0.168745733831007,0.185172899926102,0.140279459933373
667,0.58030940985411,0.209608564537159,0.229493730258852,0.223704949036996,0.179875784505171,0.144424803121843
872,0.646729776551258,0.274713840722163,0.282396577544332,0.282396577544332,0.155619579790919,0.204454144375473
170,0.515570951288053,0.146862120354825,0.155233599845476,0.231177046607856,0.140279459933373,0.169733635746363
825,0.663450425192382,0.258711437790672,0.232872971194181,0.243298519444439,0.170233153496669,0.16634019279706
832,0.646729776551258,0.243298519444439,0.192741366843982,0.292100571713878,0.152256565618780,0.159237162188545
890,0.648491465815105,0.257786672914962,0.246862287018223,0.262430509724191,0.164024746412181,0.16634019279706
715,0.591881082994116,0.228656878414890,0.262430509724191,0.198109430350217,0.165869963138432,0.164480729737195
815,0.631738455286738,0.32159942528535,0.250466494772263,0.292100571713878,0.185781454960399,0.152982630801945
967,0.66608754581422,0.314687276192053,0.303851718893881,0.277585234113443,0.185172899926102,0.192741366843982
687,0.605198627992826,0.276626749501763,0.208860644258667,0.252283020211930,0.159655442358187,0.140279459933373
385,0.433254223593108,0.185172899926102,0.188255890082703,0.185781454960399,0.14298348025674,0.173835068385563
162,0.448298759169222,0.140279459933373,0.187010622123131,0.140279459933373,0.140279459933373,0.140279459933373
682,0.579418047575081,0.205178843545358,0.255024990396885,0.213405068833102,0.140279459933373,0.170233153496669
975,0.689789572931803,0.362014841934518,0.33543232376894,0.362994878061971,0.192741366843982,0.220471637257467
769,0.618483198986599,0.236301613614802,0.222891426963376,0.253194757033311,0.181605650010004,0.193398287644562
772,0.633503788623644,0.211115838461421,0.238904240888872,0.231177046607856,0.174364837136968,0.183967824035887
978,0.601650667029677,0.240653643199231,0.192088479379025,0.298944182722262,0.140279459933373,0.196743303664015
234,0.665208590906176,0.229493730258852,0.221274744825972,0.347271459448055,0.376671178467619,0.235439936165745
715,0.597212308466731,0.211115838461421,0.241532534498303,0.226992939983781,0.172268685450245,0.140279459933373
637,0.596324170558622,0.243298519444439,0.286266334773665,0.217294683481912,0.152256565618780,0.152618104976752
830,0.598988114480156,0.228656878414890,0.231177046607856,0.223704949036996,0.153720720340875,0.185172899926102
181,0.546296562840502,0.140279459933373,0.140279459933373,0.220471637257467,0.143552645462116,0.143266847840142
675,0.607858057407542,0.250466494772263,0.229493730258852,0.269010148553487,0.160930368981928,0.143552645462116
198,0.510114381882143,0.156400988328558,0.214949882112267,0.140279459933373,0.143552645462116,0.147178535004063
869,0.652893966371437,0.279506090033501,0.258711437790672,0.283362392853609,0.190154027575454,0.140279459933373
767,0.629972659733243,0.227823271636467,0.227823271636467,0.232872971194181,0.157597013980819,0.158410531669826
694,0.612287594171303,0.259638241659144,0.207376318697083,0.211115838461421,0.16357228121085,0.145928733232941
758,0.626439652176295,0.242414171861771,0.255943411389996,0.207376318697083,0.171754154191287,0.140279459933373
589,0.555277339714655,0.320611530912211,0.293075998312143,0.290152214217331,0.220471637257467,0.152618104976752
883,0.648491465815105,0.275669606701894,0.294052217151829,0.205907447843523,0.186394027664835,0.198798498578782
366,0.463225147278761,0.172268685450245,0.183371292540019,0.192088479379025,0.185172899926102,0.220471637257467
284,0.68364980472056,0.244185541162083,0.187631241909896,0.351210191887716,0.370820382306947,0.199491561253654
716,0.629089586309926,0.328516409471957,0.294052217151829,0.307786743279463,0.186394027664835,0.158410531669826
795,0.607858057407542,0.234581247743386,0.200889639762023,0.255024990396885,0.149133866930996,0.140279459933373
719,0.622904705251892,0.270905253648299,0.259638241659144,0.251373586915138,0.175435913518267,0.154094323280450
357,0.438910260048710,0.179875784505171,0.172787005806565,0.202303599215116,0.152256565618780,0.169237834303805
938,0.641442262346675,0.255024990396885,0.279506090033501,0.251373586915138,0.152982630801945,0.156796455796649
248,0.61405843859737,0.143840891542185,0.211115838461421,0.140279459933373,0.147497624383717,0.140539522938054
779,0.609630293401202,0.242414171861771,0.257786672914962,0.154850743467635,0.177071557205383,0.177624558944457
953,0.643205181411445,0.302869127130412,0.282396577544332,0.272806580486754,0.183967824035887,0.189517281185082
749,0.61405843859737,0.235439936165745,0.261497815323131,0.206639944148685,0.155233599845476,0.182778757451073
376,0.446424815327873,0.170233153496669,0.180448444205294,0.228656878414890,0.151189670120080,0.180448444205294
455,0.682772413069105,0.315674182764382,0.284329312589461,0.352194131843378,0.355144025044986,0.175977245746161
712,0.622904705251892,0.226165913043895,0.234581247743386,0.211115838461421,0.145018731380577,0.196066256873814
829,0.657294084136253,0.271855157449252,0.284329312589461,0.261497815323131,0.179307075461499,0.177071557205383
781,0.620252184825136,0.224521889216861,0.222891426963376,0.212638240623736,0.170233153496669,0.179307075461499
810,0.607858057407542,0.274713840722163,0.248659484023583,0.217294683481912,0.197424363331222,0.152256565618780
785,0.65201365997105,0.243298519444439,0.198109430350217,0.26806502014066,0.151897993103576,0.179875784505171
658,0.592770024376564,0.215727826366646,0.222081350052879,0.232872971194181,0.140279459933373,0.154094323280450
148,0.443610401564419,0.143266847840142,0.163123316426449,0.187010622123131,0.140279459933373,0.162677834203278
181,0.545397189457851,0.164480729737195,0.183371292540019,0.187631241909896,0.157597013980819,0.160502026996677
782,0.624672424998259,0.240653643199231,0.215727826366646,0.223704949036996,0.140279459933373,0.16634019279706
989,0.681894949187986,0.274713840722163,0.246862287018223,0.314687276192053,0.151189670120080,0.147497624383717
770,0.608744246353995,0.232872971194181,0.184568357977156,0.293075998312143,0.177624558944457,0.186394027664835
843,0.629972659733243,0.238033800236652,0.256863984839407,0.257786672914962,0.140279459933373,0.140279459933373
705,0.73618111701762,0.351210191887716,0.140279459933373,0.634386284250911,0.68364980472056,0.520109684798944
382,0.446424815327873,0.168257318749387,0.164940248736627,0.200889639762023,0.143840891542185,0.140279459933373
641,0.629972659733243,0.246862287018223,0.26806502014066,0.325551793923222,0.339381807952053,0.190154027575454
163,0.462295554374572,0.140279459933373,0.140279459933373,0.180448444205294,0.142702524367706,0.146548361254107
620,0.608744246353995,0.209608564537159,0.185172899926102,0.244185541162083,0.144720505822661,0.152256565618780
173,0.486331294331022,0.144131604573628,0.208860644258667,0.198798498578782,0.141333283747465,0.140279459933373
783,0.633503788623644,0.269010148553487,0.264301525715948,0.213405068833102,0.187010622123131,0.140279459933373
560,0.631738455286738,0.236301613614802,0.226992939983781,0.238033800236652,0.147819407725247,0.162235816543637
797,0.596324170558622,0.215727826366646,0.247759640188542,0.234581247743386,0.151189670120080,0.149133866930996
873,0.595435874427052,0.271855157449252,0.23033379664679,0.294052217151829,0.229493730258852,0.198109430350217
735,0.600763302119727,0.194059239855938,0.202303599215116,0.211875157547888,0.156400988328558,0.141333283747465
768,0.598988114480156,0.241532534498303,0.206639944148685,0.262430509724191,0.155619579790919,0.153350162717428
837,0.629089586309926,0.271855157449252,0.289179343702615,0.214175622695954,0.183967824035887,0.190794809258731
733,0.636150937944643,0.278545025785751,0.246862287018223,0.270905253648299,0.185172899926102,0.164024746412181
827,0.604311860230174,0.259638241659144,0.275669606701894,0.210360301592275,0.175435913518267,0.150148946700048
711,0.606971725447777,0.240653643199231,0.228656878414890,0.247759640188542,0.194724220966719,0.171243398019944
656,0.606085249352797,0.243298519444439,0.249561781327291,0.245967461561916,0.156796455796649,0.190794809258731
162,0.458572851358513,0.140279459933373,0.162235816543637,0.218876016213984,0.140279459933373,0.140279459933373
709,0.619367756469412,0.211875157547888,0.218876016213984,0.254108759679802,0.189517281185082,0.140279459933373
714,0.59454741884471,0.266179795115631,0.215727826366646,0.262430509724191,0.171243398019944,0.174898448025698
770,0.643205181411445,0.261497815323131,0.283362392853609,0.255024990396885,0.191439626593958,0.184568357977156
382,0.440791745314472,0.156008702799071,0.195393227873188,0.172268685450245,0.144720505822661,0.150492979148870
827,0.646729776551258,0.315674182764382,0.289179343702615,0.295029198942614,0.177071557205383,0.151542367809210
739,0.633503788623644,0.286266334773665,0.198798498578782,0.269956905233921,0.140279459933373,0.158410531669826
907,0.638797087949753,0.351210191887716,0.320611530912211,0.337407372460796,0.173835068385563,0.225342219919308
812,0.637915147508898,0.339381807952053,0.32950458986508,0.318636108753548,0.226992939983781,0.194059239855938
703,0.617598511353537,0.23977753355553,0.259638241659144,0.176522456496951,0.172268685450245,0.171243398019944
674,0.622020658211421,0.236301613614802,0.236301613614802,0.205907447843523,0.196743303664015,0.141333283747465
786,0.63703309779987,0.259638241659144,0.257786672914962,0.297964434643167,0.140279459933373,0.156796455796649
216,0.622020658211421,0.187010622123131,0.140279459933373,0.428527399760189,0.467866722440866,0.255943411389996
811,0.637915147508898,0.291125967010989,0.271855157449252,0.275669606701894,0.175435913518267,0.141602453589765
649,0.589213267095234,0.272806580486754,0.255024990396885,0.271855157449252,0.167291481291287,0.140279459933373
919,0.618483198986599,0.245075200706715,0.258711437790672,0.251373586915138,0.140279459933373,0.151189670120080
709,0.628206394540431,0.221274744825972,0.208116557082828,0.238033800236652,0.192088479379025,0.140279459933373
775,0.622904705251892,0.228656878414890,0.222081350052879,0.224521889216861,0.141873944585676,0.176522456496951
793,0.644086484322101,0.254108759679802,0.232023448734304,0.244185541162083,0.187010622123131,0.192088479379025
700,0.584763524220902,0.32950458986508,0.333456768437105,0.318636108753548,0.225342219919308,0.151542367809210
651,0.596324170558622,0.213405068833102,0.183967824035887,0.240653643199231,0.143552645462116,0.168257318749387
846,0.659933050519219,0.283362392853609,0.265239772398733,0.273759486818862,0.180448444205294,0.172787005806565
817,0.599875784998553,0.242414171861771,0.244185541162083,0.212638240623736,0.152256565618780,0.140279459933373
753,0.640560644506718,0.237166246337142,0.245967461561916,0.159655442358187,0.163123316426449,0.145928733232941
717,0.618483198986599,0.214949882112267,0.189517281185082,0.254108759679802,0.140279459933373,0.140801836156987
772,0.622904705251892,0.249561781327291,0.188884569174318,0.286266334773665,0.179307075461499,0.195393227873188
772,0.63703309779987,0.277585234113443,0.222081350052879,0.269956905233921,0.200188610986799,0.174898448025698
700,0.615828741507218,0.252283020211930,0.271855157449252,0.196066256873814,0.167772573247934,0.143266847840142
698,0.608744246353995,0.222081350052879,0.189517281185082,0.211115838461421,0.140279459933373,0.147178535004063
851,0.622904705251892,0.261497815323131,0.26336509235663,0.181025063276694,0.177624558944457,0.140539522938054
739,0.598100289370352,0.232872971194181,0.245967461561916,0.26336509235663,0.182778757451073,0.187631241909896
193,0.566024855998128,0.140279459933373,0.140279459933373,0.229493730258852,0.140279459933373,0.161362102255135
732,0.636150937944643,0.249561781327291,0.262430509724191,0.210360301592275,0.174364837136968,0.188255890082703
581,0.5390946884908,0.186394027664835,0.188884569174318,0.205907447843523,0.140279459933373,0.151189670120080
816,0.622020658211421,0.251373586915138,0.192088479379025,0.234581247743386,0.170736402643872,0.140279459933373
719,0.646729776551258,0.255943411389996,0.232023448734304,0.240653643199231,0.16357228121085,0.194724220966719
405,0.447362019176649,0.151897993103576,0.150148946700048,0.173309128978783,0.156796455796649,0.151542367809210
763,0.62555609967103,0.344314559496454,0.310742219942023,0.347271459448055,0.269956905233921,0.207376318697083
777,0.581200590507501,0.209608564537159,0.256863984839407,0.213405068833102,0.153350162717428,0.154470991130581
734,0.611401966215199,0.206639944148685,0.170233153496669,0.226992939983781,0.166814026627726,0.162235816543637
720,0.642323774366231,0.256863984839407,0.240653643199231,0.221274744825972,0.169237834303805,0.182190212262849
646,0.65113325749733,0.26806502014066,0.241532534498303,0.285297304030371,0.176522456496951,0.140279459933373
670,0.562445761046978,0.214949882112267,0.226165913043895,0.193398287644562,0.140279459933373,0.146548361254107
754,0.618483198986599,0.250466494772263,0.23033379664679,0.232023448734304,0.147178535004063,0.150492979148870
794,0.622020658211421,0.226165913043895,0.256863984839407,0.205907447843523,0.182778757451073,0.142702524367706
294,0.444549008408857,0.165403320798019,0.178181472416481,0.214949882112267,0.140279459933373,0.140279459933373
528,0.587433883900336,0.232023448734304,0.203016510694019,0.208116557082828,0.153720720340875,0.159237162188545
804,0.604311860230174,0.216509434133377,0.215727826366646,0.23033379664679,0.151189670120080,0.148801114525785
685,0.598100289370352,0.274713840722163,0.252283020211930,0.295029198942614,0.154850743467635,0.171754154191287
807,0.627323083479833,0.274713840722163,0.238033800236652,0.224521889216861,0.220471637257467,0.146237238572002
378,0.389289635189169,0.192088479379025,0.221274744825972,0.146548361254107,0.198109430350217,0.140279459933373
852,0.622904705251892,0.234581247743386,0.224521889216861,0.165869963138432,0.189517281185082,0.160502026996677
743,0.646729776551258,0.26336509235663,0.255943411389996,0.238033800236652,0.173835068385563,0.187631241909896
662,0.598100289370352,0.211875157547888,0.189517281185082,0.244185541162083,0.148471133452426,0.14298348025674
380,0.451106215483896,0.178181472416481,0.149469410107982,0.183967824035887,0.150492979148870,0.169733635746363
843,0.636150937944643,0.235439936165745,0.269010148553487,0.174364837136968,0.177624558944457,0.152618104976752
948,0.568707020795868,0.296006914761259,0.219672052767678,0.269010148553487,0.194724220966719,0.193398287644562
645,0.59099197716754,0.218083551882790,0.219672052767678,0.214949882112267,0.149469410107982,0.161362102255135
786,0.612287594171303,0.235439936165745,0.241532534498303,0.225342219919308,0.166814026627726,0.164024746412181
617,0.593658802575914,0.315674182764382,0.293075998312143,0.310742219942023,0.207376318697083,0.189517281185082
742,0.586543936638165,0.254108759679802,0.213405068833102,0.292100571713878,0.168745733831007,0.140279459933373
817,0.622020658211421,0.269010148553487,0.244185541162083,0.188884569174318,0.168745733831007,0.153720720340875
730,0.581200590507501,0.285297304030371,0.282396577544332,0.265239772398733,0.190794809258731,0.157195124574254
159,0.479886604427388,0.149133866930996,0.181605650010004,0.216509434133377,0.140279459933373,0.169733635746363
186,0.557070755717787,0.148801114525785,0.163123316426449,0.16357228121085,0.140279459933373,0.172787005806565
818,0.627323083479833,0.219672052767678,0.231177046607856,0.228656878414890,0.165403320798019,0.200889639762023
795,0.606971725447777,0.242414171861771,0.262430509724191,0.209608564537159,0.158410531669826,0.192088479379025
807,0.646729776551258,0.305818349289740,0.311728055196152,0.290152214217331,0.199491561253654,0.16357228121085
670,0.582982412426427,0.389289635189169,0.317648619366148,0.306802338059224,0.212638240623736,0.191439626593958
768,0.593658802575914,0.247759640188542,0.248659484023583,0.207376318697083,0.181025063276694,0.161362102255135
833,0.627323083479833,0.238904240888872,0.191439626593958,0.26806502014066,0.151189670120080,0.140279459933373
148,0.430419611243593,0.140279459933373,0.190794809258731,0.181025063276694,0.140279459933373,0.142423961905656
931,0.643205181411445,0.266179795115631,0.267121556704060,0.297964434643167,0.145319498566922,0.140279459933373
909,0.626439652176295,0.255943411389996,0.26806502014066,0.223704949036996,0.191439626593958,0.140279459933373
819,0.640560644506718,0.259638241659144,0.242414171861771,0.237166246337142,0.187010622123131,0.140279459933373
670,0.596324170558622,0.23977753355553,0.205178843545358,0.232023448734304,0.181605650010004,0.169237834303805
724,0.611401966215199,0.232872971194181,0.234581247743386,0.189517281185082,0.147497624383717,0.140279459933373
795,0.643205181411445,0.217294683481912,0.236301613614802,0.198109430350217,0.175435913518267,0.140279459933373
827,0.629089586309926,0.282396577544332,0.248659484023583,0.298944182722262,0.189517281185082,0.196066256873814
346,0.482650905054512,0.164024746412181,0.194724220966719,0.150148946700048,0.140279459933373,0.166814026627726
966,0.641442262346675,0.267121556704060,0.257786672914962,0.209608564537159,0.183371292540019,0.176522456496951
717,0.600763302119727,0.251373586915138,0.198798498578782,0.250466494772263,0.142423961905656,0.148801114525785
767,0.628206394540431,0.234581247743386,0.252283020211930,0.229493730258852,0.149469410107982,0.144131604573628
746,0.611401966215199,0.258711437790672,0.250466494772263,0.226992939983781,0.161362102255135,0.140279459933373
166,0.472497848634527,0.140279459933373,0.140279459933373,0.250466494772263,0.140279459933373,0.140279459933373
905,0.716942606717853,0.409494432911366,0.345300444024283,0.525546453481271,0.574065981658382,0.404704249910189
783,0.637915147508898,0.270905253648299,0.267121556704060,0.255024990396885,0.195393227873188,0.190154027575454
266,0.41331732873535,0.175977245746161,0.154470991130581,0.192741366843982,0.160502026996677,0.140539522938054
833,0.666966416344732,0.280468392646033,0.253194757033311,0.270905253648299,0.160502026996677,0.183371292540019
849,0.675750628954486,0.255024990396885,0.280468392646033,0.207376318697083,0.182190212262849,0.187010622123131
785,0.640560644506718,0.23033379664679,0.248659484023583,0.209608564537159,0.140279459933373,0.148471133452426
662,0.599875784998553,0.234581247743386,0.272806580486754,0.182778757451073,0.163123316426449,0.140279459933373
149,0.444549008408857,0.140279459933373,0.162677834203278,0.192088479379025,0.157597013980819,0.140279459933373
871,0.590102705627282,0.231177046607856,0.198798498578782,0.223704949036996,0.151542367809210,0.140279459933373
765,0.617598511353537,0.241532534498303,0.223704949036996,0.160077057692081,0.180448444205294,0.154850743467635
148,0.419987692000204,0.149133866930996,0.174364837136968,0.183371292540019,0.140279459933373,0.151189670120080
739,0.629972659733243,0.251373586915138,0.200889639762023,0.252283020211930,0.16357228121085,0.157195124574254
849,0.65113325749733,0.226992939983781,0.238033800236652,0.280468392646033,0.152982630801945,0.148801114525785
845,0.601650667029677,0.262430509724191,0.202303599215116,0.233725581744281,0.188255890082703,0.176522456496951
612,0.619367756469412,0.275669606701894,0.293075998312143,0.256863984839407,0.222081350052879,0.192741366843982
829,0.618483198986599,0.249561781327291,0.258711437790672,0.220471637257467,0.186394027664835,0.194059239855938
797,0.589213267095234,0.241532534498303,0.237166246337142,0.252283020211930,0.150492979148870,0.146237238572002
857,0.631738455286738,0.233725581744281,0.238033800236652,0.264301525715948,0.165403320798019,0.186394027664835
790,0.604311860230174,0.255024990396885,0.272806580486754,0.229493730258852,0.166814026627726,0.181025063276694
790,0.65113325749733,0.257786672914962,0.204454144375473,0.296985336054750,0.154470991130581,0.181025063276694
209,0.504646384858735,0.210360301592275,0.204454144375473,0.210360301592275,0.146548361254107,0.182190212262849
310,0.652893966371437,0.167772573247934,0.209608564537159,0.194724220966719,0.153720720340875,0.177624558944457
330,0.452041119617036,0.174364837136968,0.198109430350217,0.159237162188545,0.168257318749387,0.140279459933373
773,0.626439652176295,0.231177046607856,0.246862287018223,0.169733635746363,0.146237238572002,0.147178535004063
868,0.624672424998259,0.212638240623736,0.191439626593958,0.269956905233921,0.140279459933373,0.142702524367706
657,0.610516199655431,0.23033379664679,0.216509434133377,0.222891426963376,0.172268685450245,0.140279459933373
976,0.649372161207369,0.326539995183568,0.273759486818862,0.279506090033501,0.206639944148685,0.158002143279100
246,0.591881082994116,0.280468392646033,0.251373586915138,0.359072414588444,0.366910990862085,0.218876016213984
837,0.638797087949753,0.265239772398733,0.247759640188542,0.235439936165745,0.159655442358187,0.169733635746363
783,0.609630293401202,0.255024990396885,0.250466494772263,0.250466494772263,0.172787005806565,0.154850743467635
703,0.645848781067736,0.227823271636467,0.232872971194181,0.245075200706715,0.140279459933373,0.146862120354825
169,0.483571570595327,0.163123316426449,0.210360301592275,0.194059239855938,0.146237238572002,0.158410531669826
856,0.629972659733243,0.289179343702615,0.287236372741756,0.240653643199231,0.164480729737195,0.209608564537159
218,0.460435073421994,0.269956905233921,0.236301613614802,0.367888982200334,0.39218977751084,0.231177046607856
834,0.605198627992826,0.231177046607856,0.170233153496669,0.280468392646033,0.140279459933373,0.172268685450245
344,0.464154311336516,0.168257318749387,0.182190212262849,0.169733635746363,0.148801114525785,0.161362102255135
748,0.647610671197383,0.23977753355553,0.231177046607856,0.235439936165745,0.144720505822661,0.151542367809210
823,0.593658802575914,0.223704949036996,0.220471637257467,0.169733635746363,0.182778757451073,0.144720505822661
757,0.602537880906253,0.264301525715948,0.208860644258667,0.23033379664679,0.175435913518267,0.16357228121085
787,0.627323083479833,0.245075200706715,0.232872971194181,0.209608564537159,0.154470991130581,0.150839880430613
295,0.456708871220304,0.158002143279100,0.200188610986799,0.162677834203278,0.140279459933373,0.160077057692081
813,0.61405843859737,0.294052217151829,0.297964434643167,0.279506090033501,0.194724220966719,0.168745733831007
735,0.626439652176295,0.240653643199231,0.249561781327291,0.243298519444439,0.158002143279100,0.140279459933373
763,0.624672424998259,0.244185541162083,0.227823271636467,0.273759486818862,0.140279459933373,0.175977245746161
770,0.597212308466731,0.244185541162083,0.23033379664679,0.196066256873814,0.171243398019944,0.144424803121843
583,0.617598511353537,0.271855157449252,0.244185541162083,0.245967461561916,0.199491561253654,0.188884569174318
930,0.642323774366231,0.354161056920203,0.317648619366148,0.332468835480985,0.238904240888872,0.224521889216861
822,0.617598511353537,0.237166246337142,0.156008702799071,0.281431899695417,0.140279459933373,0.146237238572002
668,0.606971725447777,0.227823271636467,0.215727826366646,0.234581247743386,0.156796455796649,0.148471133452426
776,0.61405843859737,0.218876016213984,0.255943411389996,0.192741366843982,0.141333283747465,0.175435913518267
169,0.490923390673098,0.145319498566922,0.187631241909896,0.166814026627726,0.140279459933373,0.157597013980819
780,0.622904705251892,0.243298519444439,0.237166246337142,0.250466494772263,0.145319498566922,0.169733635746363
669,0.592770024376564,0.213405068833102,0.217294683481912,0.221274744825972,0.140279459933373,0.195393227873188
942,0.629089586309926,0.277585234113443,0.279506090033501,0.277585234113443,0.152618104976752,0.153350162717428
218,0.591881082994116,0.140279459933373,0.183371292540019,0.195393227873188,0.140279459933373,0.172268685450245
741,0.628206394540431,0.272806580486754,0.286266334773665,0.234581247743386,0.208860644258667,0.175977245746161
769,0.613173084606865,0.247759640188542,0.206639944148685,0.26336509235663,0.14298348025674,0.158002143279100
671,0.599875784998553,0.288207386188063,0.275669606701894,0.219672052767678,0.222081350052879,0.168257318749387
776,0.638797087949753,0.259638241659144,0.206639944148685,0.220471637257467,0.164024746412181,0.140279459933373
169,0.478964395469008,0.145018731380577,0.140279459933373,0.243298519444439,0.147819407725247,0.145018731380577
374,0.435141512434088,0.177071557205383,0.178742307944130,0.218083551882790,0.156008702799071,0.151897993103576
743,0.616713692539713,0.226165913043895,0.232872971194181,0.259638241659144,0.209608564537159,0.185781454960399
779,0.624672424998259,0.235439936165745,0.228656878414890,0.251373586915138,0.140279459933373,0.164480729737195
784,0.645848781067736,0.229493730258852,0.186394027664835,0.228656878414890,0.165403320798019,0.156400988328558
769,0.586543936638165,0.225342219919308,0.185172899926102,0.233725581744281,0.168745733831007,0.151189670120080
844,0.645848781067736,0.26336509235663,0.211115838461421,0.248659484023583,0.175977245746161,0.203016510694019
371,0.448298759169222,0.145018731380577,0.203016510694019,0.198109430350217,0.158002143279100,0.140539522938054
683,0.610516199655431,0.237166246337142,0.228656878414890,0.293075998312143,0.174364837136968,0.182778757451073
690,0.63703309779987,0.250466494772263,0.253194757033311,0.205907447843523,0.181025063276694,0.159237162188545
868,0.629089586309926,0.235439936165745,0.257786672914962,0.266179795115631,0.171754154191287,0.144720505822661
825,0.644086484322101,0.289179343702615,0.23977753355553,0.254108759679802,0.155619579790919,0.181605650010004
667,0.611401966215199,0.267121556704060,0.238033800236652,0.225342219919308,0.178181472416481,0.140279459933373
195,0.345300444024283,0.140279459933373,0.140279459933373,0.175977245746161,0.159237162188545,0.140279459933373
845,0.63703309779987,0.272806580486754,0.26336509235663,0.183371292540019,0.183371292540019,0.140279459933373
868,0.589213267095234,0.259638241659144,0.242414171861771,0.242414171861771,0.146862120354825,0.141602453589765
363,0.442671323317129,0.155233599845476,0.140279459933373,0.224521889216861,0.141066417195949,0.140279459933373
195,0.640560644506718,0.227823271636467,0.192088479379025,0.323575487390111,0.354161056920203,0.240653643199231
667,0.636150937944643,0.242414171861771,0.265239772398733,0.194059239855938,0.166814026627726,0.185172899926102
694,0.602537880906253,0.228656878414890,0.182190212262849,0.248659484023583,0.140279459933373,0.140279459933373
715,0.611401966215199,0.284329312589461,0.271855157449252,0.247759640188542,0.164480729737195,0.185781454960399
826,0.62555609967103,0.260567046745838,0.231177046607856,0.238033800236652,0.192088479379025,0.147178535004063
962,0.650252758171119,0.247759640188542,0.235439936165745,0.247759640188542,0.181025063276694,0.140279459933373
321,0.39604956908159,0.140279459933373,0.190154027575454,0.188884569174318,0.140279459933373,0.140279459933373
852,0.658173830133798,0.240653643199231,0.227823271636467,0.243298519444439,0.181025063276694,0.173309128978783
355,0.42188893060604,0.150148946700048,0.173835068385563,0.179875784505171,0.16634019279706,0.140279459933373
622,0.611401966215199,0.207376318697083,0.179307075461499,0.246862287018223,0.140279459933373,0.182778757451073
691,0.606971725447777,0.334444602573969,0.26806502014066,0.331480818156256,0.216509434133377,0.162677834203278
649,0.588323660284695,0.274713840722163,0.253194757033311,0.307786743279463,0.182778757451073,0.177624558944457
732,0.62555609967103,0.23033379664679,0.200188610986799,0.304834801321944,0.140279459933373,0.140279459933373
221,0.452041119617036,0.157597013980819,0.171754154191287,0.213405068833102,0.153350162717428,0.154470991130581
780,0.632621179272578,0.283362392853609,0.294052217151829,0.183967824035887,0.180448444205294,0.182190212262849
754,0.616713692539713,0.228656878414890,0.236301613614802,0.200889639762023,0.140279459933373,0.160502026996677
830,0.619367756469412,0.243298519444439,0.228656878414890,0.296006914761259,0.160077057692081,0.196743303664015
873,0.626439652176295,0.272806580486754,0.302869127130412,0.231177046607856,0.159237162188545,0.154470991130581
753,0.599875784998553,0.232872971194181,0.205907447843523,0.252283020211930,0.148801114525785,0.187631241909896
841,0.638797087949753,0.261497815323131,0.238904240888872,0.247759640188542,0.153350162717428,0.205907447843523
725,0.622020658211421,0.299924552865763,0.26806502014066,0.253194757033311,0.196066256873814,0.147178535004063
772,0.657294084136253,0.285297304030371,0.23977753355553,0.274713840722163,0.163123316426449,0.167291481291287
180,0.548094589195255,0.140279459933373,0.171754154191287,0.208116557082828,0.140279459933373,0.158822198286243
848,0.630855615748439,0.271855157449252,0.257786672914962,0.277585234113443,0.154470991130581,0.140279459933373
859,0.624672424998259,0.283362392853609,0.257786672914962,0.255943411389996,0.182190212262849,0.177624558944457
759,0.591881082994116,0.242414171861771,0.203733362812729,0.199491561253654,0.148143904307162,0.202303599215116
621,0.573173308757861,0.219672052767678,0.226992939983781,0.238904240888872,0.153720720340875,0.185781454960399
823,0.640560644506718,0.344314559496454,0.372772455485757,0.256863984839407,0.229493730258852,0.140279459933373
771,0.61494365721071,0.26806502014066,0.258711437790672,0.173835068385563,0.183371292540019,0.170736402643872
713,0.631738455286738,0.245075200706715,0.281431899695417,0.158410531669826,0.160077057692081,0.155233599845476
159,0.446424815327873,0.140279459933373,0.174364837136968,0.196066256873814,0.140279459933373,0.142147774681471
950,0.645848781067736,0.282396577544332,0.273759486818862,0.299924552865763,0.171243398019944,0.162235816543637
200,0.586543936638165,0.141333283747465,0.191439626593958,0.177624558944457,0.140279459933373,0.159655442358187
848,0.653774177471793,0.278545025785751,0.23977753355553,0.278545025785751,0.145319498566922,0.140279459933373
835,0.622020658211421,0.251373586915138,0.226165913043895,0.228656878414890,0.202303599215116,0.151542367809210
832,0.631738455286738,0.282396577544332,0.255024990396885,0.270905253648299,0.144424803121843,0.183967824035887
746,0.629089586309926,0.266179795115631,0.203016510694019,0.276626749501763,0.148801114525785,0.147178535004063
669,0.63703309779987,0.249561781327291,0.218876016213984,0.388321919900050,0.400862850180983,0.26806502014066
784,0.596324170558622,0.296006914761259,0.296006914761259,0.303851718893881,0.218876016213984,0.140279459933373
192,0.571387382661058,0.16357228121085,0.175435913518267,0.221274744825972,0.140279459933373,0.140279459933373
304,0.434198112267997,0.195393227873188,0.227823271636467,0.192088479379025,0.169237834303805,0.162235816543637
714,0.603424944919196,0.233725581744281,0.192088479379025,0.261497815323131,0.140279459933373,0.161362102255135
759,0.596324170558622,0.241532534498303,0.238033800236652,0.242414171861771,0.159237162188545,0.156796455796649
710,0.619367756469412,0.278545025785751,0.261497815323131,0.296985336054750,0.178181472416481,0.183967824035887
670,0.675750628954486,0.312714190948075,0.266179795115631,0.257786672914962,0.184568357977156,0.167772573247934
434,0.719567431317471,0.302869127130412,0.242414171861771,0.26806502014066,0.245075200706715,0.176522456496951
793,0.591881082994116,0.218083551882790,0.176522456496951,0.257786672914962,0.140279459933373,0.193398287644562
661,0.646729776551258,0.235439936165745,0.215727826366646,0.260567046745838,0.154850743467635,0.158822198286243
678,0.617598511353537,0.218083551882790,0.244185541162083,0.191439626593958,0.176522456496951,0.184568357977156
967,0.643205181411445,0.273759486818862,0.288207386188063,0.249561781327291,0.192741366843982,0.140279459933373
812,0.626439652176295,0.221274744825972,0.205907447843523,0.26336509235663,0.144720505822661,0.169237834303805
836,0.642323774366231,0.271855157449252,0.242414171861771,0.220471637257467,0.170233153496669,0.140279459933373
175,0.527356424038935,0.140279459933373,0.164480729737195,0.208860644258667,0.140279459933373,0.140279459933373
914,0.670481068306923,0.272806580486754,0.26336509235663,0.265239772398733,0.151542367809210,0.194724220966719
755,0.606085249352797,0.238033800236652,0.199491561253654,0.23977753355553,0.146548361254107,0.140279459933373
330,0.465083048709257,0.184568357977156,0.197424363331222,0.215727826366646,0.145928733232941,0.155619579790919
697,0.582982412426427,0.253194757033311,0.247759640188542,0.225342219919308,0.178181472416481,0.159655442358187
748,0.601650667029677,0.312714190948075,0.299924552865763,0.201594638931909,0.205178843545358,0.140279459933373
737,0.605198627992826,0.233725581744281,0.26806502014066,0.232872971194181,0.164940248736627,0.159237162188545
842,0.61405843859737,0.241532534498303,0.222891426963376,0.285297304030371,0.140279459933373,0.158822198286243
781,0.624672424998259,0.238904240888872,0.245967461561916,0.225342219919308,0.140279459933373,0.156400988328558
729,0.58209159090975,0.227823271636467,0.249561781327291,0.213405068833102,0.149469410107982,0.140279459933373
664,0.589213267095234,0.296006914761259,0.289179343702615,0.251373586915138,0.183967824035887,0.173835068385563
734,0.644967683931748,0.284329312589461,0.206639944148685,0.295029198942614,0.142423961905656,0.185781454960399
179,0.543597713584787,0.171754154191287,0.142147774681471,0.202303599215116,0.140279459933373,0.140279459933373
838,0.71606756116802,0.41331732873535,0.363974517009122,0.403744670601839,0.299924552865763,0.323575487390111
779,0.646729776551258,0.238904240888872,0.238904240888872,0.246862287018223,0.140279459933373,0.150839880430613
820,0.621136485069615,0.26336509235663,0.267121556704060,0.238904240888872,0.206639944148685,0.197424363331222
735,0.639678919993987,0.257786672914962,0.223704949036996,0.301887051542692,0.182190212262849,0.140279459933373
341,0.464154311336516,0.159655442358187,0.165869963138432,0.205907447843523,0.152618104976752,0.140279459933373
642,0.605198627992826,0.255943411389996,0.255024990396885,0.219672052767678,0.218083551882790,0.144720505822661
561,0.640560644506718,0.259638241659144,0.246862287018223,0.269010148553487,0.199491561253654,0.164480729737195
783,0.630855615748439,0.23977753355553,0.238033800236652,0.243298519444439,0.165869963138432,0.158822198286243
867,0.65113325749733,0.284329312589461,0.227823271636467,0.287236372741756,0.145622826217966,0.154850743467635
836,0.650252758171119,0.309756707604237,0.270905253648299,0.301887051542692,0.243298519444439,0.169237834303805
898,0.637915147508898,0.277585234113443,0.242414171861771,0.222891426963376,0.161362102255135,0.193398287644562
836,0.634386284250911,0.280468392646033,0.295029198942614,0.245075200706715,0.185172899926102,0.140279459933373
917,0.646729776551258,0.274713840722163,0.251373586915138,0.274713840722163,0.153350162717428,0.184568357977156
813,0.648491465815105,0.341355528691973,0.307786743279463,0.283362392853609,0.252283020211930,0.148471133452426
716,0.588323660284695,0.253194757033311,0.23033379664679,0.249561781327291,0.158822198286243,0.140279459933373
686,0.633503788623644,0.247759640188542,0.257786672914962,0.169237834303805,0.183371292540019,0.180448444205294
706,0.608744246353995,0.253194757033311,0.233725581744281,0.206639944148685,0.171754154191287,0.140279459933373
750,0.629972659733243,0.243298519444439,0.250466494772263,0.228656878414890,0.197424363331222,0.181025063276694
744,0.626439652176295,0.270905253648299,0.284329312589461,0.247759640188542,0.161797245314680,0.16357228121085
747,0.619367756469412,0.23033379664679,0.219672052767678,0.223704949036996,0.182778757451073,0.143840891542185
205,0.557070755717787,0.173835068385563,0.140279459933373,0.616713692539713,0.666966416344732,0.489087655334828
824,0.657294084136253,0.275669606701894,0.215727826366646,0.271855157449252,0.182778757451073,0.193398287644562
1013,0.636150937944643,0.302869127130412,0.258711437790672,0.310742219942023,0.223704949036996,0.194724220966719
933,0.643205181411445,0.245075200706715,0.255024990396885,0.272806580486754,0.176522456496951,0.156796455796649
1006,0.67838435938152,0.282396577544332,0.26336509235663,0.267121556704060,0.166814026627726,0.157195124574254
758,0.622904705251892,0.250466494772263,0.205907447843523,0.255024990396885,0.163123316426449,0.140279459933373
987,0.601650667029677,0.270905253648299,0.252283020211930,0.300905518027404,0.140279459933373,0.216509434133377
398,0.432309844864813,0.199491561253654,0.148471133452426,0.209608564537159,0.140279459933373,0.172268685450245
755,0.610516199655431,0.302869127130412,0.279506090033501,0.276626749501763,0.196743303664015,0.179307075461499
417,0.58209159090975,0.261497815323131,0.271855157449252,0.258711437790672,0.195393227873188,0.170233153496669
758,0.637915147508898,0.23977753355553,0.157597013980819,0.292100571713878,0.149807763529887,0.168745733831007
692,0.586543936638165,0.273759486818862,0.184568357977156,0.287236372741756,0.172268685450245,0.212638240623736
771,0.595435874427052,0.23977753355553,0.186394027664835,0.248659484023583,0.140279459933373,0.172268685450245
733,0.627323083479833,0.248659484023583,0.23033379664679,0.23977753355553,0.146548361254107,0.200188610986799
710,0.645848781067736,0.264301525715948,0.158822198286243,0.282396577544332,0.162677834203278,0.142147774681471
815,0.62555609967103,0.252283020211930,0.211115838461421,0.247759640188542,0.183371292540019,0.146548361254107
682,0.549891666487745,0.260567046745838,0.240653643199231,0.255024990396885,0.164940248736627,0.188884569174318
780,0.645848781067736,0.215727826366646,0.246862287018223,0.190154027575454,0.140279459933373,0.164480729737195
798,0.603424944919196,0.349241401529061,0.311728055196152,0.341355528691973,0.246862287018223,0.223704949036996
778,0.588323660284695,0.242414171861771,0.23977753355553,0.188255890082703,0.177071557205383,0.183371292540019
812,0.629972659733243,0.301887051542692,0.270905253648299,0.282396577544332,0.183371292540019,0.190154027575454
751,0.598988114480156,0.241532534498303,0.219672052767678,0.264301525715948,0.153350162717428,0.153720720340875
760,0.645848781067736,0.252283020211930,0.250466494772263,0.232023448734304,0.180448444205294,0.187631241909896
973,0.630855615748439,0.300905518027404,0.280468392646033,0.278545025785751,0.188255890082703,0.171754154191287
852,0.637915147508898,0.298944182722262,0.250466494772263,0.281431899695417,0.153720720340875,0.194724220966719
690,0.619367756469412,0.251373586915138,0.256863984839407,0.249561781327291,0.173309128978783,0.164024746412181
751,0.596324170558622,0.26336509235663,0.232872971194181,0.257786672914962,0.213405068833102,0.190154027575454
903,0.629972659733243,0.362014841934518,0.302869127130412,0.350225945404854,0.208860644258667,0.178742307944130
167,0.505558530479263,0.140279459933373,0.171754154191287,0.203733362812729,0.152256565618780,0.186394027664835
750,0.597212308466731,0.261497815323131,0.241532534498303,0.255943411389996,0.148471133452426,0.170736402643872
837,0.629089586309926,0.251373586915138,0.252283020211930,0.190794809258731,0.178181472416481,0.172787005806565
813,0.606971725447777,0.227823271636467,0.256863984839407,0.204454144375473,0.165403320798019,0.148801114525785
705,0.598100289370352,0.208116557082828,0.192088479379025,0.214949882112267,0.146548361254107,0.194724220966719
697,0.606971725447777,0.232872971194181,0.234581247743386,0.245075200706715,0.169237834303805,0.140279459933373
760,0.598988114480156,0.218876016213984,0.238033800236652,0.174364837136968,0.158002143279100,0.140279459933373
836,0.641442262346675,0.245967461561916,0.249561781327291,0.194724220966719,0.174364837136968,0.162677834203278
723,0.608744246353995,0.228656878414890,0.234581247743386,0.219672052767678,0.156008702799071,0.140279459933373
694,0.628206394540431,0.247759640188542,0.216509434133377,0.213405068833102,0.151897993103576,0.175435913518267
761,0.621136485069615,0.267121556704060,0.210360301592275,0.280468392646033,0.157195124574254,0.140279459933373
764,0.617598511353537,0.232023448734304,0.220471637257467,0.236301613614802,0.159237162188545,0.140279459933373
494,0.539995796104345,0.187631241909896,0.209608564537159,0.192088479379025,0.164024746412181,0.155233599845476
886,0.652893966371437,0.258711437790672,0.284329312589461,0.234581247743386,0.162677834203278,0.171754154191287
860,0.660812526368302,0.23977753355553,0.173309128978783,0.256863984839407,0.140801836156987,0.174898448025698
854,0.615828741507218,0.250466494772263,0.270905253648299,0.185172899926102,0.187631241909896,0.159237162188545
732,0.624672424998259,0.251373586915138,0.256863984839407,0.253194757033311,0.140279459933373,0.140279459933373
859,0.622904705251892,0.255943411389996,0.236301613614802,0.236301613614802,0.180448444205294,0.140279459933373
817,0.623788627185174,0.252283020211930,0.250466494772263,0.243298519444439,0.150492979148870,0.140279459933373
779,0.636150937944643,0.226992939983781,0.235439936165745,0.220471637257467,0.161797245314680,0.174364837136968
807,0.617598511353537,0.277585234113443,0.236301613614802,0.228656878414890,0.192088479379025,0.16357228121085
693,0.607858057407542,0.288207386188063,0.282396577544332,0.286266334773665,0.184568357977156,0.140279459933373
796,0.622020658211421,0.232872971194181,0.248659484023583,0.206639944148685,0.172787005806565,0.140279459933373
712,0.606085249352797,0.267121556704060,0.281431899695417,0.234581247743386,0.144720505822661,0.171243398019944
642,0.621136485069615,0.23033379664679,0.23977753355553,0.243298519444439,0.16634019279706,0.171754154191287
834,0.654654294039608,0.258711437790672,0.232023448734304,0.313700605163659,0.183371292540019,0.215727826366646
763,0.702935295982236,0.370820382306947,0.259638241659144,0.49459052794554,0.527356424038935,0.382505251364152
738,0.621136485069615,0.219672052767678,0.252283020211930,0.241532534498303,0.160930368981928,0.140279459933373
846,0.627323083479833,0.280468392646033,0.255024990396885,0.275669606701894,0.163123316426449,0.145018731380577
861,0.655534316836593,0.275669606701894,0.246862287018223,0.243298519444439,0.140279459933373,0.140279459933373
405,0.573173308757861,0.225342219919308,0.284329312589461,0.194059239855938,0.208860644258667,0.156008702799071
809,0.61494365721071,0.26806502014066,0.185781454960399,0.289179343702615,0.186394027664835,0.170233153496669
767,0.617598511353537,0.246862287018223,0.198798498578782,0.222891426963376,0.140279459933373,0.210360301592275
910,0.629972659733243,0.244185541162083,0.245967461561916,0.245075200706715,0.192088479379025,0.164480729737195
672,0.612287594171303,0.255943411389996,0.241532534498303,0.237166246337142,0.145319498566922,0.140279459933373
852,0.627323083479833,0.322587416871138,0.314687276192053,0.273759486818862,0.174898448025698,0.176522456496951
805,0.62555609967103,0.252283020211930,0.200188610986799,0.279506090033501,0.154470991130581,0.200889639762023
722,0.652893966371437,0.218876016213984,0.260567046745838,0.204454144375473,0.160077057692081,0.140279459933373
781,0.647610671197383,0.261497815323131,0.247759640188542,0.26806502014066,0.175977245746161,0.140279459933373
388,0.432309844864813,0.171243398019944,0.228656878414890,0.172268685450245,0.168257318749387,0.140279459933373
505,0.750159284269274,0.241532534498303,0.229493730258852,0.270905253648299,0.164480729737195,0.145928733232941
169,0.528260989528785,0.156008702799071,0.188255890082703,0.214175622695954,0.140279459933373,0.140279459933373
807,0.62555609967103,0.232023448734304,0.23033379664679,0.220471637257467,0.163123316426449,0.151897993103576
730,0.590102705627282,0.217294683481912,0.245967461561916,0.218083551882790,0.203016510694019,0.186394027664835
263,0.655534316836593,0.200889639762023,0.204454144375473,0.308771540986705,0.326539995183568,0.190154027575454
746,0.605198627992826,0.238033800236652,0.211875157547888,0.255943411389996,0.198109430350217,0.155619579790919
768,0.610516199655431,0.229493730258852,0.226165913043895,0.261497815323131,0.151897993103576,0.190154027575454
589,0.523735350546028,0.245075200706715,0.212638240623736,0.194724220966719,0.140279459933373,0.151189670120080
816,0.636150937944643,0.255943411389996,0.282396577544332,0.271855157449252,0.16634019279706,0.142702524367706
817,0.609630293401202,0.238033800236652,0.236301613614802,0.252283020211930,0.164480729737195,0.168257318749387
849,0.618483198986599,0.259638241659144,0.240653643199231,0.266179795115631,0.140279459933373,0.181605650010004
166,0.482650905054512,0.140279459933373,0.160502026996677,0.189517281185082,0.140279459933373,0.140279459933373
154,0.322587416871138,0.152256565618780,0.175435913518267,0.173835068385563,0.157195124574254,0.197424363331222
745,0.62555609967103,0.232023448734304,0.215727826366646,0.220471637257467,0.142423961905656,0.142702524367706
726,0.624672424998259,0.241532534498303,0.198798498578782,0.232872971194181,0.146237238572002,0.200889639762023
667,0.611401966215199,0.223704949036996,0.201594638931909,0.254108759679802,0.147178535004063,0.140279459933373
764,0.618483198986599,0.231177046607856,0.204454144375473,0.227823271636467,0.160930368981928,0.163123316426449
357,0.474347434968947,0.183967824035887,0.233725581744281,0.174364837136968,0.140279459933373,0.158002143279100
423,0.6976787165068,0.277585234113443,0.232872971194181,0.40182397040703,0.402784577338547,0.274713840722163
738,0.62555609967103,0.23977753355553,0.237166246337142,0.238033800236652,0.175435913518267,0.169733635746363
768,0.644086484322101,0.229493730258852,0.253194757033311,0.222081350052879,0.178181472416481,0.140279459933373
646,0.608744246353995,0.224521889216861,0.255943411389996,0.243298519444439,0.167772573247934,0.147497624383717
785,0.649372161207369,0.23977753355553,0.193398287644562,0.23033379664679,0.140279459933373,0.167772573247934
793,0.603424944919196,0.278545025785751,0.277585234113443,0.204454144375473,0.197424363331222,0.172268685450245
875,0.603424944919196,0.448298759169222,0.418084423539314,0.444549008408857,0.352194131843378,0.354161056920203
656,0.633503788623644,0.243298519444439,0.246862287018223,0.206639944148685,0.154850743467635,0.181025063276694
863,0.629972659733243,0.265239772398733,0.262430509724191,0.248659484023583,0.186394027664835,0.150492979148870
680,0.59454741884471,0.237166246337142,0.203016510694019,0.200188610986799,0.158410531669826,0.189517281185082
786,0.646729776551258,0.286266334773665,0.26806502014066,0.275669606701894,0.190794809258731,0.140279459933373
743,0.623788627185174,0.233725581744281,0.209608564537159,0.234581247743386,0.140279459933373,0.140279459933373
759,0.648491465815105,0.319623752397046,0.278545025785751,0.311728055196152,0.145622826217966,0.175977245746161
717,0.61494365721071,0.196743303664015,0.192088479379025,0.258711437790672,0.161362102255135,0.140279459933373
889,0.628206394540431,0.254108759679802,0.23977753355553,0.266179795115631,0.150492979148870,0.161362102255135
835,0.65113325749733,0.266179795115631,0.238904240888872,0.296985336054750,0.151189670120080,0.175977245746161
203,0.586543936638165,0.154094323280450,0.176522456496951,0.196066256873814,0.141333283747465,0.144720505822661
646,0.61405843859737,0.211875157547888,0.214175622695954,0.203733362812729,0.140801836156987,0.140279459933373
439,0.682772413069105,0.216509434133377,0.190154027575454,0.232023448734304,0.190794809258731,0.160930368981928
823,0.645848781067736,0.247759640188542,0.269956905233921,0.220471637257467,0.157597013980819,0.174898448025698
655,0.631738455286738,0.225342219919308,0.249561781327291,0.200889639762023,0.151897993103576,0.156400988328558
771,0.595435874427052,0.217294683481912,0.205907447843523,0.283362392853609,0.140279459933373,0.141333283747465
873,0.606085249352797,0.23977753355553,0.233725581744281,0.225342219919308,0.188884569174318,0.142702524367706
819,0.659053485350326,0.251373586915138,0.246862287018223,0.257786672914962,0.158410531669826,0.181025063276694
624,0.637915147508898,0.244185541162083,0.248659484023583,0.226992939983781,0.178181472416481,0.168257318749387
745,0.615828741507218,0.243298519444439,0.197424363331222,0.227823271636467,0.143266847840142,0.172787005806565
994,0.606085249352797,0.247759640188542,0.246862287018223,0.196066256873814,0.197424363331222,0.140279459933373
628,0.612287594171303,0.249561781327291,0.26806502014066,0.232872971194181,0.180448444205294,0.140279459933373
753,0.617598511353537,0.214949882112267,0.216509434133377,0.217294683481912,0.152618104976752,0.140279459933373
194,0.562445761046978,0.181605650010004,0.203016510694019,0.236301613614802,0.149807763529887,0.173835068385563
169,0.518295090270738,0.145622826217966,0.147497624383717,0.208860644258667,0.160930368981928,0.154094323280450
976,0.646729776551258,0.264301525715948,0.26806502014066,0.281431899695417,0.179875784505171,0.175977245746161
716,0.609630293401202,0.204454144375473,0.206639944148685,0.256863984839407,0.196066256873814,0.205907447843523
834,0.633503788623644,0.257786672914962,0.194724220966719,0.285297304030371,0.158002143279100,0.145319498566922
681,0.574958463059337,0.237166246337142,0.197424363331222,0.261497815323131,0.155233599845476,0.140279459933373
791,0.626439652176295,0.310742219942023,0.237166246337142,0.289179343702615,0.176522456496951,0.200188610986799
715,0.590102705627282,0.233725581744281,0.226165913043895,0.235439936165745,0.198798498578782,0.166814026627726
755,0.600763302119727,0.232872971194181,0.245075200706715,0.237166246337142,0.140279459933373,0.168745733831007
703,0.627323083479833,0.245075200706715,0.188255890082703,0.253194757033311,0.140279459933373,0.168257318749387
776,0.602537880906253,0.214949882112267,0.187010622123131,0.266179795115631,0.160077057692081,0.174898448025698
765,0.633503788623644,0.260567046745838,0.232872971194181,0.250466494772263,0.145928733232941,0.140279459933373
728,0.61494365721071,0.219672052767678,0.214949882112267,0.252283020211930,0.165403320798019,0.156008702799071
830,0.619367756469412,0.269010148553487,0.273759486818862,0.198109430350217,0.181025063276694,0.211875157547888
938,0.654654294039608,0.248659484023583,0.272806580486754,0.288207386188063,0.147178535004063,0.179875784505171
413,0.466939252082330,0.205178843545358,0.154850743467635,0.228656878414890,0.140279459933373,0.140279459933373
665,0.596324170558622,0.207376318697083,0.218876016213984,0.219672052767678,0.160077057692081,0.140279459933373
824,0.620252184825136,0.279506090033501,0.254108759679802,0.222891426963376,0.155619579790919,0.183967824035887
765,0.640560644506718,0.331480818156256,0.266179795115631,0.305818349289740,0.163123316426449,0.198798498578782
733,0.679262118185675,0.26336509235663,0.252283020211930,0.226992939983781,0.232872971194181,0.194724220966719
180,0.384446102799712,0.140279459933373,0.200889639762023,0.197424363331222,0.140279459933373,0.140279459933373
779,0.611401966215199,0.244185541162083,0.201594638931909,0.242414171861771,0.140279459933373,0.214949882112267
702,0.600763302119727,0.233725581744281,0.196066256873814,0.26336509235663,0.16634019279706,0.192088479379025
860,0.624672424998259,0.278545025785751,0.254108759679802,0.286266334773665,0.171754154191287,0.190794809258731
827,0.629972659733243,0.280468392646033,0.245075200706715,0.276626749501763,0.190794809258731,0.169237834303805
730,0.730062251334779,0.346286080835727,0.301887051542692,0.394120687044045,0.416179118323367,0.243298519444439
773,0.613173084606865,0.233725581744281,0.256863984839407,0.181025063276694,0.181025063276694,0.141333283747465
947,0.629089586309926,0.274713840722163,0.259638241659144,0.236301613614802,0.167291481291287,0.183967824035887
787,0.622020658211421,0.226165913043895,0.225342219919308,0.172268685450245,0.140279459933373,0.149469410107982
825,0.631738455286738,0.284329312589461,0.269010148553487,0.281431899695417,0.184568357977156,0.183967824035887
868,0.65113325749733,0.218876016213984,0.225342219919308,0.275669606701894,0.173309128978783,0.185172899926102
856,0.692419876408003,0.313700605163659,0.326539995183568,0.32159942528535,0.223704949036996,0.225342219919308
690,0.616713692539713,0.316661303992259,0.267121556704060,0.244185541162083,0.182778757451073,0.149133866930996
232,0.63703309779987,0.221274744825972,0.197424363331222,0.270905253648299,0.175435913518267,0.149807763529887
705,0.607858057407542,0.226165913043895,0.242414171861771,0.196743303664015,0.158410531669826,0.151897993103576
727,0.620252184825136,0.238904240888872,0.194059239855938,0.287236372741756,0.145018731380577,0.155619579790919
779,0.607858057407542,0.236301613614802,0.172787005806565,0.269956905233921,0.155233599845476,0.148801114525785
718,0.606085249352797,0.256863984839407,0.233725581744281,0.211875157547888,0.171754154191287,0.140279459933373
680,0.611401966215199,0.290152214217331,0.238033800236652,0.303851718893881,0.178181472416481,0.213405068833102
823,0.61494365721071,0.247759640188542,0.258711437790672,0.227823271636467,0.140279459933373,0.150148946700048
703,0.61494365721071,0.255943411389996,0.229493730258852,0.273759486818862,0.140279459933373,0.152982630801945
739,0.644086484322101,0.270905253648299,0.23977753355553,0.247759640188542,0.154850743467635,0.220471637257467
150,0.320611530912211,0.152256565618780,0.140279459933373,0.220471637257467,0.172268685450245,0.158410531669826
945,0.664329550930648,0.296985336054750,0.285297304030371,0.292100571713878,0.211115838461421,0.196743303664015
841,0.646729776551258,0.26806502014066,0.194059239855938,0.242414171861771,0.190154027575454,0.174898448025698
789,0.657294084136253,0.211115838461421,0.140279459933373,0.606085249352797,0.661691913619881,0.489087655334828
652,0.606085249352797,0.215727826366646,0.210360301592275,0.189517281185082,0.165869963138432,0.174364837136968
974,0.636150937944643,0.313700605163659,0.302869127130412,0.286266334773665,0.209608564537159,0.218876016213984
799,0.626439652176295,0.237166246337142,0.257786672914962,0.198798498578782,0.16357228121085,0.165869963138432
286,0.422838791105066,0.156796455796649,0.140279459933373,0.231177046607856,0.157195124574254,0.156400988328558
804,0.618483198986599,0.260567046745838,0.241532534498303,0.244185541162083,0.149807763529887,0.148143904307162
714,0.628206394540431,0.255024990396885,0.215727826366646,0.261497815323131,0.141066417195949,0.164024746412181
682,0.610516199655431,0.202303599215116,0.245075200706715,0.172787005806565,0.157195124574254,0.140279459933373
790,0.592770024376564,0.232023448734304,0.227823271636467,0.188255890082703,0.153720720340875,0.142423961905656
559,0.595435874427052,0.269010148553487,0.259638241659144,0.289179343702615,0.175977245746161,0.140279459933373
713,0.631738455286738,0.247759640188542,0.240653643199231,0.267121556704060,0.140279459933373,0.14298348025674
587,0.627323083479833,0.215727826366646,0.191439626593958,0.227823271636467,0.160502026996677,0.169733635746363
753,0.578526502286961,0.202303599215116,0.232023448734304,0.183371292540019,0.182778757451073,0.140279459933373
1006,0.630855615748439,0.315674182764382,0.271855157449252,0.325551793923222,0.218083551882790,0.192741366843982
621,0.59099197716754,0.238033800236652,0.232023448734304,0.235439936165745,0.173835068385563,0.190154027575454
701,0.612287594171303,0.215727826366646,0.244185541162083,0.198798498578782,0.178181472416481,0.181025063276694
757,0.530069290557968,0.245967461561916,0.229493730258852,0.274713840722163,0.140279459933373,0.167291481291287
932,0.629972659733243,0.238033800236652,0.241532534498303,0.254108759679802,0.171754154191287,0.154850743467635
903,0.662571212990782,0.272806580486754,0.225342219919308,0.281431899695417,0.141602453589765,0.140279459933373
185,0.560654953573793,0.240653643199231,0.238033800236652,0.207376318697083,0.264301525715948,0.23977753355553
765,0.599875784998553,0.216509434133377,0.217294683481912,0.225342219919308,0.176522456496951,0.181025063276694
768,0.647610671197383,0.250466494772263,0.229493730258852,0.219672052767678,0.204454144375473,0.178181472416481
693,0.631738455286738,0.225342219919308,0.264301525715948,0.208860644258667,0.166814026627726,0.143266847840142
687,0.61405843859737,0.216509434133377,0.182190212262849,0.247759640188542,0.151897993103576,0.171243398019944
747,0.61405843859737,0.23977753355553,0.269010148553487,0.164940248736627,0.142147774681471,0.161362102255135
884,0.603424944919196,0.304834801321944,0.276626749501763,0.302869127130412,0.164024746412181,0.140279459933373
725,0.61494365721071,0.210360301592275,0.221274744825972,0.218876016213984,0.140279459933373,0.150492979148870
906,0.629089586309926,0.256863984839407,0.243298519444439,0.228656878414890,0.167772573247934,0.181025063276694
814,0.61494365721071,0.259638241659144,0.211875157547888,0.225342219919308,0.178181472416481,0.177071557205383
689,0.58209159090975,0.214175622695954,0.236301613614802,0.195393227873188,0.160077057692081,0.209608564537159
350,0.40566331506169,0.164480729737195,0.222081350052879,0.171243398019944,0.162677834203278,0.144131604573628
869,0.634386284250911,0.279506090033501,0.232023448734304,0.26336509235663,0.154470991130581,0.183967824035887
686,0.592770024376564,0.220471637257467,0.205178843545358,0.205907447843523,0.181605650010004,0.168745733831007
357,0.463225147278761,0.187631241909896,0.168745733831007,0.177624558944457,0.149133866930996,0.140279459933373
739,0.617598511353537,0.240653643199231,0.221274744825972,0.247759640188542,0.183967824035887,0.140279459933373
768,0.586543936638165,0.243298519444439,0.238033800236652,0.160502026996677,0.16357228121085,0.179307075461499
856,0.644967683931748,0.280468392646033,0.243298519444439,0.278545025785751,0.164024746412181,0.140279459933373
594,0.621136485069615,0.232872971194181,0.215727826366646,0.229493730258852,0.144424803121843,0.170736402643872
534,0.485411763012758,0.192088479379025,0.154094323280450,0.229493730258852,0.140279459933373,0.150492979148870
808,0.656414246618719,0.256863984839407,0.256863984839407,0.249561781327291,0.205178843545358,0.159237162188545
634,0.615828741507218,0.255943411389996,0.23033379664679,0.214175622695954,0.163123316426449,0.175977245746161
754,0.629089586309926,0.257786672914962,0.205178843545358,0.245075200706715,0.169733635746363,0.140279459933373
827,0.656414246618719,0.250466494772263,0.179307075461499,0.262430509724191,0.150839880430613,0.176522456496951
814,0.648491465815105,0.251373586915138,0.236301613614802,0.214175622695954,0.169237834303805,0.165869963138432
710,0.623788627185174,0.244185541162083,0.223704949036996,0.238033800236652,0.163123316426449,0.150148946700048
829,0.61405843859737,0.232872971194181,0.216509434133377,0.218083551882790,0.157195124574254,0.140279459933373
507,0.574958463059337,0.208116557082828,0.266179795115631,0.238904240888872,0.202303599215116,0.179307075461499
592,0.633503788623644,0.233725581744281,0.192088479379025,0.255024990396885,0.145319498566922,0.159237162188545
585,0.515570951288053,0.229493730258852,0.233725581744281,0.226992939983781,0.164480729737195,0.164940248736627
374,0.425685350085428,0.192088479379025,0.169237834303805,0.220471637257467,0.154094323280450,0.145018731380577
473,0.646729776551258,0.317648619366148,0.293075998312143,0.302869127130412,0.220471637257467,0.185781454960399
744,0.622020658211421,0.231177046607856,0.208116557082828,0.223704949036996,0.140279459933373,0.171243398019944
742,0.619367756469412,0.237166246337142,0.250466494772263,0.194724220966719,0.177071557205383,0.182190212262849
766,0.626439652176295,0.265239772398733,0.257786672914962,0.200188610986799,0.150839880430613,0.189517281185082
768,0.606971725447777,0.251373586915138,0.277585234113443,0.203733362812729,0.164940248736627,0.167772573247934
700,0.602537880906253,0.246862287018223,0.23977753355553,0.267121556704060,0.140539522938054,0.140279459933373
833,0.627323083479833,0.256863984839407,0.26806502014066,0.242414171861771,0.184568357977156,0.177071557205383
724,0.602537880906253,0.211875157547888,0.184568357977156,0.232023448734304,0.145319498566922,0.175977245746161
874,0.777215342761057,0.423788147113161,0.376671178467619,0.488169238277247,0.515570951288053,0.372772455485757
686,0.634386284250911,0.240653643199231,0.247759640188542,0.253194757033311,0.158002143279100,0.166814026627726
978,0.634386284250911,0.218083551882790,0.260567046745838,0.267121556704060,0.168745733831007,0.178742307944130
869,0.645848781067736,0.316661303992259,0.269010148553487,0.275669606701894,0.190154027575454,0.165403320798019
590,0.618483198986599,0.218083551882790,0.244185541162083,0.232872971194181,0.167291481291287,0.153350162717428
694,0.615828741507218,0.218083551882790,0.179875784505171,0.218876016213984,0.149469410107982,0.141602453589765
311,0.428527399760189,0.169733635746363,0.163123316426449,0.237166246337142,0.140279459933373,0.173835068385563
771,0.632621179272578,0.242414171861771,0.236301613614802,0.272806580486754,0.171243398019944,0.140279459933373
743,0.639678919993987,0.243298519444439,0.251373586915138,0.260567046745838,0.161797245314680,0.195393227873188
682,0.576742857104671,0.199491561253654,0.221274744825972,0.200188610986799,0.159655442358187,0.168745733831007
785,0.618483198986599,0.23033379664679,0.214949882112267,0.205907447843523,0.147178535004063,0.147497624383717
730,0.598100289370352,0.262430509724191,0.235439936165745,0.283362392853609,0.214949882112267,0.164024746412181
807,0.601650667029677,0.253194757033311,0.202303599215116,0.229493730258852,0.149133866930996,0.140279459933373
806,0.628206394540431,0.273759486818862,0.217294683481912,0.254108759679802,0.187010622123131,0.161797245314680
883,0.592770024376564,0.288207386188063,0.280468392646033,0.217294683481912,0.195393227873188,0.140279459933373
748,0.636150937944643,0.245075200706715,0.232023448734304,0.247759640188542,0.153350162717428,0.148471133452426
611,0.582982412426427,0.253194757033311,0.222081350052879,0.289179343702615,0.174364837136968,0.165403320798019
768,0.612287594171303,0.236301613614802,0.250466494772263,0.221274744825972,0.154850743467635,0.156008702799071
827,0.630855615748439,0.271855157449252,0.206639944148685,0.289179343702615,0.142702524367706,0.164024746412181
596,0.611401966215199,0.26336509235663,0.211115838461421,0.218876016213984,0.181025063276694,0.172787005806565
257,0.629089586309926,0.173835068385563,0.175977245746161,0.212638240623736,0.140279459933373,0.140279459933373
639,0.606971725447777,0.23977753355553,0.179307075461499,0.228656878414890,0.143266847840142,0.140279459933373
840,0.656414246618719,0.258711437790672,0.206639944148685,0.26336509235663,0.142147774681471,0.191439626593958
178,0.538193325982493,0.150839880430613,0.187010622123131,0.212638240623736,0.140279459933373,0.164024746412181
723,0.627323083479833,0.255024990396885,0.222081350052879,0.276626749501763,0.178181472416481,0.199491561253654
813,0.626439652176295,0.277585234113443,0.248659484023583,0.312714190948075,0.154094323280450,0.150839880430613
803,0.627323083479833,0.226165913043895,0.225342219919308,0.240653643199231,0.172268685450245,0.172787005806565
301,0.681017412481438,0.238033800236652,0.192088479379025,0.351210191887716,0.345300444024283,0.212638240623736
817,0.610516199655431,0.274713840722163,0.251373586915138,0.252283020211930,0.171754154191287,0.193398287644562
886,0.616713692539713,0.283362392853609,0.292100571713878,0.255943411389996,0.190794809258731,0.167291481291287
788,0.644086484322101,0.234581247743386,0.208860644258667,0.281431899695417,0.160502026996677,0.159237162188545
728,0.634386284250911,0.267121556704060,0.245967461561916,0.302869127130412,0.182778757451073,0.159237162188545
397,0.434198112267997,0.165869963138432,0.180448444205294,0.16634019279706,0.140279459933373,0.192741366843982
717,0.627323083479833,0.292100571713878,0.231177046607856,0.296006914761259,0.141873944585676,0.200889639762023
191,0.387353706987488,0.140279459933373,0.189517281185082,0.189517281185082,0.140279459933373,0.167291481291287
813,0.621136485069615,0.247759640188542,0.241532534498303,0.227823271636467,0.181025063276694,0.155619579790919
788,0.598988114480156,0.280468392646033,0.269956905233921,0.280468392646033,0.190154027575454,0.190154027575454
741,0.628206394540431,0.253194757033311,0.211115838461421,0.303851718893881,0.156008702799071,0.175435913518267
763,0.592770024376564,0.241532534498303,0.232872971194181,0.217294683481912,0.180448444205294,0.154850743467635
333,0.45297556976512,0.177624558944457,0.173835068385563,0.235439936165745,0.140279459933373,0.158002143279100
766,0.647610671197383,0.276626749501763,0.255943411389996,0.207376318697083,0.169733635746363,0.196066256873814
166,0.488169238277247,0.152982630801945,0.140279459933373,0.210360301592275,0.140279459933373,0.159237162188545
797,0.612287594171303,0.258711437790672,0.253194757033311,0.262430509724191,0.165403320798019,0.140279459933373
949,0.633503788623644,0.284329312589461,0.269956905233921,0.259638241659144,0.216509434133377,0.189517281185082
733,0.600763302119727,0.23977753355553,0.216509434133377,0.187631241909896,0.178742307944130,0.156796455796649
832,0.616713692539713,0.274713840722163,0.255024990396885,0.201594638931909,0.156796455796649,0.153350162717428
725,0.628206394540431,0.23977753355553,0.231177046607856,0.218876016213984,0.154850743467635,0.162235816543637
747,0.616713692539713,0.251373586915138,0.222081350052879,0.232023448734304,0.211115838461421,0.196066256873814
152,0.442671323317129,0.144720505822661,0.140279459933373,0.192741366843982,0.140279459933373,0.144424803121843
792,0.633503788623644,0.248659484023583,0.233725581744281,0.283362392853609,0.156400988328558,0.141333283747465
886,0.656414246618719,0.304834801321944,0.299924552865763,0.26806502014066,0.180448444205294,0.164940248736627
650,0.608744246353995,0.226165913043895,0.188255890082703,0.210360301592275,0.160077057692081,0.161362102255135
779,0.661691913619881,0.303851718893881,0.250466494772263,0.297964434643167,0.191439626593958,0.140279459933373
755,0.598988114480156,0.224521889216861,0.196066256873814,0.270905253648299,0.148143904307162,0.156400988328558
730,0.598100289370352,0.242414171861771,0.249561781327291,0.226165913043895,0.162235816543637,0.170233153496669
774,0.608744246353995,0.224521889216861,0.218083551882790,0.216509434133377,0.150839880430613,0.161797245314680
775,0.622020658211421,0.250466494772263,0.227823271636467,0.216509434133377,0.185172899926102,0.158410531669826
802,0.629972659733243,0.304834801321944,0.249561781327291,0.312714190948075,0.140279459933373,0.173835068385563
841,0.616713692539713,0.243298519444439,0.23033379664679,0.233725581744281,0.169237834303805,0.175435913518267
797,0.612287594171303,0.226992939983781,0.208116557082828,0.243298519444439,0.140279459933373,0.140279459933373
825,0.636150937944643,0.282396577544332,0.273759486818862,0.253194757033311,0.164024746412181,0.151189670120080
805,0.617598511353537,0.258711437790672,0.228656878414890,0.272806580486754,0.160930368981928,0.151542367809210
841,0.640560644506718,0.264301525715948,0.257786672914962,0.225342219919308,0.178181472416481,0.140279459933373
698,0.600763302119727,0.213405068833102,0.227823271636467,0.181605650010004,0.181605650010004,0.173835068385563
817,0.618483198986599,0.255943411389996,0.246862287018223,0.224521889216861,0.205907447843523,0.163123316426449
647,0.57763477259731,0.255943411389996,0.187010622123131,0.308771540986705,0.179875784505171,0.188255890082703
769,0.567813168189284,0.194724220966719,0.233725581744281,0.23977753355553,0.140279459933373,0.140279459933373
671,0.622904705251892,0.215727826366646,0.233725581744281,0.198109430350217,0.158822198286243,0.140279459933373
236,0.439851241970584,0.180448444205294,0.198109430350217,0.190154027575454,0.148471133452426,0.175977245746161
700,0.655534316836593,0.260567046745838,0.241532534498303,0.224521889216861,0.16357228121085,0.140279459933373
735,0.62555609967103,0.249561781327291,0.211875157547888,0.286266334773665,0.171243398019944,0.184568357977156
782,0.605198627992826,0.221274744825972,0.23033379664679,0.252283020211930,0.140279459933373,0.145319498566922
721,0.620252184825136,0.246862287018223,0.241532534498303,0.208116557082828,0.164480729737195,0.154094323280450
157,0.456708871220304,0.140539522938054,0.153720720340875,0.194059239855938,0.167291481291287,0.170233153496669
761,0.599875784998553,0.240653643199231,0.208116557082828,0.204454144375473,0.175435913518267,0.152256565618780
815,0.643205181411445,0.294052217151829,0.26336509235663,0.259638241659144,0.181025063276694,0.182778757451073
875,0.622904705251892,0.244185541162083,0.245967461561916,0.266179795115631,0.172268685450245,0.145319498566922
629,0.644967683931748,0.229493730258852,0.196743303664015,0.238033800236652,0.152982630801945,0.161362102255135
827,0.650252758171119,0.271855157449252,0.272806580486754,0.202303599215116,0.188255890082703,0.159237162188545
777,0.622904705251892,0.244185541162083,0.289179343702615,0.234581247743386,0.185172899926102,0.167772573247934
772,0.606085249352797,0.220471637257467,0.231177046607856,0.241532534498303,0.172787005806565,0.149133866930996
568,0.453909567952752,0.292100571713878,0.174898448025698,0.402784577338547,0.436084425669404,0.264301525715948
834,0.65201365997105,0.253194757033311,0.231177046607856,0.226165913043895,0.171243398019944,0.171243398019944
810,0.637915147508898,0.250466494772263,0.248659484023583,0.255024990396885,0.157597013980819,0.140279459933373
709,0.608744246353995,0.233725581744281,0.249561781327291,0.225342219919308,0.178181472416481,0.158410531669826
903,0.621136485069615,0.248659484023583,0.258711437790672,0.235439936165745,0.162235816543637,0.178181472416481
637,0.58030940985411,0.190154027575454,0.205907447843523,0.240653643199231,0.172268685450245,0.145319498566922
868,0.650252758171119,0.255024990396885,0.262430509724191,0.219672052767678,0.158410531669826,0.145928733232941
713,0.599875784998553,0.198798498578782,0.198109430350217,0.210360301592275,0.184568357977156,0.169733635746363
260,0.428527399760189,0.165403320798019,0.185781454960399,0.207376318697083,0.151897993103576,0.140801836156987
753,0.650252758171119,0.252283020211930,0.269010148553487,0.222081350052879,0.170736402643872,0.140279459933373
862,0.57763477259731,0.325551793923222,0.280468392646033,0.32159942528535,0.185781454960399,0.158822198286243
693,0.608744246353995,0.246862287018223,0.219672052767678,0.256863984839407,0.23033379664679,0.234581247743386
740,0.612287594171303,0.240653643199231,0.223704949036996,0.238904240888872,0.155233599845476,0.214175622695954
639,0.618483198986599,0.246862287018223,0.217294683481912,0.278545025785751,0.155619579790919,0.140279459933373
704,0.58030940985411,0.211115838461421,0.224521889216861,0.238033800236652,0.168257318749387,0.174364837136968
778,0.629089586309926,0.245075200706715,0.200889639762023,0.246862287018223,0.170233153496669,0.164024746412181
794,0.664329550930648,0.293075998312143,0.280468392646033,0.243298519444439,0.177071557205383,0.172268685450245
750,0.606971725447777,0.265239772398733,0.276626749501763,0.192741366843982,0.192741366843982,0.162677834203278
858,0.599875784998553,0.231177046607856,0.26336509235663,0.178181472416481,0.202303599215116,0.140279459933373
719,0.61405843859737,0.355144025044986,0.344314559496454,0.322587416871138,0.250466494772263,0.241532534498303
883,0.632621179272578,0.266179795115631,0.246862287018223,0.218876016213984,0.144131604573628,0.188884569174318
723,0.634386284250911,0.257786672914962,0.249561781327291,0.264301525715948,0.166814026627726,0.208860644258667
834,0.634386284250911,0.248659484023583,0.269956905233921,0.196066256873814,0.173835068385563,0.180448444205294
436,0.466011361565902,0.200188610986799,0.215727826366646,0.208860644258667,0.154094323280450,0.156796455796649
993,0.655534316836593,0.282396577544332,0.285297304030371,0.235439936165745,0.204454144375473,0.154850743467635
567,0.586543936638165,0.214175622695954,0.221274744825972,0.216509434133377,0.156008702799071,0.141873944585676
769,0.635268667058686,0.282396577544332,0.243298519444439,0.277585234113443,0.142702524367706,0.179875784505171
639,0.613173084606865,0.235439936165745,0.237166246337142,0.267121556704060,0.160077057692081,0.179875784505171
735,0.628206394540431,0.242414171861771,0.260567046745838,0.240653643199231,0.150492979148870,0.190154027575454
210,0.59099197716754,0.152982630801945,0.193398287644562,0.175977245746161,0.145018731380577,0.185781454960399
212,0.595435874427052,0.142423961905656,0.200889639762023,0.140279459933373,0.146548361254107,0.141333283747465
717,0.623788627185174,0.207376318697083,0.238033800236652,0.217294683481912,0.159655442358187,0.175977245746161
271,0.453909567952752,0.157597013980819,0.187010622123131,0.181605650010004,0.16634019279706,0.145928733232941
733,0.635268667058686,0.260567046745838,0.253194757033311,0.265239772398733,0.159655442358187,0.142702524367706
166,0.502821101328797,0.142702524367706,0.179875784505171,0.211115838461421,0.140279459933373,0.177071557205383
431,0.447362019176649,0.164480729737195,0.175977245746161,0.220471637257467,0.146862120354825,0.140279459933373
706,0.611401966215199,0.250466494772263,0.188255890082703,0.271855157449252,0.149469410107982,0.158822198286243
821,0.629972659733243,0.223704949036996,0.237166246337142,0.212638240623736,0.144131604573628,0.151897993103576
533,0.570494126543261,0.296985336054750,0.272806580486754,0.275669606701894,0.195393227873188,0.145319498566922
768,0.649372161207369,0.274713840722163,0.187010622123131,0.296985336054750,0.156400988328558,0.140279459933373
857,0.644967683931748,0.250466494772263,0.261497815323131,0.235439936165745,0.185172899926102,0.184568357977156
754,0.62555609967103,0.212638240623736,0.240653643199231,0.248659484023583,0.169237834303805,0.152256565618780
756,0.62555609967103,0.245075200706715,0.221274744825972,0.289179343702615,0.179307075461499,0.188255890082703
913,0.635268667058686,0.217294683481912,0.233725581744281,0.200188610986799,0.163123316426449,0.150492979148870
816,0.659053485350326,0.313700605163659,0.284329312589461,0.266179795115631,0.214949882112267,0.179307075461499
622,0.585653817185493,0.260567046745838,0.228656878414890,0.195393227873188,0.203016510694019,0.194059239855938
787,0.630855615748439,0.244185541162083,0.245967461561916,0.190794809258731,0.177624558944457,0.170736402643872
696,0.606971725447777,0.23033379664679,0.218083551882790,0.216509434133377,0.154470991130581,0.140279459933373
723,0.61494365721071,0.238033800236652,0.251373586915138,0.244185541162083,0.140279459933373,0.140279459933373
756,0.628206394540431,0.23033379664679,0.181025063276694,0.259638241659144,0.156008702799071,0.168745733831007
637,0.665208590906176,0.318636108753548,0.265239772398733,0.303851718893881,0.181605650010004,0.199491561253654
689,0.596324170558622,0.212638240623736,0.188884569174318,0.256863984839407,0.140279459933373,0.165403320798019
740,0.631738455286738,0.222891426963376,0.193398287644562,0.217294683481912,0.165403320798019,0.171243398019944
797,0.635268667058686,0.266179795115631,0.262430509724191,0.238904240888872,0.165403320798019,0.181605650010004
722,0.627323083479833,0.244185541162083,0.223704949036996,0.232023448734304,0.156400988328558,0.223704949036996
903,0.603424944919196,0.266179795115631,0.254108759679802,0.235439936165745,0.172787005806565,0.170736402643872
219,0.660812526368302,0.225342219919308,0.197424363331222,0.347271459448055,0.397976414823837,0.231177046607856
991,0.646729776551258,0.259638241659144,0.275669606701894,0.261497815323131,0.172787005806565,0.182778757451073
1014,0.637915147508898,0.306802338059224,0.296006914761259,0.331480818156256,0.186394027664835,0.167291481291287
804,0.633503788623644,0.245967461561916,0.213405068833102,0.286266334773665,0.152256565618780,0.181025063276694
427,0.641442262346675,0.26806502014066,0.234581247743386,0.261497815323131,0.206639944148685,0.203733362812729
161,0.461365530470573,0.14298348025674,0.140279459933373,0.226992939983781,0.140279459933373,0.145622826217966
175,0.514662297605807,0.140539522938054,0.140279459933373,0.200889639762023,0.140279459933373,0.154094323280450
815,0.622904705251892,0.221274744825972,0.254108759679802,0.196066256873814,0.165869963138432,0.140279459933373
732,0.619367756469412,0.244185541162083,0.210360301592275,0.261497815323131,0.172268685450245,0.160077057692081
747,0.660812526368302,0.303851718893881,0.322587416871138,0.251373586915138,0.240653643199231,0.194724220966719
595,0.610516199655431,0.288207386188063,0.255943411389996,0.291125967010989,0.172787005806565,0.140279459933373
690,0.613173084606865,0.255943411389996,0.259638241659144,0.234581247743386,0.179875784505171,0.147819407725247
686,0.612287594171303,0.209608564537159,0.23977753355553,0.212638240623736,0.149133866930996,0.147497624383717
688,0.620252184825136,0.218083551882790,0.226992939983781,0.257786672914962,0.140279459933373,0.191439626593958
791,0.633503788623644,0.191439626593958,0.224521889216861,0.182778757451073,0.162677834203278,0.187631241909896
671,0.601650667029677,0.218083551882790,0.248659484023583,0.227823271636467,0.210360301592275,0.156400988328558
726,0.612287594171303,0.224521889216861,0.238904240888872,0.200889639762023,0.170736402643872,0.140279459933373
836,0.61405843859737,0.258711437790672,0.271855157449252,0.245075200706715,0.179875784505171,0.190154027575454
754,0.597212308466731,0.236301613614802,0.203016510694019,0.241532534498303,0.174898448025698,0.140279459933373
637,0.584763524220902,0.232872971194181,0.198798498578782,0.250466494772263,0.182778757451073,0.157597013980819
363,0.604311860230174,0.236301613614802,0.140279459933373,0.598988114480156,0.654654294039608,0.482650905054512
853,0.644086484322101,0.267121556704060,0.261497815323131,0.218876016213984,0.202303599215116,0.189517281185082
183,0.432309844864813,0.140279459933373,0.140279459933373,0.554380296765044,0.610516199655431,0.453909567952752
624,0.627323083479833,0.255943411389996,0.222081350052879,0.258711437790672,0.251373586915138,0.203016510694019
408,0.453909567952752,0.191439626593958,0.198798498578782,0.172787005806565,0.140279459933373,0.177071557205383
755,0.611401966215199,0.231177046607856,0.215727826366646,0.246862287018223,0.147819407725247,0.140279459933373
817,0.613173084606865,0.232872971194181,0.181605650010004,0.246862287018223,0.140279459933373,0.141873944585676
696,0.61494365721071,0.244185541162083,0.215727826366646,0.246862287018223,0.160502026996677,0.140539522938054
719,0.623788627185174,0.211115838461421,0.232023448734304,0.236301613614802,0.181025063276694,0.145622826217966
744,0.588323660284695,0.237166246337142,0.246862287018223,0.200188610986799,0.175977245746161,0.191439626593958
741,0.623788627185174,0.243298519444439,0.265239772398733,0.232872971194181,0.181605650010004,0.148143904307162
631,0.654654294039608,0.223704949036996,0.236301613614802,0.262430509724191,0.170736402643872,0.165403320798019
750,0.633503788623644,0.305818349289740,0.282396577544332,0.357108931824631,0.162677834203278,0.174364837136968
686,0.588323660284695,0.219672052767678,0.243298519444439,0.170233153496669,0.140279459933373,0.164940248736627
608,0.58030940985411,0.241532534498303,0.277585234113443,0.229493730258852,0.187010622123131,0.178742307944130
835,0.634386284250911,0.233725581744281,0.229493730258852,0.248659484023583,0.179875784505171,0.140279459933373
455,0.470646634478409,0.183371292540019,0.241532534498303,0.190154027575454,0.144424803121843,0.140279459933373
785,0.630855615748439,0.254108759679802,0.246862287018223,0.238904240888872,0.156796455796649,0.162235816543637
748,0.643205181411445,0.289179343702615,0.286266334773665,0.196066256873814,0.232023448734304,0.181025063276694
897,0.643205181411445,0.26806502014066,0.259638241659144,0.221274744825972,0.149469410107982,0.192741366843982
598,0.602537880906253,0.246862287018223,0.245967461561916,0.191439626593958,0.204454144375473,0.179307075461499
764,0.629972659733243,0.242414171861771,0.170736402643872,0.273759486818862,0.140279459933373,0.161797245314680
896,0.644086484322101,0.244185541162083,0.207376318697083,0.286266334773665,0.190154027575454,0.175435913518267
287,0.695049586089508,0.274713840722163,0.242414171861771,0.32159942528535,0.362014841934518,0.23977753355553
696,0.601650667029677,0.245967461561916,0.241532534498303,0.261497815323131,0.173835068385563,0.174364837136968
714,0.588323660284695,0.224521889216861,0.238033800236652,0.232872971194181,0.141873944585676,0.161362102255135
784,0.629089586309926,0.259638241659144,0.223704949036996,0.278545025785751,0.154850743467635,0.140279459933373
167,0.512844066957349,0.140279459933373,0.140279459933373,0.231177046607856,0.159237162188545,0.140279459933373
783,0.628206394540431,0.248659484023583,0.229493730258852,0.251373586915138,0.180448444205294,0.140279459933373
591,0.548094589195255,0.312714190948075,0.255024990396885,0.269956905233921,0.192741366843982,0.182778757451073
815,0.659053485350326,0.248659484023583,0.267121556704060,0.211875157547888,0.161362102255135,0.140279459933373
718,0.606971725447777,0.196066256873814,0.191439626593958,0.254108759679802,0.142702524367706,0.164024746412181
163,0.476195411202944,0.140279459933373,0.205907447843523,0.140279459933373,0.177071557205383,0.140279459933373
414,0.507381840049532,0.212638240623736,0.158002143279100,0.253194757033311,0.172787005806565,0.152618104976752
799,0.617598511353537,0.257786672914962,0.276626749501763,0.178742307944130,0.203733362812729,0.220471637257467
838,0.642323774366231,0.246862287018223,0.261497815323131,0.228656878414890,0.163123316426449,0.176522456496951
892,0.670481068306923,0.328516409471957,0.305818349289740,0.265239772398733,0.205178843545358,0.226165913043895
656,0.601650667029677,0.225342219919308,0.191439626593958,0.228656878414890,0.153720720340875,0.140279459933373
815,0.658173830133798,0.280468392646033,0.257786672914962,0.278545025785751,0.140279459933373,0.164940248736627
768,0.621136485069615,0.305818349289740,0.265239772398733,0.269956905233921,0.167772573247934,0.152982630801945
748,0.610516199655431,0.208116557082828,0.211875157547888,0.187631241909896,0.162677834203278,0.157597013980819
822,0.599875784998553,0.234581247743386,0.203016510694019,0.224521889216861,0.183967824035887,0.140279459933373
455,0.65113325749733,0.184568357977156,0.196743303664015,0.179875784505171,0.166814026627726,0.183371292540019
785,0.61405843859737,0.255943411389996,0.252283020211930,0.233725581744281,0.142147774681471,0.159655442358187
746,0.616713692539713,0.253194757033311,0.219672052767678,0.23033379664679,0.177071557205383,0.156008702799071
625,0.441731771836077,0.180448444205294,0.205178843545358,0.200889639762023,0.169733635746363,0.179875784505171
897,0.65113325749733,0.273759486818862,0.255024990396885,0.253194757033311,0.189517281185082,0.184568357977156
761,0.622020658211421,0.238033800236652,0.236301613614802,0.199491561253654,0.162235816543637,0.201594638931909
656,0.622020658211421,0.234581247743386,0.240653643199231,0.232023448734304,0.196743303664015,0.161797245314680
336,0.534585290557682,0.178742307944130,0.216509434133377,0.242414171861771,0.14298348025674,0.190154027575454
641,0.595435874427052,0.198798498578782,0.241532534498303,0.167772573247934,0.16357228121085,0.146237238572002
848,0.616713692539713,0.273759486818862,0.251373586915138,0.266179795115631,0.177071557205383,0.238033800236652
842,0.659053485350326,0.269956905233921,0.232872971194181,0.282396577544332,0.160502026996677,0.212638240623736
852,0.590102705627282,0.224521889216861,0.203016510694019,0.232872971194181,0.157195124574254,0.159655442358187
704,0.632621179272578,0.250466494772263,0.252283020211930,0.240653643199231,0.161797245314680,0.143266847840142
723,0.622020658211421,0.232872971194181,0.216509434133377,0.234581247743386,0.140279459933373,0.140279459933373
709,0.650252758171119,0.240653643199231,0.229493730258852,0.226992939983781,0.171243398019944,0.140279459933373
741,0.623788627185174,0.218083551882790,0.222081350052879,0.261497815323131,0.140539522938054,0.172787005806565
801,0.603424944919196,0.298944182722262,0.282396577544332,0.311728055196152,0.196743303664015,0.16634019279706
926,0.639678919993987,0.246862287018223,0.240653643199231,0.282396577544332,0.140279459933373,0.164024746412181
209,0.588323660284695,0.140279459933373,0.189517281185082,0.174898448025698,0.140279459933373,0.162235816543637
1018,0.652893966371437,0.282396577544332,0.276626749501763,0.243298519444439,0.187010622123131,0.184568357977156
710,0.598988114480156,0.294052217151829,0.238904240888872,0.301887051542692,0.175977245746161,0.140279459933373
735,0.598988114480156,0.219672052767678,0.251373586915138,0.200889639762023,0.192088479379025,0.145319498566922
885,0.611401966215199,0.222081350052879,0.223704949036996,0.256863984839407,0.150148946700048,0.158002143279100
179,0.5417972538608,0.155233599845476,0.191439626593958,0.190794809258731,0.140279459933373,0.140279459933373
694,0.585653817185493,0.231177046607856,0.255943411389996,0.214175622695954,0.173309128978783,0.140279459933373
740,0.628206394540431,0.253194757033311,0.23977753355553,0.238033800236652,0.157597013980819,0.147497624383717
608,0.582982412426427,0.202303599215116,0.207376318697083,0.255024990396885,0.145319498566922,0.155233599845476
337,0.472497848634527,0.189517281185082,0.156008702799071,0.207376318697083,0.165403320798019,0.180448444205294
754,0.59099197716754,0.211875157547888,0.207376318697083,0.226992939983781,0.157597013980819,0.163123316426449
707,0.65113325749733,0.281431899695417,0.249561781327291,0.256863984839407,0.206639944148685,0.165869963138432
446,0.446424815327873,0.203733362812729,0.218083551882790,0.158822198286243,0.142147774681471,0.152982630801945
276,0.419036311953547,0.185172899926102,0.210360301592275,0.205178843545358,0.155619579790919,0.152982630801945
812,0.632621179272578,0.266179795115631,0.238033800236652,0.226165913043895,0.182190212262849,0.169237834303805
731,0.650252758171119,0.254108759679802,0.201594638931909,0.287236372741756,0.146548361254107,0.183371292540019
711,0.597212308466731,0.23033379664679,0.210360301592275,0.248659484023583,0.140279459933373,0.158822198286243
863,0.622904705251892,0.264301525715948,0.256863984839407,0.269956905233921,0.174898448025698,0.140279459933373
739,0.646729776551258,0.226992939983781,0.240653643199231,0.267121556704060,0.140279459933373,0.151897993103576
639,0.627323083479833,0.243298519444439,0.206639944148685,0.266179795115631,0.150148946700048,0.164940248736627
993,0.659053485350326,0.298944182722262,0.285297304030371,0.251373586915138,0.176522456496951,0.180448444205294
927,0.631738455286738,0.252283020211930,0.229493730258852,0.254108759679802,0.177624558944457,0.140279459933373
776,0.591881082994116,0.249561781327291,0.228656878414890,0.231177046607856,0.194724220966719,0.174898448025698
705,0.604311860230174,0.238904240888872,0.255024990396885,0.181605650010004,0.182190212262849,0.160930368981928
835,0.659053485350326,0.274713840722163,0.254108759679802,0.229493730258852,0.14298348025674,0.195393227873188
784,0.655534316836593,0.285297304030371,0.257786672914962,0.250466494772263,0.185781454960399,0.194724220966719
733,0.57585075439854,0.229493730258852,0.26336509235663,0.177071557205383,0.145928733232941,0.152982630801945
810,0.610516199655431,0.236301613614802,0.251373586915138,0.158002143279100,0.210360301592275,0.167772573247934
818,0.619367756469412,0.296985336054750,0.269956905233921,0.303851718893881,0.196066256873814,0.151189670120080
723,0.600763302119727,0.240653643199231,0.241532534498303,0.259638241659144,0.164024746412181,0.157195124574254
611,0.592770024376564,0.242414171861771,0.224521889216861,0.256863984839407,0.163123316426449,0.140279459933373
766,0.603424944919196,0.174898448025698,0.259638241659144,0.198798498578782,0.170233153496669,0.168745733831007
733,0.602537880906253,0.192741366843982,0.188884569174318,0.231177046607856,0.140279459933373,0.145622826217966
762,0.627323083479833,0.235439936165745,0.247759640188542,0.265239772398733,0.145018731380577,0.178181472416481
776,0.613173084606865,0.244185541162083,0.216509434133377,0.174364837136968,0.16357228121085,0.140279459933373
790,0.629089586309926,0.26806502014066,0.232023448734304,0.280468392646033,0.157195124574254,0.162235816543637
195,0.531876497718254,0.140279459933373,0.152256565618780,0.192088479379025,0.167772573247934,0.143266847840142
768,0.637915147508898,0.227823271636467,0.231177046607856,0.213405068833102,0.177624558944457,0.146862120354825
625,0.589213267095234,0.289179343702615,0.277585234113443,0.320611530912211,0.188884569174318,0.140279459933373
155,0.461365530470573,0.140279459933373,0.184568357977156,0.190794809258731,0.175435913518267,0.150148946700048
761,0.621136485069615,0.287236372741756,0.256863984839407,0.282396577544332,0.158410531669826,0.151897993103576
785,0.640560644506718,0.271855157449252,0.245967461561916,0.241532534498303,0.169237834303805,0.203733362812729
816,0.638797087949753,0.302869127130412,0.319623752397046,0.222081350052879,0.197424363331222,0.140539522938054
936,0.65113325749733,0.277585234113443,0.256863984839407,0.297964434643167,0.171754154191287,0.159237162188545
697,0.605198627992826,0.231177046607856,0.214175622695954,0.241532534498303,0.157195124574254,0.153350162717428
835,0.629089586309926,0.229493730258852,0.247759640188542,0.257786672914962,0.140279459933373,0.178742307944130
675,0.524641044535778,0.243298519444439,0.267121556704060,0.250466494772263,0.182778757451073,0.140279459933373
814,0.596324170558622,0.237166246337142,0.219672052767678,0.272806580486754,0.161797245314680,0.183967824035887
352,0.455776216619560,0.183967824035887,0.178181472416481,0.218083551882790,0.150492979148870,0.151542367809210
694,0.612287594171303,0.238033800236652,0.225342219919308,0.232872971194181,0.165403320798019,0.140279459933373
841,0.658173830133798,0.272806580486754,0.273759486818862,0.249561781327291,0.207376318697083,0.145928733232941
743,0.607858057407542,0.252283020211930,0.206639944148685,0.260567046745838,0.161362102255135,0.189517281185082
755,0.610516199655431,0.237166246337142,0.241532534498303,0.237166246337142,0.178181472416481,0.150839880430613
368,0.466939252082330,0.167772573247934,0.181605650010004,0.187010622123131,0.155233599845476,0.140279459933373
696,0.600763302119727,0.237166246337142,0.192741366843982,0.244185541162083,0.140279459933373,0.140279459933373
713,0.588323660284695,0.301887051542692,0.289179343702615,0.296006914761259,0.173309128978783,0.173309128978783
715,0.627323083479833,0.224521889216861,0.213405068833102,0.205907447843523,0.196743303664015,0.140279459933373
628,0.623788627185174,0.281431899695417,0.199491561253654,0.293075998312143,0.158822198286243,0.188884569174318
680,0.601650667029677,0.238033800236652,0.210360301592275,0.222081350052879,0.145018731380577,0.140279459933373
702,0.599875784998553,0.232023448734304,0.255024990396885,0.233725581744281,0.16634019279706,0.140279459933373
756,0.623788627185174,0.260567046745838,0.204454144375473,0.254108759679802,0.188255890082703,0.182190212262849
738,0.643205181411445,0.224521889216861,0.240653643199231,0.232023448734304,0.143840891542185,0.143266847840142
642,0.635268667058686,0.257786672914962,0.240653643199231,0.236301613614802,0.211875157547888,0.162677834203278
730,0.631738455286738,0.235439936165745,0.229493730258852,0.211875157547888,0.190794809258731,0.179875784505171
703,0.626439652176295,0.248659484023583,0.214949882112267,0.254108759679802,0.174898448025698,0.157195124574254
730,0.59099197716754,0.241532534498303,0.26336509235663,0.229493730258852,0.170736402643872,0.175435913518267
597,0.61405843859737,0.200188610986799,0.235439936165745,0.200188610986799,0.154094323280450,0.143552645462116
650,0.597212308466731,0.232872971194181,0.196743303664015,0.224521889216861,0.182778757451073,0.158822198286243
415,0.458572851358513,0.143266847840142,0.165403320798019,0.253194757033311,0.140279459933373,0.157597013980819
673,0.599875784998553,0.241532534498303,0.248659484023583,0.267121556704060,0.140279459933373,0.208116557082828
342,0.452041119617036,0.173835068385563,0.214175622695954,0.186394027664835,0.143266847840142,0.16634019279706
693,0.619367756469412,0.237166246337142,0.205907447843523,0.232023448734304,0.164940248736627,0.144720505822661
712,0.632621179272578,0.228656878414890,0.189517281185082,0.280468392646033,0.140279459933373,0.146237238572002
822,0.637915147508898,0.23977753355553,0.291125967010989,0.178181472416481,0.217294683481912,0.164024746412181
776,0.610516199655431,0.261497815323131,0.255943411389996,0.221274744825972,0.181025063276694,0.170736402643872
694,0.595435874427052,0.245075200706715,0.229493730258852,0.214175622695954,0.209608564537159,0.180448444205294
356,0.425685350085428,0.172787005806565,0.152982630801945,0.199491561253654,0.147178535004063,0.154094323280450
736,0.622020658211421,0.243298519444439,0.236301613614802,0.236301613614802,0.140279459933373,0.201594638931909
697,0.637915147508898,0.35612665264182,0.312714190948075,0.266179795115631,0.214175622695954,0.210360301592275
799,0.652893966371437,0.245075200706715,0.257786672914962,0.222891426963376,0.177071557205383,0.140279459933373
670,0.615828741507218,0.216509434133377,0.212638240623736,0.241532534498303,0.140279459933373,0.153720720340875
922,0.606971725447777,0.273759486818862,0.261497815323131,0.261497815323131,0.164940248736627,0.192088479379025
920,0.647610671197383,0.286266334773665,0.295029198942614,0.262430509724191,0.200889639762023,0.140279459933373
649,0.586543936638165,0.211875157547888,0.211115838461421,0.186394027664835,0.158002143279100,0.165869963138432
785,0.61405843859737,0.226165913043895,0.233725581744281,0.222081350052879,0.140279459933373,0.149469410107982
759,0.61494365721071,0.293075998312143,0.241532534498303,0.300905518027404,0.188884569174318,0.141873944585676
795,0.616713692539713,0.293075998312143,0.276626749501763,0.266179795115631,0.140279459933373,0.154470991130581
166,0.461365530470573,0.140279459933373,0.175435913518267,0.167772573247934,0.140279459933373,0.154094323280450
844,0.621136485069615,0.32950458986508,0.316661303992259,0.308771540986705,0.190154027575454,0.201594638931909
210,0.675750628954486,0.218083551882790,0.196743303664015,0.355144025044986,0.346286080835727,0.208860644258667
403,0.443610401564419,0.183371292540019,0.192088479379025,0.206639944148685,0.149807763529887,0.156400988328558
603,0.550789853506805,0.208116557082828,0.212638240623736,0.242414171861771,0.140279459933373,0.140279459933373
769,0.648491465815105,0.264301525715948,0.218876016213984,0.26336509235663,0.140279459933373,0.148801114525785
658,0.707314131231881,0.206639944148685,0.191439626593958,0.252283020211930,0.140279459933373,0.167772573247934
849,0.613173084606865,0.238033800236652,0.228656878414890,0.222891426963376,0.171243398019944,0.16634019279706
763,0.622904705251892,0.214949882112267,0.196066256873814,0.271855157449252,0.140279459933373,0.140279459933373
435,0.68364980472056,0.229493730258852,0.249561781327291,0.337407372460796,0.348256569656263,0.23033379664679
755,0.607858057407542,0.23977753355553,0.198798498578782,0.229493730258852,0.140279459933373,0.140279459933373
806,0.643205181411445,0.257786672914962,0.213405068833102,0.267121556704060,0.176522456496951,0.160502026996677
596,0.621136485069615,0.259638241659144,0.229493730258852,0.264301525715948,0.171243398019944,0.150492979148870
356,0.425685350085428,0.151189670120080,0.140279459933373,0.235439936165745,0.140279459933373,0.155619579790919
352,0.447362019176649,0.208116557082828,0.227823271636467,0.211115838461421,0.178181472416481,0.163123316426449
649,0.598988114480156,0.249561781327291,0.202303599215116,0.232023448734304,0.156400988328558,0.146548361254107
896,0.640560644506718,0.258711437790672,0.222081350052879,0.281431899695417,0.190154027575454,0.140279459933373
525,0.566024855998128,0.236301613614802,0.236301613614802,0.185172899926102,0.183967824035887,0.157597013980819
670,0.629089586309926,0.295029198942614,0.242414171861771,0.284329312589461,0.158002143279100,0.159237162188545
870,0.629089586309926,0.287236372741756,0.23977753355553,0.286266334773665,0.196743303664015,0.201594638931909
719,0.623788627185174,0.247759640188542,0.26336509235663,0.238904240888872,0.171243398019944,0.140279459933373
657,0.608744246353995,0.210360301592275,0.140279459933373,0.264301525715948,0.146548361254107,0.167772573247934
719,0.629089586309926,0.276626749501763,0.251373586915138,0.271855157449252,0.185781454960399,0.140279459933373
366,0.443610401564419,0.190794809258731,0.162677834203278,0.197424363331222,0.140279459933373,0.161797245314680
767,0.62555609967103,0.238033800236652,0.279506090033501,0.219672052767678,0.188884569174318,0.178181472416481
649,0.58030940985411,0.309756707604237,0.232872971194181,0.289179343702615,0.183371292540019,0.192088479379025
722,0.611401966215199,0.234581247743386,0.234581247743386,0.212638240623736,0.197424363331222,0.152982630801945
762,0.600763302119727,0.218876016213984,0.286266334773665,0.148801114525785,0.140279459933373,0.164024746412181
668,0.586543936638165,0.246862287018223,0.197424363331222,0.283362392853609,0.151897993103576,0.162677834203278
381,0.434198112267997,0.168745733831007,0.168745733831007,0.192088479379025,0.145319498566922,0.145928733232941
721,0.617598511353537,0.241532534498303,0.216509434133377,0.256863984839407,0.177624558944457,0.172268685450245
712,0.615828741507218,0.259638241659144,0.235439936165745,0.26806502014066,0.16357228121085,0.140279459933373
805,0.616713692539713,0.23977753355553,0.264301525715948,0.202303599215116,0.183371292540019,0.185781454960399
710,0.599875784998553,0.225342219919308,0.244185541162083,0.185781454960399,0.16634019279706,0.147819407725247
880,0.622020658211421,0.23033379664679,0.244185541162083,0.235439936165745,0.160930368981928,0.140539522938054
772,0.592770024376564,0.234581247743386,0.195393227873188,0.256863984839407,0.184568357977156,0.148801114525785
780,0.617598511353537,0.235439936165745,0.207376318697083,0.252283020211930,0.143552645462116,0.156008702799071
775,0.617598511353537,0.255024990396885,0.219672052767678,0.246862287018223,0.192088479379025,0.140279459933373
734,0.622020658211421,0.226165913043895,0.214175622695954,0.249561781327291,0.156008702799071,0.164480729737195
540,0.570494126543261,0.254108759679802,0.226992939983781,0.267121556704060,0.170233153496669,0.183967824035887
921,0.633503788623644,0.26806502014066,0.270905253648299,0.270905253648299,0.152256565618780,0.158822198286243
981,0.629089586309926,0.342342090635241,0.317648619366148,0.243298519444439,0.196743303664015,0.205907447843523
849,0.62555609967103,0.234581247743386,0.256863984839407,0.259638241659144,0.140279459933373,0.161797245314680
732,0.637915147508898,0.204454144375473,0.172268685450245,0.258711437790672,0.179875784505171,0.195393227873188
195,0.461365530470573,0.149133866930996,0.173835068385563,0.196066256873814,0.177071557205383,0.140279459933373
683,0.62555609967103,0.238904240888872,0.243298519444439,0.232872971194181,0.181605650010004,0.191439626593958
822,0.652893966371437,0.251373586915138,0.226992939983781,0.286266334773665,0.164940248736627,0.183967824035887
811,0.672237905577799,0.26806502014066,0.223704949036996,0.296006914761259,0.151542367809210,0.196743303664015
821,0.631738455286738,0.273759486818862,0.269956905233921,0.203733362812729,0.203733362812729,0.175435913518267
594,0.693296511554413,0.198798498578782,0.223704949036996,0.211875157547888,0.146548361254107,0.150839880430613
766,0.624672424998259,0.277585234113443,0.296006914761259,0.171243398019944,0.181605650010004,0.181025063276694
709,0.588323660284695,0.216509434133377,0.198798498578782,0.228656878414890,0.140279459933373,0.164940248736627
227,0.581200590507501,0.269956905233921,0.245075200706715,0.254108759679802,0.199491561253654,0.140279459933373
778,0.618483198986599,0.212638240623736,0.202303599215116,0.240653643199231,0.140279459933373,0.182190212262849
680,0.597212308466731,0.224521889216861,0.218876016213984,0.203016510694019,0.177071557205383,0.140279459933373
723,0.615828741507218,0.248659484023583,0.232872971194181,0.280468392646033,0.143840891542185,0.166814026627726
769,0.624672424998259,0.272806580486754,0.270905253648299,0.304834801321944,0.181605650010004,0.171243398019944
978,0.630855615748439,0.308771540986705,0.295029198942614,0.327528205863718,0.218083551882790,0.194059239855938
847,0.673116204346268,0.252283020211930,0.279506090033501,0.295029198942614,0.140279459933373,0.154470991130581
683,0.603424944919196,0.202303599215116,0.196743303664015,0.245075200706715,0.145622826217966,0.140279459933373
148,0.434198112267997,0.140279459933373,0.195393227873188,0.178742307944130,0.140279459933373,0.140279459933373
798,0.65201365997105,0.232872971194181,0.227823271636467,0.238904240888872,0.149807763529887,0.158410531669826
772,0.664329550930648,0.294052217151829,0.283362392853609,0.270905253648299,0.182778757451073,0.140279459933373
980,0.621136485069615,0.269956905233921,0.23033379664679,0.244185541162083,0.175977245746161,0.142147774681471
1000,0.632621179272578,0.270905253648299,0.252283020211930,0.284329312589461,0.140279459933373,0.140279459933373
663,0.629972659733243,0.246862287018223,0.210360301592275,0.259638241659144,0.174364837136968,0.160930368981928
450,0.630855615748439,0.334444602573969,0.297964434643167,0.317648619366148,0.228656878414890,0.203016510694019
768,0.633503788623644,0.244185541162083,0.244185541162083,0.247759640188542,0.142423961905656,0.200188610986799
760,0.604311860230174,0.215727826366646,0.229493730258852,0.244185541162083,0.173309128978783,0.143552645462116
748,0.631738455286738,0.232023448734304,0.233725581744281,0.269956905233921,0.149807763529887,0.140279459933373
772,0.620252184825136,0.236301613614802,0.200188610986799,0.272806580486754,0.159237162188545,0.170233153496669
804,0.603424944919196,0.256863984839407,0.259638241659144,0.215727826366646,0.164480729737195,0.159237162188545
812,0.585653817185493,0.217294683481912,0.205178843545358,0.213405068833102,0.160930368981928,0.140279459933373
799,0.630855615748439,0.282396577544332,0.254108759679802,0.247759640188542,0.179875784505171,0.174364837136968
850,0.633503788623644,0.26336509235663,0.26806502014066,0.188255890082703,0.145928733232941,0.165403320798019
690,0.616713692539713,0.243298519444439,0.220471637257467,0.199491561253654,0.175977245746161,0.159655442358187
853,0.646729776551258,0.26336509235663,0.269010148553487,0.225342219919308,0.208860644258667,0.190154027575454
146,0.45297556976512,0.140279459933373,0.141333283747465,0.249561781327291,0.147497624383717,0.160077057692081
776,0.590102705627282,0.244185541162083,0.265239772398733,0.210360301592275,0.158410531669826,0.140279459933373
218,0.643205181411445,0.205178843545358,0.234581247743386,0.220471637257467,0.162235816543637,0.177071557205383
439,0.565130393380684,0.323575487390111,0.280468392646033,0.243298519444439,0.175435913518267,0.140279459933373
664,0.583873056414207,0.272806580486754,0.254108759679802,0.237166246337142,0.191439626593958,0.165403320798019
800,0.622020658211421,0.261497815323131,0.246862287018223,0.240653643199231,0.185172899926102,0.159655442358187
204,0.415225700022613,0.140279459933373,0.196743303664015,0.175977245746161,0.140279459933373,0.152618104976752
623,0.648491465815105,0.244185541162083,0.233725581744281,0.224521889216861,0.158002143279100,0.140279459933373
237,0.411406907527978,0.156400988328558,0.199491561253654,0.172787005806565,0.151542367809210,0.185172899926102
754,0.59454741884471,0.221274744825972,0.211115838461421,0.198109430350217,0.158002143279100,0.140279459933373
362,0.420938564569721,0.160502026996677,0.170233153496669,0.185781454960399,0.179875784505171,0.158410531669826
832,0.662571212990782,0.260567046745838,0.201594638931909,0.279506090033501,0.160077057692081,0.183371292540019
678,0.584763524220902,0.232023448734304,0.232023448734304,0.208116557082828,0.152982630801945,0.150839880430613
214,0.692419876408003,0.231177046607856,0.192741366843982,0.373747820375976,0.368866547920421,0.259638241659144
839,0.600763302119727,0.221274744825972,0.236301613614802,0.273759486818862,0.160502026996677,0.140279459933373
668,0.622904705251892,0.246862287018223,0.172787005806565,0.278545025785751,0.181025063276694,0.140279459933373
877,0.636150937944643,0.262430509724191,0.255943411389996,0.256863984839407,0.148471133452426,0.159237162188545
738,0.637915147508898,0.244185541162083,0.254108759679802,0.193398287644562,0.171754154191287,0.16357228121085
750,0.599875784998553,0.235439936165745,0.219672052767678,0.23977753355553,0.150839880430613,0.140279459933373
815,0.660812526368302,0.262430509724191,0.23977753355553,0.256863984839407,0.158822198286243,0.169237834303805
407,0.441731771836077,0.155619579790919,0.182190212262849,0.214175622695954,0.140279459933373,0.144424803121843
769,0.61405843859737,0.240653643199231,0.247759640188542,0.258711437790672,0.160930368981928,0.143266847840142
707,0.593658802575914,0.191439626593958,0.205907447843523,0.214949882112267,0.155619579790919,0.171754154191287
315,0.452041119617036,0.154850743467635,0.202303599215116,0.170233153496669,0.162235816543637,0.140279459933373
858,0.616713692539713,0.202303599215116,0.242414171861771,0.260567046745838,0.152982630801945,0.187010622123131
894,0.692419876408003,0.267121556704060,0.218083551882790,0.275669606701894,0.179875784505171,0.206639944148685
383,0.471572446139952,0.192088479379025,0.183967824035887,0.177071557205383,0.142423961905656,0.184568357977156
158,0.426633199381427,0.140279459933373,0.140801836156987,0.183967824035887,0.148801114525785,0.158410531669826
770,0.600763302119727,0.242414171861771,0.236301613614802,0.201594638931909,0.152982630801945,0.163123316426449
690,0.639678919993987,0.244185541162083,0.196743303664015,0.26806502014066,0.173835068385563,0.162677834203278
358,0.432309844864813,0.144720505822661,0.172268685450245,0.196066256873814,0.146862120354825,0.140279459933373
794,0.63703309779987,0.247759640188542,0.250466494772263,0.166814026627726,0.177071557205383,0.140279459933373
713,0.603424944919196,0.294052217151829,0.256863984839407,0.267121556704060,0.208116557082828,0.205178843545358
529,0.606971725447777,0.312714190948075,0.288207386188063,0.272806580486754,0.196066256873814,0.216509434133377
954,0.643205181411445,0.302869127130412,0.286266334773665,0.249561781327291,0.221274744825972,0.185172899926102
682,0.611401966215199,0.242414171861771,0.254108759679802,0.232023448734304,0.200188610986799,0.173835068385563
777,0.621136485069615,0.233725581744281,0.212638240623736,0.235439936165745,0.140539522938054,0.145018731380577
626,0.630855615748439,0.242414171861771,0.249561781327291,0.225342219919308,0.166814026627726,0.155233599845476
867,0.640560644506718,0.266179795115631,0.232023448734304,0.298944182722262,0.160077057692081,0.174364837136968
852,0.621136485069615,0.221274744825972,0.214949882112267,0.220471637257467,0.147178535004063,0.183967824035887
800,0.603424944919196,0.304834801321944,0.277585234113443,0.238033800236652,0.179875784505171,0.140279459933373
744,0.61405843859737,0.285297304030371,0.227823271636467,0.290152214217331,0.16634019279706,0.176522456496951
766,0.602537880906253,0.270905253648299,0.301887051542692,0.23033379664679,0.220471637257467,0.208860644258667
841,0.650252758171119,0.256863984839407,0.215727826366646,0.26336509235663,0.188255890082703,0.140279459933373
779,0.604311860230174,0.234581247743386,0.223704949036996,0.249561781327291,0.197424363331222,0.168257318749387
616,0.608744246353995,0.238033800236652,0.241532534498303,0.222891426963376,0.188255890082703,0.176522456496951
714,0.618483198986599,0.217294683481912,0.232872971194181,0.207376318697083,0.143266847840142,0.179307075461499
893,0.669602528491819,0.280468392646033,0.246862287018223,0.194724220966719,0.187631241909896,0.191439626593958
421,0.447362019176649,0.183371292540019,0.140279459933373,0.241532534498303,0.145018731380577,0.140279459933373
771,0.613173084606865,0.241532534498303,0.213405068833102,0.256863984839407,0.146237238572002,0.198109430350217
647,0.611401966215199,0.254108759679802,0.206639944148685,0.269010148553487,0.140279459933373,0.171754154191287
661,0.606971725447777,0.210360301592275,0.223704949036996,0.228656878414890,0.140279459933373,0.154850743467635
166,0.490923390673098,0.147178535004063,0.140279459933373,0.215727826366646,0.144131604573628,0.140279459933373
711,0.612287594171303,0.254108759679802,0.259638241659144,0.219672052767678,0.16634019279706,0.150148946700048
841,0.630855615748439,0.275669606701894,0.273759486818862,0.293075998312143,0.243298519444439,0.171243398019944
215,0.590102705627282,0.140279459933373,0.164940248736627,0.200889639762023,0.140279459933373,0.140279459933373
736,0.62555609967103,0.228656878414890,0.222891426963376,0.232872971194181,0.185172899926102,0.152618104976752
752,0.647610671197383,0.286266334773665,0.196066256873814,0.275669606701894,0.186394027664835,0.157195124574254
649,0.596324170558622,0.209608564537159,0.224521889216861,0.234581247743386,0.166814026627726,0.140279459933373
806,0.602537880906253,0.224521889216861,0.207376318697083,0.223704949036996,0.148471133452426,0.190154027575454
177,0.409494432911366,0.159655442358187,0.150492979148870,0.178181472416481,0.140279459933373,0.167291481291287
790,0.613173084606865,0.249561781327291,0.253194757033311,0.226165913043895,0.178181472416481,0.145319498566922
167,0.479886604427388,0.156008702799071,0.140279459933373,0.216509434133377,0.161797245314680,0.16357228121085
689,0.606085249352797,0.219672052767678,0.201594638931909,0.238904240888872,0.173835068385563,0.179307075461499
207,0.415225700022613,0.187010622123131,0.212638240623736,0.203733362812729,0.189517281185082,0.231177046607856
197,0.56334084744967,0.273759486818862,0.277585234113443,0.208860644258667,0.181605650010004,0.140279459933373
711,0.62555609967103,0.218083551882790,0.255024990396885,0.182778757451073,0.162677834203278,0.156400988328558
719,0.632621179272578,0.301887051542692,0.315674182764382,0.272806580486754,0.224521889216861,0.184568357977156
735,0.608744246353995,0.226165913043895,0.243298519444439,0.237166246337142,0.158002143279100,0.150839880430613
642,0.607858057407542,0.203733362812729,0.207376318697083,0.258711437790672,0.140279459933373,0.140279459933373
353,0.41331732873535,0.140279459933373,0.194059239855938,0.196743303664015,0.140279459933373,0.172787005806565
634,0.597212308466731,0.269956905233921,0.242414171861771,0.267121556704060,0.187010622123131,0.176522456496951
330,0.419987692000204,0.162235816543637,0.190794809258731,0.149807763529887,0.140539522938054,0.140279459933373
740,0.605198627992826,0.245075200706715,0.184568357977156,0.254108759679802,0.161797245314680,0.172268685450245
776,0.619367756469412,0.229493730258852,0.192741366843982,0.266179795115631,0.165403320798019,0.140279459933373
418,0.66608754581422,0.36005360357005,0.199491561253654,0.504646384858735,0.547195695509664,0.381534098529382
806,0.648491465815105,0.368866547920421,0.293075998312143,0.318636108753548,0.227823271636467,0.216509434133377
754,0.604311860230174,0.232023448734304,0.262430509724191,0.236301613614802,0.164024746412181,0.14298348025674
263,0.452041119617036,0.162677834203278,0.178181472416481,0.160502026996677,0.141602453589765,0.188884569174318
285,0.446424815327873,0.176522456496951,0.199491561253654,0.203733362812729,0.153720720340875,0.151189670120080
358,0.445487145704544,0.208116557082828,0.170736402643872,0.189517281185082,0.172787005806565,0.163123316426449
691,0.587433883900336,0.281431899695417,0.290152214217331,0.188884569174318,0.182190212262849,0.168257318749387
824,0.657294084136253,0.245967461561916,0.258711437790672,0.260567046745838,0.164940248736627,0.154850743467635
691,0.608744246353995,0.226992939983781,0.187631241909896,0.266179795115631,0.140279459933373,0.16634019279706
811,0.632621179272578,0.26806502014066,0.26806502014066,0.23033379664679,0.165869963138432,0.140279459933373
967,0.658173830133798,0.347271459448055,0.305818349289740,0.282396577544332,0.203016510694019,0.155619579790919
447,0.454843116219575,0.212638240623736,0.196066256873814,0.163123316426449,0.140279459933373,0.140279459933373
767,0.605198627992826,0.322587416871138,0.322587416871138,0.353177756395209,0.336419918223748,0.211115838461421
674,0.540896650628897,0.283362392853609,0.232023448734304,0.259638241659144,0.192741366843982,0.196066256873814
279,0.479886604427388,0.187010622123131,0.176522456496951,0.179875784505171,0.143266847840142,0.140279459933373
844,0.644086484322101,0.259638241659144,0.222081350052879,0.299924552865763,0.148471133452426,0.146548361254107
764,0.633503788623644,0.231177046607856,0.256863984839407,0.203733362812729,0.148471133452426,0.140279459933373
658,0.695049586089508,0.250466494772263,0.221274744825972,0.243298519444439,0.164024746412181,0.224521889216861
791,0.589213267095234,0.240653643199231,0.189517281185082,0.254108759679802,0.170233153496669,0.140279459933373
925,0.627323083479833,0.340368763820501,0.291125967010989,0.299924552865763,0.175435913518267,0.198798498578782
281,0.475271623239318,0.170736402643872,0.171243398019944,0.219672052767678,0.140279459933373,0.140279459933373
681,0.623788627185174,0.282396577544332,0.245967461561916,0.296006914761259,0.218083551882790,0.192741366843982
316,0.433254223593108,0.160077057692081,0.187010622123131,0.211875157547888,0.151189670120080,0.14298348025674
379,0.44923503724365,0.195393227873188,0.145928733232941,0.229493730258852,0.140279459933373,0.155619579790919
339,0.459504181093247,0.178181472416481,0.186394027664835,0.213405068833102,0.141602453589765,0.175977245746161
782,0.653774177471793,0.272806580486754,0.245967461561916,0.284329312589461,0.183371292540019,0.194059239855938
764,0.586543936638165,0.273759486818862,0.276626749501763,0.291125967010989,0.208860644258667,0.171243398019944
625,0.55975922935761,0.278545025785751,0.228656878414890,0.271855157449252,0.165869963138432,0.160930368981928
799,0.626439652176295,0.246862287018223,0.194724220966719,0.284329312589461,0.145622826217966,0.176522456496951
717,0.644086484322101,0.254108759679802,0.244185541162083,0.222081350052879,0.195393227873188,0.140279459933373
701,0.616713692539713,0.227823271636467,0.205178843545358,0.196743303664015,0.145018731380577,0.164024746412181
785,0.629972659733243,0.23977753355553,0.203733362812729,0.289179343702615,0.185781454960399,0.144131604573628
420,0.455776216619560,0.178181472416481,0.194059239855938,0.196066256873814,0.140279459933373,0.140279459933373
782,0.622020658211421,0.279506090033501,0.256863984839407,0.291125967010989,0.150148946700048,0.140279459933373
660,0.616713692539713,0.238033800236652,0.228656878414890,0.235439936165745,0.187010622123131,0.144424803121843
832,0.641442262346675,0.280468392646033,0.276626749501763,0.248659484023583,0.163123316426449,0.191439626593958
748,0.622904705251892,0.254108759679802,0.224521889216861,0.233725581744281,0.185172899926102,0.197424363331222
786,0.63703309779987,0.278545025785751,0.261497815323131,0.253194757033311,0.188255890082703,0.224521889216861
250,0.499166505254691,0.247759640188542,0.267121556704060,0.209608564537159,0.182778757451073,0.144424803121843
776,0.591881082994116,0.242414171861771,0.231177046607856,0.208860644258667,0.163123316426449,0.140279459933373
725,0.610516199655431,0.241532534498303,0.26336509235663,0.232023448734304,0.158410531669826,0.183967824035887
730,0.627323083479833,0.244185541162083,0.251373586915138,0.231177046607856,0.150148946700048,0.140279459933373
271,0.547195695509664,0.226165913043895,0.26336509235663,0.245075200706715,0.167291481291287,0.140279459933373
697,0.636150937944643,0.259638241659144,0.226992939983781,0.261497815323131,0.162235816543637,0.140279459933373
768,0.632621179272578,0.245967461561916,0.254108759679802,0.196743303664015,0.140279459933373,0.148143904307162
790,0.617598511353537,0.26336509235663,0.242414171861771,0.243298519444439,0.140279459933373,0.167772573247934
873,0.635268667058686,0.379590352485876,0.313700605163659,0.323575487390111,0.175977245746161,0.181605650010004
742,0.641442262346675,0.246862287018223,0.23033379664679,0.199491561253654,0.140279459933373,0.140279459933373
582,0.624672424998259,0.222081350052879,0.213405068833102,0.275669606701894,0.140279459933373,0.182190212262849
482,0.662571212990782,0.232872971194181,0.196743303664015,0.255943411389996,0.16357228121085,0.182190212262849
704,0.623788627185174,0.240653643199231,0.222081350052879,0.226165913043895,0.168745733831007,0.168257318749387
779,0.599875784998553,0.209608564537159,0.185172899926102,0.269956905233921,0.185781454960399,0.179307075461499
781,0.633503788623644,0.222891426963376,0.183371292540019,0.281431899695417,0.140279459933373,0.140279459933373
759,0.627323083479833,0.254108759679802,0.280468392646033,0.202303599215116,0.199491561253654,0.186394027664835
799,0.629089586309926,0.243298519444439,0.226992939983781,0.222891426963376,0.193398287644562,0.140279459933373
804,0.593658802575914,0.254108759679802,0.253194757033311,0.199491561253654,0.193398287644562,0.147178535004063
217,0.416179118323367,0.155233599845476,0.178742307944130,0.201594638931909,0.140279459933373,0.146237238572002
781,0.630855615748439,0.277585234113443,0.296006914761259,0.237166246337142,0.171243398019944,0.207376318697083
784,0.621136485069615,0.232023448734304,0.177624558944457,0.262430509724191,0.140279459933373,0.145319498566922
663,0.627323083479833,0.238033800236652,0.218876016213984,0.233725581744281,0.182778757451073,0.169237834303805
729,0.621136485069615,0.26336509235663,0.252283020211930,0.243298519444439,0.198798498578782,0.140279459933373
164,0.486331294331022,0.154470991130581,0.142147774681471,0.189517281185082,0.140279459933373,0.167772573247934
715,0.611401966215199,0.207376318697083,0.23977753355553,0.222891426963376,0.153350162717428,0.140279459933373
783,0.648491465815105,0.23977753355553,0.237166246337142,0.233725581744281,0.163123316426449,0.140279459933373
927,0.665208590906176,0.302869127130412,0.279506090033501,0.218083551882790,0.218876016213984,0.205178843545358
335,0.448298759169222,0.194724220966719,0.208860644258667,0.180448444205294,0.147178535004063,0.160077057692081
817,0.659053485350326,0.277585234113443,0.233725581744281,0.269010148553487,0.162235816543637,0.205907447843523
727,0.635268667058686,0.244185541162083,0.245967461561916,0.270905253648299,0.160502026996677,0.140279459933373
649,0.610516199655431,0.249561781327291,0.244185541162083,0.196743303664015,0.193398287644562,0.140279459933373
774,0.595435874427052,0.260567046745838,0.260567046745838,0.224521889216861,0.161797245314680,0.152618104976752
761,0.611401966215199,0.225342219919308,0.220471637257467,0.234581247743386,0.164024746412181,0.188884569174318
328,0.434198112267997,0.140279459933373,0.170233153496669,0.241532534498303,0.154470991130581,0.157597013980819
392,0.587433883900336,0.204454144375473,0.194724220966719,0.181605650010004,0.198798498578782,0.141333283747465
637,0.608744246353995,0.216509434133377,0.231177046607856,0.211875157547888,0.168745733831007,0.178181472416481
654,0.593658802575914,0.196743303664015,0.201594638931909,0.231177046607856,0.141602453589765,0.147178535004063
639,0.59454741884471,0.348256569656263,0.347271459448055,0.324563618926047,0.179307075461499,0.174898448025698
163,0.418084423539314,0.162677834203278,0.159655442358187,0.218876016213984,0.146548361254107,0.140279459933373
698,0.607858057407542,0.229493730258852,0.198798498578782,0.224521889216861,0.153720720340875,0.165869963138432
361,0.454843116219575,0.182190212262849,0.214175622695954,0.140279459933373,0.154470991130581,0.140279459933373
859,0.633503788623644,0.253194757033311,0.226992939983781,0.282396577544332,0.175435913518267,0.169733635746363
348,0.673994424070159,0.255024990396885,0.232872971194181,0.284329312589461,0.242414171861771,0.140279459933373
781,0.615828741507218,0.241532534498303,0.222081350052879,0.248659484023583,0.144720505822661,0.158002143279100
791,0.636150937944643,0.269010148553487,0.225342219919308,0.241532534498303,0.192088479379025,0.156008702799071
764,0.624672424998259,0.323575487390111,0.291125967010989,0.328516409471957,0.165869963138432,0.223704949036996
884,0.602537880906253,0.258711437790672,0.209608564537159,0.256863984839407,0.145928733232941,0.178742307944130
744,0.613173084606865,0.232872971194181,0.213405068833102,0.253194757033311,0.150839880430613,0.151897993103576
620,0.627323083479833,0.245075200706715,0.210360301592275,0.260567046745838,0.157195124574254,0.140279459933373
823,0.663450425192382,0.276626749501763,0.244185541162083,0.257786672914962,0.162235816543637,0.155233599845476
771,0.613173084606865,0.219672052767678,0.232872971194181,0.232872971194181,0.169237834303805,0.140279459933373
852,0.629089586309926,0.261497815323131,0.221274744825972,0.273759486818862,0.161797245314680,0.151189670120080
747,0.646729776551258,0.276626749501763,0.261497815323131,0.211875157547888,0.171754154191287,0.140279459933373
546,0.517387345588464,0.285297304030371,0.238904240888872,0.288207386188063,0.160077057692081,0.140279459933373
686,0.606085249352797,0.256863984839407,0.247759640188542,0.213405068833102,0.202303599215116,0.159655442358187
703,0.638797087949753,0.218876016213984,0.236301613614802,0.208116557082828,0.140279459933373,0.179307075461499
697,0.65201365997105,0.259638241659144,0.232023448734304,0.269010148553487,0.170233153496669,0.140279459933373
757,0.613173084606865,0.218083551882790,0.208116557082828,0.208116557082828,0.172268685450245,0.164480729737195
791,0.642323774366231,0.271855157449252,0.255024990396885,0.194059239855938,0.190154027575454,0.140279459933373
787,0.660812526368302,0.274713840722163,0.251373586915138,0.224521889216861,0.155233599845476,0.150839880430613
782,0.635268667058686,0.234581247743386,0.262430509724191,0.203733362812729,0.165403320798019,0.147819407725247
896,0.636150937944643,0.289179343702615,0.301887051542692,0.236301613614802,0.175435913518267,0.176522456496951
697,0.612287594171303,0.222081350052879,0.238904240888872,0.222081350052879,0.191439626593958,0.205907447843523
762,0.603424944919196,0.204454144375473,0.229493730258852,0.237166246337142,0.145319498566922,0.162677834203278
796,0.629089586309926,0.259638241659144,0.264301525715948,0.257786672914962,0.140279459933373,0.153350162717428
643,0.615828741507218,0.266179795115631,0.260567046745838,0.23033379664679,0.201594638931909,0.159237162188545
661,0.626439652176295,0.286266334773665,0.289179343702615,0.313700605163659,0.167772573247934,0.170233153496669
811,0.598100289370352,0.245075200706715,0.236301613614802,0.264301525715948,0.140279459933373,0.203016510694019
750,0.595435874427052,0.222891426963376,0.201594638931909,0.232872971194181,0.198109430350217,0.168745733831007
841,0.631738455286738,0.243298519444439,0.238904240888872,0.238033800236652,0.155233599845476,0.140279459933373
778,0.629089586309926,0.278545025785751,0.256863984839407,0.204454144375473,0.174364837136968,0.174364837136968
753,0.612287594171303,0.247759640188542,0.265239772398733,0.194059239855938,0.166814026627726,0.140279459933373
802,0.604311860230174,0.296985336054750,0.285297304030371,0.303851718893881,0.171754154191287,0.140279459933373
759,0.604311860230174,0.231177046607856,0.242414171861771,0.232023448734304,0.160930368981928,0.174898448025698
904,0.646729776551258,0.227823271636467,0.223704949036996,0.267121556704060,0.149807763529887,0.199491561253654
783,0.605198627992826,0.231177046607856,0.270905253648299,0.191439626593958,0.178181472416481,0.160930368981928
740,0.61405843859737,0.250466494772263,0.23033379664679,0.23033379664679,0.190154027575454,0.140279459933373
172,0.453909567952752,0.149469410107982,0.172787005806565,0.208116557082828,0.146237238572002,0.144424803121843
368,0.419987692000204,0.157597013980819,0.148143904307162,0.228656878414890,0.140279459933373,0.170736402643872
330,0.395085382089401,0.173835068385563,0.209608564537159,0.214175622695954,0.167772573247934,0.154850743467635
304,0.679262118185675,0.265239772398733,0.255024990396885,0.262430509724191,0.195393227873188,0.189517281185082
765,0.624672424998259,0.255024990396885,0.271855157449252,0.206639944148685,0.190154027575454,0.141333283747465
792,0.62555609967103,0.26806502014066,0.227823271636467,0.220471637257467,0.174364837136968,0.186394027664835
758,0.622020658211421,0.222891426963376,0.208116557082828,0.218083551882790,0.145018731380577,0.140801836156987
821,0.6678452031824,0.260567046745838,0.259638241659144,0.247759640188542,0.183967824035887,0.161797245314680
816,0.610516199655431,0.226165913043895,0.220471637257467,0.224521889216861,0.157195124574254,0.140279459933373
882,0.65201365997105,0.232872971194181,0.245967461561916,0.218083551882790,0.173835068385563,0.140279459933373
820,0.627323083479833,0.257786672914962,0.229493730258852,0.238033800236652,0.170736402643872,0.190794809258731
883,0.636150937944643,0.267121556704060,0.183371292540019,0.264301525715948,0.145928733232941,0.177071557205383
761,0.623788627185174,0.255943411389996,0.256863984839407,0.160930368981928,0.174898448025698,0.218876016213984
759,0.622904705251892,0.262430509724191,0.271855157449252,0.208860644258667,0.194059239855938,0.172787005806565
709,0.602537880906253,0.261497815323131,0.256863984839407,0.275669606701894,0.16634019279706,0.198798498578782
879,0.630855615748439,0.253194757033311,0.192741366843982,0.289179343702615,0.140279459933373,0.223704949036996
648,0.609630293401202,0.219672052767678,0.194059239855938,0.245075200706715,0.156008702799071,0.140279459933373
741,0.609630293401202,0.293075998312143,0.232872971194181,0.285297304030371,0.203016510694019,0.148143904307162
983,0.631738455286738,0.283362392853609,0.312714190948075,0.260567046745838,0.214949882112267,0.140279459933373
717,0.615828741507218,0.243298519444439,0.267121556704060,0.223704949036996,0.158822198286243,0.171243398019944
685,0.61494365721071,0.220471637257467,0.244185541162083,0.202303599215116,0.140279459933373,0.185781454960399
706,0.627323083479833,0.274713840722163,0.223704949036996,0.253194757033311,0.164940248736627,0.140279459933373
367,0.425685350085428,0.171754154191287,0.158410531669826,0.217294683481912,0.140279459933373,0.161362102255135
827,0.599875784998553,0.261497815323131,0.250466494772263,0.203733362812729,0.174364837136968,0.175435913518267
725,0.617598511353537,0.224521889216861,0.163123316426449,0.232872971194181,0.156400988328558,0.173835068385563
885,0.629972659733243,0.269956905233921,0.254108759679802,0.296006914761259,0.165869963138432,0.177071557205383
766,0.672237905577799,0.295029198942614,0.260567046745838,0.236301613614802,0.202303599215116,0.143266847840142
664,0.602537880906253,0.207376318697083,0.188255890082703,0.255024990396885,0.164480729737195,0.177624558944457
767,0.615828741507218,0.241532534498303,0.168745733831007,0.260567046745838,0.164024746412181,0.178181472416481
792,0.59454741884471,0.225342219919308,0.214949882112267,0.245075200706715,0.183967824035887,0.166814026627726
392,0.591881082994116,0.279506090033501,0.234581247743386,0.316661303992259,0.194724220966719,0.183967824035887
685,0.61494365721071,0.214949882112267,0.231177046607856,0.211875157547888,0.162677834203278,0.140279459933373
983,0.579418047575081,0.298944182722262,0.26336509235663,0.236301613614802,0.190154027575454,0.164940248736627
163,0.448298759169222,0.173309128978783,0.166814026627726,0.227823271636467,0.140279459933373,0.140279459933373
848,0.612287594171303,0.293075998312143,0.26806502014066,0.277585234113443,0.200889639762023,0.140279459933373
863,0.634386284250911,0.269010148553487,0.260567046745838,0.236301613614802,0.192741366843982,0.211115838461421
793,0.649372161207369,0.247759640188542,0.238904240888872,0.288207386188063,0.158822198286243,0.162677834203278
803,0.608744246353995,0.246862287018223,0.269956905233921,0.225342219919308,0.198798498578782,0.171754154191287
853,0.647610671197383,0.291125967010989,0.250466494772263,0.331480818156256,0.192741366843982,0.150492979148870
334,0.437968797820157,0.166814026627726,0.156796455796649,0.194059239855938,0.158410531669826,0.140279459933373
410,0.472497848634527,0.210360301592275,0.198109430350217,0.172268685450245,0.159655442358187,0.151542367809210
757,0.585653817185493,0.242414171861771,0.241532534498303,0.240653643199231,0.179307075461499,0.168257318749387
466,0.671359527115958,0.210360301592275,0.215727826366646,0.223704949036996,0.16634019279706,0.147819407725247
770,0.653774177471793,0.270905253648299,0.23977753355553,0.23033379664679,0.164024746412181,0.183371292540019
209,0.485411763012758,0.172787005806565,0.207376318697083,0.190154027575454,0.147178535004063,0.151189670120080
862,0.642323774366231,0.304834801321944,0.301887051542692,0.271855157449252,0.178181472416481,0.203733362812729
794,0.61405843859737,0.220471637257467,0.208860644258667,0.218083551882790,0.170736402643872,0.140279459933373
862,0.626439652176295,0.275669606701894,0.221274744825972,0.247759640188542,0.141066417195949,0.140539522938054
613,0.656414246618719,0.238904240888872,0.245075200706715,0.259638241659144,0.150492979148870,0.140279459933373
796,0.628206394540431,0.234581247743386,0.219672052767678,0.242414171861771,0.187010622123131,0.161797245314680
740,0.605198627992826,0.226992939983781,0.198109430350217,0.245075200706715,0.140279459933373,0.158822198286243
625,0.659053485350326,0.216509434133377,0.218083551882790,0.198798498578782,0.167772573247934,0.147178535004063
410,0.469720411442728,0.182190212262849,0.194059239855938,0.193398287644562,0.157195124574254,0.144720505822661
758,0.606085249352797,0.23977753355553,0.284329312589461,0.164480729737195,0.200188610986799,0.156400988328558
181,0.450170855356869,0.167772573247934,0.208116557082828,0.196066256873814,0.152982630801945,0.147819407725247
193,0.442671323317129,0.157597013980819,0.158002143279100,0.200889639762023,0.140279459933373,0.140279459933373
718,0.609630293401202,0.246862287018223,0.280468392646033,0.217294683481912,0.175977245746161,0.173835068385563
696,0.627323083479833,0.238904240888872,0.245075200706715,0.247759640188542,0.140279459933373,0.140279459933373
638,0.587433883900336,0.284329312589461,0.296985336054750,0.249561781327291,0.184568357977156,0.182190212262849
800,0.656414246618719,0.271855157449252,0.232023448734304,0.292100571713878,0.140539522938054,0.158410531669826
820,0.624672424998259,0.266179795115631,0.246862287018223,0.258711437790672,0.16634019279706,0.150148946700048
783,0.629972659733243,0.256863984839407,0.245967461561916,0.275669606701894,0.156008702799071,0.187010622123131
687,0.641442262346675,0.234581247743386,0.245967461561916,0.290152214217331,0.154470991130581,0.147819407725247
820,0.62555609967103,0.260567046745838,0.206639944148685,0.262430509724191,0.201594638931909,0.224521889216861
582,0.613173084606865,0.295029198942614,0.291125967010989,0.299924552865763,0.255024990396885,0.164024746412181
807,0.65113325749733,0.279506090033501,0.265239772398733,0.140801836156987,0.193398287644562,0.193398287644562
732,0.600763302119727,0.211115838461421,0.198798498578782,0.254108759679802,0.150492979148870,0.140279459933373
631,0.671359527115958,0.246862287018223,0.255943411389996,0.195393227873188,0.173835068385563,0.190154027575454
181,0.564235724377818,0.327528205863718,0.282396577544332,0.291125967010989,0.203733362812729,0.183371292540019
379,0.456708871220304,0.181605650010004,0.226992939983781,0.197424363331222,0.147497624383717,0.140279459933373
744,0.618483198986599,0.222891426963376,0.233725581744281,0.203016510694019,0.154094323280450,0.168745733831007
752,0.665208590906176,0.275669606701894,0.283362392853609,0.185781454960399,0.171754154191287,0.172787005806565
670,0.606085249352797,0.231177046607856,0.245967461561916,0.208116557082828,0.140279459933373,0.172268685450245
738,0.56334084744967,0.218083551882790,0.236301613614802,0.271855157449252,0.145018731380577,0.150839880430613
807,0.634386284250911,0.26336509235663,0.210360301592275,0.218083551882790,0.186394027664835,0.154094323280450
776,0.597212308466731,0.253194757033311,0.231177046607856,0.242414171861771,0.173835068385563,0.140279459933373
824,0.634386284250911,0.299924552865763,0.267121556704060,0.241532534498303,0.196066256873814,0.140279459933373
774,0.631738455286738,0.240653643199231,0.234581247743386,0.266179795115631,0.140279459933373,0.154470991130581
793,0.640560644506718,0.257786672914962,0.257786672914962,0.240653643199231,0.140279459933373,0.200889639762023
155,0.446424815327873,0.140279459933373,0.190794809258731,0.154850743467635,0.164940248736627,0.151542367809210
853,0.670481068306923,0.315674182764382,0.278545025785751,0.283362392853609,0.188255890082703,0.156400988328558
640,0.611401966215199,0.265239772398733,0.242414171861771,0.257786672914962,0.196066256873814,0.159237162188545
637,0.595435874427052,0.278545025785751,0.254108759679802,0.251373586915138,0.207376318697083,0.215727826366646
831,0.646729776551258,0.274713840722163,0.244185541162083,0.249561781327291,0.153350162717428,0.182778757451073
470,0.662571212990782,0.316661303992259,0.245967461561916,0.385415796280043,0.416179118323367,0.245967461561916
820,0.606971725447777,0.273759486818862,0.287236372741756,0.216509434133377,0.165403320798019,0.174364837136968
768,0.621136485069615,0.246862287018223,0.273759486818862,0.220471637257467,0.178742307944130,0.140279459933373
694,0.633503788623644,0.234581247743386,0.219672052767678,0.228656878414890,0.156008702799071,0.149807763529887
844,0.637915147508898,0.287236372741756,0.208860644258667,0.276626749501763,0.179875784505171,0.187631241909896
325,0.423788147113161,0.174364837136968,0.183967824035887,0.212638240623736,0.140279459933373,0.149469410107982
809,0.627323083479833,0.224521889216861,0.179307075461499,0.259638241659144,0.158822198286243,0.140279459933373
360,0.453909567952752,0.167291481291287,0.140279459933373,0.212638240623736,0.143266847840142,0.140279459933373
692,0.606971725447777,0.242414171861771,0.196743303664015,0.245967461561916,0.175977245746161,0.140279459933373
173,0.483571570595327,0.140279459933373,0.160077057692081,0.210360301592275,0.155619579790919,0.156400988328558
667,0.546296562840502,0.316661303992259,0.303851718893881,0.276626749501763,0.234581247743386,0.140279459933373
977,0.616713692539713,0.350225945404854,0.274713840722163,0.298944182722262,0.229493730258852,0.171754154191287
701,0.599875784998553,0.229493730258852,0.232023448734304,0.207376318697083,0.158002143279100,0.178742307944130
775,0.608744246353995,0.293075998312143,0.270905253648299,0.312714190948075,0.222081350052879,0.218083551882790
701,0.584763524220902,0.26806502014066,0.232872971194181,0.251373586915138,0.162677834203278,0.162235816543637
234,0.618483198986599,0.153720720340875,0.194724220966719,0.199491561253654,0.143840891542185,0.158002143279100
901,0.629972659733243,0.292100571713878,0.288207386188063,0.276626749501763,0.188884569174318,0.160077057692081
739,0.638797087949753,0.236301613614802,0.181025063276694,0.269956905233921,0.156796455796649,0.155233599845476
149,0.436084425669404,0.140279459933373,0.170736402643872,0.162235816543637,0.150492979148870,0.158410531669826
846,0.655534316836593,0.252283020211930,0.253194757033311,0.273759486818862,0.183371292540019,0.148801114525785
693,0.602537880906253,0.243298519444439,0.202303599215116,0.266179795115631,0.140279459933373,0.172268685450245
675,0.623788627185174,0.222081350052879,0.215727826366646,0.240653643199231,0.141873944585676,0.140279459933373
731,0.561550463611059,0.238033800236652,0.225342219919308,0.214175622695954,0.183967824035887,0.161362102255135
980,0.622904705251892,0.35612665264182,0.322587416871138,0.289179343702615,0.190794809258731,0.164940248736627
678,0.571387382661058,0.287236372741756,0.305818349289740,0.287236372741756,0.175977245746161,0.140279459933373
727,0.595435874427052,0.255024990396885,0.237166246337142,0.253194757033311,0.174364837136968,0.150839880430613
789,0.644086484322101,0.253194757033311,0.200188610986799,0.278545025785751,0.142147774681471,0.159237162188545
699,0.639678919993987,0.214175622695954,0.238033800236652,0.233725581744281,0.145928733232941,0.187010622123131
816,0.645848781067736,0.266179795115631,0.225342219919308,0.295029198942614,0.140279459933373,0.140279459933373
803,0.631738455286738,0.227823271636467,0.243298519444439,0.260567046745838,0.190794809258731,0.178742307944130
355,0.441731771836077,0.161797245314680,0.203733362812729,0.190794809258731,0.148471133452426,0.149807763529887
855,0.68540437369446,0.275669606701894,0.262430509724191,0.278545025785751,0.171754154191287,0.168745733831007
752,0.58209159090975,0.336419918223748,0.266179795115631,0.313700605163659,0.181605650010004,0.164480729737195
163,0.478041795094857,0.140279459933373,0.144424803121843,0.193398287644562,0.149133866930996,0.140279459933373
349,0.452041119617036,0.172268685450245,0.187010622123131,0.214949882112267,0.140279459933373,0.173309128978783
501,0.673116204346268,0.23033379664679,0.223704949036996,0.344314559496454,0.324563618926047,0.169237834303805
738,0.595435874427052,0.315674182764382,0.315674182764382,0.284329312589461,0.231177046607856,0.176522456496951
633,0.61494365721071,0.231177046607856,0.214949882112267,0.222081350052879,0.150839880430613,0.158002143279100
814,0.627323083479833,0.218083551882790,0.208860644258667,0.255943411389996,0.145018731380577,0.203016510694019
166,0.478041795094857,0.140279459933373,0.173835068385563,0.174364837136968,0.140279459933373,0.179307075461499
512,0.561550463611059,0.246862287018223,0.232023448734304,0.250466494772263,0.180448444205294,0.192088479379025
766,0.629089586309926,0.316661303992259,0.304834801321944,0.310742219942023,0.194059239855938,0.158002143279100
722,0.604311860230174,0.234581247743386,0.244185541162083,0.240653643199231,0.182190212262849,0.140279459933373
975,0.652893966371437,0.333456768437105,0.286266334773665,0.303851718893881,0.264301525715948,0.173309128978783
713,0.688035700062894,0.319623752397046,0.334444602573969,0.232872971194181,0.192741366843982,0.154470991130581
174,0.537291706764252,0.140279459933373,0.209608564537159,0.156400988328558,0.16634019279706,0.140279459933373
176,0.539995796104345,0.160930368981928,0.16357228121085,0.195393227873188,0.140279459933373,0.140279459933373
641,0.606085249352797,0.227823271636467,0.185172899926102,0.278545025785751,0.174364837136968,0.144720505822661
594,0.590102705627282,0.267121556704060,0.278545025785751,0.232872971194181,0.181025063276694,0.169237834303805
737,0.613173084606865,0.242414171861771,0.238033800236652,0.238904240888872,0.141873944585676,0.193398287644562
737,0.636150937944643,0.265239772398733,0.246862287018223,0.274713840722163,0.152982630801945,0.194059239855938
392,0.429473753439024,0.149133866930996,0.196066256873814,0.188255890082703,0.161797245314680,0.140279459933373
835,0.635268667058686,0.259638241659144,0.290152214217331,0.194059239855938,0.149807763529887,0.151897993103576
339,0.440791745314472,0.223704949036996,0.210360301592275,0.232872971194181,0.205907447843523,0.152256565618780
840,0.65113325749733,0.256863984839407,0.288207386188063,0.210360301592275,0.186394027664835,0.140279459933373
792,0.65113325749733,0.274713840722163,0.244185541162083,0.255943411389996,0.154470991130581,0.140279459933373
734,0.587433883900336,0.238033800236652,0.245967461561916,0.194724220966719,0.169733635746363,0.140279459933373
816,0.623788627185174,0.256863984839407,0.276626749501763,0.213405068833102,0.190154027575454,0.158410531669826
622,0.58030940985411,0.332468835480985,0.312714190948075,0.305818349289740,0.208860644258667,0.194724220966719
370,0.466939252082330,0.207376318697083,0.235439936165745,0.236301613614802,0.140279459933373,0.151897993103576
749,0.644967683931748,0.306802338059224,0.261497815323131,0.300905518027404,0.190154027575454,0.140279459933373
797,0.627323083479833,0.236301613614802,0.241532534498303,0.204454144375473,0.149133866930996,0.181605650010004
830,0.640560644506718,0.275669606701894,0.243298519444439,0.299924552865763,0.161797245314680,0.162235816543637
726,0.627323083479833,0.273759486818862,0.213405068833102,0.280468392646033,0.204454144375473,0.194724220966719
697,0.61494365721071,0.231177046607856,0.208860644258667,0.203733362812729,0.171754154191287,0.183371292540019
704,0.655534316836593,0.255943411389996,0.26806502014066,0.228656878414890,0.170233153496669,0.179875784505171
744,0.624672424998259,0.220471637257467,0.206639944148685,0.243298519444439,0.157597013980819,0.161797245314680
350,0.447362019176649,0.175977245746161,0.227823271636467,0.205178843545358,0.141066417195949,0.140279459933373
757,0.637915147508898,0.26336509235663,0.218083551882790,0.269010148553487,0.188884569174318,0.177071557205383
984,0.65201365997105,0.292100571713878,0.289179343702615,0.331480818156256,0.212638240623736,0.148143904307162
768,0.644967683931748,0.233725581744281,0.183371292540019,0.301887051542692,0.181605650010004,0.140279459933373
786,0.641442262346675,0.23033379664679,0.225342219919308,0.248659484023583,0.153720720340875,0.198109430350217
690,0.590102705627282,0.317648619366148,0.300905518027404,0.281431899695417,0.205907447843523,0.183371292540019
329,0.623788627185174,0.177624558944457,0.193398287644562,0.270905253648299,0.200188610986799,0.169733635746363
704,0.656414246618719,0.259638241659144,0.259638241659144,0.254108759679802,0.183371292540019,0.192741366843982
751,0.644086484322101,0.281431899695417,0.244185541162083,0.254108759679802,0.163123316426449,0.140279459933373
393,0.492757675678563,0.178181472416481,0.167772573247934,0.187631241909896,0.160502026996677,0.160502026996677
820,0.645848781067736,0.26336509235663,0.315674182764382,0.190154027575454,0.212638240623736,0.155619579790919
792,0.603424944919196,0.220471637257467,0.169733635746363,0.243298519444439,0.151189670120080,0.149133866930996
737,0.650252758171119,0.262430509724191,0.248659484023583,0.286266334773665,0.167772573247934,0.159237162188545
753,0.644967683931748,0.265239772398733,0.229493730258852,0.245967461561916,0.176522456496951,0.156400988328558
312,0.518295090270738,0.185781454960399,0.211115838461421,0.259638241659144,0.140279459933373,0.140279459933373
628,0.613173084606865,0.250466494772263,0.224521889216861,0.252283020211930,0.172268685450245,0.177071557205383
735,0.59454741884471,0.228656878414890,0.229493730258852,0.219672052767678,0.148143904307162,0.170736402643872
765,0.586543936638165,0.255943411389996,0.248659484023583,0.231177046607856,0.178742307944130,0.147178535004063
823,0.627323083479833,0.332468835480985,0.303851718893881,0.283362392853609,0.189517281185082,0.157195124574254
728,0.61405843859737,0.275669606701894,0.254108759679802,0.289179343702615,0.170233153496669,0.171754154191287
830,0.623788627185174,0.255024990396885,0.252283020211930,0.252283020211930,0.196743303664015,0.198798498578782
845,0.646729776551258,0.257786672914962,0.280468392646033,0.243298519444439,0.176522456496951,0.140279459933373
488,0.479886604427388,0.198109430350217,0.193398287644562,0.171243398019944,0.168745733831007,0.164940248736627
606,0.653774177471793,0.312714190948075,0.308771540986705,0.35612665264182,0.346286080835727,0.238904240888872
841,0.643205181411445,0.261497815323131,0.250466494772263,0.256863984839407,0.166814026627726,0.181025063276694
761,0.631738455286738,0.256863984839407,0.265239772398733,0.210360301592275,0.200188610986799,0.158410531669826
894,0.664329550930648,0.250466494772263,0.214175622695954,0.267121556704060,0.158002143279100,0.194724220966719
175,0.472497848634527,0.141602453589765,0.185781454960399,0.165869963138432,0.156400988328558,0.140801836156987
793,0.631738455286738,0.243298519444439,0.182778757451073,0.273759486818862,0.173309128978783,0.168257318749387
620,0.623788627185174,0.238904240888872,0.236301613614802,0.277585234113443,0.152618104976752,0.155233599845476
158,0.460435073421994,0.140279459933373,0.143552645462116,0.188884569174318,0.140279459933373,0.140279459933373
778,0.643205181411445,0.26806502014066,0.245075200706715,0.234581247743386,0.151897993103576,0.174364837136968
742,0.624672424998259,0.218876016213984,0.237166246337142,0.244185541162083,0.150148946700048,0.207376318697083
865,0.626439652176295,0.248659484023583,0.232872971194181,0.280468392646033,0.146862120354825,0.185172899926102
748,0.632621179272578,0.271855157449252,0.23033379664679,0.292100571713878,0.188884569174318,0.165403320798019
761,0.606971725447777,0.23033379664679,0.23977753355553,0.234581247743386,0.140279459933373,0.197424363331222
800,0.616713692539713,0.241532534498303,0.23977753355553,0.251373586915138,0.153720720340875,0.188255890082703
673,0.612287594171303,0.203016510694019,0.209608564537159,0.240653643199231,0.16357228121085,0.161797245314680
730,0.612287594171303,0.221274744825972,0.196743303664015,0.208116557082828,0.145018731380577,0.161797245314680
882,0.636150937944643,0.242414171861771,0.217294683481912,0.303851718893881,0.140279459933373,0.149807763529887
785,0.605198627992826,0.236301613614802,0.209608564537159,0.248659484023583,0.149133866930996,0.151897993103576
672,0.617598511353537,0.254108759679802,0.235439936165745,0.253194757033311,0.178181472416481,0.165869963138432
901,0.642323774366231,0.272806580486754,0.181605650010004,0.285297304030371,0.190794809258731,0.200188610986799
853,0.626439652176295,0.248659484023583,0.243298519444439,0.220471637257467,0.16357228121085,0.140279459933373
799,0.602537880906253,0.238033800236652,0.182190212262849,0.226165913043895,0.203733362812729,0.178742307944130
753,0.633503788623644,0.26336509235663,0.241532534498303,0.256863984839407,0.153350162717428,0.172268685450245
891,0.630855615748439,0.261497815323131,0.272806580486754,0.273759486818862,0.185172899926102,0.211115838461421
776,0.643205181411445,0.246862287018223,0.245075200706715,0.255943411389996,0.169733635746363,0.140279459933373
559,0.581200590507501,0.314687276192053,0.296006914761259,0.314687276192053,0.152982630801945,0.172268685450245
803,0.623788627185174,0.226992939983781,0.222891426963376,0.214949882112267,0.160930368981928,0.167772573247934
781,0.602537880906253,0.209608564537159,0.252283020211930,0.238904240888872,0.140279459933373,0.190794809258731
834,0.63703309779987,0.292100571713878,0.225342219919308,0.265239772398733,0.164940248736627,0.16357228121085
789,0.620252184825136,0.23977753355553,0.271855157449252,0.149807763529887,0.176522456496951,0.190154027575454
921,0.66608754581422,0.299924552865763,0.299924552865763,0.214949882112267,0.251373586915138,0.242414171861771
823,0.612287594171303,0.273759486818862,0.228656878414890,0.244185541162083,0.184568357977156,0.152982630801945
869,0.652893966371437,0.328516409471957,0.305818349289740,0.296006914761259,0.196743303664015,0.195393227873188
790,0.63703309779987,0.245967461561916,0.255024990396885,0.213405068833102,0.173835068385563,0.168257318749387
746,0.601650667029677,0.211875157547888,0.226165913043895,0.265239772398733,0.140279459933373,0.140279459933373
297,0.40182397040703,0.162677834203278,0.180448444205294,0.175977245746161,0.144424803121843,0.140279459933373
905,0.660812526368302,0.285297304030371,0.275669606701894,0.195393227873188,0.190154027575454,0.195393227873188
151,0.448298759169222,0.140279459933373,0.192088479379025,0.155619579790919,0.162677834203278,0.176522456496951
677,0.58209159090975,0.235439936165745,0.215727826366646,0.272806580486754,0.170736402643872,0.159655442358187
349,0.439851241970584,0.178181472416481,0.200889639762023,0.187631241909896,0.141066417195949,0.140279459933373
624,0.593658802575914,0.212638240623736,0.207376318697083,0.211875157547888,0.141873944585676,0.147497624383717
239,0.633503788623644,0.226165913043895,0.140279459933373,0.479886604427388,0.5390946884908,0.385415796280043
413,0.456708871220304,0.198109430350217,0.192088479379025,0.196743303664015,0.144424803121843,0.177624558944457
391,0.469720411442728,0.177624558944457,0.16634019279706,0.171243398019944,0.152982630801945,0.140279459933373
720,0.622904705251892,0.244185541162083,0.254108759679802,0.244185541162083,0.185172899926102,0.140279459933373
749,0.525546453481271,0.260567046745838,0.261497815323131,0.269010148553487,0.165403320798019,0.165403320798019
766,0.633503788623644,0.255024990396885,0.250466494772263,0.240653643199231,0.174898448025698,0.181025063276694
875,0.63703309779987,0.276626749501763,0.232023448734304,0.287236372741756,0.169733635746363,0.154470991130581
722,0.588323660284695,0.229493730258852,0.229493730258852,0.254108759679802,0.171754154191287,0.178181472416481
811,0.62555609967103,0.257786672914962,0.198798498578782,0.273759486818862,0.171243398019944,0.195393227873188
979,0.659933050519219,0.234581247743386,0.255943411389996,0.202303599215116,0.154094323280450,0.183967824035887
824,0.647610671197383,0.257786672914962,0.250466494772263,0.250466494772263,0.14298348025674,0.190154027575454
822,0.641442262346675,0.274713840722163,0.247759640188542,0.270905253648299,0.171754154191287,0.196743303664015
296,0.441731771836077,0.215727826366646,0.184568357977156,0.208860644258667,0.140279459933373,0.140279459933373
749,0.61494365721071,0.248659484023583,0.201594638931909,0.235439936165745,0.196066256873814,0.146548361254107
898,0.659053485350326,0.262430509724191,0.277585234113443,0.229493730258852,0.211875157547888,0.168257318749387
762,0.647610671197383,0.262430509724191,0.251373586915138,0.276626749501763,0.224521889216861,0.179307075461499
687,0.61405843859737,0.248659484023583,0.213405068833102,0.235439936165745,0.16634019279706,0.198798498578782
865,0.684527124733494,0.466011361565902,0.424736999725661,0.376671178467619,0.26806502014066,0.226165913043895
859,0.648491465815105,0.26336509235663,0.202303599215116,0.254108759679802,0.153350162717428,0.140279459933373
768,0.670481068306923,0.26806502014066,0.283362392853609,0.233725581744281,0.174364837136968,0.187631241909896
846,0.636150937944643,0.309756707604237,0.293075998312143,0.26806502014066,0.168745733831007,0.145622826217966
607,0.616713692539713,0.224521889216861,0.238904240888872,0.214175622695954,0.181025063276694,0.169237834303805
686,0.61494365721071,0.244185541162083,0.225342219919308,0.221274744825972,0.157195124574254,0.153350162717428
715,0.644086484322101,0.261497815323131,0.227823271636467,0.245967461561916,0.150492979148870,0.172787005806565
620,0.58030940985411,0.233725581744281,0.234581247743386,0.262430509724191,0.177071557205383,0.149807763529887
736,0.629972659733243,0.238904240888872,0.240653643199231,0.207376318697083,0.158002143279100,0.158002143279100
814,0.635268667058686,0.26806502014066,0.222891426963376,0.284329312589461,0.160077057692081,0.167291481291287
787,0.617598511353537,0.283362392853609,0.286266334773665,0.245075200706715,0.186394027664835,0.199491561253654
788,0.640560644506718,0.264301525715948,0.23033379664679,0.232023448734304,0.158002143279100,0.182190212262849
154,0.436084425669404,0.148801114525785,0.16357228121085,0.171243398019944,0.154094323280450,0.172787005806565
772,0.613173084606865,0.305818349289740,0.26336509235663,0.306802338059224,0.190154027575454,0.215727826366646
167,0.489087655334828,0.156400988328558,0.174898448025698,0.212638240623736,0.147819407725247,0.140279459933373
881,0.638797087949753,0.26336509235663,0.269956905233921,0.233725581744281,0.205907447843523,0.186394027664835
894,0.626439652176295,0.274713840722163,0.227823271636467,0.304834801321944,0.141873944585676,0.140279459933373
667,0.595435874427052,0.215727826366646,0.179875784505171,0.256863984839407,0.169237834303805,0.140279459933373
732,0.645848781067736,0.251373586915138,0.242414171861771,0.259638241659144,0.140279459933373,0.165869963138432
330,0.460435073421994,0.187631241909896,0.194059239855938,0.177071557205383,0.173835068385563,0.171243398019944
676,0.621136485069615,0.250466494772263,0.277585234113443,0.190794809258731,0.187010622123131,0.16634019279706
839,0.634386284250911,0.277585234113443,0.256863984839407,0.254108759679802,0.189517281185082,0.198798498578782
695,0.569600673082815,0.303851718893881,0.218083551882790,0.269010148553487,0.175977245746161,0.164024746412181
793,0.719567431317471,0.33543232376894,0.267121556704060,0.426633199381427,0.466939252082330,0.286266334773665
706,0.633503788623644,0.271855157449252,0.270905253648299,0.226992939983781,0.172268685450245,0.162677834203278
745,0.636150937944643,0.226992939983781,0.226165913043895,0.241532534498303,0.140279459933373,0.171754154191287
720,0.655534316836593,0.266179795115631,0.250466494772263,0.309756707604237,0.164940248736627,0.200889639762023
743,0.633503788623644,0.314687276192053,0.300905518027404,0.266179795115631,0.220471637257467,0.167772573247934
771,0.635268667058686,0.271855157449252,0.23033379664679,0.260567046745838,0.179875784505171,0.158410531669826
914,0.629972659733243,0.289179343702615,0.280468392646033,0.206639944148685,0.177071557205383,0.140279459933373
337,0.482650905054512,0.189517281185082,0.260567046745838,0.161362102255135,0.140279459933373,0.148801114525785
668,0.602537880906253,0.200188610986799,0.187010622123131,0.246862287018223,0.161362102255135,0.140279459933373
308,0.444549008408857,0.141066417195949,0.176522456496951,0.205907447843523,0.157195124574254,0.140539522938054
681,0.574065981658382,0.217294683481912,0.247759640188542,0.196743303664015,0.142702524367706,0.192088479379025
368,0.450170855356869,0.16357228121085,0.152982630801945,0.200188610986799,0.140279459933373,0.143840891542185
299,0.503733909185275,0.140279459933373,0.140279459933373,0.61405843859737,0.666966416344732,0.521923099581909
747,0.58209159090975,0.248659484023583,0.249561781327291,0.232023448734304,0.217294683481912,0.147819407725247
723,0.637915147508898,0.227823271636467,0.219672052767678,0.228656878414890,0.149807763529887,0.140279459933373
461,0.445487145704544,0.207376318697083,0.151542367809210,0.209608564537159,0.166814026627726,0.146237238572002
1013,0.739676646389824,0.324563618926047,0.366910990862085,0.458572851358513,0.292100571713878,0.199491561253654
170,0.503733909185275,0.158002143279100,0.160930368981928,0.171754154191287,0.155619579790919,0.140279459933373
772,0.610516199655431,0.227823271636467,0.250466494772263,0.208116557082828,0.16634019279706,0.140279459933373
750,0.615828741507218,0.245075200706715,0.231177046607856,0.256863984839407,0.169733635746363,0.183967824035887
149,0.433254223593108,0.147178535004063,0.146862120354825,0.194059239855938,0.140279459933373,0.164480729737195
654,0.589213267095234,0.224521889216861,0.235439936165745,0.211875157547888,0.173835068385563,0.151189670120080
710,0.624672424998259,0.270905253648299,0.213405068833102,0.269010148553487,0.176522456496951,0.140279459933373
947,0.635268667058686,0.287236372741756,0.26336509235663,0.289179343702615,0.206639944148685,0.191439626593958
917,0.636150937944643,0.256863984839407,0.229493730258852,0.271855157449252,0.144424803121843,0.182778757451073
906,0.615828741507218,0.324563618926047,0.302869127130412,0.322587416871138,0.208860644258667,0.144131604573628
785,0.633503788623644,0.26336509235663,0.273759486818862,0.231177046607856,0.183967824035887,0.161362102255135
859,0.658173830133798,0.261497815323131,0.232872971194181,0.256863984839407,0.140279459933373,0.181605650010004
789,0.626439652176295,0.262430509724191,0.245075200706715,0.257786672914962,0.185781454960399,0.168257318749387
767,0.659053485350326,0.265239772398733,0.266179795115631,0.210360301592275,0.151897993103576,0.170233153496669
737,0.65201365997105,0.245075200706715,0.219672052767678,0.270905253648299,0.179875784505171,0.140279459933373
768,0.650252758171119,0.264301525715948,0.225342219919308,0.272806580486754,0.154094323280450,0.140279459933373
232,0.605198627992826,0.167772573247934,0.217294683481912,0.180448444205294,0.169733635746363,0.16634019279706
406,0.454843116219575,0.173309128978783,0.162235816543637,0.206639944148685,0.140279459933373,0.140279459933373
928,0.653774177471793,0.304834801321944,0.269956905233921,0.288207386188063,0.212638240623736,0.169733635746363
228,0.598988114480156,0.140279459933373,0.157195124574254,0.231177046607856,0.143840891542185,0.141873944585676
342,0.72219179685515,0.205907447843523,0.245967461561916,0.361034414931008,0.374722731821464,0.223704949036996
620,0.632621179272578,0.26806502014066,0.271855157449252,0.226165913043895,0.163123316426449,0.16357228121085
674,0.568707020795868,0.292100571713878,0.269956905233921,0.229493730258852,0.226165913043895,0.269956905233921
333,0.440791745314472,0.179307075461499,0.179875784505171,0.198798498578782,0.149807763529887,0.180448444205294
725,0.608744246353995,0.231177046607856,0.212638240623736,0.222081350052879,0.175977245746161,0.154850743467635
757,0.61494365721071,0.245075200706715,0.270905253648299,0.187010622123131,0.157597013980819,0.157597013980819
804,0.632621179272578,0.250466494772263,0.223704949036996,0.281431899695417,0.147819407725247,0.164940248736627
707,0.61494365721071,0.254108759679802,0.258711437790672,0.213405068833102,0.198798498578782,0.178181472416481
726,0.615828741507218,0.202303599215116,0.191439626593958,0.260567046745838,0.140279459933373,0.183967824035887
587,0.632621179272578,0.224521889216861,0.217294683481912,0.223704949036996,0.156400988328558,0.168745733831007
716,0.676628615387707,0.299924552865763,0.287236372741756,0.280468392646033,0.222891426963376,0.208116557082828
699,0.600763302119727,0.219672052767678,0.220471637257467,0.233725581744281,0.140279459933373,0.142702524367706
589,0.61405843859737,0.281431899695417,0.266179795115631,0.269956905233921,0.201594638931909,0.163123316426449
763,0.616713692539713,0.245075200706715,0.253194757033311,0.223704949036996,0.158822198286243,0.140279459933373
848,0.637915147508898,0.254108759679802,0.271855157449252,0.229493730258852,0.218083551882790,0.145622826217966
626,0.606085249352797,0.220471637257467,0.215727826366646,0.261497815323131,0.140279459933373,0.186394027664835
756,0.616713692539713,0.241532534498303,0.241532534498303,0.207376318697083,0.191439626593958,0.160077057692081
934,0.640560644506718,0.305818349289740,0.296985336054750,0.262430509724191,0.167772573247934,0.140279459933373
199,0.531876497718254,0.198798498578782,0.211875157547888,0.194724220966719,0.150148946700048,0.140279459933373
876,0.665208590906176,0.265239772398733,0.23977753355553,0.281431899695417,0.152256565618780,0.194059239855938
564,0.601650667029677,0.226165913043895,0.172268685450245,0.235439936165745,0.148143904307162,0.140279459933373
822,0.633503788623644,0.226992939983781,0.228656878414890,0.267121556704060,0.159237162188545,0.157195124574254
750,0.628206394540431,0.235439936165745,0.236301613614802,0.261497815323131,0.140279459933373,0.178742307944130
833,0.645848781067736,0.292100571713878,0.267121556704060,0.262430509724191,0.167291481291287,0.179307075461499
256,0.630855615748439,0.169733635746363,0.192741366843982,0.215727826366646,0.164024746412181,0.147178535004063
368,0.523735350546028,0.206639944148685,0.222891426963376,0.192741366843982,0.140279459933373,0.151542367809210
820,0.645848781067736,0.275669606701894,0.218876016213984,0.252283020211930,0.140279459933373,0.157597013980819
689,0.591881082994116,0.214175622695954,0.203016510694019,0.210360301592275,0.168257318749387,0.155233599845476
730,0.596324170558622,0.302869127130412,0.269010148553487,0.306802338059224,0.205178843545358,0.172787005806565
740,0.622904705251892,0.264301525715948,0.218876016213984,0.237166246337142,0.187010622123131,0.153720720340875
832,0.635268667058686,0.265239772398733,0.209608564537159,0.248659484023583,0.172268685450245,0.182778757451073
758,0.613173084606865,0.244185541162083,0.233725581744281,0.248659484023583,0.172268685450245,0.180448444205294
428,0.462295554374572,0.162235816543637,0.198798498578782,0.185172899926102,0.157597013980819,0.178181472416481
789,0.638797087949753,0.251373586915138,0.26806502014066,0.227823271636467,0.169733635746363,0.152982630801945
948,0.669602528491819,0.301887051542692,0.260567046745838,0.262430509724191,0.164940248736627,0.188255890082703
345,0.433254223593108,0.161797245314680,0.194724220966719,0.156796455796649,0.165403320798019,0.143840891542185
857,0.68540437369446,0.298944182722262,0.251373586915138,0.281431899695417,0.214175622695954,0.151897993103576
504,0.576742857104671,0.327528205863718,0.303851718893881,0.270905253648299,0.212638240623736,0.140279459933373
768,0.598988114480156,0.236301613614802,0.194724220966719,0.238904240888872,0.228656878414890,0.140279459933373
895,0.658173830133798,0.277585234113443,0.226992939983781,0.283362392853609,0.168257318749387,0.159237162188545
373,0.660812526368302,0.212638240623736,0.145928733232941,0.440791745314472,0.488169238277247,0.320611530912211
772,0.616713692539713,0.255943411389996,0.270905253648299,0.16357228121085,0.196066256873814,0.160502026996677
822,0.612287594171303,0.269956905233921,0.188884569174318,0.267121556704060,0.16634019279706,0.140279459933373
374,0.703811180549243,0.23977753355553,0.140279459933373,0.571387382661058,0.629089586309926,0.459504181093247
700,0.622904705251892,0.253194757033311,0.225342219919308,0.255024990396885,0.162677834203278,0.178742307944130
716,0.591881082994116,0.210360301592275,0.207376318697083,0.233725581744281,0.140279459933373,0.140279459933373
357,0.599875784998553,0.177624558944457,0.181605650010004,0.378617765257579,0.40662186593712,0.286266334773665
947,0.63703309779987,0.261497815323131,0.240653643199231,0.266179795115631,0.162235816543637,0.205907447843523
871,0.602537880906253,0.281431899695417,0.273759486818862,0.225342219919308,0.196743303664015,0.169733635746363
253,0.677506525321988,0.219672052767678,0.156008702799071,0.369843682925459,0.380562464597876,0.236301613614802
355,0.409494432911366,0.173835068385563,0.167772573247934,0.179875784505171,0.145928733232941,0.159237162188545
327,0.443610401564419,0.178742307944130,0.140279459933373,0.222891426963376,0.151542367809210,0.149133866930996
730,0.618483198986599,0.243298519444439,0.209608564537159,0.248659484023583,0.153350162717428,0.140279459933373
706,0.613173084606865,0.23033379664679,0.280468392646033,0.211875157547888,0.164940248736627,0.170736402643872
815,0.629089586309926,0.255943411389996,0.240653643199231,0.283362392853609,0.165403320798019,0.164940248736627
855,0.628206394540431,0.255024990396885,0.216509434133377,0.245075200706715,0.160077057692081,0.177071557205383
379,0.430419611243593,0.203016510694019,0.148143904307162,0.183967824035887,0.154850743467635,0.146862120354825
835,0.647610671197383,0.276626749501763,0.238904240888872,0.227823271636467,0.160930368981928,0.170233153496669
640,0.603424944919196,0.226992939983781,0.208860644258667,0.245967461561916,0.141333283747465,0.140279459933373
769,0.629089586309926,0.222081350052879,0.236301613614802,0.254108759679802,0.140279459933373,0.140279459933373
573,0.62555609967103,0.244185541162083,0.209608564537159,0.265239772398733,0.156796455796649,0.140279459933373
739,0.572280442910804,0.214949882112267,0.206639944148685,0.211115838461421,0.167772573247934,0.152256565618780
880,0.672237905577799,0.362014841934518,0.347271459448055,0.292100571713878,0.206639944148685,0.168745733831007
771,0.632621179272578,0.214175622695954,0.257786672914962,0.198798498578782,0.189517281185082,0.165869963138432
764,0.631738455286738,0.26336509235663,0.232023448734304,0.264301525715948,0.164940248736627,0.140279459933373
258,0.521923099581909,0.219672052767678,0.203733362812729,0.227823271636467,0.146237238572002,0.147178535004063
718,0.620252184825136,0.245075200706715,0.241532534498303,0.232023448734304,0.185781454960399,0.140279459933373
725,0.622020658211421,0.216509434133377,0.194724220966719,0.274713840722163,0.150839880430613,0.148471133452426
660,0.606971725447777,0.232872971194181,0.202303599215116,0.269956905233921,0.146237238572002,0.158822198286243
802,0.634386284250911,0.261497815323131,0.221274744825972,0.245075200706715,0.177624558944457,0.140279459933373
736,0.61494365721071,0.255943411389996,0.240653643199231,0.266179795115631,0.155233599845476,0.145928733232941
871,0.620252184825136,0.305818349289740,0.298944182722262,0.288207386188063,0.32159942528535,0.210360301592275
687,0.606971725447777,0.211115838461421,0.192741366843982,0.242414171861771,0.154094323280450,0.147819407725247
851,0.62555609967103,0.216509434133377,0.26336509235663,0.205178843545358,0.182778757451073,0.175977245746161
795,0.613173084606865,0.255943411389996,0.243298519444439,0.219672052767678,0.16357228121085,0.145622826217966
866,0.646729776551258,0.238033800236652,0.213405068833102,0.264301525715948,0.158002143279100,0.140279459933373
860,0.620252184825136,0.270905253648299,0.234581247743386,0.310742219942023,0.164480729737195,0.178181472416481
856,0.642323774366231,0.265239772398733,0.265239772398733,0.319623752397046,0.154850743467635,0.159237162188545
757,0.59454741884471,0.219672052767678,0.225342219919308,0.182190212262849,0.165403320798019,0.142423961905656
728,0.632621179272578,0.245075200706715,0.229493730258852,0.253194757033311,0.145622826217966,0.140279459933373
709,0.603424944919196,0.223704949036996,0.225342219919308,0.220471637257467,0.144131604573628,0.158822198286243
784,0.606085249352797,0.240653643199231,0.256863984839407,0.203733362812729,0.157195124574254,0.151897993103576
675,0.609630293401202,0.259638241659144,0.245967461561916,0.261497815323131,0.164940248736627,0.173309128978783
744,0.618483198986599,0.223704949036996,0.260567046745838,0.238904240888872,0.140279459933373,0.163123316426449
149,0.439851241970584,0.140279459933373,0.179875784505171,0.198109430350217,0.143840891542185,0.181605650010004
847,0.632621179272578,0.233725581744281,0.254108759679802,0.257786672914962,0.160502026996677,0.167772573247934
183,0.366910990862085,0.145928733232941,0.172268685450245,0.207376318697083,0.150492979148870,0.179875784505171
812,0.664329550930648,0.290152214217331,0.255943411389996,0.260567046745838,0.188884569174318,0.192741366843982
743,0.602537880906253,0.247759640188542,0.264301525715948,0.227823271636467,0.187010622123131,0.144424803121843
743,0.622904705251892,0.252283020211930,0.281431899695417,0.206639944148685,0.191439626593958,0.183967824035887
791,0.608744246353995,0.235439936165745,0.211115838461421,0.255943411389996,0.140279459933373,0.177071557205383
462,0.63703309779987,0.140279459933373,0.140279459933373,0.642323774366231,0.696802403180819,0.535487690890414
698,0.620252184825136,0.241532534498303,0.196066256873814,0.257786672914962,0.140279459933373,0.160502026996677
775,0.642323774366231,0.245075200706715,0.270905253648299,0.158410531669826,0.188255890082703,0.140279459933373
720,0.639678919993987,0.224521889216861,0.253194757033311,0.240653643199231,0.143840891542185,0.150148946700048
782,0.634386284250911,0.249561781327291,0.255943411389996,0.208860644258667,0.145622826217966,0.140279459933373
172,0.524641044535778,0.140279459933373,0.140279459933373,0.205178843545358,0.160930368981928,0.155619579790919
871,0.634386284250911,0.270905253648299,0.195393227873188,0.238033800236652,0.160930368981928,0.140279459933373
777,0.606085249352797,0.234581247743386,0.245075200706715,0.255024990396885,0.149133866930996,0.173309128978783
960,0.634386284250911,0.269956905233921,0.255024990396885,0.272806580486754,0.147178535004063,0.16634019279706
886,0.647610671197383,0.270905253648299,0.245967461561916,0.287236372741756,0.200889639762023,0.160077057692081
825,0.65201365997105,0.26336509235663,0.279506090033501,0.208116557082828,0.174898448025698,0.175977245746161
863,0.61494365721071,0.248659484023583,0.205178843545358,0.259638241659144,0.140279459933373,0.140279459933373
711,0.638797087949753,0.252283020211930,0.205907447843523,0.276626749501763,0.145928733232941,0.140279459933373
789,0.615828741507218,0.23977753355553,0.225342219919308,0.270905253648299,0.159655442358187,0.181605650010004
776,0.607858057407542,0.223704949036996,0.238033800236652,0.234581247743386,0.170233153496669,0.148801114525785
800,0.661691913619881,0.284329312589461,0.247759640188542,0.290152214217331,0.170736402643872,0.155233599845476
798,0.644086484322101,0.259638241659144,0.255943411389996,0.207376318697083,0.144424803121843,0.150492979148870
258,0.627323083479833,0.149133866930996,0.168257318749387,0.198798498578782,0.166814026627726,0.158822198286243
169,0.510114381882143,0.154850743467635,0.200889639762023,0.178742307944130,0.140279459933373,0.154850743467635
957,0.661691913619881,0.266179795115631,0.254108759679802,0.265239772398733,0.181025063276694,0.190794809258731
823,0.626439652176295,0.284329312589461,0.235439936165745,0.258711437790672,0.217294683481912,0.167772573247934
154,0.447362019176649,0.140279459933373,0.16634019279706,0.164940248736627,0.151897993103576,0.140279459933373
853,0.661691913619881,0.5417972538608,0.535487690890414,0.556174158820723,0.482650905054512,0.468793774829766
731,0.622904705251892,0.219672052767678,0.252283020211930,0.231177046607856,0.145319498566922,0.179307075461499
782,0.638797087949753,0.333456768437105,0.279506090033501,0.312714190948075,0.203016510694019,0.140279459933373
704,0.629089586309926,0.241532534498303,0.205178843545358,0.265239772398733,0.143840891542185,0.140279459933373
714,0.608744246353995,0.302869127130412,0.269956905233921,0.283362392853609,0.212638240623736,0.198798498578782
851,0.645848781067736,0.270905253648299,0.266179795115631,0.214949882112267,0.194724220966719,0.196066256873814
776,0.61494365721071,0.202303599215116,0.226992939983781,0.197424363331222,0.140279459933373,0.161362102255135
608,0.601650667029677,0.217294683481912,0.222891426963376,0.212638240623736,0.178181472416481,0.140279459933373
688,0.581200590507501,0.23977753355553,0.229493730258852,0.237166246337142,0.146862120354825,0.161797245314680
509,0.499166505254691,0.214175622695954,0.140279459933373,0.253194757033311,0.140279459933373,0.147178535004063
675,0.600763302119727,0.229493730258852,0.228656878414890,0.245967461561916,0.149469410107982,0.187010622123131
625,0.599875784998553,0.256863984839407,0.216509434133377,0.222891426963376,0.140279459933373,0.140279459933373
351,0.435141512434088,0.167291481291287,0.221274744825972,0.179875784505171,0.168745733831007,0.166814026627726
839,0.652893966371437,0.249561781327291,0.233725581744281,0.269956905233921,0.207376318697083,0.140279459933373
794,0.634386284250911,0.270905253648299,0.282396577544332,0.198109430350217,0.179307075461499,0.184568357977156
956,0.656414246618719,0.280468392646033,0.262430509724191,0.214175622695954,0.164024746412181,0.160930368981928
741,0.595435874427052,0.256863984839407,0.200889639762023,0.276626749501763,0.164940248736627,0.201594638931909
156,0.453909567952752,0.140279459933373,0.216509434133377,0.163123316426449,0.145928733232941,0.140279459933373
384,0.673116204346268,0.292100571713878,0.249561781327291,0.36005360357005,0.377644706128292,0.255024990396885
778,0.62555609967103,0.262430509724191,0.240653643199231,0.245967461561916,0.159655442358187,0.171754154191287
721,0.622020658211421,0.238904240888872,0.243298519444439,0.273759486818862,0.187010622123131,0.155233599845476
698,0.627323083479833,0.245075200706715,0.206639944148685,0.26336509235663,0.165403320798019,0.157597013980819
666,0.608744246353995,0.23977753355553,0.208860644258667,0.250466494772263,0.152982630801945,0.140279459933373
756,0.624672424998259,0.255943411389996,0.226992939983781,0.26806502014066,0.175977245746161,0.140279459933373
670,0.607858057407542,0.297964434643167,0.296006914761259,0.265239772398733,0.194724220966719,0.171754154191287
752,0.620252184825136,0.225342219919308,0.188255890082703,0.276626749501763,0.174364837136968,0.140279459933373
749,0.627323083479833,0.238033800236652,0.285297304030371,0.249561781327291,0.156796455796649,0.208860644258667
859,0.650252758171119,0.259638241659144,0.224521889216861,0.265239772398733,0.146548361254107,0.159237162188545
753,0.627323083479833,0.271855157449252,0.232872971194181,0.214949882112267,0.199491561253654,0.212638240623736
772,0.600763302119727,0.238904240888872,0.208116557082828,0.269010148553487,0.140279459933373,0.16634019279706
796,0.635268667058686,0.226165913043895,0.250466494772263,0.224521889216861,0.196743303664015,0.172268685450245
762,0.637915147508898,0.261497815323131,0.248659484023583,0.280468392646033,0.173835068385563,0.150492979148870
871,0.633503788623644,0.259638241659144,0.250466494772263,0.231177046607856,0.177624558944457,0.140279459933373
832,0.623788627185174,0.26336509235663,0.291125967010989,0.200889639762023,0.185781454960399,0.176522456496951
684,0.616713692539713,0.238033800236652,0.192088479379025,0.238904240888872,0.151897993103576,0.144424803121843
715,0.585653817185493,0.237166246337142,0.204454144375473,0.266179795115631,0.156008702799071,0.161797245314680
767,0.607858057407542,0.223704949036996,0.202303599215116,0.212638240623736,0.144131604573628,0.181025063276694
788,0.630855615748439,0.260567046745838,0.226165913043895,0.248659484023583,0.156008702799071,0.190154027575454
695,0.624672424998259,0.226165913043895,0.244185541162083,0.218876016213984,0.194724220966719,0.145018731380577
740,0.59454741884471,0.278545025785751,0.235439936165745,0.299924552865763,0.156400988328558,0.206639944148685
424,0.459504181093247,0.169733635746363,0.187010622123131,0.213405068833102,0.140279459933373,0.181025063276694
754,0.642323774366231,0.26336509235663,0.293075998312143,0.223704949036996,0.193398287644562,0.190154027575454
658,0.679262118185675,0.280468392646033,0.243298519444439,0.252283020211930,0.183967824035887,0.163123316426449
761,0.628206394540431,0.254108759679802,0.234581247743386,0.188884569174318,0.168745733831007,0.154470991130581
677,0.65113325749733,0.231177046607856,0.206639944148685,0.255024990396885,0.169733635746363,0.180448444205294
158,0.417132025922147,0.186394027664835,0.180448444205294,0.218083551882790,0.170233153496669,0.191439626593958
780,0.631738455286738,0.241532534498303,0.213405068833102,0.246862287018223,0.183371292540019,0.173309128978783
855,0.603424944919196,0.303851718893881,0.256863984839407,0.255943411389996,0.206639944148685,0.218083551882790
692,0.629972659733243,0.232872971194181,0.255024990396885,0.240653643199231,0.154850743467635,0.168257318749387
364,0.419987692000204,0.176522456496951,0.194724220966719,0.16357228121085,0.154094323280450,0.158002143279100
744,0.606085249352797,0.223704949036996,0.224521889216861,0.210360301592275,0.156400988328558,0.156008702799071
760,0.615828741507218,0.240653643199231,0.250466494772263,0.179875784505171,0.184568357977156,0.173835068385563
723,0.581200590507501,0.226165913043895,0.214175622695954,0.192741366843982,0.176522456496951,0.159655442358187
731,0.599875784998553,0.215727826366646,0.201594638931909,0.218876016213984,0.154094323280450,0.168257318749387
331,0.442671323317129,0.154850743467635,0.168745733831007,0.194059239855938,0.143552645462116,0.142423961905656
751,0.630855615748439,0.249561781327291,0.218083551882790,0.240653643199231,0.162677834203278,0.142702524367706
780,0.58209159090975,0.232023448734304,0.226992939983781,0.235439936165745,0.165869963138432,0.170233153496669
749,0.621136485069615,0.280468392646033,0.175977245746161,0.257786672914962,0.171243398019944,0.160930368981928
607,0.549891666487745,0.226165913043895,0.214175622695954,0.187010622123131,0.245075200706715,0.168257318749387
630,0.646729776551258,0.246862287018223,0.156400988328558,0.301887051542692,0.149133866930996,0.160502026996677
618,0.617598511353537,0.245075200706715,0.186394027664835,0.253194757033311,0.161362102255135,0.142147774681471
656,0.517387345588464,0.225342219919308,0.222081350052879,0.152256565618780,0.171243398019944,0.140279459933373
760,0.626439652176295,0.242414171861771,0.173835068385563,0.251373586915138,0.179307075461499,0.205907447843523
948,0.671359527115958,0.265239772398733,0.238904240888872,0.255943411389996,0.192741366843982,0.202303599215116
674,0.585653817185493,0.243298519444439,0.229493730258852,0.205178843545358,0.172787005806565,0.140279459933373
876,0.632621179272578,0.223704949036996,0.234581247743386,0.227823271636467,0.158822198286243,0.175435913518267
321,0.448298759169222,0.151542367809210,0.216509434133377,0.148801114525785,0.143266847840142,0.165869963138432
363,0.45297556976512,0.175977245746161,0.181605650010004,0.217294683481912,0.140279459933373,0.144720505822661
767,0.598100289370352,0.253194757033311,0.249561781327291,0.242414171861771,0.270905253648299,0.165403320798019
824,0.659933050519219,0.256863984839407,0.236301613614802,0.287236372741756,0.179875784505171,0.176522456496951
669,0.628206394540431,0.211875157547888,0.249561781327291,0.220471637257467,0.140801836156987,0.140279459933373
842,0.635268667058686,0.262430509724191,0.232023448734304,0.222081350052879,0.154850743467635,0.161362102255135
792,0.650252758171119,0.274713840722163,0.261497815323131,0.208860644258667,0.175435913518267,0.140279459933373
825,0.675750628954486,0.275669606701894,0.243298519444439,0.259638241659144,0.167291481291287,0.238904240888872
711,0.593658802575914,0.217294683481912,0.245967461561916,0.233725581744281,0.160077057692081,0.140279459933373
711,0.608744246353995,0.257786672914962,0.267121556704060,0.229493730258852,0.140279459933373,0.170736402643872
869,0.646729776551258,0.271855157449252,0.272806580486754,0.279506090033501,0.151542367809210,0.158822198286243
647,0.591881082994116,0.240653643199231,0.199491561253654,0.208116557082828,0.152618104976752,0.155619579790919
636,0.588323660284695,0.237166246337142,0.211115838461421,0.225342219919308,0.140279459933373,0.158822198286243
688,0.637915147508898,0.265239772398733,0.273759486818862,0.213405068833102,0.176522456496951,0.140279459933373
691,0.634386284250911,0.26806502014066,0.235439936165745,0.257786672914962,0.192741366843982,0.169237834303805
830,0.65113325749733,0.244185541162083,0.244185541162083,0.23977753355553,0.140279459933373,0.151189670120080
799,0.613173084606865,0.23977753355553,0.227823271636467,0.235439936165745,0.159237162188545,0.172787005806565
187,0.490005705397473,0.142423961905656,0.183371292540019,0.218876016213984,0.156796455796649,0.164940248736627
881,0.573173308757861,0.290152214217331,0.283362392853609,0.231177046607856,0.173835068385563,0.199491561253654
657,0.593658802575914,0.245075200706715,0.231177046607856,0.261497815323131,0.145018731380577,0.140279459933373
788,0.622904705251892,0.255024990396885,0.227823271636467,0.248659484023583,0.152618104976752,0.168745733831007
371,0.448298759169222,0.179875784505171,0.181025063276694,0.203733362812729,0.140279459933373,0.158410531669826
545,0.587433883900336,0.23977753355553,0.205907447843523,0.224521889216861,0.164024746412181,0.152618104976752
703,0.62555609967103,0.244185541162083,0.233725581744281,0.225342219919308,0.208116557082828,0.172268685450245
505,0.656414246618719,0.323575487390111,0.297964434643167,0.35612665264182,0.375697185802696,0.241532534498303
672,0.58030940985411,0.241532534498303,0.173835068385563,0.259638241659144,0.143266847840142,0.151897993103576
773,0.58209159090975,0.227823271636467,0.210360301592275,0.26806502014066,0.157195124574254,0.175435913518267
870,0.673116204346268,0.279506090033501,0.297964434643167,0.264301525715948,0.170736402643872,0.140279459933373
806,0.642323774366231,0.243298519444439,0.238033800236652,0.264301525715948,0.172268685450245,0.201594638931909
700,0.63703309779987,0.238033800236652,0.238033800236652,0.192088479379025,0.172787005806565,0.140279459933373
713,0.617598511353537,0.226165913043895,0.238904240888872,0.220471637257467,0.150839880430613,0.140279459933373
165,0.492757675678563,0.140279459933373,0.177624558944457,0.207376318697083,0.140279459933373,0.150492979148870
709,0.622020658211421,0.217294683481912,0.245967461561916,0.237166246337142,0.140279459933373,0.179307075461499
173,0.533682626160806,0.162235816543637,0.195393227873188,0.214175622695954,0.150148946700048,0.170736402643872
681,0.601650667029677,0.206639944148685,0.201594638931909,0.211875157547888,0.147819407725247,0.163123316426449
415,0.437968797820157,0.151897993103576,0.205178843545358,0.180448444205294,0.156400988328558,0.146237238572002
418,0.44923503724365,0.140279459933373,0.140279459933373,0.223704949036996,0.140279459933373,0.140279459933373
716,0.616713692539713,0.251373586915138,0.270905253648299,0.204454144375473,0.167772573247934,0.152982630801945
674,0.595435874427052,0.218876016213984,0.241532534498303,0.179307075461499,0.160502026996677,0.170233153496669
758,0.617598511353537,0.363974517009122,0.353177756395209,0.390256851013871,0.271855157449252,0.300905518027404
786,0.616713692539713,0.253194757033311,0.231177046607856,0.264301525715948,0.194059239855938,0.171243398019944
743,0.638797087949753,0.212638240623736,0.192088479379025,0.256863984839407,0.147497624383717,0.144424803121843
729,0.597212308466731,0.232872971194181,0.265239772398733,0.140279459933373,0.173835068385563,0.140279459933373
888,0.622020658211421,0.238033800236652,0.255024990396885,0.231177046607856,0.195393227873188,0.145622826217966
735,0.648491465815105,0.221274744825972,0.272806580486754,0.209608564537159,0.162235816543637,0.167291481291287
715,0.595435874427052,0.199491561253654,0.262430509724191,0.173835068385563,0.181025063276694,0.158410531669826
574,0.689789572931803,0.260567046745838,0.248659484023583,0.194059239855938,0.187631241909896,0.150839880430613
688,0.623788627185174,0.23977753355553,0.205178843545358,0.262430509724191,0.156796455796649,0.181025063276694
303,0.420938564569721,0.159655442358187,0.161797245314680,0.180448444205294,0.146548361254107,0.140279459933373
196,0.4964219650051,0.140279459933373,0.140279459933373,0.233725581744281,0.155233599845476,0.140539522938054
906,0.639678919993987,0.272806580486754,0.258711437790672,0.245075200706715,0.208860644258667,0.166814026627726
760,0.631738455286738,0.228656878414890,0.211875157547888,0.255024990396885,0.165869963138432,0.140279459933373
201,0.576742857104671,0.140279459933373,0.146548361254107,0.192088479379025,0.140279459933373,0.140279459933373
764,0.624672424998259,0.324563618926047,0.310742219942023,0.294052217151829,0.211875157547888,0.164480729737195
716,0.644086484322101,0.241532534498303,0.226165913043895,0.254108759679802,0.171754154191287,0.147497624383717
678,0.637915147508898,0.23977753355553,0.196066256873814,0.240653643199231,0.164024746412181,0.141602453589765
727,0.634386284250911,0.271855157449252,0.295029198942614,0.218083551882790,0.183371292540019,0.197424363331222
635,0.629089586309926,0.238033800236652,0.226165913043895,0.209608564537159,0.179307075461499,0.175435913518267
730,0.610516199655431,0.308771540986705,0.269010148553487,0.274713840722163,0.153350162717428,0.140279459933373
812,0.653774177471793,0.243298519444439,0.255024990396885,0.237166246337142,0.160930368981928,0.140279459933373
778,0.664329550930648,0.269956905233921,0.243298519444439,0.289179343702615,0.179307075461499,0.208116557082828
178,0.5417972538608,0.152256565618780,0.165869963138432,0.244185541162083,0.167772573247934,0.178181472416481
867,0.65113325749733,0.255943411389996,0.246862287018223,0.264301525715948,0.181025063276694,0.183371292540019
295,0.45297556976512,0.198109430350217,0.188255890082703,0.212638240623736,0.140279459933373,0.140279459933373
889,0.654654294039608,0.350225945404854,0.293075998312143,0.272806580486754,0.170233153496669,0.148143904307162
810,0.647610671197383,0.221274744825972,0.196066256873814,0.271855157449252,0.170233153496669,0.150148946700048
604,0.572280442910804,0.272806580486754,0.259638241659144,0.259638241659144,0.188255890082703,0.140801836156987
751,0.588323660284695,0.211875157547888,0.195393227873188,0.234581247743386,0.149469410107982,0.157597013980819
748,0.573173308757861,0.190794809258731,0.211115838461421,0.236301613614802,0.140279459933373,0.140279459933373
600,0.611401966215199,0.313700605163659,0.315674182764382,0.323575487390111,0.201594638931909,0.215727826366646
819,0.65201365997105,0.255024990396885,0.233725581744281,0.223704949036996,0.167291481291287,0.169237834303805
798,0.599875784998553,0.238904240888872,0.214949882112267,0.227823271636467,0.151897993103576,0.144131604573628
879,0.626439652176295,0.295029198942614,0.247759640188542,0.233725581744281,0.152618104976752,0.183967824035887
924,0.645848781067736,0.368866547920421,0.345300444024283,0.345300444024283,0.247759640188542,0.237166246337142
837,0.608744246353995,0.323575487390111,0.313700605163659,0.245075200706715,0.218083551882790,0.140279459933373
342,0.425685350085428,0.184568357977156,0.166814026627726,0.234581247743386,0.140279459933373,0.154470991130581
683,0.621136485069615,0.275669606701894,0.222081350052879,0.271855157449252,0.149469410107982,0.179875784505171
841,0.640560644506718,0.240653643199231,0.234581247743386,0.267121556704060,0.140279459933373,0.164480729737195
750,0.61494365721071,0.256863984839407,0.267121556704060,0.208860644258667,0.163123316426449,0.177071557205383
367,0.440791745314472,0.195393227873188,0.218876016213984,0.242414171861771,0.140279459933373,0.140279459933373
821,0.655534316836593,0.394120687044045,0.372772455485757,0.355144025044986,0.23033379664679,0.208116557082828
779,0.622020658211421,0.26806502014066,0.262430509724191,0.226992939983781,0.190154027575454,0.217294683481912
758,0.640560644506718,0.248659484023583,0.228656878414890,0.241532534498303,0.184568357977156,0.140279459933373
761,0.619367756469412,0.238904240888872,0.236301613614802,0.231177046607856,0.158822198286243,0.140279459933373
293,0.469720411442728,0.159655442358187,0.141333283747465,0.208860644258667,0.145319498566922,0.140279459933373
901,0.608744246353995,0.302869127130412,0.292100571713878,0.281431899695417,0.222081350052879,0.140279459933373
727,0.616713692539713,0.214949882112267,0.155619579790919,0.274713840722163,0.165869963138432,0.141873944585676
754,0.601650667029677,0.237166246337142,0.196743303664015,0.219672052767678,0.168745733831007,0.161362102255135
677,0.579418047575081,0.249561781327291,0.267121556704060,0.252283020211930,0.192088479379025,0.169237834303805
425,0.465083048709257,0.211115838461421,0.159237162188545,0.208860644258667,0.172268685450245,0.152256565618780
631,0.627323083479833,0.243298519444439,0.234581247743386,0.198109430350217,0.161797245314680,0.158822198286243
774,0.638797087949753,0.255024990396885,0.235439936165745,0.269010148553487,0.140279459933373,0.157597013980819
824,0.626439652176295,0.242414171861771,0.226992939983781,0.231177046607856,0.145018731380577,0.150839880430613
773,0.613173084606865,0.233725581744281,0.212638240623736,0.243298519444439,0.172787005806565,0.142147774681471
965,0.642323774366231,0.305818349289740,0.324563618926047,0.248659484023583,0.216509434133377,0.214949882112267
760,0.57585075439854,0.234581247743386,0.231177046607856,0.178742307944130,0.188255890082703,0.152618104976752
732,0.61494365721071,0.232872971194181,0.23033379664679,0.245075200706715,0.167291481291287,0.164024746412181
698,0.633503788623644,0.26336509235663,0.254108759679802,0.243298519444439,0.165403320798019,0.203016510694019
444,0.68540437369446,0.275669606701894,0.209608564537159,0.380562464597876,0.381534098529382,0.213405068833102
797,0.631738455286738,0.211115838461421,0.23033379664679,0.251373586915138,0.146237238572002,0.170233153496669
814,0.61405843859737,0.222891426963376,0.206639944148685,0.217294683481912,0.198798498578782,0.186394027664835
847,0.639678919993987,0.234581247743386,0.211115838461421,0.233725581744281,0.185172899926102,0.190154027575454
803,0.68540437369446,0.354161056920203,0.296985336054750,0.341355528691973,0.208116557082828,0.222891426963376
750,0.620252184825136,0.317648619366148,0.278545025785751,0.284329312589461,0.188255890082703,0.172787005806565
729,0.600763302119727,0.222891426963376,0.254108759679802,0.170736402643872,0.148471133452426,0.147819407725247
869,0.633503788623644,0.271855157449252,0.215727826366646,0.306802338059224,0.152618104976752,0.173309128978783
848,0.664329550930648,0.273759486818862,0.256863984839407,0.332468835480985,0.142702524367706,0.146237238572002
988,0.6678452031824,0.288207386188063,0.241532534498303,0.200188610986799,0.183967824035887,0.164024746412181
748,0.599875784998553,0.241532534498303,0.234581247743386,0.233725581744281,0.153720720340875,0.196743303664015
806,0.626439652176295,0.221274744825972,0.249561781327291,0.213405068833102,0.153720720340875,0.165403320798019
743,0.640560644506718,0.328516409471957,0.297964434643167,0.270905253648299,0.144424803121843,0.159655442358187
685,0.61494365721071,0.313700605163659,0.258711437790672,0.259638241659144,0.181605650010004,0.140279459933373
835,0.606971725447777,0.255943411389996,0.243298519444439,0.221274744825972,0.160502026996677,0.154470991130581
236,0.603424944919196,0.166814026627726,0.169237834303805,0.219672052767678,0.151897993103576,0.193398287644562
375,0.446424815327873,0.177624558944457,0.199491561253654,0.148143904307162,0.143840891542185,0.167291481291287
678,0.605198627992826,0.224521889216861,0.238033800236652,0.190794809258731,0.164480729737195,0.140279459933373
841,0.633503788623644,0.195393227873188,0.215727826366646,0.26806502014066,0.157597013980819,0.140539522938054
772,0.634386284250911,0.223704949036996,0.244185541162083,0.218876016213984,0.178181472416481,0.151189670120080
856,0.641442262346675,0.301887051542692,0.314687276192053,0.319623752397046,0.160077057692081,0.172787005806565
742,0.63703309779987,0.276626749501763,0.262430509724191,0.198798498578782,0.225342219919308,0.140279459933373
372,0.478041795094857,0.187010622123131,0.188255890082703,0.203016510694019,0.156796455796649,0.140279459933373
856,0.618483198986599,0.349241401529061,0.317648619366148,0.285297304030371,0.191439626593958,0.179875784505171
791,0.606085249352797,0.254108759679802,0.273759486818862,0.221274744825972,0.16357228121085,0.203733362812729
853,0.665208590906176,0.255943411389996,0.258711437790672,0.196743303664015,0.210360301592275,0.164024746412181
859,0.631738455286738,0.299924552865763,0.297964434643167,0.33543232376894,0.298944182722262,0.23033379664679
866,0.616713692539713,0.266179795115631,0.296006914761259,0.187631241909896,0.192088479379025,0.162677834203278
750,0.59454741884471,0.257786672914962,0.222081350052879,0.253194757033311,0.142423961905656,0.154850743467635
793,0.595435874427052,0.214175622695954,0.205178843545358,0.245075200706715,0.170233153496669,0.140279459933373
163,0.475271623239318,0.140279459933373,0.187631241909896,0.187010622123131,0.140279459933373,0.140279459933373
826,0.622020658211421,0.275669606701894,0.233725581744281,0.255024990396885,0.183371292540019,0.181605650010004
727,0.583873056414207,0.206639944148685,0.208860644258667,0.190794809258731,0.162677834203278,0.165869963138432
711,0.658173830133798,0.246862287018223,0.266179795115631,0.254108759679802,0.191439626593958,0.146548361254107
486,0.682772413069105,0.508293008226672,0.457641082102348,0.466011361565902,0.330492731245164,0.217294683481912
721,0.638797087949753,0.249561781327291,0.278545025785751,0.209608564537159,0.168257318749387,0.140279459933373
744,0.585653817185493,0.285297304030371,0.279506090033501,0.201594638931909,0.187631241909896,0.171243398019944
592,0.626439652176295,0.211115838461421,0.203016510694019,0.221274744825972,0.173309128978783,0.184568357977156
771,0.635268667058686,0.233725581744281,0.203016510694019,0.272806580486754,0.165869963138432,0.140279459933373
174,0.518295090270738,0.140279459933373,0.140279459933373,0.196743303664015,0.140279459933373,0.179875784505171
780,0.633503788623644,0.255943411389996,0.248659484023583,0.254108759679802,0.167772573247934,0.140279459933373
674,0.62555609967103,0.214949882112267,0.273759486818862,0.203733362812729,0.180448444205294,0.161362102255135
801,0.603424944919196,0.227823271636467,0.202303599215116,0.218876016213984,0.165869963138432,0.140279459933373
689,0.675750628954486,0.240653643199231,0.226165913043895,0.249561781327291,0.190794809258731,0.171754154191287
857,0.621136485069615,0.26336509235663,0.228656878414890,0.256863984839407,0.179875784505171,0.173309128978783
419,0.634386284250911,0.214949882112267,0.232872971194181,0.194724220966719,0.179307075461499,0.193398287644562
788,0.61494365721071,0.238904240888872,0.220471637257467,0.238033800236652,0.168257318749387,0.175977245746161
876,0.616713692539713,0.269010148553487,0.223704949036996,0.205907447843523,0.166814026627726,0.174898448025698
842,0.622904705251892,0.266179795115631,0.247759640188542,0.256863984839407,0.173309128978783,0.169237834303805
860,0.640560644506718,0.243298519444439,0.257786672914962,0.26806502014066,0.140279459933373,0.140279459933373
702,0.588323660284695,0.224521889216861,0.167772573247934,0.285297304030371,0.161362102255135,0.140279459933373
711,0.622904705251892,0.254108759679802,0.222891426963376,0.246862287018223,0.172787005806565,0.140279459933373
713,0.603424944919196,0.236301613614802,0.203016510694019,0.236301613614802,0.152982630801945,0.165869963138432
846,0.659933050519219,0.245075200706715,0.258711437790672,0.280468392646033,0.154094323280450,0.193398287644562
845,0.635268667058686,0.235439936165745,0.269956905233921,0.218083551882790,0.154470991130581,0.140279459933373
618,0.576742857104671,0.213405068833102,0.206639944148685,0.233725581744281,0.147178535004063,0.149133866930996
812,0.645848781067736,0.238033800236652,0.266179795115631,0.221274744825972,0.163123316426449,0.167772573247934
733,0.611401966215199,0.224521889216861,0.221274744825972,0.238033800236652,0.162235816543637,0.174898448025698
804,0.648491465815105,0.226165913043895,0.226165913043895,0.256863984839407,0.146548361254107,0.174364837136968
876,0.65201365997105,0.290152214217331,0.26336509235663,0.284329312589461,0.167291481291287,0.203733362812729
319,0.42188893060604,0.174898448025698,0.179875784505171,0.185781454960399,0.140539522938054,0.151189670120080
605,0.621136485069615,0.241532534498303,0.242414171861771,0.252283020211930,0.154850743467635,0.140279459933373
749,0.58209159090975,0.260567046745838,0.246862287018223,0.238904240888872,0.164024746412181,0.164480729737195
774,0.61494365721071,0.245075200706715,0.247759640188542,0.240653643199231,0.155619579790919,0.140279459933373
751,0.61405843859737,0.228656878414890,0.214949882112267,0.291125967010989,0.184568357977156,0.157597013980819
180,0.5390946884908,0.164940248736627,0.153720720340875,0.217294683481912,0.169733635746363,0.179875784505171
652,0.619367756469412,0.225342219919308,0.228656878414890,0.211115838461421,0.169733635746363,0.207376318697083
672,0.626439652176295,0.285297304030371,0.262430509724191,0.271855157449252,0.165403320798019,0.221274744825972
824,0.629972659733243,0.234581247743386,0.236301613614802,0.225342219919308,0.158410531669826,0.141066417195949
749,0.668723907006677,0.252283020211930,0.191439626593958,0.269956905233921,0.146862120354825,0.197424363331222
410,0.450170855356869,0.208860644258667,0.224521889216861,0.228656878414890,0.164480729737195,0.174898448025698
904,0.659053485350326,0.255943411389996,0.256863984839407,0.249561781327291,0.156400988328558,0.140279459933373
740,0.623788627185174,0.249561781327291,0.245967461561916,0.168745733831007,0.177071557205383,0.143266847840142
762,0.63703309779987,0.244185541162083,0.204454144375473,0.274713840722163,0.169237834303805,0.194724220966719
755,0.624672424998259,0.212638240623736,0.228656878414890,0.187010622123131,0.180448444205294,0.176522456496951
811,0.624672424998259,0.234581247743386,0.217294683481912,0.246862287018223,0.167772573247934,0.200188610986799
719,0.606085249352797,0.216509434133377,0.238904240888872,0.243298519444439,0.169733635746363,0.155619579790919
778,0.633503788623644,0.227823271636467,0.284329312589461,0.189517281185082,0.181605650010004,0.175977245746161
1000,0.626439652176295,0.228656878414890,0.226992939983781,0.240653643199231,0.193398287644562,0.180448444205294
304,0.61494365721071,0.221274744825972,0.209608564537159,0.277585234113443,0.140279459933373,0.200889639762023
756,0.636150937944643,0.226992939983781,0.204454144375473,0.259638241659144,0.188884569174318,0.140279459933373
547,0.695049586089508,0.210360301592275,0.226165913043895,0.140279459933373,0.203016510694019,0.180448444205294
730,0.609630293401202,0.246862287018223,0.264301525715948,0.209608564537159,0.190794809258731,0.180448444205294
825,0.641442262346675,0.220471637257467,0.224521889216861,0.241532534498303,0.152256565618780,0.147178535004063
751,0.630855615748439,0.26806502014066,0.204454144375473,0.253194757033311,0.151542367809210,0.144720505822661
176,0.53097302992136,0.151897993103576,0.174898448025698,0.190794809258731,0.140279459933373,0.140279459933373
688,0.568707020795868,0.219672052767678,0.241532534498303,0.166814026627726,0.152256565618780,0.140279459933373
890,0.655534316836593,0.288207386188063,0.264301525715948,0.236301613614802,0.191439626593958,0.190794809258731
836,0.606085249352797,0.222891426963376,0.229493730258852,0.252283020211930,0.140279459933373,0.228656878414890
606,0.632621179272578,0.221274744825972,0.210360301592275,0.259638241659144,0.154094323280450,0.151189670120080
247,0.472497848634527,0.140279459933373,0.167291481291287,0.178742307944130,0.140279459933373,0.151189670120080
789,0.613173084606865,0.248659484023583,0.194059239855938,0.258711437790672,0.16634019279706,0.140279459933373
693,0.610516199655431,0.236301613614802,0.198798498578782,0.242414171861771,0.140279459933373,0.170233153496669
727,0.612287594171303,0.23033379664679,0.217294683481912,0.226992939983781,0.154470991130581,0.156008702799071
760,0.639678919993987,0.279506090033501,0.245075200706715,0.283362392853609,0.186394027664835,0.196066256873814
258,0.603424944919196,0.280468392646033,0.190154027575454,0.42188893060604,0.448298759169222,0.322587416871138
762,0.611401966215199,0.236301613614802,0.225342219919308,0.252283020211930,0.140801836156987,0.190154027575454
672,0.574958463059337,0.311728055196152,0.260567046745838,0.280468392646033,0.168257318749387,0.182778757451073
352,0.43702685358426,0.181025063276694,0.174364837136968,0.219672052767678,0.140279459933373,0.14298348025674
811,0.632621179272578,0.254108759679802,0.259638241659144,0.234581247743386,0.158410531669826,0.185781454960399
745,0.631738455286738,0.247759640188542,0.253194757033311,0.223704949036996,0.161362102255135,0.140279459933373
810,0.629089586309926,0.264301525715948,0.249561781327291,0.200188610986799,0.174364837136968,0.179307075461499
587,0.71606756116802,0.347271459448055,0.140279459933373,0.590102705627282,0.644086484322101,0.475271623239318
758,0.633503788623644,0.255943411389996,0.237166246337142,0.227823271636467,0.174898448025698,0.158822198286243
865,0.634386284250911,0.26806502014066,0.292100571713878,0.269010148553487,0.180448444205294,0.155233599845476
865,0.659053485350326,0.278545025785751,0.284329312589461,0.242414171861771,0.168745733831007,0.160077057692081
170,0.513753336846181,0.140279459933373,0.176522456496951,0.194059239855938,0.140279459933373,0.140279459933373
179,0.536389829011528,0.140279459933373,0.174898448025698,0.196743303664015,0.144131604573628,0.148471133452426
873,0.622020658211421,0.256863984839407,0.23977753355553,0.243298519444439,0.192088479379025,0.14298348025674
272,0.637915147508898,0.168257318749387,0.147819407725247,0.245967461561916,0.140279459933373,0.164024746412181
711,0.599875784998553,0.23033379664679,0.201594638931909,0.243298519444439,0.144720505822661,0.159655442358187
773,0.652893966371437,0.253194757033311,0.260567046745838,0.255024990396885,0.165403320798019,0.140279459933373
793,0.607858057407542,0.337407372460796,0.284329312589461,0.296985336054750,0.173835068385563,0.220471637257467
819,0.630855615748439,0.294052217151829,0.277585234113443,0.296985336054750,0.164024746412181,0.172268685450245
676,0.596324170558622,0.213405068833102,0.224521889216861,0.222891426963376,0.150839880430613,0.171243398019944
749,0.617598511353537,0.215727826366646,0.242414171861771,0.217294683481912,0.198798498578782,0.181605650010004
716,0.600763302119727,0.243298519444439,0.216509434133377,0.227823271636467,0.162677834203278,0.148471133452426
826,0.602537880906253,0.249561781327291,0.174364837136968,0.269956905233921,0.175977245746161,0.154470991130581
762,0.598988114480156,0.221274744825972,0.227823271636467,0.220471637257467,0.170736402643872,0.149133866930996
705,0.57585075439854,0.237166246337142,0.224521889216861,0.266179795115631,0.154094323280450,0.156796455796649
675,0.592770024376564,0.241532534498303,0.235439936165745,0.245967461561916,0.211115838461421,0.199491561253654
703,0.617598511353537,0.229493730258852,0.250466494772263,0.16634019279706,0.201594638931909,0.145018731380577
696,0.624672424998259,0.228656878414890,0.218876016213984,0.242414171861771,0.158822198286243,0.165403320798019
782,0.615828741507218,0.218083551882790,0.213405068833102,0.249561781327291,0.153350162717428,0.140279459933373
629,0.602537880906253,0.206639944148685,0.248659484023583,0.205178843545358,0.149133866930996,0.144131604573628
836,0.615828741507218,0.264301525715948,0.250466494772263,0.221274744825972,0.183371292540019,0.160502026996677
670,0.574958463059337,0.23033379664679,0.213405068833102,0.252283020211930,0.148471133452426,0.140279459933373
666,0.617598511353537,0.279506090033501,0.267121556704060,0.285297304030371,0.178742307944130,0.140279459933373
787,0.610516199655431,0.255943411389996,0.262430509724191,0.184568357977156,0.170736402643872,0.140279459933373
753,0.620252184825136,0.259638241659144,0.259638241659144,0.23033379664679,0.229493730258852,0.204454144375473
176,0.521923099581909,0.160077057692081,0.195393227873188,0.226992939983781,0.149133866930996,0.164480729737195
779,0.586543936638165,0.313700605163659,0.265239772398733,0.291125967010989,0.16634019279706,0.162235816543637
706,0.619367756469412,0.221274744825972,0.216509434133377,0.207376318697083,0.179875784505171,0.140279459933373
990,0.637915147508898,0.275669606701894,0.275669606701894,0.232872971194181,0.16634019279706,0.178742307944130
697,0.630855615748439,0.232023448734304,0.227823271636467,0.232023448734304,0.182778757451073,0.154094323280450
346,0.447362019176649,0.189517281185082,0.205907447843523,0.180448444205294,0.140279459933373,0.190154027575454
807,0.632621179272578,0.265239772398733,0.226165913043895,0.272806580486754,0.149807763529887,0.185172899926102
679,0.612287594171303,0.231177046607856,0.211875157547888,0.210360301592275,0.193398287644562,0.154850743467635
150,0.445487145704544,0.140279459933373,0.140279459933373,0.210360301592275,0.140279459933373,0.140279459933373
802,0.638797087949753,0.250466494772263,0.257786672914962,0.262430509724191,0.150492979148870,0.140279459933373
901,0.649372161207369,0.304834801321944,0.312714190948075,0.223704949036996,0.200889639762023,0.156400988328558
789,0.642323774366231,0.248659484023583,0.205178843545358,0.262430509724191,0.141602453589765,0.143840891542185
785,0.627323083479833,0.228656878414890,0.192088479379025,0.224521889216861,0.168257318749387,0.140279459933373
451,0.44923503724365,0.172268685450245,0.205907447843523,0.187631241909896,0.164024746412181,0.158410531669826
661,0.641442262346675,0.269956905233921,0.238904240888872,0.245967461561916,0.164480729737195,0.179307075461499
697,0.604311860230174,0.228656878414890,0.253194757033311,0.254108759679802,0.167291481291287,0.143840891542185
816,0.647610671197383,0.237166246337142,0.248659484023583,0.234581247743386,0.164480729737195,0.183967824035887
704,0.602537880906253,0.297964434643167,0.295029198942614,0.314687276192053,0.192088479379025,0.155619579790919
824,0.611401966215199,0.248659484023583,0.223704949036996,0.225342219919308,0.208860644258667,0.179875784505171
800,0.608744246353995,0.265239772398733,0.23033379664679,0.211875157547888,0.142423961905656,0.140279459933373
161,0.522829369551227,0.153350162717428,0.173309128978783,0.237166246337142,0.238033800236652,0.16634019279706
666,0.637915147508898,0.218876016213984,0.267121556704060,0.228656878414890,0.147819407725247,0.177071557205383
860,0.689789572931803,0.362014841934518,0.340368763820501,0.285297304030371,0.208116557082828,0.173309128978783
517,0.56334084744967,0.288207386188063,0.273759486818862,0.275669606701894,0.197424363331222,0.181025063276694
706,0.598100289370352,0.237166246337142,0.209608564537159,0.249561781327291,0.161362102255135,0.160930368981928
172,0.497337158291481,0.146862120354825,0.190154027575454,0.174898448025698,0.140539522938054,0.146548361254107
788,0.657294084136253,0.274713840722163,0.260567046745838,0.265239772398733,0.151897993103576,0.173309128978783
388,0.441731771836077,0.171754154191287,0.223704949036996,0.174364837136968,0.172268685450245,0.141602453589765
595,0.607858057407542,0.238033800236652,0.214949882112267,0.245075200706715,0.147819407725247,0.140279459933373
890,0.654654294039608,0.250466494772263,0.253194757033311,0.264301525715948,0.158822198286243,0.175977245746161
352,0.438910260048710,0.181605650010004,0.160930368981928,0.218876016213984,0.140279459933373,0.16634019279706
804,0.629972659733243,0.253194757033311,0.232872971194181,0.249561781327291,0.183371292540019,0.147497624383717
841,0.617598511353537,0.241532534498303,0.247759640188542,0.248659484023583,0.168257318749387,0.151542367809210
847,0.630855615748439,0.326539995183568,0.269010148553487,0.306802338059224,0.188255890082703,0.140279459933373
705,0.650252758171119,0.282396577544332,0.234581247743386,0.278545025785751,0.160502026996677,0.175977245746161
727,0.618483198986599,0.208116557082828,0.152982630801945,0.237166246337142,0.140279459933373,0.142147774681471
908,0.632621179272578,0.273759486818862,0.262430509724191,0.245967461561916,0.164940248736627,0.169237834303805
795,0.61405843859737,0.250466494772263,0.150839880430613,0.291125967010989,0.140279459933373,0.211875157547888
749,0.595435874427052,0.232023448734304,0.226165913043895,0.272806580486754,0.165403320798019,0.175435913518267
945,0.655534316836593,0.245075200706715,0.23033379664679,0.233725581744281,0.173835068385563,0.161797245314680
786,0.621136485069615,0.251373586915138,0.26806502014066,0.246862287018223,0.140279459933373,0.170233153496669
725,0.642323774366231,0.238904240888872,0.216509434133377,0.248659484023583,0.173309128978783,0.142423961905656
765,0.639678919993987,0.254108759679802,0.243298519444439,0.233725581744281,0.157195124574254,0.187631241909896
739,0.605198627992826,0.245075200706715,0.229493730258852,0.240653643199231,0.170736402643872,0.140279459933373
350,0.606971725447777,0.234581247743386,0.285297304030371,0.290152214217331,0.160502026996677,0.164024746412181
763,0.595435874427052,0.221274744825972,0.221274744825972,0.244185541162083,0.153350162717428,0.152982630801945
698,0.634386284250911,0.247759640188542,0.210360301592275,0.208116557082828,0.152982630801945,0.175977245746161
727,0.621136485069615,0.208860644258667,0.203733362812729,0.240653643199231,0.174364837136968,0.164940248736627
747,0.626439652176295,0.226992939983781,0.267121556704060,0.251373586915138,0.177624558944457,0.153350162717428
738,0.631738455286738,0.258711437790672,0.229493730258852,0.262430509724191,0.185781454960399,0.167291481291287
744,0.607858057407542,0.233725581744281,0.23977753355553,0.211875157547888,0.187631241909896,0.175977245746161
715,0.615828741507218,0.240653643199231,0.219672052767678,0.222891426963376,0.181025063276694,0.16634019279706
596,0.638797087949753,0.255943411389996,0.221274744825972,0.269956905233921,0.188884569174318,0.198109430350217
760,0.628206394540431,0.228656878414890,0.201594638931909,0.275669606701894,0.140279459933373,0.140279459933373
681,0.627323083479833,0.261497815323131,0.258711437790672,0.210360301592275,0.166814026627726,0.209608564537159
778,0.606085249352797,0.213405068833102,0.264301525715948,0.140279459933373,0.187010622123131,0.140279459933373
781,0.636150937944643,0.269010148553487,0.251373586915138,0.227823271636467,0.170233153496669,0.218876016213984
399,0.416179118323367,0.213405068833102,0.194059239855938,0.228656878414890,0.158410531669826,0.144131604573628
742,0.622020658211421,0.23033379664679,0.246862287018223,0.215727826366646,0.140279459933373,0.144424803121843
890,0.639678919993987,0.275669606701894,0.275669606701894,0.249561781327291,0.185781454960399,0.165869963138432
814,0.617598511353537,0.244185541162083,0.219672052767678,0.252283020211930,0.147497624383717,0.164024746412181
896,0.630855615748439,0.296006914761259,0.275669606701894,0.238033800236652,0.211875157547888,0.161362102255135
771,0.620252184825136,0.249561781327291,0.245967461561916,0.277585234113443,0.149133866930996,0.177071557205383
710,0.612287594171303,0.270905253648299,0.23977753355553,0.274713840722163,0.151897993103576,0.143266847840142
730,0.602537880906253,0.238904240888872,0.242414171861771,0.238033800236652,0.156400988328558,0.192088479379025
811,0.61494365721071,0.261497815323131,0.232023448734304,0.274713840722163,0.178181472416481,0.140279459933373
822,0.623788627185174,0.222081350052879,0.233725581744281,0.255024990396885,0.147178535004063,0.163123316426449
384,0.45297556976512,0.177624558944457,0.169733635746363,0.240653643199231,0.140279459933373,0.156400988328558
485,0.629972659733243,0.377644706128292,0.351210191887716,0.342342090635241,0.232872971194181,0.208860644258667
682,0.616713692539713,0.279506090033501,0.255024990396885,0.225342219919308,0.185781454960399,0.190794809258731
758,0.650252758171119,0.277585234113443,0.267121556704060,0.182190212262849,0.187631241909896,0.166814026627726
753,0.632621179272578,0.271855157449252,0.222081350052879,0.256863984839407,0.182778757451073,0.177624558944457
913,0.659933050519219,0.275669606701894,0.23977753355553,0.245967461561916,0.165869963138432,0.191439626593958
818,0.627323083479833,0.235439936165745,0.205907447843523,0.275669606701894,0.165403320798019,0.140279459933373
711,0.608744246353995,0.231177046607856,0.177071557205383,0.234581247743386,0.140279459933373,0.174364837136968
925,0.65113325749733,0.275669606701894,0.287236372741756,0.222891426963376,0.181025063276694,0.185172899926102
692,0.62555609967103,0.251373586915138,0.200889639762023,0.283362392853609,0.145018731380577,0.159655442358187
748,0.613173084606865,0.226992939983781,0.218876016213984,0.235439936165745,0.160502026996677,0.140279459933373
750,0.602537880906253,0.218876016213984,0.226165913043895,0.200889639762023,0.147497624383717,0.208116557082828
698,0.601650667029677,0.23033379664679,0.176522456496951,0.238904240888872,0.153350162717428,0.176522456496951
698,0.641442262346675,0.254108759679802,0.234581247743386,0.237166246337142,0.160077057692081,0.183371292540019
784,0.633503788623644,0.253194757033311,0.178742307944130,0.250466494772263,0.181025063276694,0.166814026627726
285,0.465083048709257,0.169237834303805,0.180448444205294,0.213405068833102,0.16357228121085,0.140279459933373
281,0.448298759169222,0.162235816543637,0.140279459933373,0.223704949036996,0.162677834203278,0.140279459933373
854,0.622020658211421,0.232872971194181,0.187631241909896,0.279506090033501,0.140279459933373,0.140279459933373
788,0.644967683931748,0.250466494772263,0.196743303664015,0.275669606701894,0.178742307944130,0.173309128978783
703,0.605198627992826,0.196066256873814,0.231177046607856,0.164024746412181,0.16634019279706,0.140279459933373
187,0.550789853506805,0.346286080835727,0.291125967010989,0.313700605163659,0.178181472416481,0.210360301592275
695,0.636150937944643,0.245967461561916,0.261497815323131,0.253194757033311,0.174364837136968,0.187010622123131
340,0.434198112267997,0.174364837136968,0.192741366843982,0.16357228121085,0.159655442358187,0.147497624383717
656,0.619367756469412,0.261497815323131,0.247759640188542,0.238904240888872,0.162235816543637,0.181605650010004
721,0.639678919993987,0.23977753355553,0.245075200706715,0.238904240888872,0.159655442358187,0.145319498566922
171,0.517387345588464,0.149469410107982,0.145018731380577,0.243298519444439,0.140279459933373,0.156400988328558
753,0.626439652176295,0.266179795115631,0.242414171861771,0.255943411389996,0.152618104976752,0.157195124574254
706,0.612287594171303,0.208116557082828,0.212638240623736,0.188884569174318,0.164940248736627,0.153720720340875
762,0.630855615748439,0.238904240888872,0.204454144375473,0.257786672914962,0.169237834303805,0.165869963138432
918,0.641442262346675,0.308771540986705,0.257786672914962,0.303851718893881,0.198798498578782,0.147497624383717
655,0.612287594171303,0.238904240888872,0.247759640188542,0.237166246337142,0.166814026627726,0.164024746412181
785,0.666966416344732,0.277585234113443,0.224521889216861,0.267121556704060,0.206639944148685,0.164940248736627
826,0.658173830133798,0.332468835480985,0.310742219942023,0.293075998312143,0.228656878414890,0.201594638931909
727,0.606085249352797,0.235439936165745,0.189517281185082,0.279506090033501,0.147178535004063,0.155233599845476
971,0.673994424070159,0.270905253648299,0.26806502014066,0.236301613614802,0.177071557205383,0.146862120354825
669,0.609630293401202,0.240653643199231,0.236301613614802,0.235439936165745,0.154850743467635,0.170233153496669
762,0.624672424998259,0.260567046745838,0.276626749501763,0.308771540986705,0.147497624383717,0.171754154191287
793,0.622020658211421,0.236301613614802,0.246862287018223,0.241532534498303,0.161797245314680,0.164940248736627
788,0.650252758171119,0.242414171861771,0.274713840722163,0.221274744825972,0.140279459933373,0.206639944148685
604,0.638797087949753,0.276626749501763,0.246862287018223,0.305818349289740,0.178181472416481,0.140279459933373
749,0.61405843859737,0.262430509724191,0.253194757033311,0.273759486818862,0.144131604573628,0.164480729737195
750,0.62555609967103,0.244185541162083,0.246862287018223,0.191439626593958,0.168257318749387,0.140279459933373
207,0.487250452013843,0.203016510694019,0.242414171861771,0.225342219919308,0.208860644258667,0.204454144375473
736,0.633503788623644,0.248659484023583,0.249561781327291,0.227823271636467,0.179307075461499,0.156796455796649
965,0.688035700062894,0.278545025785751,0.255943411389996,0.270905253648299,0.234581247743386,0.154470991130581
169,0.495506422283226,0.176522456496951,0.164024746412181,0.177624558944457,0.154470991130581,0.162677834203278
809,0.609630293401202,0.299924552865763,0.285297304030371,0.269010148553487,0.179875784505171,0.173309128978783
705,0.635268667058686,0.253194757033311,0.231177046607856,0.209608564537159,0.158822198286243,0.153720720340875
675,0.573173308757861,0.312714190948075,0.23033379664679,0.240653643199231,0.203733362812729,0.153720720340875
737,0.604311860230174,0.248659484023583,0.187631241909896,0.233725581744281,0.168257318749387,0.140279459933373
845,0.65201365997105,0.355144025044986,0.36005360357005,0.350225945404854,0.238904240888872,0.205178843545358
604,0.598100289370352,0.240653643199231,0.257786672914962,0.208860644258667,0.173835068385563,0.151189670120080
876,0.620252184825136,0.279506090033501,0.216509434133377,0.250466494772263,0.171754154191287,0.166814026627726
833,0.57763477259731,0.350225945404854,0.310742219942023,0.296006914761259,0.200188610986799,0.173309128978783
680,0.612287594171303,0.214949882112267,0.238033800236652,0.226165913043895,0.171754154191287,0.170233153496669
401,0.456708871220304,0.192741366843982,0.211875157547888,0.145319498566922,0.140279459933373,0.140279459933373
625,0.629089586309926,0.253194757033311,0.245967461561916,0.257786672914962,0.178181472416481,0.157195124574254
285,0.528260989528785,0.178181472416481,0.189517281185082,0.184568357977156,0.152256565618780,0.164024746412181
744,0.609630293401202,0.26336509235663,0.281431899695417,0.293075998312143,0.208116557082828,0.140279459933373
737,0.602537880906253,0.23977753355553,0.222891426963376,0.245075200706715,0.140279459933373,0.142423961905656
327,0.426633199381427,0.172787005806565,0.183371292540019,0.192088479379025,0.158002143279100,0.158410531669826
664,0.622904705251892,0.302869127130412,0.26336509235663,0.290152214217331,0.238904240888872,0.178742307944130
328,0.412362374614871,0.193398287644562,0.140279459933373,0.238904240888872,0.140279459933373,0.168745733831007
729,0.627323083479833,0.234581247743386,0.232872971194181,0.23977753355553,0.158410531669826,0.145018731380577
733,0.615828741507218,0.232872971194181,0.23033379664679,0.221274744825972,0.172787005806565,0.156008702799071
924,0.629972659733243,0.269010148553487,0.203016510694019,0.274713840722163,0.168745733831007,0.181605650010004
555,0.581200590507501,0.287236372741756,0.259638241659144,0.278545025785751,0.185172899926102,0.162235816543637
539,0.538193325982493,0.326539995183568,0.311728055196152,0.222891426963376,0.184568357977156,0.140279459933373
671,0.567813168189284,0.237166246337142,0.226165913043895,0.194724220966719,0.182778757451073,0.140279459933373
500,0.576742857104671,0.212638240623736,0.218876016213984,0.200889639762023,0.195393227873188,0.140279459933373
867,0.646729776551258,0.26806502014066,0.241532534498303,0.254108759679802,0.140279459933373,0.200188610986799
736,0.598988114480156,0.233725581744281,0.218083551882790,0.232023448734304,0.147819407725247,0.168257318749387
825,0.654654294039608,0.279506090033501,0.242414171861771,0.282396577544332,0.194724220966719,0.214949882112267
710,0.579418047575081,0.290152214217331,0.287236372741756,0.244185541162083,0.205178843545358,0.185172899926102
745,0.641442262346675,0.215727826366646,0.201594638931909,0.253194757033311,0.162235816543637,0.140539522938054
804,0.632621179272578,0.255943411389996,0.265239772398733,0.162677834203278,0.192741366843982,0.188884569174318
914,0.619367756469412,0.246862287018223,0.261497815323131,0.232872971194181,0.172787005806565,0.211875157547888
333,0.459504181093247,0.185781454960399,0.203016510694019,0.208860644258667,0.140279459933373,0.171754154191287
778,0.610516199655431,0.294052217151829,0.265239772398733,0.274713840722163,0.167291481291287,0.158410531669826
813,0.631738455286738,0.269010148553487,0.190154027575454,0.269010148553487,0.140279459933373,0.140279459933373
974,0.689789572931803,0.284329312589461,0.278545025785751,0.257786672914962,0.170736402643872,0.187010622123131
816,0.642323774366231,0.285297304030371,0.261497815323131,0.238904240888872,0.179307075461499,0.205178843545358
280,0.423788147113161,0.177071557205383,0.203016510694019,0.182778757451073,0.155233599845476,0.160077057692081
320,0.425685350085428,0.162235816543637,0.173309128978783,0.201594638931909,0.140279459933373,0.150839880430613
589,0.557070755717787,0.361034414931008,0.333456768437105,0.346286080835727,0.237166246337142,0.244185541162083
754,0.641442262346675,0.301887051542692,0.265239772398733,0.280468392646033,0.194059239855938,0.158410531669826
815,0.615828741507218,0.264301525715948,0.240653643199231,0.255943411389996,0.151897993103576,0.152256565618780
708,0.606971725447777,0.266179795115631,0.194724220966719,0.225342219919308,0.16634019279706,0.140279459933373
963,0.658173830133798,0.282396577544332,0.271855157449252,0.279506090033501,0.160502026996677,0.163123316426449
471,0.644967683931748,0.252283020211930,0.192741366843982,0.224521889216861,0.184568357977156,0.191439626593958
763,0.629972659733243,0.259638241659144,0.241532534498303,0.207376318697083,0.198798498578782,0.169237834303805
785,0.599875784998553,0.243298519444439,0.211115838461421,0.265239772398733,0.167772573247934,0.150492979148870
774,0.642323774366231,0.255024990396885,0.251373586915138,0.276626749501763,0.147497624383717,0.194724220966719
385,0.463225147278761,0.191439626593958,0.195393227873188,0.185172899926102,0.157597013980819,0.142702524367706
776,0.597212308466731,0.277585234113443,0.260567046745838,0.280468392646033,0.177624558944457,0.16357228121085
849,0.652893966371437,0.245075200706715,0.238033800236652,0.245967461561916,0.140279459933373,0.16357228121085
825,0.658173830133798,0.283362392853609,0.277585234113443,0.222081350052879,0.161797245314680,0.181025063276694
754,0.61405843859737,0.247759640188542,0.211875157547888,0.256863984839407,0.158822198286243,0.181605650010004
643,0.623788627185174,0.289179343702615,0.222891426963376,0.289179343702615,0.147178535004063,0.166814026627726
743,0.615828741507218,0.221274744825972,0.220471637257467,0.244185541162083,0.140279459933373,0.178181472416481
793,0.604311860230174,0.250466494772263,0.220471637257467,0.253194757033311,0.148801114525785,0.16357228121085
641,0.592770024376564,0.23977753355553,0.206639944148685,0.203016510694019,0.144424803121843,0.140279459933373
739,0.613173084606865,0.317648619366148,0.286266334773665,0.365932579194558,0.331480818156256,0.170736402643872
768,0.634386284250911,0.269956905233921,0.281431899695417,0.280468392646033,0.182778757451073,0.185172899926102
251,0.626439652176295,0.195393227873188,0.140279459933373,0.571387382661058,0.627323083479833,0.466011361565902
804,0.629089586309926,0.228656878414890,0.241532534498303,0.23033379664679,0.177071557205383,0.16357228121085
705,0.606085249352797,0.277585234113443,0.228656878414890,0.265239772398733,0.211875157547888,0.165869963138432
757,0.58209159090975,0.245967461561916,0.245075200706715,0.242414171861771,0.166814026627726,0.146548361254107
686,0.622904705251892,0.223704949036996,0.236301613614802,0.243298519444439,0.168257318749387,0.194724220966719
662,0.607858057407542,0.209608564537159,0.201594638931909,0.271855157449252,0.146237238572002,0.144424803121843
351,0.451106215483896,0.200889639762023,0.240653643199231,0.207376318697083,0.151897993103576,0.152256565618780
337,0.451106215483896,0.140279459933373,0.223704949036996,0.159237162188545,0.146548361254107,0.143840891542185
736,0.616713692539713,0.249561781327291,0.200188610986799,0.280468392646033,0.141333283747465,0.140279459933373
845,0.658173830133798,0.257786672914962,0.232023448734304,0.226165913043895,0.192741366843982,0.160502026996677
693,0.602537880906253,0.223704949036996,0.195393227873188,0.280468392646033,0.140279459933373,0.140279459933373
655,0.63703309779987,0.274713840722163,0.232023448734304,0.313700605163659,0.140279459933373,0.156008702799071
823,0.600763302119727,0.235439936165745,0.216509434133377,0.23977753355553,0.180448444205294,0.140279459933373
770,0.606085249352797,0.225342219919308,0.201594638931909,0.231177046607856,0.166814026627726,0.140279459933373
757,0.599875784998553,0.222081350052879,0.241532534498303,0.229493730258852,0.159237162188545,0.170233153496669
862,0.664329550930648,0.245075200706715,0.214949882112267,0.247759640188542,0.164024746412181,0.177071557205383
851,0.605198627992826,0.283362392853609,0.26336509235663,0.289179343702615,0.182778757451073,0.174364837136968
968,0.646729776551258,0.254108759679802,0.226165913043895,0.256863984839407,0.171754154191287,0.154470991130581
699,0.603424944919196,0.23977753355553,0.250466494772263,0.236301613614802,0.143266847840142,0.140279459933373
653,0.579418047575081,0.226165913043895,0.208116557082828,0.226992939983781,0.140279459933373,0.188255890082703
722,0.631738455286738,0.252283020211930,0.262430509724191,0.267121556704060,0.165869963138432,0.164940248736627
362,0.466939252082330,0.185781454960399,0.187631241909896,0.177071557205383,0.183371292540019,0.150492979148870
791,0.649372161207369,0.282396577544332,0.251373586915138,0.296006914761259,0.146237238572002,0.167772573247934
350,0.446424815327873,0.160077057692081,0.212638240623736,0.178181472416481,0.166814026627726,0.140279459933373
539,0.628206394540431,0.278545025785751,0.199491561253654,0.286266334773665,0.255943411389996,0.205907447843523
342,0.417132025922147,0.172787005806565,0.213405068833102,0.184568357977156,0.172787005806565,0.150839880430613
722,0.615828741507218,0.223704949036996,0.229493730258852,0.221274744825972,0.167291481291287,0.202303599215116
731,0.63703309779987,0.293075998312143,0.256863984839407,0.275669606701894,0.192088479379025,0.145622826217966
779,0.599875784998553,0.252283020211930,0.202303599215116,0.243298519444439,0.190794809258731,0.179307075461499
761,0.611401966215199,0.301887051542692,0.26806502014066,0.214175622695954,0.193398287644562,0.171243398019944
199,0.481729856995562,0.140279459933373,0.203733362812729,0.178742307944130,0.140279459933373,0.171243398019944
757,0.57585075439854,0.256863984839407,0.210360301592275,0.215727826366646,0.163123316426449,0.186394027664835
746,0.59454741884471,0.23033379664679,0.258711437790672,0.156400988328558,0.180448444205294,0.200889639762023
734,0.655534316836593,0.255024990396885,0.241532534498303,0.174898448025698,0.150148946700048,0.178742307944130
740,0.629089586309926,0.324563618926047,0.290152214217331,0.279506090033501,0.203733362812729,0.174898448025698
672,0.608744246353995,0.240653643199231,0.221274744825972,0.242414171861771,0.140279459933373,0.158822198286243
701,0.61405843859737,0.249561781327291,0.218876016213984,0.261497815323131,0.140279459933373,0.169733635746363
839,0.650252758171119,0.289179343702615,0.26806502014066,0.245075200706715,0.185172899926102,0.213405068833102
730,0.582982412426427,0.219672052767678,0.215727826366646,0.240653643199231,0.145319498566922,0.168257318749387
648,0.574065981658382,0.233725581744281,0.258711437790672,0.208116557082828,0.179875784505171,0.187010622123131
681,0.610516199655431,0.238904240888872,0.205178843545358,0.316661303992259,0.302869127130412,0.250466494772263
700,0.629972659733243,0.242414171861771,0.269956905233921,0.23033379664679,0.175435913518267,0.164940248736627
692,0.627323083479833,0.227823271636467,0.205907447843523,0.260567046745838,0.140279459933373,0.155619579790919
729,0.615828741507218,0.234581247743386,0.284329312589461,0.167772573247934,0.209608564537159,0.169733635746363
829,0.634386284250911,0.235439936165745,0.202303599215116,0.266179795115631,0.140279459933373,0.204454144375473
749,0.606085249352797,0.217294683481912,0.226992939983781,0.251373586915138,0.170736402643872,0.154850743467635
795,0.635268667058686,0.240653643199231,0.261497815323131,0.154094323280450,0.143266847840142,0.172268685450245
432,0.454843116219575,0.149807763529887,0.173309128978783,0.204454144375473,0.145622826217966,0.159655442358187
743,0.602537880906253,0.237166246337142,0.209608564537159,0.220471637257467,0.156400988328558,0.203016510694019
596,0.671359527115958,0.218083551882790,0.140279459933373,0.664329550930648,0.70643848072778,0.546296562840502
823,0.635268667058686,0.222081350052879,0.222891426963376,0.242414171861771,0.156008702799071,0.152256565618780
887,0.606085249352797,0.270905253648299,0.257786672914962,0.315674182764382,0.156796455796649,0.201594638931909
744,0.617598511353537,0.245967461561916,0.189517281185082,0.260567046745838,0.151542367809210,0.185781454960399
777,0.607858057407542,0.209608564537159,0.257786672914962,0.194059239855938,0.150839880430613,0.160930368981928
684,0.617598511353537,0.222891426963376,0.193398287644562,0.234581247743386,0.153720720340875,0.148143904307162
803,0.61405843859737,0.245075200706715,0.209608564537159,0.264301525715948,0.180448444205294,0.141333283747465
691,0.616713692539713,0.247759640188542,0.23977753355553,0.262430509724191,0.182778757451073,0.187010622123131
906,0.636150937944643,0.287236372741756,0.287236372741756,0.247759640188542,0.195393227873188,0.182778757451073
831,0.652893966371437,0.238904240888872,0.287236372741756,0.237166246337142,0.164480729737195,0.178181472416481
446,0.446424815327873,0.172268685450245,0.179307075461499,0.215727826366646,0.156400988328558,0.140279459933373
348,0.439851241970584,0.175977245746161,0.158002143279100,0.232872971194181,0.140801836156987,0.177624558944457
719,0.604311860230174,0.235439936165745,0.241532534498303,0.217294683481912,0.162677834203278,0.156796455796649
791,0.618483198986599,0.222891426963376,0.185172899926102,0.278545025785751,0.173835068385563,0.151542367809210
407,0.459504181093247,0.187010622123131,0.198798498578782,0.162677834203278,0.153350162717428,0.179875784505171
657,0.602537880906253,0.389289635189169,0.339381807952053,0.370820382306947,0.251373586915138,0.233725581744281
411,0.467866722440866,0.202303599215116,0.171243398019944,0.188884569174318,0.154470991130581,0.157195124574254
688,0.637915147508898,0.264301525715948,0.250466494772263,0.231177046607856,0.182778757451073,0.178742307944130
844,0.602537880906253,0.237166246337142,0.231177046607856,0.242414171861771,0.140279459933373,0.203016510694019
802,0.627323083479833,0.262430509724191,0.178181472416481,0.262430509724191,0.141602453589765,0.162677834203278
771,0.644967683931748,0.258711437790672,0.235439936165745,0.251373586915138,0.176522456496951,0.149807763529887
660,0.589213267095234,0.229493730258852,0.242414171861771,0.240653643199231,0.154094323280450,0.164024746412181
582,0.593658802575914,0.231177046607856,0.211875157547888,0.236301613614802,0.173309128978783,0.140279459933373
507,0.65201365997105,0.462295554374572,0.420938564569721,0.416179118323367,0.285297304030371,0.258711437790672
747,0.606971725447777,0.241532534498303,0.200889639762023,0.234581247743386,0.153720720340875,0.145928733232941
958,0.68364980472056,0.295029198942614,0.280468392646033,0.255024990396885,0.174364837136968,0.178742307944130
683,0.61405843859737,0.217294683481912,0.235439936165745,0.202303599215116,0.166814026627726,0.140279459933373
673,0.616713692539713,0.249561781327291,0.227823271636467,0.220471637257467,0.149133866930996,0.148801114525785
793,0.628206394540431,0.204454144375473,0.218083551882790,0.207376318697083,0.16357228121085,0.162677834203278
656,0.589213267095234,0.251373586915138,0.222081350052879,0.208116557082828,0.170233153496669,0.171243398019944
295,0.404704249910189,0.170233153496669,0.185781454960399,0.197424363331222,0.167291481291287,0.185172899926102
644,0.578526502286961,0.362014841934518,0.323575487390111,0.320611530912211,0.236301613614802,0.184568357977156
746,0.600763302119727,0.222891426963376,0.209608564537159,0.249561781327291,0.140279459933373,0.140539522938054
598,0.589213267095234,0.231177046607856,0.143552645462116,0.236301613614802,0.141066417195949,0.188884569174318
868,0.648491465815105,0.23977753355553,0.229493730258852,0.23033379664679,0.189517281185082,0.192088479379025
862,0.619367756469412,0.269956905233921,0.235439936165745,0.269956905233921,0.190794809258731,0.154094323280450
722,0.634386284250911,0.255943411389996,0.221274744825972,0.244185541162083,0.16634019279706,0.156400988328558
699,0.606085249352797,0.226992939983781,0.211875157547888,0.242414171861771,0.143266847840142,0.178181472416481
675,0.613173084606865,0.212638240623736,0.291125967010989,0.213405068833102,0.16634019279706,0.140279459933373
704,0.622904705251892,0.217294683481912,0.232872971194181,0.26806502014066,0.161797245314680,0.151897993103576
823,0.63703309779987,0.264301525715948,0.276626749501763,0.178742307944130,0.155619579790919,0.173309128978783
710,0.607858057407542,0.228656878414890,0.214175622695954,0.207376318697083,0.167772573247934,0.154850743467635
686,0.603424944919196,0.23033379664679,0.244185541162083,0.284329312589461,0.140279459933373,0.140279459933373
942,0.638797087949753,0.281431899695417,0.269010148553487,0.277585234113443,0.16634019279706,0.140279459933373
863,0.642323774366231,0.261497815323131,0.235439936165745,0.252283020211930,0.156400988328558,0.140279459933373
783,0.658173830133798,0.246862287018223,0.261497815323131,0.179875784505171,0.170736402643872,0.196743303664015
795,0.63703309779987,0.232023448734304,0.257786672914962,0.237166246337142,0.152982630801945,0.192088479379025
405,0.432309844864813,0.188884569174318,0.202303599215116,0.164940248736627,0.177624558944457,0.140279459933373
900,0.669602528491819,0.271855157449252,0.249561781327291,0.245075200706715,0.191439626593958,0.177071557205383
802,0.650252758171119,0.333456768437105,0.318636108753548,0.257786672914962,0.202303599215116,0.178181472416481
354,0.45297556976512,0.186394027664835,0.174364837136968,0.208116557082828,0.156008702799071,0.150839880430613
158,0.439851241970584,0.150148946700048,0.140279459933373,0.188255890082703,0.154470991130581,0.141602453589765
745,0.623788627185174,0.214175622695954,0.271855157449252,0.174898448025698,0.167291481291287,0.167772573247934
736,0.620252184825136,0.249561781327291,0.259638241659144,0.242414171861771,0.140279459933373,0.175977245746161
242,0.548993245617665,0.227823271636467,0.266179795115631,0.233725581744281,0.183967824035887,0.179875784505171
793,0.598988114480156,0.280468392646033,0.280468392646033,0.276626749501763,0.159655442358187,0.177071557205383
628,0.57763477259731,0.225342219919308,0.189517281185082,0.233725581744281,0.140279459933373,0.157597013980819
818,0.628206394540431,0.265239772398733,0.252283020211930,0.236301613614802,0.160077057692081,0.174364837136968
677,0.610516199655431,0.270905253648299,0.23977753355553,0.283362392853609,0.160930368981928,0.178181472416481
773,0.622904705251892,0.280468392646033,0.251373586915138,0.229493730258852,0.179875784505171,0.140279459933373
849,0.601650667029677,0.289179343702615,0.251373586915138,0.233725581744281,0.150839880430613,0.175435913518267
685,0.561550463611059,0.204454144375473,0.196743303664015,0.26806502014066,0.140279459933373,0.144424803121843
776,0.635268667058686,0.23977753355553,0.272806580486754,0.183967824035887,0.159237162188545,0.16634019279706
906,0.636150937944643,0.269010148553487,0.281431899695417,0.247759640188542,0.172268685450245,0.179875784505171
615,0.576742857104671,0.247759640188542,0.235439936165745,0.285297304030371,0.154470991130581,0.185172899926102
819,0.61405843859737,0.227823271636467,0.220471637257467,0.236301613614802,0.155619579790919,0.168257318749387
678,0.584763524220902,0.299924552865763,0.261497815323131,0.284329312589461,0.145928733232941,0.228656878414890
686,0.627323083479833,0.231177046607856,0.247759640188542,0.188255890082703,0.162235816543637,0.168745733831007
925,0.673116204346268,0.249561781327291,0.204454144375473,0.226992939983781,0.143552645462116,0.169237834303805
707,0.61494365721071,0.242414171861771,0.256863984839407,0.165869963138432,0.167772573247934,0.181605650010004
162,0.481729856995562,0.161362102255135,0.168745733831007,0.191439626593958,0.148801114525785,0.158002143279100
804,0.645848781067736,0.273759486818862,0.292100571713878,0.249561781327291,0.174898448025698,0.160930368981928
691,0.583873056414207,0.238033800236652,0.215727826366646,0.222081350052879,0.160502026996677,0.16634019279706
820,0.646729776551258,0.26336509235663,0.220471637257467,0.265239772398733,0.140279459933373,0.169237834303805
1013,0.601650667029677,0.237166246337142,0.276626749501763,0.164940248736627,0.146548361254107,0.140279459933373
558,0.768491034963491,0.313700605163659,0.302869127130412,0.294052217151829,0.16634019279706,0.183371292540019
751,0.602537880906253,0.226992939983781,0.224521889216861,0.205907447843523,0.147178535004063,0.140279459933373
943,0.660812526368302,0.304834801321944,0.281431899695417,0.252283020211930,0.217294683481912,0.140279459933373
864,0.633503788623644,0.256863984839407,0.180448444205294,0.274713840722163,0.140279459933373,0.179307075461499
180,0.546296562840502,0.142147774681471,0.143840891542185,0.194724220966719,0.140279459933373,0.194059239855938
847,0.70906526078053,0.480808424194665,0.419036311953547,0.422838791105066,0.297964434643167,0.255024990396885
350,0.58030940985411,0.140279459933373,0.157597013980819,0.214175622695954,0.155619579790919,0.154470991130581
867,0.65113325749733,0.271855157449252,0.273759486818862,0.226165913043895,0.192088479379025,0.169733635746363
381,0.593658802575914,0.180448444205294,0.238904240888872,0.181025063276694,0.140279459933373,0.183371292540019
864,0.624672424998259,0.222891426963376,0.226165913043895,0.233725581744281,0.148471133452426,0.158410531669826
740,0.626439652176295,0.310742219942023,0.278545025785751,0.245075200706715,0.198109430350217,0.176522456496951
779,0.639678919993987,0.245967461561916,0.155619579790919,0.284329312589461,0.152618104976752,0.175977245746161
668,0.600763302119727,0.223704949036996,0.164024746412181,0.226992939983781,0.167772573247934,0.188884569174318
717,0.632621179272578,0.244185541162083,0.258711437790672,0.279506090033501,0.154850743467635,0.158002143279100
843,0.656414246618719,0.26806502014066,0.264301525715948,0.221274744825972,0.186394027664835,0.209608564537159
709,0.589213267095234,0.238033800236652,0.204454144375473,0.256863984839407,0.166814026627726,0.140279459933373
826,0.612287594171303,0.253194757033311,0.266179795115631,0.222891426963376,0.171754154191287,0.183967824035887
443,0.469720411442728,0.198109430350217,0.187631241909896,0.248659484023583,0.140279459933373,0.164480729737195
599,0.622020658211421,0.215727826366646,0.244185541162083,0.196743303664015,0.156008702799071,0.140279459933373
672,0.605198627992826,0.190794809258731,0.217294683481912,0.226992939983781,0.140279459933373,0.180448444205294
711,0.61405843859737,0.219672052767678,0.214175622695954,0.252283020211930,0.161797245314680,0.144131604573628
789,0.624672424998259,0.281431899695417,0.258711437790672,0.258711437790672,0.201594638931909,0.188884569174318
800,0.635268667058686,0.271855157449252,0.286266334773665,0.220471637257467,0.227823271636467,0.186394027664835
561,0.606971725447777,0.252283020211930,0.224521889216861,0.306802338059224,0.212638240623736,0.159237162188545
385,0.445487145704544,0.182190212262849,0.23033379664679,0.144131604573628,0.169237834303805,0.170736402643872
621,0.585653817185493,0.281431899695417,0.218876016213984,0.300905518027404,0.185172899926102,0.140279459933373
317,0.444549008408857,0.177624558944457,0.184568357977156,0.234581247743386,0.140279459933373,0.165869963138432
969,0.632621179272578,0.264301525715948,0.215727826366646,0.298944182722262,0.142147774681471,0.150492979148870
911,0.660812526368302,0.262430509724191,0.242414171861771,0.281431899695417,0.158002143279100,0.168257318749387
862,0.630855615748439,0.244185541162083,0.23033379664679,0.252283020211930,0.160502026996677,0.188255890082703
634,0.590102705627282,0.235439936165745,0.185172899926102,0.284329312589461,0.140279459933373,0.145018731380577
384,0.43702685358426,0.213405068833102,0.193398287644562,0.208860644258667,0.160077057692081,0.179875784505171
724,0.622020658211421,0.249561781327291,0.279506090033501,0.23033379664679,0.154850743467635,0.167772573247934
745,0.597212308466731,0.219672052767678,0.231177046607856,0.212638240623736,0.140279459933373,0.140279459933373
703,0.620252184825136,0.290152214217331,0.261497815323131,0.245075200706715,0.190154027575454,0.177624558944457
506,0.439851241970584,0.222081350052879,0.186394027664835,0.187010622123131,0.150148946700048,0.177071557205383
226,0.468793774829766,0.203016510694019,0.187631241909896,0.210360301592275,0.164940248736627,0.165403320798019
913,0.599875784998553,0.260567046745838,0.238033800236652,0.174364837136968,0.172268685450245,0.144720505822661
701,0.597212308466731,0.195393227873188,0.227823271636467,0.222081350052879,0.192741366843982,0.157597013980819
662,0.611401966215199,0.258711437790672,0.273759486818862,0.140279459933373,0.189517281185082,0.185172899926102
764,0.642323774366231,0.245967461561916,0.243298519444439,0.198798498578782,0.150839880430613,0.140279459933373
359,0.448298759169222,0.170736402643872,0.222081350052879,0.148471133452426,0.167772573247934,0.161362102255135
753,0.607858057407542,0.301887051542692,0.282396577544332,0.283362392853609,0.198109430350217,0.149807763529887
238,0.61405843859737,0.140279459933373,0.222891426963376,0.148143904307162,0.141066417195949,0.150492979148870
805,0.648491465815105,0.243298519444439,0.257786672914962,0.226992939983781,0.146237238572002,0.208116557082828
785,0.626439652176295,0.245075200706715,0.188255890082703,0.227823271636467,0.162235816543637,0.184568357977156
745,0.623788627185174,0.256863984839407,0.26336509235663,0.178742307944130,0.192741366843982,0.177624558944457
624,0.585653817185493,0.244185541162083,0.251373586915138,0.205178843545358,0.174364837136968,0.140279459933373
743,0.62555609967103,0.269956905233921,0.23033379664679,0.26806502014066,0.199491561253654,0.170233153496669
598,0.558863289375474,0.366910990862085,0.318636108753548,0.244185541162083,0.229493730258852,0.192741366843982
737,0.640560644506718,0.243298519444439,0.236301613614802,0.252283020211930,0.165869963138432,0.182190212262849
884,0.677506525321988,0.296006914761259,0.246862287018223,0.279506090033501,0.148801114525785,0.159655442358187
362,0.45297556976512,0.185781454960399,0.227823271636467,0.202303599215116,0.140279459933373,0.152256565618780
806,0.590102705627282,0.241532534498303,0.203733362812729,0.279506090033501,0.204454144375473,0.14298348025674
715,0.645848781067736,0.245967461561916,0.246862287018223,0.257786672914962,0.151189670120080,0.176522456496951
752,0.638797087949753,0.206639944148685,0.250466494772263,0.210360301592275,0.157195124574254,0.157597013980819
658,0.566024855998128,0.211115838461421,0.232872971194181,0.213405068833102,0.159237162188545,0.182778757451073
821,0.658173830133798,0.272806580486754,0.289179343702615,0.257786672914962,0.155619579790919,0.188884569174318
975,0.652893966371437,0.314687276192053,0.330492731245164,0.282396577544332,0.217294683481912,0.213405068833102
741,0.66608754581422,0.264301525715948,0.235439936165745,0.246862287018223,0.156008702799071,0.154094323280450
656,0.606085249352797,0.212638240623736,0.183967824035887,0.26336509235663,0.142147774681471,0.158002143279100
807,0.632621179272578,0.337407372460796,0.322587416871138,0.341355528691973,0.323575487390111,0.160502026996677
355,0.402784577338547,0.155619579790919,0.194724220966719,0.201594638931909,0.140279459933373,0.161362102255135
754,0.61405843859737,0.289179343702615,0.262430509724191,0.269956905233921,0.185781454960399,0.195393227873188
363,0.440791745314472,0.150492979148870,0.213405068833102,0.185781454960399,0.165869963138432,0.154094323280450
725,0.609630293401202,0.231177046607856,0.23977753355553,0.240653643199231,0.144424803121843,0.151897993103576
208,0.431364974573073,0.160077057692081,0.200889639762023,0.140279459933373,0.140279459933373,0.147497624383717
727,0.630855615748439,0.261497815323131,0.225342219919308,0.260567046745838,0.198109430350217,0.154470991130581
807,0.634386284250911,0.232872971194181,0.256863984839407,0.23977753355553,0.178181472416481,0.145319498566922
635,0.565130393380684,0.215727826366646,0.194724220966719,0.250466494772263,0.140279459933373,0.164024746412181
183,0.551687808366613,0.140279459933373,0.198109430350217,0.194059239855938,0.143840891542185,0.191439626593958
744,0.581200590507501,0.217294683481912,0.227823271636467,0.228656878414890,0.166814026627726,0.176522456496951
436,0.676628615387707,0.176522456496951,0.140279459933373,0.237166246337142,0.140279459933373,0.168257318749387
833,0.643205181411445,0.278545025785751,0.238033800236652,0.257786672914962,0.149807763529887,0.204454144375473
687,0.598988114480156,0.209608564537159,0.200188610986799,0.233725581744281,0.168745733831007,0.14298348025674
853,0.628206394540431,0.280468392646033,0.253194757033311,0.297964434643167,0.164024746412181,0.179307075461499
735,0.642323774366231,0.244185541162083,0.234581247743386,0.250466494772263,0.165869963138432,0.158002143279100
162,0.464154311336516,0.141602453589765,0.179875784505171,0.170736402643872,0.151189670120080,0.140279459933373
806,0.618483198986599,0.255024990396885,0.271855157449252,0.23033379664679,0.222081350052879,0.213405068833102
825,0.618483198986599,0.240653643199231,0.238904240888872,0.159655442358187,0.178742307944130,0.140279459933373
665,0.677506525321988,0.275669606701894,0.270905253648299,0.285297304030371,0.197424363331222,0.188255890082703
804,0.653774177471793,0.266179795115631,0.267121556704060,0.240653643199231,0.152618104976752,0.140279459933373
303,0.581200590507501,0.285297304030371,0.221274744825972,0.416179118323367,0.429473753439024,0.261497815323131
334,0.440791745314472,0.200188610986799,0.161362102255135,0.201594638931909,0.150148946700048,0.140279459933373
667,0.610516199655431,0.231177046607856,0.209608564537159,0.264301525715948,0.175435913518267,0.156400988328558
894,0.635268667058686,0.233725581744281,0.203016510694019,0.266179795115631,0.170736402643872,0.140279459933373
719,0.63703309779987,0.254108759679802,0.240653643199231,0.202303599215116,0.140279459933373,0.180448444205294
770,0.629089586309926,0.271855157449252,0.241532534498303,0.262430509724191,0.156400988328558,0.140279459933373
811,0.637915147508898,0.221274744825972,0.140279459933373,0.500080663267207,0.562445761046978,0.395085382089401
738,0.635268667058686,0.241532534498303,0.208116557082828,0.266179795115631,0.164480729737195,0.175435913518267
767,0.654654294039608,0.250466494772263,0.264301525715948,0.201594638931909,0.149807763529887,0.164024746412181
723,0.621136485069615,0.245075200706715,0.227823271636467,0.23977753355553,0.157597013980819,0.175435913518267
771,0.595435874427052,0.261497815323131,0.255024990396885,0.261497815323131,0.158822198286243,0.140279459933373
702,0.634386284250911,0.237166246337142,0.196743303664015,0.250466494772263,0.140279459933373,0.148471133452426
782,0.598100289370352,0.238904240888872,0.219672052767678,0.231177046607856,0.176522456496951,0.175435913518267
871,0.686281552185454,0.253194757033311,0.272806580486754,0.214949882112267,0.169733635746363,0.216509434133377
311,0.595435874427052,0.182190212262849,0.223704949036996,0.140279459933373,0.181025063276694,0.175435913518267
915,0.606085249352797,0.226165913043895,0.26336509235663,0.254108759679802,0.159237162188545,0.206639944148685
743,0.611401966215199,0.210360301592275,0.223704949036996,0.269956905233921,0.173309128978783,0.181605650010004
722,0.613173084606865,0.225342219919308,0.236301613614802,0.244185541162083,0.167772573247934,0.140279459933373
864,0.627323083479833,0.311728055196152,0.274713840722163,0.312714190948075,0.172268685450245,0.172787005806565
697,0.637915147508898,0.259638241659144,0.244185541162083,0.215727826366646,0.165403320798019,0.157597013980819
705,0.596324170558622,0.213405068833102,0.211875157547888,0.183967824035887,0.174364837136968,0.148801114525785
337,0.426633199381427,0.185172899926102,0.176522456496951,0.198798498578782,0.140279459933373,0.140279459933373
685,0.585653817185493,0.225342219919308,0.218876016213984,0.255943411389996,0.146237238572002,0.171243398019944
990,0.649372161207369,0.284329312589461,0.267121556704060,0.265239772398733,0.140279459933373,0.158002143279100
718,0.603424944919196,0.194724220966719,0.209608564537159,0.238904240888872,0.140279459933373,0.16634019279706
715,0.604311860230174,0.233725581744281,0.214175622695954,0.214175622695954,0.148801114525785,0.140279459933373
777,0.626439652176295,0.245967461561916,0.282396577544332,0.222891426963376,0.174898448025698,0.147178535004063
729,0.628206394540431,0.245075200706715,0.208860644258667,0.262430509724191,0.140279459933373,0.140279459933373
681,0.604311860230174,0.199491561253654,0.218083551882790,0.202303599215116,0.190154027575454,0.149133866930996
755,0.598988114480156,0.287236372741756,0.215727826366646,0.269010148553487,0.178181472416481,0.172787005806565
380,0.463225147278761,0.170736402643872,0.166814026627726,0.223704949036996,0.140279459933373,0.154850743467635
174,0.51920253600366,0.143840891542185,0.175435913518267,0.194724220966719,0.160502026996677,0.145319498566922
1014,0.656414246618719,0.292100571713878,0.250466494772263,0.262430509724191,0.183371292540019,0.180448444205294
781,0.632621179272578,0.249561781327291,0.26336509235663,0.196743303664015,0.162235816543637,0.203016510694019
626,0.574065981658382,0.270905253648299,0.214175622695954,0.302869127130412,0.160930368981928,0.179875784505171
413,0.466011361565902,0.183967824035887,0.231177046607856,0.185172899926102,0.141873944585676,0.140279459933373
903,0.632621179272578,0.289179343702615,0.257786672914962,0.272806580486754,0.207376318697083,0.178742307944130
834,0.643205181411445,0.272806580486754,0.182190212262849,0.26336509235663,0.170736402643872,0.194724220966719
349,0.451106215483896,0.16357228121085,0.211115838461421,0.164024746412181,0.156008702799071,0.145622826217966
167,0.488169238277247,0.182190212262849,0.158822198286243,0.245967461561916,0.140279459933373,0.148143904307162
405,0.478964395469008,0.169733635746363,0.168745733831007,0.205907447843523,0.151189670120080,0.16634019279706
339,0.447362019176649,0.170233153496669,0.190154027575454,0.198798498578782,0.140279459933373,0.171243398019944
730,0.592770024376564,0.232023448734304,0.192741366843982,0.220471637257467,0.157195124574254,0.169237834303805
826,0.602537880906253,0.220471637257467,0.213405068833102,0.245967461561916,0.159655442358187,0.167291481291287
894,0.661691913619881,0.303851718893881,0.296006914761259,0.258711437790672,0.200188610986799,0.195393227873188
646,0.622904705251892,0.228656878414890,0.232023448734304,0.174364837136968,0.161797245314680,0.200188610986799
911,0.63703309779987,0.36005360357005,0.344314559496454,0.366910990862085,0.212638240623736,0.190154027575454
761,0.627323083479833,0.256863984839407,0.227823271636467,0.254108759679802,0.147178535004063,0.215727826366646
684,0.578526502286961,0.261497815323131,0.23033379664679,0.242414171861771,0.177624558944457,0.197424363331222
636,0.599875784998553,0.215727826366646,0.251373586915138,0.26806502014066,0.160502026996677,0.176522456496951
773,0.600763302119727,0.217294683481912,0.198798498578782,0.244185541162083,0.162677834203278,0.200889639762023
789,0.598988114480156,0.319623752397046,0.272806580486754,0.349241401529061,0.200188610986799,0.140279459933373
674,0.618483198986599,0.236301613614802,0.237166246337142,0.260567046745838,0.185172899926102,0.168745733831007
331,0.462295554374572,0.203733362812729,0.165403320798019,0.238033800236652,0.151542367809210,0.190794809258731
838,0.644967683931748,0.257786672914962,0.282396577544332,0.194724220966719,0.143840891542185,0.198109430350217
820,0.620252184825136,0.242414171861771,0.226165913043895,0.222081350052879,0.173835068385563,0.169237834303805
625,0.602537880906253,0.264301525715948,0.238033800236652,0.194724220966719,0.190154027575454,0.188884569174318
692,0.597212308466731,0.229493730258852,0.237166246337142,0.197424363331222,0.142702524367706,0.167291481291287
793,0.641442262346675,0.238904240888872,0.269956905233921,0.267121556704060,0.140279459933373,0.140279459933373
841,0.650252758171119,0.256863984839407,0.285297304030371,0.241532534498303,0.152618104976752,0.175977245746161
797,0.640560644506718,0.238033800236652,0.255943411389996,0.278545025785751,0.140279459933373,0.169733635746363
598,0.570494126543261,0.384446102799712,0.334444602573969,0.316661303992259,0.260567046745838,0.245075200706715
811,0.637915147508898,0.237166246337142,0.251373586915138,0.250466494772263,0.167291481291287,0.140279459933373
752,0.634386284250911,0.311728055196152,0.271855157449252,0.337407372460796,0.317648619366148,0.208116557082828
835,0.626439652176295,0.276626749501763,0.231177046607856,0.208116557082828,0.190154027575454,0.203733362812729
150,0.444549008408857,0.154470991130581,0.150492979148870,0.185781454960399,0.140279459933373,0.156400988328558
712,0.623788627185174,0.227823271636467,0.23033379664679,0.23033379664679,0.152256565618780,0.147497624383717
840,0.654654294039608,0.272806580486754,0.293075998312143,0.205178843545358,0.204454144375473,0.199491561253654
725,0.629972659733243,0.26806502014066,0.267121556704060,0.245967461561916,0.181025063276694,0.164480729737195
807,0.621136485069615,0.275669606701894,0.262430509724191,0.244185541162083,0.201594638931909,0.161797245314680
750,0.613173084606865,0.222081350052879,0.181025063276694,0.273759486818862,0.140279459933373,0.210360301592275
739,0.581200590507501,0.219672052767678,0.225342219919308,0.220471637257467,0.150148946700048,0.185781454960399
732,0.618483198986599,0.245075200706715,0.218083551882790,0.258711437790672,0.170736402643872,0.140279459933373
794,0.640560644506718,0.246862287018223,0.247759640188542,0.225342219919308,0.187631241909896,0.205907447843523
697,0.616713692539713,0.254108759679802,0.243298519444439,0.216509434133377,0.156796455796649,0.175435913518267
703,0.652893966371437,0.245075200706715,0.284329312589461,0.201594638931909,0.176522456496951,0.140279459933373
672,0.620252184825136,0.203733362812729,0.209608564537159,0.207376318697083,0.188884569174318,0.174364837136968
782,0.644086484322101,0.209608564537159,0.244185541162083,0.225342219919308,0.181025063276694,0.140279459933373
725,0.606971725447777,0.280468392646033,0.26336509235663,0.265239772398733,0.199491561253654,0.171754154191287
726,0.57763477259731,0.264301525715948,0.238033800236652,0.313700605163659,0.248659484023583,0.157195124574254
630,0.598988114480156,0.221274744825972,0.247759640188542,0.200188610986799,0.194059239855938,0.164024746412181
727,0.617598511353537,0.215727826366646,0.249561781327291,0.219672052767678,0.140279459933373,0.174898448025698
868,0.664329550930648,0.160077057692081,0.140279459933373,0.63703309779987,0.689789572931803,0.530069290557968
634,0.579418047575081,0.231177046607856,0.167291481291287,0.265239772398733,0.140279459933373,0.149133866930996
863,0.679262118185675,0.244185541162083,0.203016510694019,0.279506090033501,0.165869963138432,0.156400988328558
629,0.592770024376564,0.241532534498303,0.205178843545358,0.271855157449252,0.165403320798019,0.146548361254107
736,0.606085249352797,0.247759640188542,0.232023448734304,0.193398287644562,0.156796455796649,0.165869963138432
591,0.595435874427052,0.277585234113443,0.291125967010989,0.255943411389996,0.154850743467635,0.14298348025674
708,0.613173084606865,0.232023448734304,0.227823271636467,0.256863984839407,0.170736402643872,0.159237162188545
784,0.597212308466731,0.251373586915138,0.182778757451073,0.238904240888872,0.167291481291287,0.170233153496669
155,0.452041119617036,0.140539522938054,0.171754154191287,0.183967824035887,0.183967824035887,0.147819407725247
989,0.629089586309926,0.340368763820501,0.314687276192053,0.283362392853609,0.212638240623736,0.140279459933373
886,0.641442262346675,0.247759640188542,0.221274744825972,0.241532534498303,0.184568357977156,0.197424363331222
451,0.647610671197383,0.269010148553487,0.272806580486754,0.288207386188063,0.213405068833102,0.16634019279706
240,0.595435874427052,0.32159942528535,0.299924552865763,0.354161056920203,0.351210191887716,0.187010622123131
758,0.623788627185174,0.243298519444439,0.207376318697083,0.252283020211930,0.148471133452426,0.140279459933373
388,0.468793774829766,0.186394027664835,0.190154027575454,0.206639944148685,0.140279459933373,0.143266847840142
358,0.455776216619560,0.167772573247934,0.174898448025698,0.200188610986799,0.140279459933373,0.160502026996677
386,0.610516199655431,0.215727826366646,0.172268685450245,0.288207386188063,0.262430509724191,0.178742307944130
732,0.615828741507218,0.227823271636467,0.211115838461421,0.221274744825972,0.181605650010004,0.158002143279100
791,0.633503788623644,0.269010148553487,0.280468392646033,0.289179343702615,0.169733635746363,0.194724220966719
698,0.606085249352797,0.217294683481912,0.252283020211930,0.244185541162083,0.146548361254107,0.158822198286243
777,0.618483198986599,0.236301613614802,0.220471637257467,0.211875157547888,0.168745733831007,0.171243398019944
726,0.681017412481438,0.275669606701894,0.249561781327291,0.215727826366646,0.187631241909896,0.185781454960399
636,0.578526502286961,0.327528205863718,0.325551793923222,0.305818349289740,0.193398287644562,0.180448444205294
729,0.600763302119727,0.32950458986508,0.285297304030371,0.347271459448055,0.166814026627726,0.171754154191287
872,0.621136485069615,0.248659484023583,0.226992939983781,0.273759486818862,0.181025063276694,0.140279459933373
807,0.638797087949753,0.256863984839407,0.282396577544332,0.237166246337142,0.160077057692081,0.205907447843523
695,0.629089586309926,0.245075200706715,0.257786672914962,0.238904240888872,0.168257318749387,0.161362102255135
713,0.607858057407542,0.245075200706715,0.223704949036996,0.214949882112267,0.151897993103576,0.140279459933373
780,0.582982412426427,0.190154027575454,0.264301525715948,0.161797245314680,0.149469410107982,0.140279459933373
808,0.622020658211421,0.241532534498303,0.217294683481912,0.274713840722163,0.164480729737195,0.176522456496951
336,0.448298759169222,0.170736402643872,0.140279459933373,0.194724220966719,0.160077057692081,0.171243398019944
788,0.615828741507218,0.270905253648299,0.190794809258731,0.257786672914962,0.177071557205383,0.226165913043895
745,0.649372161207369,0.270905253648299,0.269956905233921,0.219672052767678,0.161362102255135,0.167772573247934
768,0.612287594171303,0.234581247743386,0.259638241659144,0.154850743467635,0.220471637257467,0.173835068385563
813,0.595435874427052,0.227823271636467,0.255943411389996,0.223704949036996,0.140279459933373,0.176522456496951
717,0.622020658211421,0.229493730258852,0.205907447843523,0.267121556704060,0.177071557205383,0.149133866930996
797,0.642323774366231,0.237166246337142,0.250466494772263,0.198798498578782,0.160930368981928,0.147819407725247
748,0.62555609967103,0.238904240888872,0.151897993103576,0.269010148553487,0.140279459933373,0.171243398019944
849,0.634386284250911,0.255943411389996,0.23033379664679,0.26336509235663,0.173835068385563,0.161797245314680
912,0.630855615748439,0.256863984839407,0.236301613614802,0.270905253648299,0.196743303664015,0.147178535004063
172,0.521016538660012,0.140279459933373,0.160930368981928,0.188884569174318,0.140279459933373,0.154470991130581
376,0.641442262346675,0.308771540986705,0.279506090033501,0.357108931824631,0.407579902497849,0.202303599215116
165,0.368866547920421,0.140279459933373,0.187010622123131,0.199491561253654,0.140279459933373,0.140279459933373
725,0.611401966215199,0.223704949036996,0.217294683481912,0.245075200706715,0.145928733232941,0.180448444205294
889,0.606085249352797,0.265239772398733,0.278545025785751,0.269956905233921,0.23033379664679,0.173309128978783
821,0.618483198986599,0.242414171861771,0.168745733831007,0.240653643199231,0.174898448025698,0.140279459933373
365,0.444549008408857,0.193398287644562,0.210360301592275,0.170736402643872,0.140279459933373,0.140279459933373
761,0.630855615748439,0.243298519444439,0.245075200706715,0.192741366843982,0.165869963138432,0.173835068385563
688,0.590102705627282,0.184568357977156,0.205178843545358,0.232872971194181,0.140279459933373,0.146862120354825
784,0.660812526368302,0.290152214217331,0.283362392853609,0.292100571713878,0.181025063276694,0.140279459933373
794,0.658173830133798,0.272806580486754,0.266179795115631,0.260567046745838,0.167772573247934,0.140801836156987
926,0.653774177471793,0.261497815323131,0.254108759679802,0.258711437790672,0.140279459933373,0.173835068385563
725,0.615828741507218,0.222081350052879,0.229493730258852,0.194724220966719,0.172787005806565,0.161362102255135
831,0.662571212990782,0.309756707604237,0.297964434643167,0.316661303992259,0.211875157547888,0.183967824035887
179,0.611401966215199,0.229493730258852,0.192741366843982,0.23977753355553,0.195393227873188,0.175435913518267
792,0.66608754581422,0.238904240888872,0.272806580486754,0.199491561253654,0.185781454960399,0.140279459933373
802,0.645848781067736,0.264301525715948,0.227823271636467,0.283362392853609,0.169237834303805,0.194724220966719
337,0.428527399760189,0.173835068385563,0.188884569174318,0.198109430350217,0.143552645462116,0.140279459933373
692,0.628206394540431,0.234581247743386,0.255943411389996,0.203733362812729,0.178742307944130,0.169733635746363
684,0.592770024376564,0.223704949036996,0.213405068833102,0.229493730258852,0.160930368981928,0.159655442358187
846,0.603424944919196,0.277585234113443,0.259638241659144,0.264301525715948,0.158002143279100,0.143840891542185
800,0.63703309779987,0.229493730258852,0.235439936165745,0.242414171861771,0.156400988328558,0.173309128978783
867,0.659933050519219,0.264301525715948,0.260567046745838,0.226165913043895,0.192088479379025,0.170233153496669
806,0.637915147508898,0.235439936165745,0.222891426963376,0.26806502014066,0.140279459933373,0.203016510694019
423,0.521923099581909,0.200188610986799,0.232872971194181,0.190154027575454,0.182190212262849,0.140279459933373
714,0.61405843859737,0.245967461561916,0.23033379664679,0.249561781327291,0.177071557205383,0.181025063276694
784,0.618483198986599,0.265239772398733,0.267121556704060,0.272806580486754,0.159237162188545,0.142147774681471
790,0.604311860230174,0.215727826366646,0.225342219919308,0.202303599215116,0.168745733831007,0.160930368981928
759,0.633503788623644,0.238033800236652,0.220471637257467,0.242414171861771,0.183967824035887,0.213405068833102
333,0.408537424783786,0.177624558944457,0.154470991130581,0.208860644258667,0.140279459933373,0.147178535004063
705,0.606085249352797,0.308771540986705,0.301887051542692,0.293075998312143,0.162677834203278,0.168257318749387
776,0.663450425192382,0.255024990396885,0.243298519444439,0.242414171861771,0.172268685450245,0.140279459933373
769,0.619367756469412,0.255024990396885,0.264301525715948,0.184568357977156,0.194059239855938,0.164024746412181
886,0.646729776551258,0.289179343702615,0.260567046745838,0.301887051542692,0.192741366843982,0.160077057692081
741,0.627323083479833,0.249561781327291,0.215727826366646,0.278545025785751,0.148143904307162,0.156400988328558
757,0.656414246618719,0.274713840722163,0.251373586915138,0.266179795115631,0.200188610986799,0.181605650010004
753,0.61494365721071,0.267121556704060,0.232872971194181,0.226165913043895,0.201594638931909,0.172268685450245
550,0.695049586089508,0.308771540986705,0.253194757033311,0.36005360357005,0.367888982200334,0.255943411389996
626,0.608744246353995,0.258711437790672,0.245075200706715,0.272806580486754,0.158822198286243,0.142423961905656
834,0.629972659733243,0.253194757033311,0.233725581744281,0.238904240888872,0.149469410107982,0.177624558944457
821,0.644967683931748,0.271855157449252,0.231177046607856,0.252283020211930,0.188884569174318,0.160930368981928
858,0.655534316836593,0.235439936165745,0.228656878414890,0.226165913043895,0.183967824035887,0.188884569174318
934,0.636150937944643,0.286266334773665,0.266179795115631,0.280468392646033,0.167291481291287,0.179307075461499
590,0.627323083479833,0.218083551882790,0.231177046607856,0.225342219919308,0.142702524367706,0.140279459933373
791,0.612287594171303,0.270905253648299,0.211115838461421,0.245967461561916,0.180448444205294,0.158822198286243
456,0.455776216619560,0.168745733831007,0.168745733831007,0.219672052767678,0.151542367809210,0.198798498578782
333,0.444549008408857,0.184568357977156,0.140279459933373,0.241532534498303,0.140279459933373,0.187010622123131
210,0.330492731245164,0.140279459933373,0.140279459933373,0.251373586915138,0.144131604573628,0.173835068385563
819,0.611401966215199,0.222081350052879,0.248659484023583,0.229493730258852,0.175435913518267,0.146862120354825
688,0.597212308466731,0.265239772398733,0.216509434133377,0.302869127130412,0.151189670120080,0.140279459933373
707,0.560654953573793,0.245075200706715,0.261497815323131,0.203733362812729,0.140279459933373,0.154094323280450
691,0.597212308466731,0.244185541162083,0.244185541162083,0.171243398019944,0.200889639762023,0.153350162717428
821,0.634386284250911,0.235439936165745,0.242414171861771,0.234581247743386,0.178181472416481,0.156400988328558
762,0.642323774366231,0.235439936165745,0.225342219919308,0.211115838461421,0.167291481291287,0.157597013980819
800,0.61494365721071,0.296006914761259,0.238904240888872,0.214949882112267,0.193398287644562,0.152618104976752
225,0.603424944919196,0.156400988328558,0.151897993103576,0.172268685450245,0.145928733232941,0.151897993103576
687,0.587433883900336,0.345300444024283,0.341355528691973,0.350225945404854,0.273759486818862,0.232872971194181
259,0.624672424998259,0.140279459933373,0.172787005806565,0.158002143279100,0.140279459933373,0.153720720340875
776,0.632621179272578,0.229493730258852,0.26336509235663,0.198798498578782,0.191439626593958,0.188884569174318
176,0.529165277729617,0.145622826217966,0.175435913518267,0.200188610986799,0.140279459933373,0.140279459933373
785,0.62555609967103,0.235439936165745,0.208116557082828,0.255024990396885,0.140279459933373,0.148471133452426
697,0.634386284250911,0.286266334773665,0.257786672914962,0.293075998312143,0.211875157547888,0.187631241909896
423,0.419036311953547,0.162235816543637,0.187010622123131,0.204454144375473,0.140279459933373,0.147178535004063
693,0.639678919993987,0.276626749501763,0.261497815323131,0.339381807952053,0.226992939983781,0.220471637257467
874,0.672237905577799,0.284329312589461,0.257786672914962,0.271855157449252,0.190154027575454,0.144720505822661
699,0.616713692539713,0.197424363331222,0.179307075461499,0.247759640188542,0.143266847840142,0.184568357977156
396,0.443610401564419,0.172268685450245,0.186394027664835,0.183371292540019,0.142702524367706,0.140279459933373
630,0.61494365721071,0.290152214217331,0.232023448734304,0.261497815323131,0.190794809258731,0.140279459933373
783,0.632621179272578,0.339381807952053,0.332468835480985,0.350225945404854,0.267121556704060,0.287236372741756
320,0.425685350085428,0.150492979148870,0.173835068385563,0.186394027664835,0.154470991130581,0.155619579790919
692,0.58209159090975,0.300905518027404,0.276626749501763,0.245967461561916,0.187010622123131,0.141873944585676
406,0.684527124733494,0.262430509724191,0.247759640188542,0.364953752682284,0.363974517009122,0.197424363331222
732,0.609630293401202,0.23977753355553,0.223704949036996,0.236301613614802,0.145622826217966,0.177624558944457
950,0.622020658211421,0.297964434643167,0.291125967010989,0.311728055196152,0.221274744825972,0.171243398019944
214,0.461365530470573,0.140279459933373,0.183371292540019,0.167291481291287,0.140279459933373,0.140279459933373
158,0.445487145704544,0.140279459933373,0.144131604573628,0.205178843545358,0.148801114525785,0.174898448025698
673,0.578526502286961,0.222081350052879,0.168745733831007,0.249561781327291,0.167772573247934,0.169733635746363
168,0.420938564569721,0.174364837136968,0.143840891542185,0.238033800236652,0.168257318749387,0.162677834203278
806,0.62555609967103,0.243298519444439,0.219672052767678,0.26336509235663,0.145319498566922,0.160502026996677
859,0.609630293401202,0.247759640188542,0.226165913043895,0.199491561253654,0.162677834203278,0.140279459933373
760,0.649372161207369,0.23033379664679,0.234581247743386,0.200188610986799,0.170233153496669,0.160502026996677
1003,0.636150937944643,0.271855157449252,0.260567046745838,0.256863984839407,0.166814026627726,0.183967824035887
823,0.62555609967103,0.246862287018223,0.252283020211930,0.228656878414890,0.140279459933373,0.140279459933373
820,0.640560644506718,0.225342219919308,0.167772573247934,0.262430509724191,0.150492979148870,0.211115838461421
650,0.569600673082815,0.289179343702615,0.274713840722163,0.247759640188542,0.156008702799071,0.177071557205383
732,0.592770024376564,0.279506090033501,0.252283020211930,0.233725581744281,0.208116557082828,0.181605650010004
714,0.642323774366231,0.276626749501763,0.270905253648299,0.235439936165745,0.150839880430613,0.158002143279100
581,0.589213267095234,0.233725581744281,0.200889639762023,0.211875157547888,0.167291481291287,0.175435913518267
780,0.646729776551258,0.313700605163659,0.32159942528535,0.313700605163659,0.158002143279100,0.196066256873814
822,0.609630293401202,0.216509434133377,0.264301525715948,0.234581247743386,0.154094323280450,0.140279459933373
845,0.646729776551258,0.254108759679802,0.222081350052879,0.271855157449252,0.166814026627726,0.167772573247934
801,0.65113325749733,0.365932579194558,0.338394673319409,0.397976414823837,0.307786743279463,0.302869127130412
502,0.458572851358513,0.210360301592275,0.222891426963376,0.212638240623736,0.160077057692081,0.147819407725247
869,0.620252184825136,0.265239772398733,0.256863984839407,0.282396577544332,0.187010622123131,0.140279459933373
972,0.605198627992826,0.279506090033501,0.267121556704060,0.252283020211930,0.188884569174318,0.192088479379025
488,0.731810723629735,0.267121556704060,0.252283020211930,0.26336509235663,0.205907447843523,0.214175622695954
798,0.579418047575081,0.215727826366646,0.226992939983781,0.193398287644562,0.140279459933373,0.140279459933373
735,0.654654294039608,0.242414171861771,0.238033800236652,0.270905253648299,0.140279459933373,0.172268685450245
870,0.639678919993987,0.272806580486754,0.232023448734304,0.269010148553487,0.154850743467635,0.164024746412181
151,0.470646634478409,0.140279459933373,0.172268685450245,0.215727826366646,0.140279459933373,0.160502026996677
774,0.646729776551258,0.276626749501763,0.262430509724191,0.232023448734304,0.181025063276694,0.166814026627726
768,0.621136485069615,0.264301525715948,0.262430509724191,0.205907447843523,0.160502026996677,0.188884569174318
642,0.596324170558622,0.222891426963376,0.171754154191287,0.269010148553487,0.224521889216861,0.168257318749387
834,0.649372161207369,0.232023448734304,0.248659484023583,0.216509434133377,0.169237834303805,0.140279459933373
317,0.445487145704544,0.197424363331222,0.205178843545358,0.169237834303805,0.167772573247934,0.181025063276694
721,0.610516199655431,0.23977753355553,0.217294683481912,0.232023448734304,0.175435913518267,0.16634019279706
818,0.59099197716754,0.249561781327291,0.244185541162083,0.231177046607856,0.183967824035887,0.140279459933373
169,0.493674279807102,0.140279459933373,0.149469410107982,0.216509434133377,0.155619579790919,0.181605650010004
287,0.680139802349038,0.289179343702615,0.26336509235663,0.345300444024283,0.376671178467619,0.273759486818862
770,0.648491465815105,0.245967461561916,0.214175622695954,0.290152214217331,0.145018731380577,0.205178843545358
619,0.606085249352797,0.269010148553487,0.201594638931909,0.245075200706715,0.172787005806565,0.140279459933373
441,0.655534316836593,0.244185541162083,0.140279459933373,0.516479299936916,0.571387382661058,0.40182397040703
652,0.557070755717787,0.301887051542692,0.303851718893881,0.281431899695417,0.188884569174318,0.178181472416481
769,0.626439652176295,0.258711437790672,0.240653643199231,0.203016510694019,0.174364837136968,0.140279459933373
763,0.61405843859737,0.232023448734304,0.222081350052879,0.238033800236652,0.151189670120080,0.150148946700048
772,0.602537880906253,0.255024990396885,0.23033379664679,0.237166246337142,0.152256565618780,0.158002143279100
848,0.652893966371437,0.280468392646033,0.178181472416481,0.26806502014066,0.168257318749387,0.140279459933373
187,0.550789853506805,0.146862120354825,0.140279459933373,0.160930368981928,0.162235816543637,0.147819407725247
756,0.634386284250911,0.249561781327291,0.228656878414890,0.278545025785751,0.197424363331222,0.182778757451073
786,0.631738455286738,0.231177046607856,0.238904240888872,0.231177046607856,0.159655442358187,0.168745733831007
745,0.638797087949753,0.256863984839407,0.240653643199231,0.270905253648299,0.146237238572002,0.140279459933373
780,0.632621179272578,0.233725581744281,0.218876016213984,0.242414171861771,0.158002143279100,0.189517281185082
455,0.468793774829766,0.169237834303805,0.170736402643872,0.213405068833102,0.151897993103576,0.140279459933373
748,0.652893966371437,0.236301613614802,0.252283020211930,0.198798498578782,0.183967824035887,0.143552645462116
530,0.568707020795868,0.297964434643167,0.270905253648299,0.293075998312143,0.23977753355553,0.140279459933373
310,0.45297556976512,0.170233153496669,0.196066256873814,0.187010622123131,0.140279459933373,0.151897993103576
859,0.663450425192382,0.272806580486754,0.270905253648299,0.241532534498303,0.146862120354825,0.184568357977156
361,0.427580548847338,0.174364837136968,0.196066256873814,0.208116557082828,0.175977245746161,0.143840891542185
774,0.65113325749733,0.264301525715948,0.214949882112267,0.260567046745838,0.160502026996677,0.158410531669826
722,0.598100289370352,0.269956905233921,0.211875157547888,0.319623752397046,0.163123316426449,0.203733362812729
722,0.642323774366231,0.245967461561916,0.203733362812729,0.241532534498303,0.160930368981928,0.202303599215116
975,0.659933050519219,0.308771540986705,0.254108759679802,0.260567046745838,0.192088479379025,0.174898448025698
779,0.637915147508898,0.215727826366646,0.23977753355553,0.247759640188542,0.148143904307162,0.156400988328558
740,0.627323083479833,0.233725581744281,0.225342219919308,0.212638240623736,0.154850743467635,0.159655442358187
876,0.670481068306923,0.254108759679802,0.272806580486754,0.169733635746363,0.214949882112267,0.203016510694019
624,0.598100289370352,0.253194757033311,0.265239772398733,0.211115838461421,0.193398287644562,0.140279459933373
744,0.606971725447777,0.211875157547888,0.238904240888872,0.194059239855938,0.164940248736627,0.148143904307162
843,0.640560644506718,0.252283020211930,0.23977753355553,0.237166246337142,0.160077057692081,0.174364837136968
401,0.460435073421994,0.188255890082703,0.193398287644562,0.211875157547888,0.188884569174318,0.158822198286243
899,0.640560644506718,0.26806502014066,0.223704949036996,0.284329312589461,0.151542367809210,0.194059239855938
750,0.606085249352797,0.219672052767678,0.245967461561916,0.229493730258852,0.160930368981928,0.201594638931909
851,0.617598511353537,0.241532534498303,0.26806502014066,0.212638240623736,0.149133866930996,0.190154027575454
739,0.619367756469412,0.213405068833102,0.249561781327291,0.238904240888872,0.183371292540019,0.185781454960399
784,0.65113325749733,0.261497815323131,0.241532534498303,0.285297304030371,0.144424803121843,0.140279459933373
627,0.608744246353995,0.200188610986799,0.225342219919308,0.218876016213984,0.141602453589765,0.167772573247934
894,0.648491465815105,0.267121556704060,0.233725581744281,0.274713840722163,0.170233153496669,0.181605650010004
805,0.591881082994116,0.232023448734304,0.240653643199231,0.215727826366646,0.194724220966719,0.147819407725247
660,0.629972659733243,0.245967461561916,0.238033800236652,0.211115838461421,0.167291481291287,0.150839880430613
770,0.638797087949753,0.277585234113443,0.252283020211930,0.256863984839407,0.182190212262849,0.187631241909896
735,0.639678919993987,0.251373586915138,0.229493730258852,0.282396577544332,0.154850743467635,0.140279459933373
632,0.627323083479833,0.247759640188542,0.251373586915138,0.192741366843982,0.171243398019944,0.154850743467635
987,0.701183347132507,0.222081350052879,0.140279459933373,0.58209159090975,0.63703309779987,0.478964395469008
741,0.643205181411445,0.259638241659144,0.215727826366646,0.258711437790672,0.156796455796649,0.188884569174318
791,0.598988114480156,0.225342219919308,0.247759640188542,0.214175622695954,0.140279459933373,0.140279459933373
690,0.629972659733243,0.231177046607856,0.215727826366646,0.238904240888872,0.140279459933373,0.153350162717428
838,0.652893966371437,0.250466494772263,0.26336509235663,0.226992939983781,0.140279459933373,0.148471133452426
741,0.588323660284695,0.226992939983781,0.231177046607856,0.211875157547888,0.151542367809210,0.158822198286243
803,0.628206394540431,0.275669606701894,0.251373586915138,0.245967461561916,0.165403320798019,0.140279459933373
722,0.610516199655431,0.271855157449252,0.294052217151829,0.264301525715948,0.180448444205294,0.162677834203278
730,0.57585075439854,0.297964434643167,0.252283020211930,0.294052217151829,0.140279459933373,0.184568357977156
350,0.41331732873535,0.176522456496951,0.140279459933373,0.224521889216861,0.149133866930996,0.184568357977156
712,0.601650667029677,0.225342219919308,0.162677834203278,0.261497815323131,0.163123316426449,0.153720720340875
671,0.583873056414207,0.257786672914962,0.210360301592275,0.255024990396885,0.160077057692081,0.185172899926102
719,0.631738455286738,0.241532534498303,0.232872971194181,0.191439626593958,0.140279459933373,0.140279459933373
679,0.57585075439854,0.214949882112267,0.214949882112267,0.219672052767678,0.16357228121085,0.144131604573628
666,0.605198627992826,0.23977753355553,0.235439936165745,0.242414171861771,0.154850743467635,0.173309128978783
757,0.619367756469412,0.240653643199231,0.150839880430613,0.280468392646033,0.177624558944457,0.168745733831007
606,0.601650667029677,0.235439936165745,0.201594638931909,0.243298519444439,0.171243398019944,0.178181472416481
778,0.617598511353537,0.311728055196152,0.269956905233921,0.247759640188542,0.206639944148685,0.160502026996677
897,0.642323774366231,0.295029198942614,0.281431899695417,0.272806580486754,0.143266847840142,0.194724220966719
847,0.583873056414207,0.237166246337142,0.279506090033501,0.160502026996677,0.179307075461499,0.140279459933373
753,0.645848781067736,0.244185541162083,0.253194757033311,0.244185541162083,0.149807763529887,0.206639944148685
844,0.627323083479833,0.254108759679802,0.276626749501763,0.200188610986799,0.177071557205383,0.223704949036996
814,0.618483198986599,0.238904240888872,0.229493730258852,0.240653643199231,0.188255890082703,0.181025063276694
642,0.598988114480156,0.221274744825972,0.212638240623736,0.180448444205294,0.152982630801945,0.140279459933373
556,0.603424944919196,0.23033379664679,0.250466494772263,0.181025063276694,0.185781454960399,0.150148946700048
796,0.606085249352797,0.245967461561916,0.219672052767678,0.23033379664679,0.143840891542185,0.169733635746363
705,0.612287594171303,0.251373586915138,0.232872971194181,0.256863984839407,0.178181472416481,0.215727826366646
704,0.603424944919196,0.246862287018223,0.208116557082828,0.250466494772263,0.140279459933373,0.189517281185082
693,0.640560644506718,0.245967461561916,0.228656878414890,0.192741366843982,0.170736402643872,0.183371292540019
846,0.622020658211421,0.306802338059224,0.282396577544332,0.272806580486754,0.208116557082828,0.193398287644562
866,0.648491465815105,0.261497815323131,0.281431899695417,0.260567046745838,0.167291481291287,0.154094323280450
849,0.634386284250911,0.236301613614802,0.257786672914962,0.248659484023583,0.176522456496951,0.162677834203278
850,0.65113325749733,0.255024990396885,0.300905518027404,0.247759640188542,0.176522456496951,0.174898448025698
327,0.420938564569721,0.146237238572002,0.198798498578782,0.220471637257467,0.140279459933373,0.148471133452426
653,0.660812526368302,0.260567046745838,0.251373586915138,0.262430509724191,0.160502026996677,0.140279459933373
735,0.598988114480156,0.216509434133377,0.231177046607856,0.221274744825972,0.163123316426449,0.158410531669826
690,0.59454741884471,0.232023448734304,0.255943411389996,0.234581247743386,0.155619579790919,0.154470991130581
711,0.596324170558622,0.23977753355553,0.26806502014066,0.251373586915138,0.148143904307162,0.172268685450245
759,0.598100289370352,0.226992939983781,0.220471637257467,0.257786672914962,0.140279459933373,0.140279459933373
262,0.475271623239318,0.157597013980819,0.208116557082828,0.187010622123131,0.152982630801945,0.148801114525785
918,0.663450425192382,0.318636108753548,0.280468392646033,0.289179343702615,0.178742307944130,0.156400988328558
904,0.646729776551258,0.288207386188063,0.288207386188063,0.159655442358187,0.171243398019944,0.162235816543637
718,0.612287594171303,0.265239772398733,0.203016510694019,0.267121556704060,0.16357228121085,0.198109430350217
163,0.462295554374572,0.140279459933373,0.152618104976752,0.182778757451073,0.148143904307162,0.147497624383717
734,0.62555609967103,0.226165913043895,0.251373586915138,0.272806580486754,0.175977245746161,0.167772573247934
314,0.466939252082330,0.172787005806565,0.182190212262849,0.180448444205294,0.140279459933373,0.164024746412181
278,0.382505251364152,0.192741366843982,0.167772573247934,0.35612665264182,0.353177756395209,0.218083551882790
741,0.606971725447777,0.226165913043895,0.238033800236652,0.208860644258667,0.146862120354825,0.140279459933373
168,0.515570951288053,0.163123316426449,0.153350162717428,0.182190212262849,0.174364837136968,0.180448444205294
459,0.668723907006677,0.265239772398733,0.258711437790672,0.255024990396885,0.176522456496951,0.177071557205383
875,0.643205181411445,0.269956905233921,0.228656878414890,0.26806502014066,0.140279459933373,0.199491561253654
795,0.642323774366231,0.274713840722163,0.233725581744281,0.269010148553487,0.184568357977156,0.170736402643872
648,0.626439652176295,0.226992939983781,0.231177046607856,0.253194757033311,0.179875784505171,0.163123316426449
829,0.640560644506718,0.246862287018223,0.205178843545358,0.271855157449252,0.178742307944130,0.140279459933373
760,0.595435874427052,0.258711437790672,0.194724220966719,0.225342219919308,0.151542367809210,0.140279459933373
775,0.617598511353537,0.23977753355553,0.219672052767678,0.203733362812729,0.177624558944457,0.140279459933373
895,0.637915147508898,0.250466494772263,0.235439936165745,0.252283020211930,0.152982630801945,0.164480729737195
765,0.63703309779987,0.273759486818862,0.221274744825972,0.280468392646033,0.166814026627726,0.195393227873188
929,0.62555609967103,0.257786672914962,0.254108759679802,0.245967461561916,0.161797245314680,0.190794809258731
790,0.629972659733243,0.23977753355553,0.219672052767678,0.269010148553487,0.140279459933373,0.198109430350217
881,0.671359527115958,0.317648619366148,0.243298519444439,0.316661303992259,0.162235816543637,0.176522456496951
820,0.655534316836593,0.261497815323131,0.226992939983781,0.277585234113443,0.201594638931909,0.171243398019944
687,0.617598511353537,0.210360301592275,0.249561781327291,0.190794809258731,0.141333283747465,0.140279459933373
787,0.63703309779987,0.273759486818862,0.245967461561916,0.272806580486754,0.140279459933373,0.157597013980819
708,0.629972659733243,0.237166246337142,0.244185541162083,0.176522456496951,0.178181472416481,0.144720505822661
797,0.622020658211421,0.220471637257467,0.220471637257467,0.194059239855938,0.163123316426449,0.140279459933373
696,0.592770024376564,0.202303599215116,0.235439936165745,0.255024990396885,0.159237162188545,0.144131604573628
812,0.635268667058686,0.424736999725661,0.374722731821464,0.36005360357005,0.189517281185082,0.214949882112267
972,0.645848781067736,0.290152214217331,0.211875157547888,0.295029198942614,0.144131604573628,0.157597013980819
654,0.612287594171303,0.276626749501763,0.217294683481912,0.307786743279463,0.196066256873814,0.150492979148870
649,0.598988114480156,0.187631241909896,0.200889639762023,0.214175622695954,0.170233153496669,0.140279459933373
819,0.599875784998553,0.237166246337142,0.200188610986799,0.201594638931909,0.162235816543637,0.185172899926102
775,0.62555609967103,0.246862287018223,0.250466494772263,0.223704949036996,0.155233599845476,0.179875784505171
862,0.642323774366231,0.26336509235663,0.253194757033311,0.257786672914962,0.175977245746161,0.187010622123131
739,0.622020658211421,0.251373586915138,0.253194757033311,0.242414171861771,0.180448444205294,0.160930368981928
630,0.59099197716754,0.216509434133377,0.209608564537159,0.254108759679802,0.149133866930996,0.140279459933373
768,0.622020658211421,0.236301613614802,0.232023448734304,0.26806502014066,0.175435913518267,0.165403320798019
687,0.585653817185493,0.311728055196152,0.306802338059224,0.353177756395209,0.301887051542692,0.181025063276694
361,0.492757675678563,0.199491561253654,0.162677834203278,0.203016510694019,0.156796455796649,0.140279459933373
798,0.632621179272578,0.266179795115631,0.285297304030371,0.217294683481912,0.176522456496951,0.190154027575454
791,0.638797087949753,0.243298519444439,0.217294683481912,0.249561781327291,0.140279459933373,0.198798498578782
306,0.430419611243593,0.191439626593958,0.178742307944130,0.200188610986799,0.140279459933373,0.176522456496951
718,0.554380296765044,0.273759486818862,0.248659484023583,0.238033800236652,0.210360301592275,0.153350162717428
813,0.617598511353537,0.243298519444439,0.225342219919308,0.219672052767678,0.16634019279706,0.191439626593958
849,0.620252184825136,0.240653643199231,0.277585234113443,0.179307075461499,0.16634019279706,0.16634019279706
872,0.646729776551258,0.229493730258852,0.270905253648299,0.191439626593958,0.163123316426449,0.167772573247934
589,0.586543936638165,0.215727826366646,0.209608564537159,0.238904240888872,0.150148946700048,0.168745733831007
794,0.612287594171303,0.241532534498303,0.219672052767678,0.279506090033501,0.145928733232941,0.140279459933373
169,0.517387345588464,0.147178535004063,0.173835068385563,0.186394027664835,0.152618104976752,0.160077057692081
845,0.637915147508898,0.258711437790672,0.226992939983781,0.206639944148685,0.175435913518267,0.141066417195949
739,0.610516199655431,0.244185541162083,0.240653643199231,0.216509434133377,0.164024746412181,0.140279459933373
824,0.647610671197383,0.347271459448055,0.311728055196152,0.302869127130412,0.222081350052879,0.190794809258731
736,0.643205181411445,0.241532534498303,0.231177046607856,0.222891426963376,0.183371292540019,0.151897993103576
915,0.638797087949753,0.245075200706715,0.246862287018223,0.209608564537159,0.183371292540019,0.140279459933373
711,0.61494365721071,0.226992939983781,0.249561781327291,0.219672052767678,0.160502026996677,0.164024746412181
799,0.611401966215199,0.249561781327291,0.217294683481912,0.271855157449252,0.173309128978783,0.140279459933373
715,0.61494365721071,0.258711437790672,0.226992939983781,0.200889639762023,0.156400988328558,0.170736402643872
833,0.662571212990782,0.271855157449252,0.255024990396885,0.226165913043895,0.175435913518267,0.170736402643872
875,0.629972659733243,0.234581247743386,0.200188610986799,0.245967461561916,0.140279459933373,0.162677834203278
737,0.61494365721071,0.242414171861771,0.255943411389996,0.195393227873188,0.179307075461499,0.156796455796649
148,0.444549008408857,0.140279459933373,0.140279459933373,0.196743303664015,0.140279459933373,0.164024746412181
777,0.599875784998553,0.274713840722163,0.227823271636467,0.286266334773665,0.198798498578782,0.140279459933373
423,0.433254223593108,0.158410531669826,0.181025063276694,0.198798498578782,0.140279459933373,0.16357228121085
726,0.635268667058686,0.309756707604237,0.280468392646033,0.301887051542692,0.181605650010004,0.147819407725247
777,0.613173084606865,0.245967461561916,0.252283020211930,0.187010622123131,0.158410531669826,0.140279459933373
167,0.501907959152939,0.140279459933373,0.194059239855938,0.179307075461499,0.175435913518267,0.157195124574254
759,0.630855615748439,0.292100571713878,0.278545025785751,0.274713840722163,0.200889639762023,0.171754154191287
835,0.628206394540431,0.267121556704060,0.246862287018223,0.255024990396885,0.162235816543637,0.174364837136968
345,0.59099197716754,0.299924552865763,0.286266334773665,0.287236372741756,0.193398287644562,0.194724220966719
728,0.610516199655431,0.222081350052879,0.248659484023583,0.182778757451073,0.180448444205294,0.148471133452426
708,0.610516199655431,0.257786672914962,0.202303599215116,0.279506090033501,0.151897993103576,0.140279459933373
708,0.585653817185493,0.269956905233921,0.247759640188542,0.257786672914962,0.176522456496951,0.151897993103576
843,0.65201365997105,0.275669606701894,0.214949882112267,0.274713840722163,0.176522456496951,0.167772573247934
859,0.646729776551258,0.244185541162083,0.269956905233921,0.224521889216861,0.174898448025698,0.140279459933373
756,0.608744246353995,0.249561781327291,0.248659484023583,0.285297304030371,0.158822198286243,0.140279459933373
622,0.596324170558622,0.26336509235663,0.234581247743386,0.213405068833102,0.154850743467635,0.144720505822661
861,0.61405843859737,0.287236372741756,0.281431899695417,0.155233599845476,0.203016510694019,0.184568357977156
825,0.627323083479833,0.233725581744281,0.226165913043895,0.238033800236652,0.182190212262849,0.140279459933373
753,0.58030940985411,0.232872971194181,0.177071557205383,0.208860644258667,0.167291481291287,0.191439626593958
711,0.621136485069615,0.246862287018223,0.216509434133377,0.267121556704060,0.181025063276694,0.140279459933373
706,0.638797087949753,0.229493730258852,0.209608564537159,0.246862287018223,0.16634019279706,0.200188610986799
510,0.573173308757861,0.285297304030371,0.304834801321944,0.252283020211930,0.178742307944130,0.23033379664679
677,0.607858057407542,0.226165913043895,0.219672052767678,0.248659484023583,0.140279459933373,0.140279459933373
833,0.670481068306923,0.277585234113443,0.241532534498303,0.284329312589461,0.175435913518267,0.16357228121085
833,0.6678452031824,0.26806502014066,0.252283020211930,0.277585234113443,0.166814026627726,0.188255890082703
649,0.59454741884471,0.244185541162083,0.259638241659144,0.197424363331222,0.169237834303805,0.156796455796649
857,0.61405843859737,0.282396577544332,0.262430509724191,0.270905253648299,0.142702524367706,0.140279459933373
780,0.609630293401202,0.272806580486754,0.26806502014066,0.270905253648299,0.170736402643872,0.140279459933373
915,0.664329550930648,0.222081350052879,0.232023448734304,0.281431899695417,0.150839880430613,0.157195124574254
594,0.673116204346268,0.229493730258852,0.227823271636467,0.214175622695954,0.150492979148870,0.168257318749387
861,0.65113325749733,0.238033800236652,0.243298519444439,0.235439936165745,0.140279459933373,0.181605650010004
509,0.652893966371437,0.323575487390111,0.322587416871138,0.305818349289740,0.240653643199231,0.185172899926102
670,0.62555609967103,0.275669606701894,0.259638241659144,0.250466494772263,0.190154027575454,0.167772573247934
741,0.613173084606865,0.247759640188542,0.245075200706715,0.244185541162083,0.180448444205294,0.140279459933373
862,0.648491465815105,0.278545025785751,0.269010148553487,0.274713840722163,0.188255890082703,0.196066256873814
697,0.574958463059337,0.238904240888872,0.201594638931909,0.211875157547888,0.206639944148685,0.147819407725247
844,0.657294084136253,0.343328438016707,0.290152214217331,0.316661303992259,0.202303599215116,0.202303599215116
751,0.622904705251892,0.238033800236652,0.260567046745838,0.227823271636467,0.140279459933373,0.154850743467635
220,0.592770024376564,0.140279459933373,0.200889639762023,0.196743303664015,0.140279459933373,0.149469410107982
702,0.623788627185174,0.234581247743386,0.214175622695954,0.216509434133377,0.178742307944130,0.208116557082828
955,0.632621179272578,0.288207386188063,0.284329312589461,0.282396577544332,0.185781454960399,0.152618104976752
835,0.59099197716754,0.26336509235663,0.242414171861771,0.251373586915138,0.185781454960399,0.147178535004063
775,0.507381840049532,0.211875157547888,0.219672052767678,0.216509434133377,0.152982630801945,0.185781454960399
864,0.644967683931748,0.266179795115631,0.213405068833102,0.249561781327291,0.157597013980819,0.171754154191287
788,0.608744246353995,0.254108759679802,0.249561781327291,0.236301613614802,0.208116557082828,0.170233153496669
732,0.584763524220902,0.26806502014066,0.236301613614802,0.265239772398733,0.157195124574254,0.178181472416481
769,0.601650667029677,0.223704949036996,0.190794809258731,0.221274744825972,0.199491561253654,0.16357228121085
495,0.560654953573793,0.170233153496669,0.186394027664835,0.227823271636467,0.143840891542185,0.154850743467635
834,0.63703309779987,0.251373586915138,0.246862287018223,0.241532534498303,0.152982630801945,0.193398287644562
781,0.616713692539713,0.237166246337142,0.243298519444439,0.222891426963376,0.182778757451073,0.145319498566922
880,0.641442262346675,0.261497815323131,0.247759640188542,0.281431899695417,0.154850743467635,0.186394027664835
725,0.654654294039608,0.254108759679802,0.261497815323131,0.248659484023583,0.140279459933373,0.161362102255135
847,0.658173830133798,0.273759486818862,0.252283020211930,0.254108759679802,0.203016510694019,0.203016510694019
879,0.62555609967103,0.229493730258852,0.214175622695954,0.256863984839407,0.192088479379025,0.194059239855938
855,0.664329550930648,0.275669606701894,0.237166246337142,0.258711437790672,0.183967824035887,0.140279459933373
744,0.610516199655431,0.214175622695954,0.238904240888872,0.225342219919308,0.158410531669826,0.183967824035887
850,0.609630293401202,0.291125967010989,0.314687276192053,0.255024990396885,0.149807763529887,0.173835068385563
151,0.437968797820157,0.140279459933373,0.168257318749387,0.196743303664015,0.167291481291287,0.150148946700048
681,0.599875784998553,0.194724220966719,0.190154027575454,0.261497815323131,0.153350162717428,0.176522456496951
802,0.653774177471793,0.278545025785751,0.256863984839407,0.265239772398733,0.167291481291287,0.182778757451073
745,0.635268667058686,0.227823271636467,0.218083551882790,0.222891426963376,0.180448444205294,0.162677834203278
712,0.601650667029677,0.244185541162083,0.208860644258667,0.260567046745838,0.160502026996677,0.160930368981928
186,0.548993245617665,0.152618104976752,0.141602453589765,0.201594638931909,0.142147774681471,0.140279459933373
794,0.656414246618719,0.255024990396885,0.243298519444439,0.245967461561916,0.158822198286243,0.178181472416481
488,0.451106215483896,0.170736402643872,0.162235816543637,0.222891426963376,0.140279459933373,0.172787005806565
334,0.40182397040703,0.156400988328558,0.140279459933373,0.222081350052879,0.142423961905656,0.140279459933373
677,0.615828741507218,0.293075998312143,0.297964434643167,0.278545025785751,0.205178843545358,0.140279459933373
800,0.657294084136253,0.269010148553487,0.245967461561916,0.151189670120080,0.211875157547888,0.155233599845476
814,0.596324170558622,0.220471637257467,0.232023448734304,0.200889639762023,0.164940248736627,0.140279459933373
723,0.636150937944643,0.276626749501763,0.246862287018223,0.257786672914962,0.177071557205383,0.188255890082703
802,0.63703309779987,0.259638241659144,0.269010148553487,0.185172899926102,0.195393227873188,0.140279459933373
847,0.632621179272578,0.26806502014066,0.276626749501763,0.140279459933373,0.193398287644562,0.162677834203278
825,0.62555609967103,0.226992939983781,0.261497815323131,0.249561781327291,0.140279459933373,0.143552645462116
795,0.670481068306923,0.258711437790672,0.241532534498303,0.238904240888872,0.193398287644562,0.194724220966719
739,0.63703309779987,0.240653643199231,0.272806580486754,0.269956905233921,0.164024746412181,0.158410531669826
239,0.602537880906253,0.142702524367706,0.186394027664835,0.178742307944130,0.147819407725247,0.140279459933373
828,0.657294084136253,0.257786672914962,0.260567046745838,0.247759640188542,0.177071557205383,0.151897993103576
334,0.459504181093247,0.143266847840142,0.158410531669826,0.247759640188542,0.14298348025674,0.154850743467635
797,0.598988114480156,0.227823271636467,0.214175622695954,0.238033800236652,0.165403320798019,0.140801836156987
741,0.615828741507218,0.222081350052879,0.234581247743386,0.184568357977156,0.175435913518267,0.170736402643872
683,0.600763302119727,0.242414171861771,0.232023448734304,0.260567046745838,0.174898448025698,0.150148946700048
798,0.62555609967103,0.26336509235663,0.278545025785751,0.179307075461499,0.173309128978783,0.140279459933373
703,0.61405843859737,0.210360301592275,0.234581247743386,0.229493730258852,0.209608564537159,0.155619579790919
767,0.645848781067736,0.26806502014066,0.244185541162083,0.247759640188542,0.145018731380577,0.158822198286243
879,0.641442262346675,0.288207386188063,0.214175622695954,0.286266334773665,0.152618104976752,0.150492979148870
384,0.44923503724365,0.176522456496951,0.226165913043895,0.173309128978783,0.147819407725247,0.140279459933373
628,0.622904705251892,0.261497815323131,0.237166246337142,0.240653643199231,0.198109430350217,0.179875784505171
794,0.606085249352797,0.209608564537159,0.217294683481912,0.196743303664015,0.158822198286243,0.150148946700048
709,0.656414246618719,0.279506090033501,0.269956905233921,0.265239772398733,0.182778757451073,0.184568357977156
621,0.608744246353995,0.247759640188542,0.219672052767678,0.266179795115631,0.140279459933373,0.140279459933373
248,0.652893966371437,0.188884569174318,0.216509434133377,0.348256569656263,0.372772455485757,0.233725581744281
814,0.628206394540431,0.243298519444439,0.255943411389996,0.248659484023583,0.181605650010004,0.200889639762023
776,0.608744246353995,0.23033379664679,0.215727826366646,0.243298519444439,0.161797245314680,0.140279459933373
846,0.639678919993987,0.236301613614802,0.199491561253654,0.250466494772263,0.162235816543637,0.162235816543637
720,0.585653817185493,0.208116557082828,0.201594638931909,0.205907447843523,0.172268685450245,0.157195124574254
709,0.59454741884471,0.289179343702615,0.266179795115631,0.23977753355553,0.221274744825972,0.158410531669826
738,0.662571212990782,0.223704949036996,0.238033800236652,0.261497815323131,0.178181472416481,0.159655442358187
653,0.608744246353995,0.225342219919308,0.257786672914962,0.200889639762023,0.175435913518267,0.152982630801945
754,0.650252758171119,0.259638241659144,0.249561781327291,0.222081350052879,0.170233153496669,0.152256565618780
770,0.61494365721071,0.23033379664679,0.218083551882790,0.245967461561916,0.169237834303805,0.171754154191287
714,0.624672424998259,0.250466494772263,0.211115838461421,0.214175622695954,0.179307075461499,0.164940248736627
803,0.602537880906253,0.234581247743386,0.229493730258852,0.235439936165745,0.149133866930996,0.198798498578782
995,0.629972659733243,0.211875157547888,0.194724220966719,0.238904240888872,0.167772573247934,0.192741366843982
713,0.645848781067736,0.221274744825972,0.242414171861771,0.194724220966719,0.154094323280450,0.163123316426449
624,0.645848781067736,0.307786743279463,0.253194757033311,0.244185541162083,0.172787005806565,0.173835068385563
442,0.43702685358426,0.162677834203278,0.222081350052879,0.140279459933373,0.141873944585676,0.156400988328558
158,0.462295554374572,0.140279459933373,0.164480729737195,0.183371292540019,0.140279459933373,0.140279459933373
813,0.623788627185174,0.256863984839407,0.245075200706715,0.227823271636467,0.161362102255135,0.188255890082703
754,0.65113325749733,0.275669606701894,0.257786672914962,0.300905518027404,0.140279459933373,0.159237162188545
622,0.627323083479833,0.236301613614802,0.215727826366646,0.253194757033311,0.177071557205383,0.151897993103576
195,0.377644706128292,0.140279459933373,0.152618104976752,0.207376318697083,0.140279459933373,0.140279459933373
785,0.611401966215199,0.326539995183568,0.313700605163659,0.311728055196152,0.216509434133377,0.170736402643872
495,0.640560644506718,0.23033379664679,0.249561781327291,0.211875157547888,0.166814026627726,0.140279459933373
742,0.626439652176295,0.218083551882790,0.225342219919308,0.201594638931909,0.153720720340875,0.169237834303805
172,0.528260989528785,0.188884569174318,0.140279459933373,0.274713840722163,0.160077057692081,0.171243398019944
793,0.648491465815105,0.278545025785751,0.269010148553487,0.301887051542692,0.160077057692081,0.184568357977156
980,0.656414246618719,0.313700605163659,0.286266334773665,0.344314559496454,0.202303599215116,0.140279459933373
421,0.6976787165068,0.266179795115631,0.255024990396885,0.322587416871138,0.304834801321944,0.210360301592275
533,0.61494365721071,0.23033379664679,0.223704949036996,0.246862287018223,0.140279459933373,0.145018731380577
691,0.601650667029677,0.244185541162083,0.223704949036996,0.252283020211930,0.225342219919308,0.154094323280450
593,0.588323660284695,0.254108759679802,0.23977753355553,0.227823271636467,0.163123316426449,0.182190212262849
763,0.634386284250911,0.33543232376894,0.306802338059224,0.255024990396885,0.219672052767678,0.168745733831007
822,0.656414246618719,0.269956905233921,0.281431899695417,0.26336509235663,0.147497624383717,0.208860644258667
731,0.622904705251892,0.226992939983781,0.224521889216861,0.218876016213984,0.145018731380577,0.155619579790919
804,0.587433883900336,0.224521889216861,0.223704949036996,0.202303599215116,0.178742307944130,0.189517281185082
808,0.61405843859737,0.262430509724191,0.206639944148685,0.299924552865763,0.152618104976752,0.165403320798019
278,0.436084425669404,0.191439626593958,0.140279459933373,0.211115838461421,0.143840891542185,0.197424363331222
818,0.648491465815105,0.33543232376894,0.294052217151829,0.323575487390111,0.182778757451073,0.175435913518267
757,0.603424944919196,0.236301613614802,0.205907447843523,0.252283020211930,0.148143904307162,0.174364837136968
241,0.61405843859737,0.150839880430613,0.148471133452426,0.206639944148685,0.148801114525785,0.142423961905656
790,0.645848781067736,0.251373586915138,0.238904240888872,0.256863984839407,0.167772573247934,0.164480729737195
170,0.522829369551227,0.140279459933373,0.211875157547888,0.164024746412181,0.140279459933373,0.153720720340875
727,0.618483198986599,0.218083551882790,0.248659484023583,0.237166246337142,0.141602453589765,0.155233599845476
308,0.461365530470573,0.171243398019944,0.200889639762023,0.185781454960399,0.169733635746363,0.140279459933373
841,0.675750628954486,0.256863984839407,0.203733362812729,0.244185541162083,0.158822198286243,0.161797245314680
167,0.542697607586951,0.247759640188542,0.140279459933373,0.554380296765044,0.609630293401202,0.432309844864813
599,0.598988114480156,0.221274744825972,0.247759640188542,0.182190212262849,0.154094323280450,0.164024746412181
814,0.610516199655431,0.217294683481912,0.233725581744281,0.226992939983781,0.181605650010004,0.140279459933373
866,0.635268667058686,0.237166246337142,0.245075200706715,0.187631241909896,0.196066256873814,0.148143904307162
385,0.431364974573073,0.187010622123131,0.169237834303805,0.203733362812729,0.153720720340875,0.203016510694019
864,0.62555609967103,0.277585234113443,0.26336509235663,0.256863984839407,0.182190212262849,0.158822198286243
818,0.636150937944643,0.242414171861771,0.254108759679802,0.229493730258852,0.16357228121085,0.171754154191287
169,0.487250452013843,0.154470991130581,0.179875784505171,0.181025063276694,0.147497624383717,0.140279459933373
275,0.420938564569721,0.150839880430613,0.181605650010004,0.153350162717428,0.148801114525785,0.169733635746363
706,0.605198627992826,0.247759640188542,0.246862287018223,0.266179795115631,0.147497624383717,0.164024746412181
166,0.480808424194665,0.152982630801945,0.238033800236652,0.146862120354825,0.193398287644562,0.187631241909896
812,0.586543936638165,0.296006914761259,0.270905253648299,0.269956905233921,0.174898448025698,0.209608564537159
759,0.619367756469412,0.249561781327291,0.203016510694019,0.211875157547888,0.208860644258667,0.143840891542185
778,0.581200590507501,0.212638240623736,0.256863984839407,0.254108759679802,0.216509434133377,0.175435913518267
772,0.644086484322101,0.255024990396885,0.212638240623736,0.256863984839407,0.164024746412181,0.167772573247934
230,0.482650905054512,0.240653643199231,0.140279459933373,0.491840713366392,0.5417972538608,0.370820382306947
655,0.610516199655431,0.226992939983781,0.211875157547888,0.23033379664679,0.142702524367706,0.140801836156987
588,0.584763524220902,0.238904240888872,0.232023448734304,0.249561781327291,0.170736402643872,0.208116557082828
708,0.574958463059337,0.246862287018223,0.23033379664679,0.215727826366646,0.184568357977156,0.158410531669826
166,0.467866722440866,0.140279459933373,0.140801836156987,0.226992939983781,0.147497624383717,0.140279459933373
756,0.61494365721071,0.246862287018223,0.219672052767678,0.276626749501763,0.151542367809210,0.154850743467635
694,0.643205181411445,0.258711437790672,0.23033379664679,0.261497815323131,0.160930368981928,0.142423961905656
665,0.593658802575914,0.210360301592275,0.190794809258731,0.203733362812729,0.179875784505171,0.140279459933373
708,0.646729776551258,0.255024990396885,0.203733362812729,0.26336509235663,0.167772573247934,0.140279459933373
613,0.606085249352797,0.340368763820501,0.307786743279463,0.303851718893881,0.231177046607856,0.189517281185082
707,0.624672424998259,0.245967461561916,0.276626749501763,0.164480729737195,0.201594638931909,0.142702524367706
823,0.632621179272578,0.232872971194181,0.242414171861771,0.267121556704060,0.149133866930996,0.140279459933373
786,0.620252184825136,0.238904240888872,0.23977753355553,0.265239772398733,0.150839880430613,0.163123316426449
798,0.647610671197383,0.265239772398733,0.203016510694019,0.306802338059224,0.147819407725247,0.170233153496669
743,0.629972659733243,0.274713840722163,0.217294683481912,0.312714190948075,0.223704949036996,0.140279459933373
752,0.608744246353995,0.228656878414890,0.255943411389996,0.222081350052879,0.150839880430613,0.161362102255135
792,0.645848781067736,0.260567046745838,0.218876016213984,0.224521889216861,0.165869963138432,0.164480729737195
474,0.631738455286738,0.300905518027404,0.270905253648299,0.365932579194558,0.383475920330798,0.257786672914962
806,0.627323083479833,0.254108759679802,0.231177046607856,0.248659484023583,0.178742307944130,0.140279459933373
807,0.621136485069615,0.264301525715948,0.269956905233921,0.245967461561916,0.196066256873814,0.183967824035887
758,0.631738455286738,0.249561781327291,0.236301613614802,0.255024990396885,0.195393227873188,0.181605650010004
844,0.606971725447777,0.23033379664679,0.264301525715948,0.262430509724191,0.153350162717428,0.186394027664835
792,0.644086484322101,0.208860644258667,0.185781454960399,0.211875157547888,0.196743303664015,0.157597013980819
708,0.610516199655431,0.214175622695954,0.233725581744281,0.215727826366646,0.170736402643872,0.175977245746161
664,0.622020658211421,0.254108759679802,0.211875157547888,0.197424363331222,0.205907447843523,0.177624558944457
714,0.615828741507218,0.245075200706715,0.173309128978783,0.275669606701894,0.172787005806565,0.141333283747465
745,0.642323774366231,0.164024746412181,0.140279459933373,0.611401966215199,0.664329550930648,0.49459052794554
669,0.654654294039608,0.323575487390111,0.300905518027404,0.304834801321944,0.198798498578782,0.147819407725247
790,0.674872565393281,0.251373586915138,0.237166246337142,0.267121556704060,0.140279459933373,0.162677834203278
897,0.633503788623644,0.272806580486754,0.269010148553487,0.274713840722163,0.202303599215116,0.143552645462116
785,0.629972659733243,0.236301613614802,0.256863984839407,0.220471637257467,0.188255890082703,0.140279459933373
754,0.616713692539713,0.253194757033311,0.211115838461421,0.298944182722262,0.196066256873814,0.189517281185082
805,0.603424944919196,0.220471637257467,0.226165913043895,0.220471637257467,0.185781454960399,0.154850743467635
762,0.645848781067736,0.296985336054750,0.303851718893881,0.397013246974146,0.233725581744281,0.152256565618780
744,0.628206394540431,0.293075998312143,0.214175622695954,0.293075998312143,0.172787005806565,0.202303599215116
652,0.604311860230174,0.283362392853609,0.269010148553487,0.32159942528535,0.166814026627726,0.199491561253654
711,0.608744246353995,0.220471637257467,0.231177046607856,0.243298519444439,0.156008702799071,0.170736402643872
843,0.636150937944643,0.247759640188542,0.286266334773665,0.144424803121843,0.187631241909896,0.188884569174318
853,0.613173084606865,0.23977753355553,0.274713840722163,0.224521889216861,0.155233599845476,0.140279459933373
774,0.630855615748439,0.249561781327291,0.218876016213984,0.192741366843982,0.165869963138432,0.151189670120080
372,0.441731771836077,0.199491561253654,0.185172899926102,0.224521889216861,0.162677834203278,0.159237162188545
710,0.617598511353537,0.255024990396885,0.225342219919308,0.261497815323131,0.169237834303805,0.201594638931909
615,0.554380296765044,0.328516409471957,0.296985336054750,0.350225945404854,0.200889639762023,0.185172899926102
773,0.636150937944643,0.301887051542692,0.269010148553487,0.287236372741756,0.166814026627726,0.140279459933373
736,0.629089586309926,0.319623752397046,0.298944182722262,0.279506090033501,0.182778757451073,0.153720720340875
582,0.593658802575914,0.278545025785751,0.278545025785751,0.252283020211930,0.158410531669826,0.154850743467635
761,0.68540437369446,0.255943411389996,0.267121556704060,0.277585234113443,0.188884569174318,0.150492979148870
330,0.437968797820157,0.167772573247934,0.214949882112267,0.140279459933373,0.161362102255135,0.140279459933373
574,0.567813168189284,0.241532534498303,0.244185541162083,0.178742307944130,0.149133866930996,0.164480729737195
800,0.634386284250911,0.273759486818862,0.284329312589461,0.229493730258852,0.187631241909896,0.205907447843523
786,0.610516199655431,0.227823271636467,0.221274744825972,0.26336509235663,0.154094323280450,0.156796455796649
858,0.644086484322101,0.261497815323131,0.287236372741756,0.227823271636467,0.140279459933373,0.171754154191287
811,0.661691913619881,0.283362392853609,0.257786672914962,0.274713840722163,0.196743303664015,0.167772573247934
750,0.618483198986599,0.247759640188542,0.223704949036996,0.289179343702615,0.173835068385563,0.152256565618780
676,0.579418047575081,0.196066256873814,0.175435913518267,0.220471637257467,0.150492979148870,0.152256565618780
369,0.690666407645512,0.211115838461421,0.181605650010004,0.255024990396885,0.179875784505171,0.168257318749387
760,0.643205181411445,0.221274744825972,0.245075200706715,0.242414171861771,0.166814026627726,0.150839880430613
880,0.62555609967103,0.241532534498303,0.237166246337142,0.267121556704060,0.164480729737195,0.140279459933373
802,0.601650667029677,0.269010148553487,0.194724220966719,0.274713840722163,0.157195124574254,0.155619579790919
990,0.658173830133798,0.283362392853609,0.271855157449252,0.244185541162083,0.170233153496669,0.213405068833102
793,0.62555609967103,0.259638241659144,0.242414171861771,0.232872971194181,0.169237834303805,0.164024746412181
957,0.629972659733243,0.258711437790672,0.207376318697083,0.289179343702615,0.160930368981928,0.180448444205294
666,0.584763524220902,0.212638240623736,0.227823271636467,0.198798498578782,0.156400988328558,0.196743303664015
647,0.61494365721071,0.23033379664679,0.220471637257467,0.26806502014066,0.140279459933373,0.223704949036996
741,0.631738455286738,0.253194757033311,0.188884569174318,0.256863984839407,0.140279459933373,0.218083551882790
617,0.659933050519219,0.236301613614802,0.232023448734304,0.226165913043895,0.150492979148870,0.143552645462116
671,0.61494365721071,0.207376318697083,0.249561781327291,0.217294683481912,0.151542367809210,0.191439626593958
773,0.619367756469412,0.255943411389996,0.26806502014066,0.243298519444439,0.190794809258731,0.203016510694019
654,0.607858057407542,0.236301613614802,0.265239772398733,0.232872971194181,0.153720720340875,0.193398287644562
285,0.454843116219575,0.170233153496669,0.185172899926102,0.214949882112267,0.16634019279706,0.157597013980819
774,0.629089586309926,0.226165913043895,0.159237162188545,0.266179795115631,0.140279459933373,0.161797245314680
863,0.608744246353995,0.313700605163659,0.259638241659144,0.302869127130412,0.140279459933373,0.166814026627726
677,0.616713692539713,0.221274744825972,0.224521889216861,0.259638241659144,0.150492979148870,0.168257318749387
545,0.588323660284695,0.243298519444439,0.185781454960399,0.242414171861771,0.161797245314680,0.157597013980819
383,0.435141512434088,0.164024746412181,0.174364837136968,0.238904240888872,0.140279459933373,0.150492979148870
658,0.585653817185493,0.248659484023583,0.224521889216861,0.237166246337142,0.152256565618780,0.140279459933373
830,0.652893966371437,0.272806580486754,0.285297304030371,0.198798498578782,0.154470991130581,0.140279459933373
951,0.628206394540431,0.259638241659144,0.244185541162083,0.279506090033501,0.183967824035887,0.184568357977156
368,0.557967132030868,0.255943411389996,0.227823271636467,0.272806580486754,0.165869963138432,0.16634019279706
758,0.634386284250911,0.238033800236652,0.238904240888872,0.236301613614802,0.175435913518267,0.193398287644562
609,0.567813168189284,0.241532534498303,0.194724220966719,0.258711437790672,0.16357228121085,0.140279459933373
735,0.644086484322101,0.257786672914962,0.209608564537159,0.272806580486754,0.140279459933373,0.140279459933373
672,0.606085249352797,0.238904240888872,0.262430509724191,0.201594638931909,0.188255890082703,0.170233153496669
847,0.620252184825136,0.297964434643167,0.245967461561916,0.314687276192053,0.179307075461499,0.146862120354825
826,0.644967683931748,0.254108759679802,0.247759640188542,0.205178843545358,0.171243398019944,0.165403320798019
837,0.644086484322101,0.245075200706715,0.26336509235663,0.226165913043895,0.154470991130581,0.145622826217966
533,0.514662297605807,0.287236372741756,0.238033800236652,0.266179795115631,0.243298519444439,0.161797245314680
398,0.433254223593108,0.181025063276694,0.189517281185082,0.195393227873188,0.170233153496669,0.172787005806565
811,0.616713692539713,0.258711437790672,0.235439936165745,0.226992939983781,0.196066256873814,0.152982630801945
800,0.66608754581422,0.251373586915138,0.217294683481912,0.253194757033311,0.147178535004063,0.140279459933373
607,0.59099197716754,0.232872971194181,0.215727826366646,0.249561781327291,0.171243398019944,0.172268685450245
731,0.624672424998259,0.223704949036996,0.251373586915138,0.242414171861771,0.158822198286243,0.143552645462116
859,0.66608754581422,0.26806502014066,0.272806580486754,0.207376318697083,0.189517281185082,0.140279459933373
155,0.368866547920421,0.140801836156987,0.190794809258731,0.202303599215116,0.152256565618780,0.157195124574254
727,0.613173084606865,0.265239772398733,0.225342219919308,0.242414171861771,0.156796455796649,0.155233599845476
808,0.616713692539713,0.260567046745838,0.250466494772263,0.254108759679802,0.173309128978783,0.140279459933373
220,0.595435874427052,0.337407372460796,0.26336509235663,0.304834801321944,0.176522456496951,0.190794809258731
689,0.628206394540431,0.250466494772263,0.234581247743386,0.232872971194181,0.175977245746161,0.208860644258667
599,0.608744246353995,0.244185541162083,0.219672052767678,0.273759486818862,0.166814026627726,0.140279459933373
342,0.43702685358426,0.158822198286243,0.205907447843523,0.173309128978783,0.140279459933373,0.167291481291287
714,0.621136485069615,0.224521889216861,0.222081350052879,0.203733362812729,0.185172899926102,0.194724220966719
204,0.412362374614871,0.162677834203278,0.151897993103576,0.238033800236652,0.154094323280450,0.140279459933373
709,0.603424944919196,0.208860644258667,0.200188610986799,0.186394027664835,0.183967824035887,0.157195124574254
674,0.612287594171303,0.222891426963376,0.232872971194181,0.198109430350217,0.148143904307162,0.143552645462116
717,0.622904705251892,0.231177046607856,0.23977753355553,0.218083551882790,0.167772573247934,0.160930368981928
667,0.600763302119727,0.238033800236652,0.215727826366646,0.213405068833102,0.193398287644562,0.141873944585676
676,0.607858057407542,0.220471637257467,0.200889639762023,0.238904240888872,0.150839880430613,0.182778757451073
171,0.512844066957349,0.140279459933373,0.170736402643872,0.195393227873188,0.140279459933373,0.168257318749387
666,0.606971725447777,0.245967461561916,0.208860644258667,0.249561781327291,0.172268685450245,0.171754154191287
747,0.604311860230174,0.262430509724191,0.278545025785751,0.276626749501763,0.170736402643872,0.182778757451073
811,0.67838435938152,0.261497815323131,0.250466494772263,0.253194757033311,0.148143904307162,0.212638240623736
776,0.570494126543261,0.214949882112267,0.242414171861771,0.203016510694019,0.155619579790919,0.158002143279100
748,0.595435874427052,0.233725581744281,0.222081350052879,0.190794809258731,0.191439626593958,0.165869963138432
752,0.602537880906253,0.219672052767678,0.205907447843523,0.247759640188542,0.140279459933373,0.140279459933373
747,0.606085249352797,0.272806580486754,0.225342219919308,0.272806580486754,0.156400988328558,0.140279459933373
847,0.646729776551258,0.293075998312143,0.294052217151829,0.251373586915138,0.16634019279706,0.181605650010004
832,0.631738455286738,0.255024990396885,0.215727826366646,0.259638241659144,0.159237162188545,0.140279459933373
757,0.612287594171303,0.255024990396885,0.232872971194181,0.229493730258852,0.140279459933373,0.178181472416481
636,0.595435874427052,0.214949882112267,0.248659484023583,0.223704949036996,0.163123316426449,0.156008702799071
565,0.533682626160806,0.272806580486754,0.252283020211930,0.284329312589461,0.173835068385563,0.142423961905656
812,0.622904705251892,0.318636108753548,0.314687276192053,0.269956905233921,0.164940248736627,0.144424803121843
177,0.526451579334568,0.140279459933373,0.205907447843523,0.156400988328558,0.140279459933373,0.140279459933373
300,0.397976414823837,0.173835068385563,0.167772573247934,0.198798498578782,0.154094323280450,0.142423961905656
315,0.450170855356869,0.178742307944130,0.201594638931909,0.225342219919308,0.140279459933373,0.177624558944457
608,0.629972659733243,0.253194757033311,0.251373586915138,0.224521889216861,0.181025063276694,0.186394027664835
811,0.627323083479833,0.303851718893881,0.236301613614802,0.308771540986705,0.151189670120080,0.141333283747465
705,0.642323774366231,0.247759640188542,0.242414171861771,0.168745733831007,0.158410531669826,0.156796455796649
799,0.634386284250911,0.245075200706715,0.292100571713878,0.195393227873188,0.182190212262849,0.142423961905656
859,0.639678919993987,0.254108759679802,0.304834801321944,0.160077057692081,0.143266847840142,0.188255890082703
821,0.626439652176295,0.243298519444439,0.196743303664015,0.283362392853609,0.140279459933373,0.192088479379025
947,0.629972659733243,0.269010148553487,0.245075200706715,0.278545025785751,0.196743303664015,0.160502026996677
893,0.670481068306923,0.282396577544332,0.243298519444439,0.241532534498303,0.168257318749387,0.140279459933373
730,0.582982412426427,0.247759640188542,0.237166246337142,0.259638241659144,0.211875157547888,0.175977245746161
768,0.63703309779987,0.238904240888872,0.245075200706715,0.224521889216861,0.173835068385563,0.182778757451073
827,0.663450425192382,0.261497815323131,0.276626749501763,0.197424363331222,0.183967824035887,0.165869963138432
773,0.629089586309926,0.227823271636467,0.221274744825972,0.251373586915138,0.149469410107982,0.161362102255135
826,0.629089586309926,0.256863984839407,0.245075200706715,0.226992939983781,0.205907447843523,0.140279459933373
343,0.44923503724365,0.217294683481912,0.228656878414890,0.203733362812729,0.194724220966719,0.197424363331222
498,0.564235724377818,0.252283020211930,0.223704949036996,0.257786672914962,0.150839880430613,0.185781454960399
629,0.650252758171119,0.259638241659144,0.245075200706715,0.248659484023583,0.199491561253654,0.156008702799071
724,0.61405843859737,0.203016510694019,0.221274744825972,0.222891426963376,0.159237162188545,0.140801836156987
764,0.639678919993987,0.23033379664679,0.26806502014066,0.309756707604237,0.140279459933373,0.140279459933373
820,0.636150937944643,0.249561781327291,0.217294683481912,0.220471637257467,0.171243398019944,0.185172899926102
712,0.600763302119727,0.225342219919308,0.200188610986799,0.252283020211930,0.143266847840142,0.140279459933373
728,0.607858057407542,0.307786743279463,0.26806502014066,0.279506090033501,0.153720720340875,0.169733635746363
795,0.629089586309926,0.264301525715948,0.183371292540019,0.301887051542692,0.140279459933373,0.166814026627726
333,0.448298759169222,0.184568357977156,0.190154027575454,0.205178843545358,0.170233153496669,0.196743303664015
810,0.635268667058686,0.245075200706715,0.292100571713878,0.232872971194181,0.140279459933373,0.149133866930996
746,0.607858057407542,0.215727826366646,0.222891426963376,0.267121556704060,0.140279459933373,0.169733635746363
370,0.66608754581422,0.269010148553487,0.262430509724191,0.365932579194558,0.376671178467619,0.238033800236652
346,0.446424815327873,0.151542367809210,0.152982630801945,0.223704949036996,0.154094323280450,0.140279459933373
880,0.637915147508898,0.256863984839407,0.225342219919308,0.251373586915138,0.166814026627726,0.151189670120080
713,0.601650667029677,0.235439936165745,0.214949882112267,0.214949882112267,0.163123316426449,0.181025063276694
885,0.676628615387707,0.238904240888872,0.243298519444439,0.293075998312143,0.150839880430613,0.184568357977156
650,0.598988114480156,0.213405068833102,0.181025063276694,0.252283020211930,0.140279459933373,0.158822198286243
803,0.645848781067736,0.251373586915138,0.244185541162083,0.241532534498303,0.140279459933373,0.202303599215116
785,0.607858057407542,0.228656878414890,0.249561781327291,0.237166246337142,0.16357228121085,0.203733362812729
752,0.623788627185174,0.257786672914962,0.161362102255135,0.272806580486754,0.150492979148870,0.173309128978783
745,0.633503788623644,0.250466494772263,0.240653643199231,0.234581247743386,0.149807763529887,0.194059239855938
323,0.40182397040703,0.168745733831007,0.176522456496951,0.156796455796649,0.140279459933373,0.143840891542185
687,0.615828741507218,0.215727826366646,0.195393227873188,0.232023448734304,0.140279459933373,0.154094323280450
615,0.586543936638165,0.237166246337142,0.221274744825972,0.283362392853609,0.170233153496669,0.175977245746161
833,0.604311860230174,0.226992939983781,0.218876016213984,0.244185541162083,0.143552645462116,0.16357228121085
857,0.659933050519219,0.373747820375976,0.341355528691973,0.361034414931008,0.255024990396885,0.212638240623736
790,0.621136485069615,0.226992939983781,0.253194757033311,0.269956905233921,0.140279459933373,0.179307075461499
902,0.600763302119727,0.304834801321944,0.275669606701894,0.241532534498303,0.207376318697083,0.155233599845476
153,0.444549008408857,0.154094323280450,0.174364837136968,0.179307075461499,0.160930368981928,0.140279459933373
820,0.657294084136253,0.26806502014066,0.256863984839407,0.253194757033311,0.178742307944130,0.164940248736627
686,0.606971725447777,0.253194757033311,0.288207386188063,0.202303599215116,0.165869963138432,0.185172899926102
741,0.717817599970381,0.162677834203278,0.140279459933373,0.570494126543261,0.634386284250911,0.473422844172892
662,0.644967683931748,0.265239772398733,0.26806502014066,0.249561781327291,0.182778757451073,0.195393227873188
760,0.634386284250911,0.251373586915138,0.242414171861771,0.216509434133377,0.205178843545358,0.145319498566922
750,0.602537880906253,0.220471637257467,0.203016510694019,0.238904240888872,0.152256565618780,0.140279459933373
799,0.653774177471793,0.295029198942614,0.315674182764382,0.281431899695417,0.208860644258667,0.187631241909896
348,0.438910260048710,0.167291481291287,0.145018731380577,0.200188610986799,0.140539522938054,0.140279459933373
989,0.648491465815105,0.244185541162083,0.260567046745838,0.220471637257467,0.190794809258731,0.154094323280450
840,0.63703309779987,0.264301525715948,0.257786672914962,0.226165913043895,0.163123316426449,0.162677834203278
470,0.628206394540431,0.232023448734304,0.236301613614802,0.248659484023583,0.16634019279706,0.140279459933373
757,0.622904705251892,0.258711437790672,0.26336509235663,0.226165913043895,0.180448444205294,0.172268685450245
846,0.63703309779987,0.252283020211930,0.203733362812729,0.298944182722262,0.152982630801945,0.167291481291287
750,0.655534316836593,0.269956905233921,0.245075200706715,0.238033800236652,0.181605650010004,0.140279459933373
910,0.602537880906253,0.248659484023583,0.217294683481912,0.282396577544332,0.159655442358187,0.140279459933373
889,0.646729776551258,0.312714190948075,0.261497815323131,0.238904240888872,0.214175622695954,0.214949882112267
846,0.666966416344732,0.257786672914962,0.251373586915138,0.279506090033501,0.148801114525785,0.188255890082703
713,0.620252184825136,0.244185541162083,0.255024990396885,0.185172899926102,0.149469410107982,0.147497624383717
742,0.609630293401202,0.231177046607856,0.244185541162083,0.219672052767678,0.147178535004063,0.175977245746161
414,0.610516199655431,0.223704949036996,0.221274744825972,0.231177046607856,0.237166246337142,0.164024746412181
736,0.637915147508898,0.219672052767678,0.278545025785751,0.143840891542185,0.140539522938054,0.155233599845476
846,0.646729776551258,0.277585234113443,0.266179795115631,0.226992939983781,0.178742307944130,0.140279459933373
894,0.650252758171119,0.328516409471957,0.300905518027404,0.305818349289740,0.169237834303805,0.140279459933373
757,0.600763302119727,0.242414171861771,0.255943411389996,0.259638241659144,0.174364837136968,0.157597013980819
707,0.616713692539713,0.294052217151829,0.270905253648299,0.272806580486754,0.162235816543637,0.182190212262849
734,0.598100289370352,0.236301613614802,0.245967461561916,0.232023448734304,0.149807763529887,0.154094323280450
777,0.643205181411445,0.267121556704060,0.221274744825972,0.271855157449252,0.158002143279100,0.161362102255135
388,0.442671323317129,0.167291481291287,0.197424363331222,0.188884569174318,0.178742307944130,0.200889639762023
584,0.635268667058686,0.32950458986508,0.301887051542692,0.295029198942614,0.175977245746161,0.193398287644562
674,0.618483198986599,0.246862287018223,0.190794809258731,0.241532534498303,0.152618104976752,0.165403320798019
820,0.626439652176295,0.248659484023583,0.223704949036996,0.238904240888872,0.158002143279100,0.140279459933373
766,0.635268667058686,0.216509434133377,0.226992939983781,0.245967461561916,0.150839880430613,0.140279459933373
777,0.647610671197383,0.255943411389996,0.249561781327291,0.284329312589461,0.161362102255135,0.209608564537159
772,0.596324170558622,0.222081350052879,0.182778757451073,0.264301525715948,0.168745733831007,0.147497624383717
641,0.598100289370352,0.258711437790672,0.246862287018223,0.242414171861771,0.193398287644562,0.178181472416481
869,0.582982412426427,0.293075998312143,0.272806580486754,0.274713840722163,0.217294683481912,0.198109430350217
762,0.602537880906253,0.229493730258852,0.260567046745838,0.199491561253654,0.183967824035887,0.170233153496669
779,0.568707020795868,0.243298519444439,0.264301525715948,0.256863984839407,0.196743303664015,0.140279459933373
766,0.62555609967103,0.270905253648299,0.251373586915138,0.246862287018223,0.168745733831007,0.16634019279706
537,0.560654953573793,0.251373586915138,0.243298519444439,0.279506090033501,0.218083551882790,0.205178843545358
646,0.626439652176295,0.218876016213984,0.245075200706715,0.216509434133377,0.170233153496669,0.164480729737195
652,0.618483198986599,0.206639944148685,0.253194757033311,0.226992939983781,0.159655442358187,0.173835068385563
804,0.633503788623644,0.286266334773665,0.250466494772263,0.312714190948075,0.198109430350217,0.168745733831007
720,0.589213267095234,0.231177046607856,0.26336509235663,0.186394027664835,0.152618104976752,0.140279459933373
687,0.610516199655431,0.289179343702615,0.232023448734304,0.311728055196152,0.140279459933373,0.160077057692081
743,0.61494365721071,0.252283020211930,0.276626749501763,0.243298519444439,0.159655442358187,0.140279459933373
703,0.584763524220902,0.220471637257467,0.212638240623736,0.251373586915138,0.140279459933373,0.162235816543637
749,0.617598511353537,0.289179343702615,0.259638241659144,0.282396577544332,0.192088479379025,0.195393227873188
750,0.644967683931748,0.26806502014066,0.256863984839407,0.205907447843523,0.202303599215116,0.146862120354825
599,0.59454741884471,0.189517281185082,0.218083551882790,0.192741366843982,0.140279459933373,0.189517281185082
725,0.619367756469412,0.331480818156256,0.291125967010989,0.269010148553487,0.203733362812729,0.172787005806565
669,0.601650667029677,0.218876016213984,0.217294683481912,0.203016510694019,0.160502026996677,0.194724220966719
874,0.635268667058686,0.315674182764382,0.312714190948075,0.255943411389996,0.189517281185082,0.207376318697083
446,0.438910260048710,0.164480729737195,0.194059239855938,0.226992939983781,0.140279459933373,0.143552645462116
819,0.622904705251892,0.228656878414890,0.196743303664015,0.277585234113443,0.140279459933373,0.173835068385563
727,0.627323083479833,0.241532534498303,0.241532534498303,0.214949882112267,0.169237834303805,0.203733362812729
791,0.585653817185493,0.303851718893881,0.302869127130412,0.269010148553487,0.181605650010004,0.140279459933373
167,0.511024591546248,0.145622826217966,0.165403320798019,0.208860644258667,0.140279459933373,0.140279459933373
826,0.622904705251892,0.23977753355553,0.171754154191287,0.294052217151829,0.140279459933373,0.140279459933373
768,0.607858057407542,0.202303599215116,0.257786672914962,0.250466494772263,0.160930368981928,0.140279459933373
472,0.599875784998553,0.140279459933373,0.140279459933373,0.655534316836593,0.709940740769691,0.547195695509664
922,0.62555609967103,0.337407372460796,0.296985336054750,0.301887051542692,0.223704949036996,0.164024746412181
788,0.620252184825136,0.242414171861771,0.231177046607856,0.257786672914962,0.157597013980819,0.154850743467635
704,0.626439652176295,0.282396577544332,0.243298519444439,0.233725581744281,0.162235816543637,0.140279459933373
728,0.6678452031824,0.269010148553487,0.231177046607856,0.269956905233921,0.140539522938054,0.206639944148685
696,0.591881082994116,0.236301613614802,0.218083551882790,0.177071557205383,0.182190212262849,0.175435913518267
873,0.61405843859737,0.250466494772263,0.295029198942614,0.237166246337142,0.162235816543637,0.183371292540019
733,0.615828741507218,0.259638241659144,0.238033800236652,0.250466494772263,0.140279459933373,0.140279459933373
995,0.6678452031824,0.315674182764382,0.290152214217331,0.279506090033501,0.171754154191287,0.151542367809210
843,0.646729776551258,0.295029198942614,0.236301613614802,0.258711437790672,0.173835068385563,0.188884569174318
795,0.629972659733243,0.228656878414890,0.245967461561916,0.233725581744281,0.151189670120080,0.165403320798019
766,0.61494365721071,0.245967461561916,0.257786672914962,0.23977753355553,0.173309128978783,0.14298348025674
751,0.65113325749733,0.313700605163659,0.307786743279463,0.257786672914962,0.264301525715948,0.242414171861771
503,0.607858057407542,0.366910990862085,0.332468835480985,0.363974517009122,0.223704949036996,0.155619579790919
772,0.576742857104671,0.312714190948075,0.273759486818862,0.292100571713878,0.195393227873188,0.178742307944130
737,0.643205181411445,0.275669606701894,0.272806580486754,0.272806580486754,0.140279459933373,0.145018731380577
723,0.617598511353537,0.232872971194181,0.245967461561916,0.238033800236652,0.195393227873188,0.188884569174318
834,0.670481068306923,0.284329312589461,0.255943411389996,0.287236372741756,0.152256565618780,0.195393227873188
787,0.633503788623644,0.23033379664679,0.219672052767678,0.272806580486754,0.145928733232941,0.145928733232941
280,0.702059351675758,0.237166246337142,0.152982630801945,0.288207386188063,0.232023448734304,0.208860644258667
872,0.650252758171119,0.299924552865763,0.269010148553487,0.271855157449252,0.163123316426449,0.156400988328558
686,0.558863289375474,0.270905253648299,0.222891426963376,0.234581247743386,0.159655442358187,0.192741366843982
897,0.605198627992826,0.255024990396885,0.211115838461421,0.278545025785751,0.174898448025698,0.140279459933373
834,0.615828741507218,0.294052217151829,0.296985336054750,0.226165913043895,0.223704949036996,0.140279459933373
658,0.621136485069615,0.251373586915138,0.238904240888872,0.238904240888872,0.162235816543637,0.154094323280450
756,0.599875784998553,0.236301613614802,0.245075200706715,0.168257318749387,0.179875784505171,0.140279459933373
682,0.599875784998553,0.211115838461421,0.192741366843982,0.253194757033311,0.168257318749387,0.140279459933373
773,0.61494365721071,0.255024990396885,0.257786672914962,0.221274744825972,0.157195124574254,0.178742307944130
880,0.629972659733243,0.299924552865763,0.267121556704060,0.286266334773665,0.168257318749387,0.174364837136968
894,0.596324170558622,0.255024990396885,0.231177046607856,0.194059239855938,0.208860644258667,0.152618104976752
436,0.462295554374572,0.182190212262849,0.165403320798019,0.213405068833102,0.140279459933373,0.177071557205383
811,0.632621179272578,0.231177046607856,0.211115838461421,0.273759486818862,0.143840891542185,0.150839880430613
728,0.622020658211421,0.235439936165745,0.251373586915138,0.191439626593958,0.161362102255135,0.149133866930996
736,0.634386284250911,0.247759640188542,0.252283020211930,0.235439936165745,0.182778757451073,0.140279459933373
764,0.598100289370352,0.231177046607856,0.251373586915138,0.183371292540019,0.194724220966719,0.167772573247934
834,0.644086484322101,0.305818349289740,0.287236372741756,0.300905518027404,0.182778757451073,0.194059239855938
868,0.640560644506718,0.272806580486754,0.309756707604237,0.183967824035887,0.173835068385563,0.144720505822661
795,0.602537880906253,0.269010148553487,0.262430509724191,0.279506090033501,0.190794809258731,0.176522456496951
890,0.661691913619881,0.257786672914962,0.261497815323131,0.254108759679802,0.140279459933373,0.140279459933373
747,0.637915147508898,0.26806502014066,0.237166246337142,0.275669606701894,0.140279459933373,0.144424803121843
813,0.659933050519219,0.246862287018223,0.274713840722163,0.221274744825972,0.185172899926102,0.164480729737195
762,0.601650667029677,0.266179795115631,0.260567046745838,0.185172899926102,0.226992939983781,0.184568357977156
696,0.598988114480156,0.295029198942614,0.285297304030371,0.283362392853609,0.222081350052879,0.198109430350217
761,0.643205181411445,0.251373586915138,0.240653643199231,0.211115838461421,0.140279459933373,0.171754154191287
677,0.593658802575914,0.253194757033311,0.247759640188542,0.303851718893881,0.266179795115631,0.185172899926102
722,0.628206394540431,0.245075200706715,0.227823271636467,0.260567046745838,0.170736402643872,0.151542367809210
742,0.619367756469412,0.255024990396885,0.229493730258852,0.242414171861771,0.188255890082703,0.140279459933373
321,0.40182397040703,0.16357228121085,0.16634019279706,0.214949882112267,0.153720720340875,0.189517281185082
208,0.388321919900050,0.145928733232941,0.185172899926102,0.191439626593958,0.140279459933373,0.140279459933373
728,0.593658802575914,0.214175622695954,0.232023448734304,0.188884569174318,0.182190212262849,0.152982630801945
755,0.604311860230174,0.271855157449252,0.256863984839407,0.286266334773665,0.145928733232941,0.152256565618780
610,0.610516199655431,0.240653643199231,0.229493730258852,0.250466494772263,0.186394027664835,0.141066417195949
770,0.644967683931748,0.261497815323131,0.205178843545358,0.277585234113443,0.207376318697083,0.222081350052879
894,0.615828741507218,0.253194757033311,0.243298519444439,0.227823271636467,0.168257318749387,0.144424803121843
172,0.33543232376894,0.143266847840142,0.143840891542185,0.204454144375473,0.140279459933373,0.147178535004063
210,0.437968797820157,0.182190212262849,0.206639944148685,0.183371292540019,0.165403320798019,0.173309128978783
840,0.641442262346675,0.283362392853609,0.26806502014066,0.233725581744281,0.179307075461499,0.151542367809210
685,0.623788627185174,0.270905253648299,0.248659484023583,0.264301525715948,0.152982630801945,0.203733362812729
750,0.639678919993987,0.223704949036996,0.277585234113443,0.160930368981928,0.169733635746363,0.140279459933373
314,0.458572851358513,0.211115838461421,0.220471637257467,0.214175622695954,0.170233153496669,0.157195124574254
737,0.612287594171303,0.226992939983781,0.245075200706715,0.252283020211930,0.149807763529887,0.143552645462116
656,0.606971725447777,0.244185541162083,0.208860644258667,0.255943411389996,0.147497624383717,0.164024746412181
702,0.590102705627282,0.194059239855938,0.23033379664679,0.23977753355553,0.162235816543637,0.140279459933373
418,0.463225147278761,0.179875784505171,0.173835068385563,0.196743303664015,0.160077057692081,0.140279459933373
315,0.624672424998259,0.206639944148685,0.169237834303805,0.339381807952053,0.370820382306947,0.234581247743386
842,0.65113325749733,0.377644706128292,0.349241401529061,0.319623752397046,0.249561781327291,0.207376318697083
802,0.61405843859737,0.231177046607856,0.253194757033311,0.312714190948075,0.180448444205294,0.188884569174318
155,0.448298759169222,0.158822198286243,0.170233153496669,0.203016510694019,0.154094323280450,0.183371292540019
435,0.598988114480156,0.295029198942614,0.278545025785751,0.295029198942614,0.158822198286243,0.146862120354825
707,0.63703309779987,0.224521889216861,0.245075200706715,0.219672052767678,0.172787005806565,0.158410531669826
750,0.671359527115958,0.245075200706715,0.234581247743386,0.26806502014066,0.140279459933373,0.179307075461499
192,0.543597713584787,0.194724220966719,0.152256565618780,0.241532534498303,0.160930368981928,0.160502026996677
790,0.658173830133798,0.270905253648299,0.233725581744281,0.272806580486754,0.197424363331222,0.194059239855938
338,0.442671323317129,0.188884569174318,0.202303599215116,0.208860644258667,0.140279459933373,0.140279459933373
727,0.642323774366231,0.23977753355553,0.238904240888872,0.236301613614802,0.185172899926102,0.155619579790919
599,0.583873056414207,0.259638241659144,0.247759640188542,0.254108759679802,0.181025063276694,0.182190212262849
842,0.644086484322101,0.273759486818862,0.275669606701894,0.225342219919308,0.157597013980819,0.140279459933373
293,0.458572851358513,0.204454144375473,0.170736402643872,0.200188610986799,0.147178535004063,0.159655442358187
154,0.448298759169222,0.140279459933373,0.195393227873188,0.153350162717428,0.140279459933373,0.164940248736627
543,0.610516199655431,0.249561781327291,0.242414171861771,0.249561781327291,0.225342219919308,0.168257318749387
780,0.611401966215199,0.23977753355553,0.209608564537159,0.269010148553487,0.141602453589765,0.140279459933373
904,0.626439652176295,0.297964434643167,0.255943411389996,0.291125967010989,0.222081350052879,0.140279459933373
753,0.584763524220902,0.218083551882790,0.231177046607856,0.245967461561916,0.177071557205383,0.140279459933373
787,0.622904705251892,0.32950458986508,0.336419918223748,0.269010148553487,0.220471637257467,0.205178843545358
584,0.568707020795868,0.188255890082703,0.221274744825972,0.184568357977156,0.146548361254107,0.172787005806565
770,0.629089586309926,0.281431899695417,0.266179795115631,0.250466494772263,0.144131604573628,0.179307075461499
701,0.605198627992826,0.240653643199231,0.248659484023583,0.258711437790672,0.196066256873814,0.145018731380577
633,0.560654953573793,0.203733362812729,0.189517281185082,0.194724220966719,0.175435913518267,0.179307075461499
705,0.604311860230174,0.248659484023583,0.222891426963376,0.267121556704060,0.16357228121085,0.140279459933373
634,0.571387382661058,0.208116557082828,0.259638241659144,0.202303599215116,0.140279459933373,0.140279459933373
755,0.619367756469412,0.249561781327291,0.23977753355553,0.290152214217331,0.151542367809210,0.140279459933373
865,0.637915147508898,0.262430509724191,0.220471637257467,0.255943411389996,0.154850743467635,0.194724220966719
987,0.659053485350326,0.308771540986705,0.243298519444439,0.307786743279463,0.185172899926102,0.188884569174318
814,0.589213267095234,0.214949882112267,0.235439936165745,0.248659484023583,0.162235816543637,0.144720505822661
769,0.611401966215199,0.240653643199231,0.250466494772263,0.215727826366646,0.154094323280450,0.170233153496669
363,0.602537880906253,0.250466494772263,0.186394027664835,0.455776216619560,0.489087655334828,0.328516409471957
808,0.645848781067736,0.271855157449252,0.241532534498303,0.247759640188542,0.164940248736627,0.140279459933373
764,0.657294084136253,0.250466494772263,0.252283020211930,0.295029198942614,0.182190212262849,0.154850743467635
376,0.437968797820157,0.183967824035887,0.198109430350217,0.194724220966719,0.142702524367706,0.140279459933373
778,0.623788627185174,0.273759486818862,0.264301525715948,0.26336509235663,0.177071557205383,0.171243398019944
210,0.592770024376564,0.145319498566922,0.158822198286243,0.218876016213984,0.154094323280450,0.142423961905656
726,0.592770024376564,0.281431899695417,0.238033800236652,0.254108759679802,0.164024746412181,0.208860644258667
757,0.662571212990782,0.267121556704060,0.246862287018223,0.245075200706715,0.167291481291287,0.170736402643872
834,0.628206394540431,0.269956905233921,0.242414171861771,0.223704949036996,0.16634019279706,0.198798498578782
157,0.40182397040703,0.160502026996677,0.151897993103576,0.191439626593958,0.158822198286243,0.165869963138432
820,0.644086484322101,0.285297304030371,0.225342219919308,0.32159942528535,0.140279459933373,0.140279459933373
721,0.574065981658382,0.327528205863718,0.294052217151829,0.289179343702615,0.234581247743386,0.192741366843982
907,0.62555609967103,0.276626749501763,0.219672052767678,0.274713840722163,0.190154027575454,0.156400988328558
612,0.59099197716754,0.235439936165745,0.240653643199231,0.224521889216861,0.170736402643872,0.182190212262849
653,0.647610671197383,0.269010148553487,0.242414171861771,0.211115838461421,0.164480729737195,0.203733362812729
186,0.548094589195255,0.156400988328558,0.198109430350217,0.167291481291287,0.140279459933373,0.164024746412181
841,0.599875784998553,0.278545025785751,0.245075200706715,0.244185541162083,0.197424363331222,0.164480729737195
352,0.478041795094857,0.187631241909896,0.161362102255135,0.222891426963376,0.140279459933373,0.140279459933373
912,0.638797087949753,0.248659484023583,0.221274744825972,0.259638241659144,0.162677834203278,0.182190212262849
630,0.601650667029677,0.236301613614802,0.224521889216861,0.186394027664835,0.170736402643872,0.151542367809210
895,0.661691913619881,0.301887051542692,0.302869127130412,0.277585234113443,0.192741366843982,0.165869963138432
750,0.600763302119727,0.218876016213984,0.224521889216861,0.236301613614802,0.164024746412181,0.151542367809210
771,0.659053485350326,0.243298519444439,0.220471637257467,0.221274744825972,0.143552645462116,0.188255890082703
667,0.627323083479833,0.226165913043895,0.175977245746161,0.233725581744281,0.140279459933373,0.140279459933373
820,0.62555609967103,0.241532534498303,0.232023448734304,0.231177046607856,0.140279459933373,0.151897993103576
165,0.512844066957349,0.143840891542185,0.211115838461421,0.177071557205383,0.164024746412181,0.181025063276694
876,0.587433883900336,0.238033800236652,0.185172899926102,0.265239772398733,0.190154027575454,0.140279459933373
711,0.613173084606865,0.234581247743386,0.203733362812729,0.244185541162083,0.152256565618780,0.159655442358187
774,0.643205181411445,0.248659484023583,0.213405068833102,0.277585234113443,0.140279459933373,0.182190212262849
784,0.654654294039608,0.260567046745838,0.241532534498303,0.208860644258667,0.153350162717428,0.153350162717428
168,0.507381840049532,0.143840891542185,0.190794809258731,0.161797245314680,0.140279459933373,0.140279459933373
747,0.649372161207369,0.294052217151829,0.269956905233921,0.220471637257467,0.194059239855938,0.192741366843982
766,0.644086484322101,0.242414171861771,0.26806502014066,0.251373586915138,0.157597013980819,0.186394027664835
819,0.626439652176295,0.255024990396885,0.255943411389996,0.234581247743386,0.164024746412181,0.140279459933373
366,0.463225147278761,0.179875784505171,0.140279459933373,0.246862287018223,0.140279459933373,0.179875784505171
610,0.608744246353995,0.256863984839407,0.177071557205383,0.304834801321944,0.203733362812729,0.190154027575454
853,0.644086484322101,0.250466494772263,0.299924552865763,0.269010148553487,0.176522456496951,0.180448444205294
645,0.588323660284695,0.23977753355553,0.245075200706715,0.197424363331222,0.152256565618780,0.140279459933373
772,0.644967683931748,0.256863984839407,0.232023448734304,0.246862287018223,0.149807763529887,0.145018731380577
695,0.642323774366231,0.238033800236652,0.255024990396885,0.286266334773665,0.251373586915138,0.197424363331222
189,0.554380296765044,0.186394027664835,0.193398287644562,0.184568357977156,0.151897993103576,0.182778757451073
696,0.620252184825136,0.233725581744281,0.207376318697083,0.253194757033311,0.153350162717428,0.165403320798019
735,0.609630293401202,0.195393227873188,0.227823271636467,0.211875157547888,0.140279459933373,0.140279459933373
728,0.654654294039608,0.260567046745838,0.254108759679802,0.250466494772263,0.150148946700048,0.144131604573628
801,0.621136485069615,0.255024990396885,0.194059239855938,0.233725581744281,0.190794809258731,0.164480729737195
733,0.607858057407542,0.23977753355553,0.213405068833102,0.237166246337142,0.172268685450245,0.145319498566922
832,0.654654294039608,0.295029198942614,0.255024990396885,0.228656878414890,0.182190212262849,0.175977245746161
836,0.645848781067736,0.302869127130412,0.297964434643167,0.232023448734304,0.181025063276694,0.173309128978783
284,0.411406907527978,0.152982630801945,0.145319498566922,0.215727826366646,0.140279459933373,0.140279459933373
769,0.626439652176295,0.251373586915138,0.215727826366646,0.211875157547888,0.174364837136968,0.178742307944130
851,0.653774177471793,0.247759640188542,0.280468392646033,0.205178843545358,0.195393227873188,0.143840891542185
651,0.611401966215199,0.206639944148685,0.178742307944130,0.252283020211930,0.140279459933373,0.140279459933373
721,0.603424944919196,0.262430509724191,0.249561781327291,0.225342219919308,0.182778757451073,0.146862120354825
783,0.662571212990782,0.261497815323131,0.277585234113443,0.255943411389996,0.140279459933373,0.165403320798019
712,0.59454741884471,0.211875157547888,0.217294683481912,0.257786672914962,0.141873944585676,0.172787005806565
789,0.59099197716754,0.269010148553487,0.242414171861771,0.275669606701894,0.179875784505171,0.147819407725247
354,0.455776216619560,0.151189670120080,0.167291481291287,0.158002143279100,0.164024746412181,0.173835068385563
866,0.669602528491819,0.280468392646033,0.211115838461421,0.250466494772263,0.181605650010004,0.140279459933373
731,0.603424944919196,0.272806580486754,0.283362392853609,0.156400988328558,0.140279459933373,0.147819407725247
866,0.666966416344732,0.343328438016707,0.305818349289740,0.296006914761259,0.214175622695954,0.223704949036996
546,0.576742857104671,0.191439626593958,0.215727826366646,0.217294683481912,0.183967824035887,0.201594638931909
848,0.635268667058686,0.243298519444439,0.278545025785751,0.232023448734304,0.190794809258731,0.151542367809210
835,0.658173830133798,0.269010148553487,0.232872971194181,0.255943411389996,0.180448444205294,0.174364837136968
732,0.608744246353995,0.248659484023583,0.249561781327291,0.218083551882790,0.150492979148870,0.198798498578782
768,0.626439652176295,0.213405068833102,0.211875157547888,0.196066256873814,0.168257318749387,0.203733362812729
689,0.627323083479833,0.212638240623736,0.212638240623736,0.226165913043895,0.144720505822661,0.164480729737195
181,0.535487690890414,0.159655442358187,0.147497624383717,0.244185541162083,0.140279459933373,0.140279459933373
232,0.432309844864813,0.146862120354825,0.185172899926102,0.205907447843523,0.141333283747465,0.140279459933373
722,0.629089586309926,0.222081350052879,0.193398287644562,0.229493730258852,0.186394027664835,0.140279459933373
850,0.659053485350326,0.345300444024283,0.296985336054750,0.315674182764382,0.227823271636467,0.225342219919308
730,0.617598511353537,0.231177046607856,0.266179795115631,0.225342219919308,0.142147774681471,0.168745733831007
888,0.659053485350326,0.254108759679802,0.222891426963376,0.293075998312143,0.168257318749387,0.211115838461421
733,0.622020658211421,0.255024990396885,0.233725581744281,0.237166246337142,0.179875784505171,0.143552645462116
593,0.62555609967103,0.255943411389996,0.233725581744281,0.214949882112267,0.185781454960399,0.140279459933373
783,0.618483198986599,0.250466494772263,0.249561781327291,0.221274744825972,0.164940248736627,0.172787005806565
899,0.598988114480156,0.298944182722262,0.299924552865763,0.285297304030371,0.173309128978783,0.206639944148685
656,0.583873056414207,0.196743303664015,0.233725581744281,0.232872971194181,0.140279459933373,0.162235816543637
331,0.456708871220304,0.179875784505171,0.211115838461421,0.210360301592275,0.165403320798019,0.222891426963376
631,0.59454741884471,0.226992939983781,0.211115838461421,0.226992939983781,0.174364837136968,0.140279459933373
819,0.631738455286738,0.262430509724191,0.226992939983781,0.232023448734304,0.146862120354825,0.140279459933373
817,0.65113325749733,0.232023448734304,0.248659484023583,0.233725581744281,0.174898448025698,0.192741366843982
693,0.574065981658382,0.210360301592275,0.181025063276694,0.237166246337142,0.173835068385563,0.194059239855938
579,0.59454741884471,0.247759640188542,0.275669606701894,0.23033379664679,0.217294683481912,0.190794809258731
447,0.445487145704544,0.203733362812729,0.196066256873814,0.220471637257467,0.158002143279100,0.183967824035887
774,0.618483198986599,0.247759640188542,0.241532534498303,0.274713840722163,0.151542367809210,0.140279459933373
751,0.589213267095234,0.186394027664835,0.208116557082828,0.243298519444439,0.140279459933373,0.175977245746161
847,0.632621179272578,0.249561781327291,0.274713840722163,0.259638241659144,0.142147774681471,0.142702524367706
161,0.478964395469008,0.140279459933373,0.157597013980819,0.208860644258667,0.155619579790919,0.140279459933373
305,0.451106215483896,0.171243398019944,0.223704949036996,0.181605650010004,0.162677834203278,0.140279459933373
409,0.463225147278761,0.221274744825972,0.165869963138432,0.262430509724191,0.140279459933373,0.172787005806565
764,0.619367756469412,0.232023448734304,0.218876016213984,0.275669606701894,0.140279459933373,0.167291481291287
673,0.622904705251892,0.225342219919308,0.162677834203278,0.269956905233921,0.140279459933373,0.176522456496951
167,0.475271623239318,0.165403320798019,0.169733635746363,0.208860644258667,0.146548361254107,0.171754154191287
726,0.613173084606865,0.229493730258852,0.219672052767678,0.193398287644562,0.192088479379025,0.175977245746161
757,0.650252758171119,0.269956905233921,0.258711437790672,0.206639944148685,0.152982630801945,0.196743303664015
530,0.592770024376564,0.216509434133377,0.234581247743386,0.198798498578782,0.169733635746363,0.170233153496669
887,0.630855615748439,0.225342219919308,0.236301613614802,0.277585234113443,0.140279459933373,0.147819407725247
743,0.637915147508898,0.253194757033311,0.210360301592275,0.260567046745838,0.172268685450245,0.167772573247934
819,0.612287594171303,0.245967461561916,0.218083551882790,0.205907447843523,0.140279459933373,0.158822198286243
883,0.62555609967103,0.246862287018223,0.225342219919308,0.269010148553487,0.157195124574254,0.156400988328558
895,0.652893966371437,0.267121556704060,0.272806580486754,0.226992939983781,0.175977245746161,0.199491561253654
223,0.59099197716754,0.140279459933373,0.140279459933373,0.236301613614802,0.140279459933373,0.147819407725247
660,0.622020658211421,0.252283020211930,0.209608564537159,0.205178843545358,0.164024746412181,0.149133866930996
663,0.597212308466731,0.224521889216861,0.249561781327291,0.207376318697083,0.154094323280450,0.140279459933373
704,0.632621179272578,0.23033379664679,0.253194757033311,0.248659484023583,0.150492979148870,0.16634019279706
869,0.642323774366231,0.260567046745838,0.236301613614802,0.256863984839407,0.181025063276694,0.169237834303805
895,0.653774177471793,0.266179795115631,0.214175622695954,0.323575487390111,0.177071557205383,0.156796455796649
834,0.658173830133798,0.290152214217331,0.273759486818862,0.295029198942614,0.188884569174318,0.177071557205383
690,0.627323083479833,0.253194757033311,0.238904240888872,0.208860644258667,0.188884569174318,0.182778757451073
820,0.640560644506718,0.241532534498303,0.257786672914962,0.231177046607856,0.186394027664835,0.186394027664835
736,0.619367756469412,0.244185541162083,0.252283020211930,0.235439936165745,0.194724220966719,0.173835068385563
642,0.622020658211421,0.245967461561916,0.211875157547888,0.214175622695954,0.151189670120080,0.143266847840142
802,0.618483198986599,0.235439936165745,0.240653643199231,0.202303599215116,0.149133866930996,0.140279459933373
316,0.466939252082330,0.182190212262849,0.199491561253654,0.190794809258731,0.148471133452426,0.140279459933373
886,0.650252758171119,0.252283020211930,0.245967461561916,0.280468392646033,0.165869963138432,0.140279459933373
766,0.635268667058686,0.245967461561916,0.207376318697083,0.278545025785751,0.164480729737195,0.204454144375473
884,0.635268667058686,0.255943411389996,0.214949882112267,0.244185541162083,0.178742307944130,0.156008702799071
816,0.638797087949753,0.253194757033311,0.198109430350217,0.269010148553487,0.155233599845476,0.140279459933373
843,0.637915147508898,0.242414171861771,0.232872971194181,0.222081350052879,0.161797245314680,0.192741366843982
747,0.611401966215199,0.245967461561916,0.218876016213984,0.247759640188542,0.153350162717428,0.170736402643872
744,0.603424944919196,0.218876016213984,0.200188610986799,0.252283020211930,0.173309128978783,0.189517281185082
787,0.640560644506718,0.260567046745838,0.253194757033311,0.200889639762023,0.175435913518267,0.152256565618780
808,0.635268667058686,0.26336509235663,0.247759640188542,0.251373586915138,0.158410531669826,0.160077057692081
1019,0.676628615387707,0.289179343702615,0.253194757033311,0.296985336054750,0.198798498578782,0.183967824035887
679,0.638797087949753,0.249561781327291,0.26336509235663,0.214175622695954,0.187010622123131,0.165403320798019
896,0.669602528491819,0.278545025785751,0.271855157449252,0.234581247743386,0.166814026627726,0.172787005806565
648,0.582982412426427,0.300905518027404,0.269956905233921,0.270905253648299,0.204454144375473,0.207376318697083
751,0.630855615748439,0.251373586915138,0.251373586915138,0.248659484023583,0.174898448025698,0.196066256873814
907,0.663450425192382,0.241532534498303,0.249561781327291,0.238033800236652,0.180448444205294,0.200889639762023
669,0.647610671197383,0.277585234113443,0.250466494772263,0.269010148553487,0.184568357977156,0.140279459933373
724,0.61405843859737,0.228656878414890,0.196743303664015,0.269956905233921,0.142423961905656,0.140279459933373
780,0.622904705251892,0.238033800236652,0.175435913518267,0.276626749501763,0.153350162717428,0.140279459933373
745,0.600763302119727,0.265239772398733,0.218876016213984,0.233725581744281,0.172268685450245,0.201594638931909
163,0.469720411442728,0.140279459933373,0.168257318749387,0.195393227873188,0.162677834203278,0.140279459933373
835,0.639678919993987,0.284329312589461,0.266179795115631,0.296985336054750,0.196743303664015,0.193398287644562
730,0.587433883900336,0.202303599215116,0.232023448734304,0.248659484023583,0.151189670120080,0.146862120354825
838,0.663450425192382,0.300905518027404,0.285297304030371,0.247759640188542,0.198798498578782,0.140279459933373
729,0.598988114480156,0.203016510694019,0.192741366843982,0.242414171861771,0.169733635746363,0.164480729737195
945,0.633503788623644,0.238904240888872,0.210360301592275,0.221274744825972,0.144131604573628,0.198798498578782
700,0.599875784998553,0.26336509235663,0.211875157547888,0.255943411389996,0.200889639762023,0.192088479379025
735,0.633503788623644,0.267121556704060,0.23033379664679,0.285297304030371,0.152618104976752,0.192088479379025
703,0.595435874427052,0.225342219919308,0.277585234113443,0.140279459933373,0.183371292540019,0.156008702799071
738,0.593658802575914,0.222081350052879,0.233725581744281,0.242414171861771,0.226165913043895,0.205178843545358
807,0.619367756469412,0.341355528691973,0.300905518027404,0.304834801321944,0.174364837136968,0.217294683481912
776,0.633503788623644,0.241532534498303,0.212638240623736,0.238033800236652,0.171243398019944,0.159655442358187
709,0.612287594171303,0.214949882112267,0.140279459933373,0.262430509724191,0.16634019279706,0.196743303664015
186,0.558863289375474,0.189517281185082,0.185172899926102,0.174364837136968,0.182190212262849,0.190154027575454
414,0.430419611243593,0.163123316426449,0.147497624383717,0.177624558944457,0.154850743467635,0.150148946700048
767,0.65113325749733,0.273759486818862,0.233725581744281,0.264301525715948,0.186394027664835,0.153350162717428
763,0.655534316836593,0.295029198942614,0.255024990396885,0.289179343702615,0.176522456496951,0.164940248736627
656,0.623788627185174,0.233725581744281,0.208860644258667,0.241532534498303,0.175977245746161,0.203733362812729
811,0.638797087949753,0.216509434133377,0.269010148553487,0.203733362812729,0.166814026627726,0.147497624383717
735,0.612287594171303,0.246862287018223,0.229493730258852,0.267121556704060,0.16357228121085,0.140279459933373
237,0.45297556976512,0.196066256873814,0.218083551882790,0.165869963138432,0.148801114525785,0.202303599215116
747,0.574065981658382,0.271855157449252,0.190154027575454,0.280468392646033,0.160930368981928,0.190794809258731
311,0.443610401564419,0.140279459933373,0.200188610986799,0.164024746412181,0.140279459933373,0.176522456496951
686,0.606085249352797,0.238033800236652,0.253194757033311,0.175977245746161,0.170233153496669,0.140279459933373
756,0.631738455286738,0.313700605163659,0.269010148553487,0.304834801321944,0.194724220966719,0.190794809258731
718,0.624672424998259,0.277585234113443,0.220471637257467,0.297964434643167,0.143552645462116,0.172787005806565
646,0.61494365721071,0.214949882112267,0.215727826366646,0.23033379664679,0.140279459933373,0.143840891542185
868,0.665208590906176,0.269010148553487,0.260567046745838,0.227823271636467,0.201594638931909,0.144720505822661
941,0.640560644506718,0.33543232376894,0.330492731245164,0.270905253648299,0.206639944148685,0.178181472416481
711,0.601650667029677,0.254108759679802,0.218083551882790,0.264301525715948,0.178181472416481,0.171243398019944
707,0.609630293401202,0.247759640188542,0.210360301592275,0.237166246337142,0.153720720340875,0.168257318749387
736,0.642323774366231,0.26336509235663,0.214949882112267,0.262430509724191,0.190154027575454,0.154850743467635
881,0.644967683931748,0.273759486818862,0.269010148553487,0.293075998312143,0.178742307944130,0.170233153496669
764,0.629972659733243,0.269010148553487,0.214175622695954,0.277585234113443,0.140279459933373,0.147819407725247
799,0.615828741507218,0.236301613614802,0.206639944148685,0.250466494772263,0.140279459933373,0.151542367809210
729,0.601650667029677,0.234581247743386,0.235439936165745,0.227823271636467,0.152256565618780,0.217294683481912
789,0.601650667029677,0.244185541162083,0.244185541162083,0.231177046607856,0.164940248736627,0.145018731380577
167,0.481729856995562,0.143266847840142,0.149133866930996,0.169237834303805,0.167291481291287,0.145018731380577
864,0.644086484322101,0.273759486818862,0.261497815323131,0.198798498578782,0.156400988328558,0.197424363331222
833,0.620252184825136,0.229493730258852,0.171243398019944,0.205178843545358,0.196743303664015,0.142147774681471
763,0.629089586309926,0.264301525715948,0.237166246337142,0.195393227873188,0.152982630801945,0.186394027664835
176,0.521923099581909,0.157597013980819,0.182778757451073,0.177071557205383,0.140279459933373,0.140279459933373
742,0.653774177471793,0.284329312589461,0.272806580486754,0.272806580486754,0.144131604573628,0.202303599215116
950,0.675750628954486,0.305818349289740,0.286266334773665,0.286266334773665,0.166814026627726,0.214949882112267
809,0.645848781067736,0.235439936165745,0.243298519444439,0.250466494772263,0.160930368981928,0.140279459933373
240,0.610516199655431,0.373747820375976,0.312714190948075,0.334444602573969,0.199491561253654,0.197424363331222
918,0.622904705251892,0.308771540986705,0.270905253648299,0.266179795115631,0.211875157547888,0.202303599215116
735,0.642323774366231,0.231177046607856,0.236301613614802,0.253194757033311,0.163123316426449,0.16634019279706
824,0.653774177471793,0.258711437790672,0.249561781327291,0.340368763820501,0.200889639762023,0.140279459933373
678,0.600763302119727,0.225342219919308,0.254108759679802,0.171754154191287,0.153350162717428,0.156400988328558
388,0.444549008408857,0.156008702799071,0.175435913518267,0.187631241909896,0.141066417195949,0.145928733232941
748,0.61405843859737,0.272806580486754,0.250466494772263,0.259638241659144,0.177071557205383,0.179307075461499
440,0.426633199381427,0.159237162188545,0.145018731380577,0.206639944148685,0.140279459933373,0.150839880430613
727,0.610516199655431,0.226165913043895,0.217294683481912,0.260567046745838,0.187631241909896,0.170233153496669
318,0.425685350085428,0.154094323280450,0.160930368981928,0.241532534498303,0.140279459933373,0.143552645462116
935,0.639678919993987,0.272806580486754,0.236301613614802,0.26806502014066,0.161797245314680,0.150839880430613
716,0.599875784998553,0.265239772398733,0.259638241659144,0.211115838461421,0.170233153496669,0.157597013980819
864,0.62555609967103,0.218083551882790,0.226165913043895,0.257786672914962,0.196743303664015,0.162677834203278
165,0.444549008408857,0.154470991130581,0.149469410107982,0.231177046607856,0.140539522938054,0.140279459933373
602,0.611401966215199,0.274713840722163,0.250466494772263,0.274713840722163,0.151542367809210,0.183967824035887
271,0.621136485069615,0.223704949036996,0.214949882112267,0.271855157449252,0.155619579790919,0.140279459933373
692,0.616713692539713,0.243298519444439,0.216509434133377,0.272806580486754,0.159237162188545,0.172787005806565
835,0.672237905577799,0.292100571713878,0.276626749501763,0.240653643199231,0.178742307944130,0.187631241909896
854,0.643205181411445,0.266179795115631,0.272806580486754,0.271855157449252,0.174898448025698,0.224521889216861
732,0.606971725447777,0.227823271636467,0.256863984839407,0.208860644258667,0.177624558944457,0.179307075461499
825,0.626439652176295,0.285297304030371,0.265239772398733,0.248659484023583,0.204454144375473,0.197424363331222
559,0.618483198986599,0.245075200706715,0.257786672914962,0.200889639762023,0.188884569174318,0.140279459933373
666,0.59099197716754,0.303851718893881,0.269956905233921,0.296985336054750,0.23033379664679,0.180448444205294
763,0.640560644506718,0.283362392853609,0.208860644258667,0.315674182764382,0.140279459933373,0.146548361254107
915,0.613173084606865,0.368866547920421,0.320611530912211,0.302869127130412,0.222081350052879,0.214949882112267
705,0.628206394540431,0.259638241659144,0.212638240623736,0.196743303664015,0.195393227873188,0.198109430350217
790,0.654654294039608,0.301887051542692,0.280468392646033,0.280468392646033,0.182190212262849,0.189517281185082
732,0.645848781067736,0.260567046745838,0.273759486818862,0.242414171861771,0.213405068833102,0.218083551882790
709,0.615828741507218,0.248659484023583,0.23977753355553,0.229493730258852,0.151542367809210,0.185781454960399
877,0.626439652176295,0.270905253648299,0.26806502014066,0.226165913043895,0.181605650010004,0.185781454960399
810,0.634386284250911,0.226992939983781,0.232023448734304,0.214175622695954,0.173309128978783,0.158410531669826
723,0.597212308466731,0.311728055196152,0.296985336054750,0.255024990396885,0.175977245746161,0.168257318749387
712,0.627323083479833,0.205907447843523,0.226992939983781,0.181025063276694,0.175977245746161,0.140279459933373
175,0.385415796280043,0.140279459933373,0.152618104976752,0.200889639762023,0.140279459933373,0.140279459933373
346,0.440791745314472,0.218876016213984,0.185781454960399,0.214175622695954,0.160930368981928,0.145622826217966
808,0.639678919993987,0.258711437790672,0.272806580486754,0.185781454960399,0.174898448025698,0.157195124574254
720,0.623788627185174,0.23977753355553,0.238904240888872,0.191439626593958,0.149469410107982,0.170736402643872
771,0.644086484322101,0.247759640188542,0.269010148553487,0.241532534498303,0.169237834303805,0.183371292540019
963,0.665208590906176,0.292100571713878,0.286266334773665,0.256863984839407,0.172268685450245,0.164024746412181
335,0.44923503724365,0.144131604573628,0.178181472416481,0.176522456496951,0.178181472416481,0.140279459933373
698,0.619367756469412,0.241532534498303,0.241532534498303,0.208860644258667,0.140279459933373,0.196066256873814
582,0.646729776551258,0.306802338059224,0.285297304030371,0.265239772398733,0.202303599215116,0.165869963138432
650,0.642323774366231,0.264301525715948,0.237166246337142,0.23977753355553,0.189517281185082,0.196743303664015
864,0.640560644506718,0.290152214217331,0.294052217151829,0.226165913043895,0.198109430350217,0.177624558944457
811,0.623788627185174,0.252283020211930,0.249561781327291,0.227823271636467,0.190794809258731,0.150148946700048
760,0.61405843859737,0.182190212262849,0.264301525715948,0.225342219919308,0.140279459933373,0.173309128978783
569,0.616713692539713,0.228656878414890,0.218083551882790,0.241532534498303,0.140279459933373,0.151189670120080
679,0.609630293401202,0.255943411389996,0.258711437790672,0.259638241659144,0.16634019279706,0.180448444205294
701,0.631738455286738,0.222891426963376,0.260567046745838,0.190154027575454,0.180448444205294,0.194724220966719
867,0.627323083479833,0.273759486818862,0.249561781327291,0.261497815323131,0.200889639762023,0.149133866930996
986,0.602537880906253,0.307786743279463,0.284329312589461,0.296985336054750,0.203016510694019,0.185172899926102
646,0.630855615748439,0.242414171861771,0.214175622695954,0.225342219919308,0.187631241909896,0.159237162188545
643,0.59099197716754,0.272806580486754,0.255943411389996,0.289179343702615,0.170233153496669,0.173835068385563
535,0.629089586309926,0.228656878414890,0.226992939983781,0.250466494772263,0.185781454960399,0.154470991130581
741,0.646729776551258,0.269010148553487,0.283362392853609,0.200889639762023,0.186394027664835,0.140279459933373
750,0.597212308466731,0.306802338059224,0.246862287018223,0.303851718893881,0.206639944148685,0.164940248736627
740,0.612287594171303,0.23033379664679,0.224521889216861,0.254108759679802,0.177071557205383,0.140279459933373
798,0.615828741507218,0.240653643199231,0.231177046607856,0.245075200706715,0.181605650010004,0.140279459933373
771,0.659053485350326,0.277585234113443,0.185172899926102,0.310742219942023,0.143266847840142,0.192088479379025
771,0.597212308466731,0.232023448734304,0.247759640188542,0.222891426963376,0.165869963138432,0.156400988328558
781,0.61405843859737,0.237166246337142,0.213405068833102,0.240653643199231,0.146862120354825,0.140279459933373
966,0.61405843859737,0.246862287018223,0.211875157547888,0.277585234113443,0.167772573247934,0.163123316426449
700,0.620252184825136,0.220471637257467,0.258711437790672,0.220471637257467,0.174364837136968,0.150492979148870
634,0.573173308757861,0.225342219919308,0.180448444205294,0.257786672914962,0.174898448025698,0.171243398019944
934,0.639678919993987,0.245075200706715,0.229493730258852,0.279506090033501,0.140279459933373,0.16634019279706
840,0.621136485069615,0.234581247743386,0.244185541162083,0.213405068833102,0.171243398019944,0.166814026627726
727,0.61405843859737,0.249561781327291,0.232023448734304,0.221274744825972,0.140279459933373,0.195393227873188
747,0.617598511353537,0.253194757033311,0.214175622695954,0.238033800236652,0.140279459933373,0.149807763529887
926,0.621136485069615,0.286266334773665,0.258711437790672,0.298944182722262,0.171754154191287,0.140279459933373
723,0.621136485069615,0.292100571713878,0.312714190948075,0.260567046745838,0.177071557205383,0.168745733831007
807,0.635268667058686,0.251373586915138,0.253194757033311,0.232023448734304,0.150492979148870,0.194724220966719
224,0.477118801080669,0.159655442358187,0.173835068385563,0.218876016213984,0.147819407725247,0.151542367809210
868,0.664329550930648,0.274713840722163,0.266179795115631,0.259638241659144,0.174898448025698,0.199491561253654
696,0.601650667029677,0.232023448734304,0.219672052767678,0.247759640188542,0.159237162188545,0.150839880430613
1019,0.639678919993987,0.317648619366148,0.298944182722262,0.266179795115631,0.179875784505171,0.192088479379025
779,0.617598511353537,0.219672052767678,0.211115838461421,0.269956905233921,0.156008702799071,0.140279459933373
752,0.638797087949753,0.209608564537159,0.264301525715948,0.242414171861771,0.16634019279706,0.140279459933373
819,0.61494365721071,0.247759640188542,0.260567046745838,0.218876016213984,0.164940248736627,0.150492979148870
760,0.587433883900336,0.237166246337142,0.222081350052879,0.227823271636467,0.173309128978783,0.140279459933373
751,0.615828741507218,0.242414171861771,0.212638240623736,0.246862287018223,0.161362102255135,0.147497624383717
242,0.598988114480156,0.366910990862085,0.324563618926047,0.276626749501763,0.222081350052879,0.169733635746363
150,0.407579902497849,0.140279459933373,0.140279459933373,0.250466494772263,0.140279459933373,0.140279459933373
790,0.611401966215199,0.228656878414890,0.260567046745838,0.222891426963376,0.159237162188545,0.151897993103576
698,0.622020658211421,0.282396577544332,0.247759640188542,0.233725581744281,0.185781454960399,0.167291481291287
798,0.674872565393281,0.342342090635241,0.317648619366148,0.306802338059224,0.152256565618780,0.174364837136968
837,0.627323083479833,0.324563618926047,0.334444602573969,0.254108759679802,0.247759640188542,0.181605650010004
709,0.629089586309926,0.233725581744281,0.184568357977156,0.257786672914962,0.140279459933373,0.140279459933373
684,0.600763302119727,0.190154027575454,0.217294683481912,0.241532534498303,0.148471133452426,0.144131604573628
693,0.640560644506718,0.243298519444439,0.238033800236652,0.203733362812729,0.173309128978783,0.140279459933373
597,0.59454741884471,0.255024990396885,0.226165913043895,0.241532534498303,0.157597013980819,0.161797245314680
743,0.641442262346675,0.246862287018223,0.267121556704060,0.191439626593958,0.170233153496669,0.140279459933373
239,0.608744246353995,0.143552645462116,0.182190212262849,0.16357228121085,0.171754154191287,0.140279459933373
805,0.610516199655431,0.278545025785751,0.245967461561916,0.279506090033501,0.152618104976752,0.253194757033311
762,0.649372161207369,0.269956905233921,0.267121556704060,0.283362392853609,0.140279459933373,0.155233599845476
787,0.616713692539713,0.250466494772263,0.252283020211930,0.241532534498303,0.193398287644562,0.175977245746161
761,0.638797087949753,0.257786672914962,0.227823271636467,0.250466494772263,0.162235816543637,0.159237162188545
746,0.629089586309926,0.258711437790672,0.26336509235663,0.222081350052879,0.197424363331222,0.140279459933373
331,0.595435874427052,0.345300444024283,0.337407372460796,0.324563618926047,0.265239772398733,0.182190212262849
382,0.59099197716754,0.274713840722163,0.198798498578782,0.26336509235663,0.208860644258667,0.179307075461499
792,0.647610671197383,0.273759486818862,0.26336509235663,0.236301613614802,0.182190212262849,0.140279459933373
957,0.641442262346675,0.300905518027404,0.286266334773665,0.319623752397046,0.201594638931909,0.211875157547888
741,0.606085249352797,0.26336509235663,0.254108759679802,0.248659484023583,0.140279459933373,0.140279459933373
173,0.538193325982493,0.207376318697083,0.202303599215116,0.248659484023583,0.140279459933373,0.147178535004063
706,0.601650667029677,0.226165913043895,0.243298519444439,0.224521889216861,0.160077057692081,0.170736402643872
906,0.634386284250911,0.267121556704060,0.216509434133377,0.190154027575454,0.16634019279706,0.182190212262849
788,0.629089586309926,0.246862287018223,0.221274744825972,0.265239772398733,0.140279459933373,0.149469410107982
729,0.608744246353995,0.217294683481912,0.216509434133377,0.241532534498303,0.146548361254107,0.146548361254107
728,0.601650667029677,0.242414171861771,0.26336509235663,0.225342219919308,0.148471133452426,0.170736402643872
670,0.603424944919196,0.251373586915138,0.225342219919308,0.248659484023583,0.172787005806565,0.178181472416481
273,0.45297556976512,0.151189670120080,0.179307075461499,0.233725581744281,0.140279459933373,0.140279459933373
527,0.542697607586951,0.232023448734304,0.222081350052879,0.23033379664679,0.140279459933373,0.140279459933373
749,0.615828741507218,0.185781454960399,0.162235816543637,0.217294683481912,0.140279459933373,0.160077057692081
318,0.419987692000204,0.222891426963376,0.206639944148685,0.211875157547888,0.222081350052879,0.218876016213984
356,0.431364974573073,0.183371292540019,0.145319498566922,0.191439626593958,0.141873944585676,0.140539522938054
848,0.647610671197383,0.245967461561916,0.204454144375473,0.255943411389996,0.140279459933373,0.189517281185082
161,0.508293008226672,0.148801114525785,0.191439626593958,0.23977753355553,0.154470991130581,0.207376318697083
793,0.591881082994116,0.251373586915138,0.247759640188542,0.140279459933373,0.193398287644562,0.152618104976752
645,0.592770024376564,0.207376318697083,0.194059239855938,0.277585234113443,0.154470991130581,0.165403320798019
951,0.627323083479833,0.254108759679802,0.210360301592275,0.211115838461421,0.140279459933373,0.141333283747465
802,0.624672424998259,0.308771540986705,0.232023448734304,0.285297304030371,0.169237834303805,0.146237238572002
843,0.659933050519219,0.309756707604237,0.314687276192053,0.272806580486754,0.189517281185082,0.167291481291287
161,0.37179664134119,0.161362102255135,0.149133866930996,0.207376318697083,0.194059239855938,0.140279459933373
742,0.62555609967103,0.242414171861771,0.188255890082703,0.194724220966719,0.175435913518267,0.196743303664015
715,0.605198627992826,0.245967461561916,0.222891426963376,0.170233153496669,0.158002143279100,0.140279459933373
827,0.658173830133798,0.262430509724191,0.257786672914962,0.258711437790672,0.200188610986799,0.183967824035887
696,0.587433883900336,0.205907447843523,0.194724220966719,0.26336509235663,0.140279459933373,0.158410531669826
702,0.61405843859737,0.238904240888872,0.232872971194181,0.23033379664679,0.170233153496669,0.140279459933373
760,0.606971725447777,0.226165913043895,0.199491561253654,0.248659484023583,0.140279459933373,0.163123316426449
732,0.61405843859737,0.192088479379025,0.232023448734304,0.240653643199231,0.169733635746363,0.145319498566922
560,0.611401966215199,0.233725581744281,0.211115838461421,0.262430509724191,0.149807763529887,0.140279459933373
839,0.647610671197383,0.256863984839407,0.238033800236652,0.228656878414890,0.166814026627726,0.140279459933373
736,0.612287594171303,0.241532534498303,0.23977753355553,0.216509434133377,0.151542367809210,0.156796455796649
290,0.647610671197383,0.144424803121843,0.170233153496669,0.188255890082703,0.145928733232941,0.196743303664015
347,0.435141512434088,0.188255890082703,0.172268685450245,0.226165913043895,0.140279459933373,0.144424803121843
816,0.644967683931748,0.252283020211930,0.227823271636467,0.272806580486754,0.140279459933373,0.179875784505171
706,0.644967683931748,0.241532534498303,0.203733362812729,0.215727826366646,0.140279459933373,0.146237238572002
701,0.62555609967103,0.237166246337142,0.286266334773665,0.221274744825972,0.181025063276694,0.162677834203278
879,0.632621179272578,0.345300444024283,0.323575487390111,0.232872971194181,0.192088479379025,0.166814026627726
772,0.654654294039608,0.338394673319409,0.307786743279463,0.331480818156256,0.215727826366646,0.172787005806565
664,0.586543936638165,0.234581247743386,0.201594638931909,0.245075200706715,0.182778757451073,0.171754154191287
801,0.641442262346675,0.292100571713878,0.258711437790672,0.316661303992259,0.140279459933373,0.188255890082703
874,0.66608754581422,0.272806580486754,0.232872971194181,0.242414171861771,0.140279459933373,0.190794809258731
872,0.670481068306923,0.285297304030371,0.212638240623736,0.325551793923222,0.188255890082703,0.157195124574254
810,0.644967683931748,0.275669606701894,0.281431899695417,0.260567046745838,0.189517281185082,0.187010622123131
313,0.459504181093247,0.188884569174318,0.198798498578782,0.140279459933373,0.154094323280450,0.140279459933373
178,0.5390946884908,0.140279459933373,0.178181472416481,0.189517281185082,0.140279459933373,0.147819407725247
836,0.645848781067736,0.270905253648299,0.259638241659144,0.188884569174318,0.188884569174318,0.168257318749387
834,0.642323774366231,0.261497815323131,0.254108759679802,0.269010148553487,0.140279459933373,0.160930368981928
680,0.586543936638165,0.226992939983781,0.234581247743386,0.238033800236652,0.156400988328558,0.164024746412181
786,0.624672424998259,0.226992939983781,0.186394027664835,0.255024990396885,0.195393227873188,0.207376318697083
732,0.622904705251892,0.240653643199231,0.203016510694019,0.205178843545358,0.164480729737195,0.169733635746363
773,0.648491465815105,0.262430509724191,0.238033800236652,0.249561781327291,0.181605650010004,0.140279459933373
746,0.633503788623644,0.249561781327291,0.248659484023583,0.231177046607856,0.160502026996677,0.140279459933373
727,0.620252184825136,0.227823271636467,0.178742307944130,0.272806580486754,0.140279459933373,0.142702524367706
668,0.602537880906253,0.229493730258852,0.222891426963376,0.209608564537159,0.160930368981928,0.140279459933373
764,0.601650667029677,0.342342090635241,0.306802338059224,0.315674182764382,0.189517281185082,0.181605650010004
842,0.633503788623644,0.333456768437105,0.336419918223748,0.303851718893881,0.227823271636467,0.232872971194181
803,0.638797087949753,0.269956905233921,0.256863984839407,0.254108759679802,0.160930368981928,0.158002143279100
346,0.484491855840873,0.203733362812729,0.214949882112267,0.142702524367706,0.188884569174318,0.175977245746161
328,0.434198112267997,0.145018731380577,0.148143904307162,0.226165913043895,0.140279459933373,0.192741366843982
795,0.634386284250911,0.288207386188063,0.277585234113443,0.251373586915138,0.196743303664015,0.185172899926102
329,0.460435073421994,0.207376318697083,0.174364837136968,0.233725581744281,0.166814026627726,0.175435913518267
638,0.593658802575914,0.241532534498303,0.225342219919308,0.185172899926102,0.151189670120080,0.169733635746363
726,0.595435874427052,0.253194757033311,0.257786672914962,0.265239772398733,0.183371292540019,0.156796455796649
664,0.633503788623644,0.232872971194181,0.231177046607856,0.227823271636467,0.154470991130581,0.178181472416481
771,0.629972659733243,0.262430509724191,0.257786672914962,0.254108759679802,0.184568357977156,0.215727826366646
731,0.611401966215199,0.364953752682284,0.305818349289740,0.306802338059224,0.194059239855938,0.199491561253654
709,0.636150937944643,0.267121556704060,0.226992939983781,0.273759486818862,0.151189670120080,0.151542367809210
375,0.468793774829766,0.200188610986799,0.167291481291287,0.180448444205294,0.169237834303805,0.149133866930996
658,0.613173084606865,0.225342219919308,0.200188610986799,0.223704949036996,0.140279459933373,0.145622826217966
877,0.65113325749733,0.259638241659144,0.233725581744281,0.269010148553487,0.168257318749387,0.174898448025698
791,0.623788627185174,0.231177046607856,0.190794809258731,0.26806502014066,0.152256565618780,0.155233599845476
653,0.640560644506718,0.240653643199231,0.240653643199231,0.245967461561916,0.144131604573628,0.166814026627726
795,0.622020658211421,0.227823271636467,0.262430509724191,0.209608564537159,0.144424803121843,0.216509434133377
172,0.480808424194665,0.158822198286243,0.201594638931909,0.233725581744281,0.145018731380577,0.183371292540019
804,0.655534316836593,0.242414171861771,0.225342219919308,0.255024990396885,0.156796455796649,0.167772573247934
189,0.56334084744967,0.140279459933373,0.177624558944457,0.200188610986799,0.141873944585676,0.140279459933373
859,0.664329550930648,0.26336509235663,0.272806580486754,0.255943411389996,0.193398287644562,0.140279459933373
785,0.599875784998553,0.269956905233921,0.246862287018223,0.222081350052879,0.181605650010004,0.189517281185082
821,0.598100289370352,0.254108759679802,0.262430509724191,0.238033800236652,0.140279459933373,0.168257318749387
804,0.648491465815105,0.253194757033311,0.246862287018223,0.238904240888872,0.153720720340875,0.140539522938054
719,0.581200590507501,0.257786672914962,0.251373586915138,0.234581247743386,0.177624558944457,0.172787005806565
832,0.629089586309926,0.234581247743386,0.222891426963376,0.178742307944130,0.159655442358187,0.140279459933373
385,0.461365530470573,0.170736402643872,0.186394027664835,0.177071557205383,0.159237162188545,0.162677834203278
700,0.629089586309926,0.235439936165745,0.236301613614802,0.232023448734304,0.162677834203278,0.185172899926102
875,0.586543936638165,0.36005360357005,0.299924552865763,0.336419918223748,0.165869963138432,0.140279459933373
153,0.43702685358426,0.218083551882790,0.178742307944130,0.258711437790672,0.170736402643872,0.175977245746161
715,0.622904705251892,0.300905518027404,0.270905253648299,0.300905518027404,0.180448444205294,0.165869963138432
671,0.622020658211421,0.256863984839407,0.245075200706715,0.253194757033311,0.159237162188545,0.140279459933373
621,0.583873056414207,0.243298519444439,0.266179795115631,0.246862287018223,0.223704949036996,0.175435913518267
725,0.622904705251892,0.242414171861771,0.211115838461421,0.240653643199231,0.161797245314680,0.158822198286243
726,0.604311860230174,0.235439936165745,0.227823271636467,0.172787005806565,0.140279459933373,0.143840891542185
707,0.608744246353995,0.253194757033311,0.236301613614802,0.272806580486754,0.157195124574254,0.140279459933373
684,0.59099197716754,0.242414171861771,0.241532534498303,0.228656878414890,0.14298348025674,0.140279459933373
793,0.652893966371437,0.261497815323131,0.284329312589461,0.243298519444439,0.177624558944457,0.178181472416481
856,0.620252184825136,0.218083551882790,0.240653643199231,0.204454144375473,0.140279459933373,0.147819407725247
887,0.610516199655431,0.355144025044986,0.287236372741756,0.326539995183568,0.190154027575454,0.193398287644562
705,0.622904705251892,0.227823271636467,0.236301613614802,0.226992939983781,0.166814026627726,0.168745733831007
696,0.605198627992826,0.205178843545358,0.247759640188542,0.178181472416481,0.170233153496669,0.152256565618780
805,0.661691913619881,0.296006914761259,0.231177046607856,0.273759486818862,0.149469410107982,0.196066256873814
174,0.530069290557968,0.143840891542185,0.176522456496951,0.152982630801945,0.140279459933373,0.151897993103576
802,0.657294084136253,0.271855157449252,0.284329312589461,0.215727826366646,0.198109430350217,0.179307075461499
383,0.432309844864813,0.161797245314680,0.185781454960399,0.181605650010004,0.161797245314680,0.164024746412181
696,0.610516199655431,0.257786672914962,0.226992939983781,0.201594638931909,0.192741366843982,0.185781454960399
424,0.448298759169222,0.210360301592275,0.203016510694019,0.211115838461421,0.165869963138432,0.171754154191287
377,0.448298759169222,0.192088479379025,0.153720720340875,0.234581247743386,0.140279459933373,0.140279459933373
725,0.61494365721071,0.216509434133377,0.237166246337142,0.215727826366646,0.192088479379025,0.153720720340875
726,0.649372161207369,0.245075200706715,0.207376318697083,0.289179343702615,0.148471133452426,0.154850743467635
860,0.642323774366231,0.238033800236652,0.216509434133377,0.226165913043895,0.165403320798019,0.148471133452426
785,0.629972659733243,0.275669606701894,0.288207386188063,0.222081350052879,0.201594638931909,0.161797245314680
412,0.452041119617036,0.185172899926102,0.183967824035887,0.204454144375473,0.155233599845476,0.154094323280450
767,0.61405843859737,0.227823271636467,0.23977753355553,0.215727826366646,0.140279459933373,0.140279459933373
429,0.427580548847338,0.159237162188545,0.180448444205294,0.234581247743386,0.145928733232941,0.140279459933373
708,0.61494365721071,0.211875157547888,0.198109430350217,0.195393227873188,0.140279459933373,0.150839880430613
796,0.63703309779987,0.262430509724191,0.247759640188542,0.257786672914962,0.146548361254107,0.146862120354825
277,0.557967132030868,0.198798498578782,0.203733362812729,0.232023448734304,0.173835068385563,0.191439626593958
874,0.652893966371437,0.258711437790672,0.280468392646033,0.238904240888872,0.208860644258667,0.182778757451073
815,0.636150937944643,0.259638241659144,0.200188610986799,0.285297304030371,0.140279459933373,0.172268685450245
770,0.637915147508898,0.270905253648299,0.245967461561916,0.261497815323131,0.185172899926102,0.170233153496669
719,0.639678919993987,0.23033379664679,0.233725581744281,0.232872971194181,0.150148946700048,0.140279459933373
798,0.620252184825136,0.291125967010989,0.290152214217331,0.226165913043895,0.191439626593958,0.156400988328558
776,0.603424944919196,0.245967461561916,0.262430509724191,0.262430509724191,0.16357228121085,0.150148946700048
807,0.643205181411445,0.243298519444439,0.271855157449252,0.224521889216861,0.174364837136968,0.174898448025698
789,0.656414246618719,0.26336509235663,0.244185541162083,0.254108759679802,0.211115838461421,0.140279459933373
741,0.664329550930648,0.275669606701894,0.238033800236652,0.258711437790672,0.172787005806565,0.161797245314680
733,0.581200590507501,0.231177046607856,0.262430509724191,0.222891426963376,0.142702524367706,0.140279459933373
694,0.621136485069615,0.280468392646033,0.294052217151829,0.248659484023583,0.164024746412181,0.173309128978783
774,0.527356424038935,0.23033379664679,0.185172899926102,0.247759640188542,0.140279459933373,0.164024746412181
347,0.468793774829766,0.182190212262849,0.174898448025698,0.217294683481912,0.140279459933373,0.140279459933373
728,0.653774177471793,0.252283020211930,0.238904240888872,0.246862287018223,0.188255890082703,0.175977245746161
820,0.628206394540431,0.304834801321944,0.253194757033311,0.190794809258731,0.211875157547888,0.162235816543637
747,0.62555609967103,0.244185541162083,0.261497815323131,0.186394027664835,0.173309128978783,0.197424363331222
836,0.621136485069615,0.23977753355553,0.281431899695417,0.279506090033501,0.174364837136968,0.170233153496669
767,0.591881082994116,0.306802338059224,0.244185541162083,0.214949882112267,0.178742307944130,0.171243398019944
591,0.58030940985411,0.226992939983781,0.208860644258667,0.255943411389996,0.178181472416481,0.150839880430613
953,0.589213267095234,0.338394673319409,0.301887051542692,0.323575487390111,0.193398287644562,0.218083551882790
825,0.655534316836593,0.267121556704060,0.238033800236652,0.247759640188542,0.173835068385563,0.208116557082828
177,0.529165277729617,0.140279459933373,0.140279459933373,0.222891426963376,0.152618104976752,0.175977245746161
703,0.617598511353537,0.303851718893881,0.290152214217331,0.293075998312143,0.208116557082828,0.167772573247934
330,0.426633199381427,0.182778757451073,0.218876016213984,0.16634019279706,0.153720720340875,0.198798498578782
357,0.419987692000204,0.181025063276694,0.149807763529887,0.210360301592275,0.154850743467635,0.140279459933373
350,0.419036311953547,0.173309128978783,0.202303599215116,0.173835068385563,0.144424803121843,0.151897993103576
746,0.618483198986599,0.216509434133377,0.226165913043895,0.205178843545358,0.141602453589765,0.148801114525785
791,0.612287594171303,0.280468392646033,0.233725581744281,0.269010148553487,0.187631241909896,0.181025063276694
742,0.61405843859737,0.270905253648299,0.227823271636467,0.250466494772263,0.196743303664015,0.147178535004063
765,0.62555609967103,0.244185541162083,0.241532534498303,0.244185541162083,0.151542367809210,0.194059239855938
585,0.629089586309926,0.231177046607856,0.226992939983781,0.222891426963376,0.188255890082703,0.161797245314680
628,0.621136485069615,0.259638241659144,0.198798498578782,0.244185541162083,0.180448444205294,0.214175622695954
214,0.583873056414207,0.168257318749387,0.200889639762023,0.141066417195949,0.169733635746363,0.169733635746363
746,0.647610671197383,0.232872971194181,0.194724220966719,0.283362392853609,0.140279459933373,0.159655442358187
918,0.649372161207369,0.255024990396885,0.275669606701894,0.290152214217331,0.16634019279706,0.165869963138432
814,0.616713692539713,0.255943411389996,0.215727826366646,0.298944182722262,0.179307075461499,0.193398287644562
829,0.635268667058686,0.246862287018223,0.26336509235663,0.243298519444439,0.177624558944457,0.156400988328558
750,0.617598511353537,0.381534098529382,0.37179664134119,0.318636108753548,0.238033800236652,0.187631241909896
698,0.61405843859737,0.246862287018223,0.206639944148685,0.231177046607856,0.155233599845476,0.173835068385563
863,0.617598511353537,0.264301525715948,0.277585234113443,0.261497815323131,0.16634019279706,0.177624558944457
755,0.622020658211421,0.259638241659144,0.301887051542692,0.197424363331222,0.159237162188545,0.164480729737195
758,0.629972659733243,0.283362392853609,0.255024990396885,0.256863984839407,0.192741366843982,0.150839880430613
577,0.589213267095234,0.313700605163659,0.293075998312143,0.270905253648299,0.179875784505171,0.191439626593958
497,0.571387382661058,0.235439936165745,0.26336509235663,0.157195124574254,0.205178843545358,0.175977245746161
796,0.59454741884471,0.208860644258667,0.232023448734304,0.227823271636467,0.140279459933373,0.171754154191287
836,0.654654294039608,0.255024990396885,0.231177046607856,0.224521889216861,0.177071557205383,0.157597013980819
967,0.632621179272578,0.317648619366148,0.297964434643167,0.238033800236652,0.174364837136968,0.140279459933373
736,0.59454741884471,0.198109430350217,0.238904240888872,0.140279459933373,0.152256565618780,0.140279459933373
243,0.547195695509664,0.281431899695417,0.286266334773665,0.295029198942614,0.23033379664679,0.140279459933373
762,0.663450425192382,0.267121556704060,0.225342219919308,0.273759486818862,0.219672052767678,0.209608564537159
926,0.607858057407542,0.387353706987488,0.341355528691973,0.350225945404854,0.252283020211930,0.245075200706715
805,0.628206394540431,0.243298519444439,0.236301613614802,0.250466494772263,0.158410531669826,0.171754154191287
746,0.640560644506718,0.255024990396885,0.26336509235663,0.261497815323131,0.170736402643872,0.161362102255135
672,0.597212308466731,0.258711437790672,0.294052217151829,0.211115838461421,0.218083551882790,0.140279459933373
940,0.639678919993987,0.254108759679802,0.238904240888872,0.251373586915138,0.140279459933373,0.198798498578782
598,0.600763302119727,0.232023448734304,0.211875157547888,0.225342219919308,0.152982630801945,0.181605650010004
702,0.604311860230174,0.255943411389996,0.273759486818862,0.221274744825972,0.175435913518267,0.165869963138432
422,0.451106215483896,0.207376318697083,0.208116557082828,0.208860644258667,0.174364837136968,0.180448444205294
151,0.447362019176649,0.142147774681471,0.159237162188545,0.179875784505171,0.152256565618780,0.16357228121085
948,0.611401966215199,0.251373586915138,0.180448444205294,0.273759486818862,0.151542367809210,0.140279459933373
864,0.62555609967103,0.245967461561916,0.215727826366646,0.261497815323131,0.182778757451073,0.160502026996677
579,0.589213267095234,0.301887051542692,0.237166246337142,0.296006914761259,0.165403320798019,0.186394027664835
772,0.611401966215199,0.229493730258852,0.225342219919308,0.231177046607856,0.167772573247934,0.143552645462116
743,0.633503788623644,0.245075200706715,0.282396577544332,0.216509434133377,0.198109430350217,0.152982630801945
732,0.612287594171303,0.232872971194181,0.219672052767678,0.191439626593958,0.177071557205383,0.152982630801945
760,0.635268667058686,0.258711437790672,0.185172899926102,0.280468392646033,0.173309128978783,0.140279459933373
723,0.624672424998259,0.251373586915138,0.226165913043895,0.284329312589461,0.140279459933373,0.140279459933373
738,0.620252184825136,0.207376318697083,0.252283020211930,0.177624558944457,0.178742307944130,0.141066417195949
352,0.448298759169222,0.183371292540019,0.192741366843982,0.191439626593958,0.161797245314680,0.146548361254107
689,0.63703309779987,0.252283020211930,0.223704949036996,0.218083551882790,0.157195124574254,0.149469410107982
373,0.474347434968947,0.165403320798019,0.175977245746161,0.184568357977156,0.153350162717428,0.152618104976752
760,0.599875784998553,0.245967461561916,0.283362392853609,0.214175622695954,0.198798498578782,0.164024746412181
808,0.616713692539713,0.218083551882790,0.253194757033311,0.191439626593958,0.174364837136968,0.164480729737195
867,0.627323083479833,0.250466494772263,0.207376318697083,0.293075998312143,0.140279459933373,0.220471637257467
932,0.608744246353995,0.276626749501763,0.229493730258852,0.236301613614802,0.140279459933373,0.161362102255135
843,0.644967683931748,0.269956905233921,0.260567046745838,0.300905518027404,0.208860644258667,0.194059239855938
776,0.639678919993987,0.246862287018223,0.246862287018223,0.196743303664015,0.182778757451073,0.146237238572002
684,0.62555609967103,0.227823271636467,0.211115838461421,0.243298519444439,0.150839880430613,0.149469410107982
746,0.629089586309926,0.244185541162083,0.237166246337142,0.222891426963376,0.183967824035887,0.169237834303805
746,0.62555609967103,0.245075200706715,0.242414171861771,0.241532534498303,0.157195124574254,0.145018731380577
187,0.55975922935761,0.140279459933373,0.169733635746363,0.175435913518267,0.140279459933373,0.140279459933373
736,0.596324170558622,0.229493730258852,0.203016510694019,0.219672052767678,0.160930368981928,0.179875784505171
834,0.615828741507218,0.247759640188542,0.254108759679802,0.252283020211930,0.180448444205294,0.140279459933373
729,0.598100289370352,0.232872971194181,0.224521889216861,0.232023448734304,0.152256565618780,0.148471133452426
315,0.530069290557968,0.271855157449252,0.270905253648299,0.266179795115631,0.164024746412181,0.140279459933373
795,0.566024855998128,0.232023448734304,0.208116557082828,0.245075200706715,0.189517281185082,0.181025063276694
699,0.618483198986599,0.225342219919308,0.216509434133377,0.247759640188542,0.142147774681471,0.167772573247934
947,0.680139802349038,0.275669606701894,0.287236372741756,0.295029198942614,0.248659484023583,0.168257318749387
718,0.641442262346675,0.259638241659144,0.259638241659144,0.255943411389996,0.170736402643872,0.140279459933373
713,0.583873056414207,0.179875784505171,0.206639944148685,0.251373586915138,0.140279459933373,0.140279459933373
525,0.485411763012758,0.232872971194181,0.174364837136968,0.173835068385563,0.155619579790919,0.149133866930996
930,0.660812526368302,0.248659484023583,0.26336509235663,0.246862287018223,0.160077057692081,0.201594638931909
197,0.422838791105066,0.185781454960399,0.206639944148685,0.173835068385563,0.140279459933373,0.140279459933373
698,0.607858057407542,0.225342219919308,0.222891426963376,0.247759640188542,0.169237834303805,0.140279459933373
618,0.627323083479833,0.332468835480985,0.277585234113443,0.357108931824631,0.337407372460796,0.240653643199231
820,0.663450425192382,0.262430509724191,0.300905518027404,0.226992939983781,0.193398287644562,0.16634019279706
730,0.610516199655431,0.249561781327291,0.254108759679802,0.254108759679802,0.179307075461499,0.140279459933373
939,0.659933050519219,0.319623752397046,0.305818349289740,0.278545025785751,0.195393227873188,0.23033379664679
723,0.606085249352797,0.224521889216861,0.214949882112267,0.249561781327291,0.145622826217966,0.16634019279706
677,0.663450425192382,0.258711437790672,0.234581247743386,0.280468392646033,0.198109430350217,0.196066256873814
638,0.618483198986599,0.285297304030371,0.264301525715948,0.269956905233921,0.253194757033311,0.182190212262849
706,0.626439652176295,0.257786672914962,0.221274744825972,0.173309128978783,0.140279459933373,0.148143904307162
857,0.634386284250911,0.243298519444439,0.271855157449252,0.198109430350217,0.163123316426449,0.183371292540019
422,0.641442262346675,0.291125967010989,0.211115838461421,0.402784577338547,0.425685350085428,0.26336509235663
161,0.460435073421994,0.140279459933373,0.144131604573628,0.215727826366646,0.140279459933373,0.140279459933373
666,0.629972659733243,0.257786672914962,0.212638240623736,0.222081350052879,0.174364837136968,0.149133866930996
741,0.629972659733243,0.241532534498303,0.226165913043895,0.238904240888872,0.175977245746161,0.157195124574254
167,0.481729856995562,0.151542367809210,0.172787005806565,0.211875157547888,0.140279459933373,0.165403320798019
883,0.615828741507218,0.35612665264182,0.340368763820501,0.311728055196152,0.200188610986799,0.226165913043895
376,0.439851241970584,0.144720505822661,0.141602453589765,0.213405068833102,0.140279459933373,0.178181472416481
791,0.571387382661058,0.330492731245164,0.346286080835727,0.244185541162083,0.181605650010004,0.184568357977156
239,0.493674279807102,0.225342219919308,0.155619579790919,0.235439936165745,0.140279459933373,0.140279459933373
716,0.634386284250911,0.247759640188542,0.255024990396885,0.222081350052879,0.16357228121085,0.140279459933373
878,0.652893966371437,0.226992939983781,0.270905253648299,0.205907447843523,0.191439626593958,0.140279459933373
614,0.565130393380684,0.235439936165745,0.187631241909896,0.211875157547888,0.141602453589765,0.147497624383717
363,0.581200590507501,0.200188610986799,0.183371292540019,0.243298519444439,0.174898448025698,0.185172899926102
390,0.481729856995562,0.200889639762023,0.180448444205294,0.188884569174318,0.164480729737195,0.185781454960399
774,0.616713692539713,0.279506090033501,0.276626749501763,0.245075200706715,0.166814026627726,0.198798498578782
736,0.601650667029677,0.261497815323131,0.287236372741756,0.218083551882790,0.196066256873814,0.148143904307162
657,0.597212308466731,0.269010148553487,0.245075200706715,0.246862287018223,0.165403320798019,0.170736402643872
695,0.608744246353995,0.218083551882790,0.186394027664835,0.273759486818862,0.152618104976752,0.140279459933373
924,0.671359527115958,0.250466494772263,0.236301613614802,0.266179795115631,0.154094323280450,0.165869963138432
776,0.621136485069615,0.271855157449252,0.234581247743386,0.260567046745838,0.175435913518267,0.146862120354825
613,0.629089586309926,0.26806502014066,0.231177046607856,0.259638241659144,0.238904240888872,0.140279459933373
711,0.576742857104671,0.201594638931909,0.244185541162083,0.180448444205294,0.143552645462116,0.197424363331222
712,0.649372161207369,0.231177046607856,0.205907447843523,0.292100571713878,0.140279459933373,0.140279459933373
795,0.608744246353995,0.298944182722262,0.289179343702615,0.23977753355553,0.175435913518267,0.187010622123131
329,0.437968797820157,0.187631241909896,0.214949882112267,0.160930368981928,0.172268685450245,0.175435913518267
803,0.627323083479833,0.26806502014066,0.238904240888872,0.291125967010989,0.161362102255135,0.213405068833102
456,0.669602528491819,0.280468392646033,0.254108759679802,0.351210191887716,0.362014841934518,0.241532534498303
665,0.619367756469412,0.265239772398733,0.226165913043895,0.218083551882790,0.159237162188545,0.175435913518267
326,0.439851241970584,0.152982630801945,0.145319498566922,0.214175622695954,0.158822198286243,0.140279459933373
749,0.629972659733243,0.232023448734304,0.245967461561916,0.192741366843982,0.168745733831007,0.179875784505171
253,0.629089586309926,0.153720720340875,0.183967824035887,0.196743303664015,0.16357228121085,0.140279459933373
726,0.627323083479833,0.255024990396885,0.254108759679802,0.248659484023583,0.148801114525785,0.194724220966719
439,0.451106215483896,0.167772573247934,0.177624558944457,0.231177046607856,0.140279459933373,0.140279459933373
708,0.613173084606865,0.250466494772263,0.236301613614802,0.208116557082828,0.147497624383717,0.146862120354825
863,0.65113325749733,0.280468392646033,0.219672052767678,0.217294683481912,0.140279459933373,0.206639944148685
772,0.636150937944643,0.231177046607856,0.244185541162083,0.241532534498303,0.164480729737195,0.157597013980819
386,0.490005705397473,0.194724220966719,0.143266847840142,0.249561781327291,0.152618104976752,0.144424803121843
831,0.639678919993987,0.237166246337142,0.249561781327291,0.211115838461421,0.141602453589765,0.185172899926102
842,0.630855615748439,0.271855157449252,0.261497815323131,0.264301525715948,0.181605650010004,0.188255890082703
934,0.622904705251892,0.301887051542692,0.296985336054750,0.257786672914962,0.182190212262849,0.204454144375473
891,0.618483198986599,0.291125967010989,0.267121556704060,0.292100571713878,0.153720720340875,0.201594638931909
796,0.633503788623644,0.235439936165745,0.211115838461421,0.236301613614802,0.167772573247934,0.16634019279706
676,0.589213267095234,0.286266334773665,0.273759486818862,0.281431899695417,0.174898448025698,0.168257318749387
852,0.621136485069615,0.232872971194181,0.248659484023583,0.204454144375473,0.148471133452426,0.161797245314680
922,0.595435874427052,0.242414171861771,0.211875157547888,0.235439936165745,0.173309128978783,0.140279459933373
325,0.440791745314472,0.158002143279100,0.140279459933373,0.23033379664679,0.140279459933373,0.157195124574254
694,0.605198627992826,0.330492731245164,0.286266334773665,0.305818349289740,0.165403320798019,0.162235816543637
735,0.63703309779987,0.251373586915138,0.209608564537159,0.243298519444439,0.147178535004063,0.140279459933373
839,0.624672424998259,0.264301525715948,0.218876016213984,0.255943411389996,0.183371292540019,0.194724220966719
367,0.450170855356869,0.148801114525785,0.158822198286243,0.210360301592275,0.142423961905656,0.173309128978783
696,0.61494365721071,0.228656878414890,0.235439936165745,0.183371292540019,0.164480729737195,0.187631241909896
822,0.630855615748439,0.251373586915138,0.253194757033311,0.269956905233921,0.158822198286243,0.162235816543637
846,0.611401966215199,0.255943411389996,0.252283020211930,0.248659484023583,0.140279459933373,0.169733635746363
669,0.603424944919196,0.222891426963376,0.190794809258731,0.269010148553487,0.161362102255135,0.176522456496951
774,0.615828741507218,0.244185541162083,0.210360301592275,0.281431899695417,0.196066256873814,0.178742307944130
779,0.629972659733243,0.254108759679802,0.231177046607856,0.231177046607856,0.140279459933373,0.140279459933373
675,0.609630293401202,0.333456768437105,0.318636108753548,0.26336509235663,0.213405068833102,0.167772573247934
153,0.444549008408857,0.177624558944457,0.193398287644562,0.151542367809210,0.142147774681471,0.144720505822661
717,0.622904705251892,0.288207386188063,0.250466494772263,0.320611530912211,0.146862120354825,0.140279459933373
680,0.586543936638165,0.178181472416481,0.221274744825972,0.247759640188542,0.140279459933373,0.188884569174318
692,0.607858057407542,0.208116557082828,0.212638240623736,0.232023448734304,0.171243398019944,0.146862120354825
670,0.638797087949753,0.272806580486754,0.283362392853609,0.212638240623736,0.202303599215116,0.175435913518267
654,0.606085249352797,0.232023448734304,0.227823271636467,0.202303599215116,0.156796455796649,0.163123316426449
763,0.626439652176295,0.285297304030371,0.315674182764382,0.194059239855938,0.194059239855938,0.140279459933373
670,0.592770024376564,0.223704949036996,0.196066256873814,0.236301613614802,0.140279459933373,0.166814026627726
348,0.434198112267997,0.182190212262849,0.211115838461421,0.154850743467635,0.164480729737195,0.140279459933373
302,0.433254223593108,0.146862120354825,0.186394027664835,0.187631241909896,0.145928733232941,0.142147774681471
782,0.613173084606865,0.246862287018223,0.208116557082828,0.242414171861771,0.193398287644562,0.195393227873188
741,0.620252184825136,0.237166246337142,0.208860644258667,0.244185541162083,0.140279459933373,0.163123316426449
251,0.602537880906253,0.213405068833102,0.232023448734304,0.211875157547888,0.152256565618780,0.181605650010004
778,0.61405843859737,0.310742219942023,0.323575487390111,0.272806580486754,0.262430509724191,0.177624558944457
425,0.450170855356869,0.180448444205294,0.222891426963376,0.192088479379025,0.140279459933373,0.175977245746161
749,0.579418047575081,0.282396577544332,0.301887051542692,0.222081350052879,0.192088479379025,0.143840891542185
691,0.617598511353537,0.241532534498303,0.248659484023583,0.198109430350217,0.167291481291287,0.157597013980819
674,0.597212308466731,0.235439936165745,0.182778757451073,0.23033379664679,0.143552645462116,0.140279459933373
695,0.610516199655431,0.214949882112267,0.212638240623736,0.167772573247934,0.182778757451073,0.178742307944130
943,0.613173084606865,0.292100571713878,0.238033800236652,0.26336509235663,0.154850743467635,0.163123316426449
740,0.627323083479833,0.242414171861771,0.218876016213984,0.214175622695954,0.14298348025674,0.190794809258731
714,0.588323660284695,0.218083551882790,0.163123316426449,0.273759486818862,0.140279459933373,0.140279459933373
802,0.655534316836593,0.248659484023583,0.251373586915138,0.276626749501763,0.146548361254107,0.187010622123131
808,0.628206394540431,0.246862287018223,0.192741366843982,0.232872971194181,0.195393227873188,0.151542367809210
796,0.612287594171303,0.226165913043895,0.251373586915138,0.215727826366646,0.164480729737195,0.162677834203278
693,0.613173084606865,0.203733362812729,0.202303599215116,0.26336509235663,0.140279459933373,0.140279459933373
683,0.589213267095234,0.217294683481912,0.149807763529887,0.253194757033311,0.141066417195949,0.159655442358187
916,0.618483198986599,0.318636108753548,0.328516409471957,0.245967461561916,0.241532534498303,0.178742307944130
823,0.637915147508898,0.255943411389996,0.236301613614802,0.252283020211930,0.186394027664835,0.140279459933373
707,0.618483198986599,0.278545025785751,0.291125967010989,0.26336509235663,0.200889639762023,0.200889639762023
735,0.658173830133798,0.275669606701894,0.240653643199231,0.245967461561916,0.180448444205294,0.206639944148685
728,0.654654294039608,0.310742219942023,0.300905518027404,0.284329312589461,0.182778757451073,0.146237238572002
923,0.682772413069105,0.315674182764382,0.302869127130412,0.304834801321944,0.200188610986799,0.175435913518267
789,0.622904705251892,0.219672052767678,0.219672052767678,0.218876016213984,0.174898448025698,0.157195124574254
153,0.431364974573073,0.140279459933373,0.143552645462116,0.206639944148685,0.169733635746363,0.140801836156987
385,0.439851241970584,0.179307075461499,0.194059239855938,0.175977245746161,0.175435913518267,0.140279459933373
634,0.597212308466731,0.208116557082828,0.198109430350217,0.211875157547888,0.173309128978783,0.140279459933373
375,0.435141512434088,0.175435913518267,0.168257318749387,0.227823271636467,0.140279459933373,0.149807763529887
906,0.650252758171119,0.280468392646033,0.225342219919308,0.274713840722163,0.165403320798019,0.140279459933373
729,0.618483198986599,0.248659484023583,0.261497815323131,0.208116557082828,0.209608564537159,0.140279459933373
778,0.608744246353995,0.235439936165745,0.225342219919308,0.251373586915138,0.183371292540019,0.167772573247934
785,0.632621179272578,0.245075200706715,0.255943411389996,0.244185541162083,0.185172899926102,0.140279459933373
702,0.658173830133798,0.252283020211930,0.222891426963376,0.262430509724191,0.153350162717428,0.167291481291287
527,0.686281552185454,0.272806580486754,0.195393227873188,0.340368763820501,0.354161056920203,0.240653643199231
755,0.633503788623644,0.238904240888872,0.217294683481912,0.217294683481912,0.164024746412181,0.169237834303805
735,0.617598511353537,0.214175622695954,0.249561781327291,0.161797245314680,0.168745733831007,0.140279459933373
854,0.606971725447777,0.243298519444439,0.196743303664015,0.260567046745838,0.147178535004063,0.146237238572002
798,0.642323774366231,0.233725581744281,0.223704949036996,0.26336509235663,0.164480729737195,0.140279459933373
809,0.619367756469412,0.247759640188542,0.244185541162083,0.231177046607856,0.169237834303805,0.181025063276694
943,0.618483198986599,0.325551793923222,0.315674182764382,0.312714190948075,0.198798498578782,0.162677834203278
676,0.627323083479833,0.246862287018223,0.208116557082828,0.253194757033311,0.144424803121843,0.232023448734304
772,0.612287594171303,0.241532534498303,0.220471637257467,0.233725581744281,0.140279459933373,0.140279459933373
736,0.638797087949753,0.223704949036996,0.241532534498303,0.23033379664679,0.164024746412181,0.146237238572002
396,0.643205181411445,0.231177046607856,0.140279459933373,0.608744246353995,0.657294084136253,0.489087655334828
737,0.623788627185174,0.322587416871138,0.330492731245164,0.246862287018223,0.219672052767678,0.150839880430613
707,0.616713692539713,0.245075200706715,0.232023448734304,0.249561781327291,0.163123316426449,0.147819407725247
609,0.597212308466731,0.251373586915138,0.235439936165745,0.255024990396885,0.167772573247934,0.168745733831007
664,0.612287594171303,0.237166246337142,0.245075200706715,0.190154027575454,0.169733635746363,0.147497624383717
853,0.629089586309926,0.26806502014066,0.206639944148685,0.280468392646033,0.149469410107982,0.168745733831007
689,0.606085249352797,0.251373586915138,0.181605650010004,0.275669606701894,0.140279459933373,0.140279459933373
651,0.616713692539713,0.211875157547888,0.194059239855938,0.203016510694019,0.165869963138432,0.178742307944130
796,0.66608754581422,0.256863984839407,0.232872971194181,0.286266334773665,0.154850743467635,0.165403320798019
793,0.63703309779987,0.23033379664679,0.224521889216861,0.26806502014066,0.140279459933373,0.164940248736627
692,0.613173084606865,0.224521889216861,0.179307075461499,0.269956905233921,0.184568357977156,0.140279459933373
785,0.63703309779987,0.252283020211930,0.23033379664679,0.252283020211930,0.148801114525785,0.16634019279706
452,0.647610671197383,0.26806502014066,0.264301525715948,0.262430509724191,0.174898448025698,0.149133866930996
354,0.436084425669404,0.161362102255135,0.193398287644562,0.152982630801945,0.161797245314680,0.140279459933373
703,0.590102705627282,0.232872971194181,0.231177046607856,0.198798498578782,0.163123316426449,0.178742307944130
949,0.632621179272578,0.266179795115631,0.236301613614802,0.214949882112267,0.173835068385563,0.188255890082703
770,0.601650667029677,0.229493730258852,0.203733362812729,0.232023448734304,0.149469410107982,0.168745733831007
749,0.658173830133798,0.226165913043895,0.250466494772263,0.238033800236652,0.167772573247934,0.168745733831007
631,0.611401966215199,0.222891426963376,0.269010148553487,0.159237162188545,0.174898448025698,0.158410531669826
732,0.601650667029677,0.259638241659144,0.275669606701894,0.232872971194181,0.192741366843982,0.172787005806565
916,0.661691913619881,0.291125967010989,0.249561781327291,0.249561781327291,0.151542367809210,0.192741366843982
171,0.524641044535778,0.140279459933373,0.183371292540019,0.214949882112267,0.140279459933373,0.140279459933373
696,0.636150937944643,0.336419918223748,0.315674182764382,0.260567046745838,0.212638240623736,0.210360301592275
497,0.666966416344732,0.285297304030371,0.344314559496454,0.207376318697083,0.177071557205383,0.140279459933373
687,0.578526502286961,0.256863984839407,0.265239772398733,0.244185541162083,0.194059239855938,0.140279459933373
648,0.608744246353995,0.236301613614802,0.218083551882790,0.192741366843982,0.157195124574254,0.141066417195949
689,0.616713692539713,0.244185541162083,0.232872971194181,0.291125967010989,0.191439626593958,0.164024746412181
699,0.620252184825136,0.295029198942614,0.319623752397046,0.23977753355553,0.212638240623736,0.165403320798019
708,0.610516199655431,0.254108759679802,0.240653643199231,0.246862287018223,0.171754154191287,0.181025063276694
873,0.63703309779987,0.275669606701894,0.250466494772263,0.26806502014066,0.183967824035887,0.140279459933373
744,0.650252758171119,0.247759640188542,0.209608564537159,0.281431899695417,0.140279459933373,0.185172899926102
799,0.611401966215199,0.258711437790672,0.193398287644562,0.368866547920421,0.394120687044045,0.245967461561916
369,0.471572446139952,0.23033379664679,0.193398287644562,0.237166246337142,0.152982630801945,0.140279459933373
701,0.621136485069615,0.302869127130412,0.32159942528535,0.277585234113443,0.261497815323131,0.190794809258731
387,0.455776216619560,0.186394027664835,0.168745733831007,0.203016510694019,0.157195124574254,0.145319498566922
649,0.600763302119727,0.218083551882790,0.23977753355553,0.218083551882790,0.16357228121085,0.179307075461499
818,0.622904705251892,0.243298519444439,0.218083551882790,0.222081350052879,0.171243398019944,0.140539522938054
700,0.619367756469412,0.235439936165745,0.244185541162083,0.225342219919308,0.184568357977156,0.140279459933373
744,0.617598511353537,0.255024990396885,0.215727826366646,0.222891426963376,0.191439626593958,0.174364837136968
746,0.643205181411445,0.252283020211930,0.291125967010989,0.226992939983781,0.181605650010004,0.190154027575454
742,0.621136485069615,0.233725581744281,0.227823271636467,0.248659484023583,0.16634019279706,0.158822198286243
737,0.607858057407542,0.248659484023583,0.242414171861771,0.233725581744281,0.161362102255135,0.156008702799071
756,0.615828741507218,0.237166246337142,0.23977753355553,0.203733362812729,0.168745733831007,0.183967824035887
757,0.632621179272578,0.233725581744281,0.221274744825972,0.200889639762023,0.158822198286243,0.140279459933373
747,0.618483198986599,0.227823271636467,0.222891426963376,0.201594638931909,0.187010622123131,0.171243398019944
750,0.652893966371437,0.270905253648299,0.219672052767678,0.212638240623736,0.159655442358187,0.180448444205294
776,0.638797087949753,0.220471637257467,0.233725581744281,0.220471637257467,0.160930368981928,0.140279459933373
690,0.599875784998553,0.256863984839407,0.207376318697083,0.269956905233921,0.140279459933373,0.140279459933373
656,0.608744246353995,0.224521889216861,0.228656878414890,0.245967461561916,0.158002143279100,0.140279459933373
737,0.606971725447777,0.297964434643167,0.280468392646033,0.246862287018223,0.187631241909896,0.188884569174318
886,0.654654294039608,0.265239772398733,0.234581247743386,0.245967461561916,0.166814026627726,0.188884569174318
785,0.606971725447777,0.259638241659144,0.218083551882790,0.272806580486754,0.140539522938054,0.168745733831007
786,0.62555609967103,0.353177756395209,0.322587416871138,0.347271459448055,0.232872971194181,0.192088479379025
723,0.650252758171119,0.202303599215116,0.205178843545358,0.164024746412181,0.182778757451073,0.188255890082703
759,0.637915147508898,0.232023448734304,0.195393227873188,0.252283020211930,0.156796455796649,0.159237162188545
596,0.644086484322101,0.248659484023583,0.164024746412181,0.273759486818862,0.145018731380577,0.144131604573628
756,0.622020658211421,0.26336509235663,0.259638241659144,0.217294683481912,0.192088479379025,0.173835068385563
858,0.647610671197383,0.257786672914962,0.26336509235663,0.245075200706715,0.172787005806565,0.140279459933373
185,0.545397189457851,0.140279459933373,0.140279459933373,0.223704949036996,0.140279459933373,0.173309128978783
680,0.583873056414207,0.231177046607856,0.198798498578782,0.261497815323131,0.140279459933373,0.169237834303805
733,0.642323774366231,0.241532534498303,0.232872971194181,0.265239772398733,0.161797245314680,0.155619579790919
687,0.592770024376564,0.229493730258852,0.202303599215116,0.228656878414890,0.158410531669826,0.141602453589765
723,0.600763302119727,0.283362392853609,0.286266334773665,0.255024990396885,0.223704949036996,0.217294683481912
677,0.586543936638165,0.226992939983781,0.196743303664015,0.231177046607856,0.140279459933373,0.194724220966719
999,0.653774177471793,0.281431899695417,0.237166246337142,0.269956905233921,0.180448444205294,0.142423961905656
330,0.585653817185493,0.260567046745838,0.267121556704060,0.350225945404854,0.358090854945044,0.245075200706715
544,0.617598511353537,0.266179795115631,0.254108759679802,0.262430509724191,0.162677834203278,0.163123316426449
793,0.646729776551258,0.273759486818862,0.216509434133377,0.267121556704060,0.146862120354825,0.191439626593958
838,0.671359527115958,0.249561781327291,0.284329312589461,0.201594638931909,0.185172899926102,0.191439626593958
656,0.592770024376564,0.232023448734304,0.226992939983781,0.226165913043895,0.151189670120080,0.172268685450245
731,0.613173084606865,0.23033379664679,0.203733362812729,0.255024990396885,0.153720720340875,0.214949882112267
817,0.649372161207369,0.238033800236652,0.216509434133377,0.257786672914962,0.167772573247934,0.175435913518267
693,0.615828741507218,0.253194757033311,0.238033800236652,0.225342219919308,0.178181472416481,0.168745733831007
656,0.582982412426427,0.211875157547888,0.195393227873188,0.240653643199231,0.166814026627726,0.168745733831007
929,0.624672424998259,0.258711437790672,0.287236372741756,0.264301525715948,0.185172899926102,0.159237162188545
754,0.617598511353537,0.229493730258852,0.253194757033311,0.23977753355553,0.165869963138432,0.149469410107982
166,0.483571570595327,0.141602453589765,0.159237162188545,0.174364837136968,0.146862120354825,0.143552645462116
802,0.638797087949753,0.238033800236652,0.253194757033311,0.214175622695954,0.145928733232941,0.146237238572002
786,0.61405843859737,0.238033800236652,0.23033379664679,0.259638241659144,0.176522456496951,0.158410531669826
671,0.591881082994116,0.194059239855938,0.224521889216861,0.171243398019944,0.171754154191287,0.195393227873188
733,0.592770024376564,0.210360301592275,0.256863984839407,0.234581247743386,0.140279459933373,0.150492979148870
912,0.659053485350326,0.285297304030371,0.236301613614802,0.271855157449252,0.180448444205294,0.163123316426449
838,0.624672424998259,0.309756707604237,0.315674182764382,0.242414171861771,0.203016510694019,0.179875784505171
347,0.444549008408857,0.185781454960399,0.174898448025698,0.198109430350217,0.160930368981928,0.150492979148870
788,0.652893966371437,0.295029198942614,0.234581247743386,0.264301525715948,0.186394027664835,0.167291481291287
657,0.633503788623644,0.262430509724191,0.229493730258852,0.229493730258852,0.178181472416481,0.143552645462116
701,0.603424944919196,0.214175622695954,0.205178843545358,0.203733362812729,0.146548361254107,0.140279459933373
949,0.635268667058686,0.313700605163659,0.281431899695417,0.346286080835727,0.283362392853609,0.184568357977156
788,0.62555609967103,0.310742219942023,0.264301525715948,0.280468392646033,0.143266847840142,0.179307075461499
943,0.65113325749733,0.280468392646033,0.23033379664679,0.288207386188063,0.183371292540019,0.219672052767678
822,0.646729776551258,0.276626749501763,0.265239772398733,0.233725581744281,0.187010622123131,0.151897993103576
797,0.635268667058686,0.274713840722163,0.277585234113443,0.272806580486754,0.157597013980819,0.140279459933373
781,0.592770024376564,0.228656878414890,0.210360301592275,0.254108759679802,0.177624558944457,0.148801114525785
758,0.599875784998553,0.226992939983781,0.212638240623736,0.244185541162083,0.182190212262849,0.159655442358187
851,0.662571212990782,0.255943411389996,0.240653643199231,0.290152214217331,0.164940248736627,0.140279459933373
168,0.493674279807102,0.140279459933373,0.168257318749387,0.195393227873188,0.140279459933373,0.149133866930996
750,0.631738455286738,0.209608564537159,0.267121556704060,0.196743303664015,0.164480729737195,0.182778757451073
783,0.65113325749733,0.238904240888872,0.243298519444439,0.225342219919308,0.155233599845476,0.140279459933373
790,0.638797087949753,0.312714190948075,0.275669606701894,0.264301525715948,0.173309128978783,0.190794809258731
687,0.593658802575914,0.226992939983781,0.210360301592275,0.217294683481912,0.156008702799071,0.204454144375473
802,0.644086484322101,0.287236372741756,0.299924552865763,0.156400988328558,0.205907447843523,0.205907447843523
804,0.613173084606865,0.245967461561916,0.247759640188542,0.233725581744281,0.147497624383717,0.187010622123131
282,0.513753336846181,0.228656878414890,0.194724220966719,0.238904240888872,0.179875784505171,0.183967824035887
832,0.616713692539713,0.237166246337142,0.193398287644562,0.276626749501763,0.140279459933373,0.175977245746161
201,0.579418047575081,0.146862120354825,0.176522456496951,0.209608564537159,0.143266847840142,0.144720505822661
839,0.665208590906176,0.238033800236652,0.23033379664679,0.276626749501763,0.162235816543637,0.183967824035887
792,0.636150937944643,0.283362392853609,0.255943411389996,0.208116557082828,0.198109430350217,0.197424363331222
164,0.485411763012758,0.160502026996677,0.147819407725247,0.223704949036996,0.140279459933373,0.140279459933373
645,0.58209159090975,0.218876016213984,0.216509434133377,0.254108759679802,0.140279459933373,0.161797245314680
790,0.6678452031824,0.274713840722163,0.246862287018223,0.245967461561916,0.184568357977156,0.149807763529887
869,0.627323083479833,0.332468835480985,0.298944182722262,0.302869127130412,0.248659484023583,0.188255890082703
759,0.630855615748439,0.237166246337142,0.237166246337142,0.214949882112267,0.140279459933373,0.152982630801945
784,0.631738455286738,0.258711437790672,0.269956905233921,0.249561781327291,0.154094323280450,0.158002143279100
847,0.624672424998259,0.26806502014066,0.265239772398733,0.202303599215116,0.182778757451073,0.178742307944130
816,0.642323774366231,0.255943411389996,0.242414171861771,0.277585234113443,0.168745733831007,0.203016510694019
744,0.618483198986599,0.234581247743386,0.218083551882790,0.219672052767678,0.178742307944130,0.140279459933373
699,0.561550463611059,0.308771540986705,0.252283020211930,0.225342219919308,0.198109430350217,0.194059239855938
799,0.640560644506718,0.275669606701894,0.256863984839407,0.237166246337142,0.165869963138432,0.146862120354825
766,0.629972659733243,0.226992939983781,0.234581247743386,0.261497815323131,0.160930368981928,0.151897993103576
606,0.598988114480156,0.233725581744281,0.214175622695954,0.249561781327291,0.152982630801945,0.150492979148870
552,0.526451579334568,0.275669606701894,0.260567046745838,0.249561781327291,0.174364837136968,0.190154027575454
966,0.644086484322101,0.285297304030371,0.266179795115631,0.294052217151829,0.173835068385563,0.189517281185082
984,0.647610671197383,0.280468392646033,0.228656878414890,0.226992939983781,0.190154027575454,0.161362102255135
983,0.652893966371437,0.296985336054750,0.297964434643167,0.292100571713878,0.200889639762023,0.218083551882790
661,0.61494365721071,0.203733362812729,0.246862287018223,0.215727826366646,0.160502026996677,0.173835068385563
694,0.612287594171303,0.232023448734304,0.214949882112267,0.227823271636467,0.170736402643872,0.199491561253654
152,0.445487145704544,0.140279459933373,0.140279459933373,0.223704949036996,0.140279459933373,0.161797245314680
859,0.643205181411445,0.250466494772263,0.222081350052879,0.289179343702615,0.146548361254107,0.198109430350217
775,0.612287594171303,0.251373586915138,0.254108759679802,0.251373586915138,0.16357228121085,0.160930368981928
715,0.631738455286738,0.220471637257467,0.209608564537159,0.23033379664679,0.148471133452426,0.163123316426449
877,0.610516199655431,0.244185541162083,0.203016510694019,0.245967461561916,0.150148946700048,0.140279459933373
374,0.444549008408857,0.182778757451073,0.191439626593958,0.196743303664015,0.167772573247934,0.140279459933373
800,0.59099197716754,0.232023448734304,0.250466494772263,0.199491561253654,0.140279459933373,0.164940248736627
793,0.611401966215199,0.241532534498303,0.238033800236652,0.252283020211930,0.155233599845476,0.140279459933373
803,0.641442262346675,0.238904240888872,0.232872971194181,0.241532534498303,0.220471637257467,0.155619579790919
604,0.611401966215199,0.219672052767678,0.227823271636467,0.252283020211930,0.140279459933373,0.143840891542185
697,0.624672424998259,0.200188610986799,0.232023448734304,0.223704949036996,0.168745733831007,0.157597013980819
724,0.636150937944643,0.234581247743386,0.192741366843982,0.292100571713878,0.140279459933373,0.146862120354825
950,0.679262118185675,0.284329312589461,0.245075200706715,0.291125967010989,0.182778757451073,0.145018731380577
813,0.640560644506718,0.256863984839407,0.276626749501763,0.223704949036996,0.160930368981928,0.158410531669826
502,0.613173084606865,0.243298519444439,0.278545025785751,0.196066256873814,0.140801836156987,0.140279459933373
643,0.588323660284695,0.242414171861771,0.241532534498303,0.207376318697083,0.178181472416481,0.155233599845476
234,0.681017412481438,0.235439936165745,0.196743303664015,0.333456768437105,0.324563618926047,0.213405068833102
802,0.626439652176295,0.310742219942023,0.261497815323131,0.308771540986705,0.199491561253654,0.148143904307162
779,0.608744246353995,0.217294683481912,0.194724220966719,0.275669606701894,0.140279459933373,0.140279459933373
829,0.644967683931748,0.376671178467619,0.330492731245164,0.32159942528535,0.226992939983781,0.191439626593958
744,0.610516199655431,0.206639944148685,0.23033379664679,0.243298519444439,0.140279459933373,0.172268685450245
961,0.661691913619881,0.264301525715948,0.269956905233921,0.243298519444439,0.181605650010004,0.16357228121085
813,0.618483198986599,0.243298519444439,0.237166246337142,0.171754154191287,0.174364837136968,0.168745733831007
822,0.627323083479833,0.242414171861771,0.237166246337142,0.238904240888872,0.171754154191287,0.168745733831007
344,0.45297556976512,0.210360301592275,0.185781454960399,0.200188610986799,0.143266847840142,0.176522456496951
280,0.465083048709257,0.166814026627726,0.145622826217966,0.177071557205383,0.146862120354825,0.140279459933373
567,0.585653817185493,0.364953752682284,0.343328438016707,0.346286080835727,0.226992939983781,0.212638240623736
357,0.455776216619560,0.179875784505171,0.179875784505171,0.194059239855938,0.140279459933373,0.156400988328558
968,0.634386284250911,0.378617765257579,0.315674182764382,0.346286080835727,0.252283020211930,0.207376318697083
663,0.605198627992826,0.218876016213984,0.201594638931909,0.208116557082828,0.189517281185082,0.151897993103576
798,0.659053485350326,0.256863984839407,0.238904240888872,0.269010148553487,0.140279459933373,0.140279459933373
740,0.624672424998259,0.262430509724191,0.249561781327291,0.290152214217331,0.147497624383717,0.190794809258731
428,0.456708871220304,0.178742307944130,0.153720720340875,0.211875157547888,0.140279459933373,0.145622826217966
828,0.65113325749733,0.267121556704060,0.210360301592275,0.253194757033311,0.145319498566922,0.160930368981928
744,0.626439652176295,0.247759640188542,0.216509434133377,0.255024990396885,0.146548361254107,0.164024746412181
875,0.617598511353537,0.254108759679802,0.210360301592275,0.309756707604237,0.173309128978783,0.147178535004063
646,0.585653817185493,0.242414171861771,0.248659484023583,0.229493730258852,0.153720720340875,0.155233599845476
851,0.629089586309926,0.245967461561916,0.245967461561916,0.256863984839407,0.182190212262849,0.181605650010004
944,0.638797087949753,0.326539995183568,0.289179343702615,0.298944182722262,0.249561781327291,0.211115838461421
723,0.620252184825136,0.282396577544332,0.283362392853609,0.259638241659144,0.199491561253654,0.197424363331222
978,0.636150937944643,0.273759486818862,0.221274744825972,0.204454144375473,0.151897993103576,0.169237834303805
159,0.450170855356869,0.155619579790919,0.140279459933373,0.196743303664015,0.155619579790919,0.140279459933373
731,0.632621179272578,0.235439936165745,0.219672052767678,0.242414171861771,0.147497624383717,0.147497624383717
742,0.601650667029677,0.269010148553487,0.235439936165745,0.309756707604237,0.188255890082703,0.171243398019944
680,0.628206394540431,0.249561781327291,0.256863984839407,0.251373586915138,0.155619579790919,0.202303599215116
275,0.439851241970584,0.162677834203278,0.173835068385563,0.157195124574254,0.140279459933373,0.173309128978783
711,0.633503788623644,0.255024990396885,0.291125967010989,0.217294683481912,0.202303599215116,0.173309128978783
756,0.612287594171303,0.243298519444439,0.218876016213984,0.229493730258852,0.171243398019944,0.140279459933373
728,0.611401966215199,0.224521889216861,0.206639944148685,0.266179795115631,0.154094323280450,0.145928733232941
1022,0.654654294039608,0.273759486818862,0.305818349289740,0.255024990396885,0.224521889216861,0.200188610986799
853,0.635268667058686,0.255024990396885,0.199491561253654,0.275669606701894,0.146237238572002,0.162677834203278
746,0.617598511353537,0.23977753355553,0.270905253648299,0.222081350052879,0.157597013980819,0.140279459933373
669,0.598988114480156,0.247759640188542,0.218083551882790,0.238033800236652,0.199491561253654,0.158822198286243
669,0.629972659733243,0.219672052767678,0.208116557082828,0.259638241659144,0.16357228121085,0.155233599845476
855,0.629089586309926,0.235439936165745,0.218876016213984,0.204454144375473,0.148471133452426,0.200889639762023
646,0.590102705627282,0.207376318697083,0.225342219919308,0.209608564537159,0.174898448025698,0.172268685450245
743,0.606971725447777,0.199491561253654,0.170233153496669,0.213405068833102,0.187631241909896,0.155619579790919
644,0.590102705627282,0.26806502014066,0.245967461561916,0.264301525715948,0.196066256873814,0.150148946700048
604,0.668723907006677,0.237166246337142,0.262430509724191,0.213405068833102,0.217294683481912,0.175435913518267
700,0.58030940985411,0.200188610986799,0.221274744825972,0.208116557082828,0.159655442358187,0.164024746412181
792,0.61494365721071,0.259638241659144,0.253194757033311,0.219672052767678,0.168257318749387,0.210360301592275
759,0.626439652176295,0.32159942528535,0.323575487390111,0.269956905233921,0.190794809258731,0.16357228121085
833,0.664329550930648,0.255024990396885,0.246862287018223,0.279506090033501,0.205907447843523,0.170233153496669
281,0.638797087949753,0.140279459933373,0.145928733232941,0.232872971194181,0.140279459933373,0.144424803121843
642,0.56334084744967,0.331480818156256,0.251373586915138,0.289179343702615,0.181605650010004,0.159655442358187
975,0.635268667058686,0.255024990396885,0.253194757033311,0.171243398019944,0.160930368981928,0.157195124574254
642,0.574958463059337,0.223704949036996,0.215727826366646,0.240653643199231,0.179307075461499,0.143840891542185
766,0.652893966371437,0.219672052767678,0.251373586915138,0.205178843545358,0.203733362812729,0.183371292540019
717,0.61405843859737,0.247759640188542,0.229493730258852,0.211875157547888,0.187631241909896,0.140279459933373
390,0.458572851358513,0.192088479379025,0.165869963138432,0.224521889216861,0.168745733831007,0.168257318749387
705,0.627323083479833,0.212638240623736,0.205178843545358,0.269010148553487,0.140279459933373,0.187010622123131
872,0.626439652176295,0.245967461561916,0.247759640188542,0.245967461561916,0.167291481291287,0.188884569174318
761,0.65113325749733,0.296006914761259,0.267121556704060,0.271855157449252,0.185172899926102,0.166814026627726
674,0.62555609967103,0.214949882112267,0.181605650010004,0.251373586915138,0.154850743467635,0.143552645462116
818,0.596324170558622,0.243298519444439,0.236301613614802,0.218876016213984,0.190794809258731,0.164480729737195
715,0.59454741884471,0.226165913043895,0.202303599215116,0.248659484023583,0.140279459933373,0.156400988328558
795,0.632621179272578,0.258711437790672,0.197424363331222,0.243298519444439,0.158002143279100,0.160930368981928
158,0.458572851358513,0.140279459933373,0.149469410107982,0.203016510694019,0.141066417195949,0.140279459933373
679,0.6678452031824,0.231177046607856,0.198109430350217,0.265239772398733,0.147819407725247,0.198109430350217
228,0.482650905054512,0.16357228121085,0.197424363331222,0.175435913518267,0.158002143279100,0.167772573247934
747,0.63703309779987,0.244185541162083,0.222891426963376,0.236301613614802,0.166814026627726,0.140279459933373
849,0.635268667058686,0.26806502014066,0.210360301592275,0.236301613614802,0.194724220966719,0.187631241909896
287,0.476195411202944,0.192741366843982,0.190154027575454,0.187631241909896,0.16357228121085,0.157195124574254
709,0.598988114480156,0.220471637257467,0.222891426963376,0.226992939983781,0.180448444205294,0.183967824035887
713,0.626439652176295,0.245075200706715,0.236301613614802,0.169733635746363,0.181605650010004,0.168257318749387
896,0.67838435938152,0.280468392646033,0.236301613614802,0.258711437790672,0.156796455796649,0.144131604573628
694,0.603424944919196,0.216509434133377,0.158822198286243,0.272806580486754,0.154470991130581,0.169237834303805
897,0.626439652176295,0.270905253648299,0.23033379664679,0.225342219919308,0.159237162188545,0.171243398019944
839,0.665208590906176,0.253194757033311,0.271855157449252,0.205178843545358,0.150148946700048,0.226165913043895
751,0.630855615748439,0.215727826366646,0.227823271636467,0.211115838461421,0.140279459933373,0.177624558944457
272,0.658173830133798,0.237166246337142,0.237166246337142,0.355144025044986,0.384446102799712,0.217294683481912
170,0.512844066957349,0.140279459933373,0.190794809258731,0.157597013980819,0.140279459933373,0.140279459933373
756,0.619367756469412,0.218876016213984,0.226165913043895,0.226992939983781,0.156400988328558,0.175435913518267
842,0.636150937944643,0.247759640188542,0.248659484023583,0.259638241659144,0.181605650010004,0.180448444205294
812,0.652893966371437,0.265239772398733,0.217294683481912,0.266179795115631,0.152982630801945,0.142147774681471
788,0.628206394540431,0.270905253648299,0.245967461561916,0.241532534498303,0.218083551882790,0.206639944148685
887,0.637915147508898,0.249561781327291,0.253194757033311,0.207376318697083,0.172787005806565,0.151542367809210
691,0.602537880906253,0.221274744825972,0.215727826366646,0.238904240888872,0.176522456496951,0.140279459933373
852,0.593658802575914,0.269010148553487,0.258711437790672,0.235439936165745,0.160502026996677,0.142147774681471
334,0.455776216619560,0.177624558944457,0.185172899926102,0.187010622123131,0.169733635746363,0.178181472416481
880,0.65201365997105,0.287236372741756,0.284329312589461,0.299924552865763,0.205907447843523,0.140279459933373
849,0.629972659733243,0.262430509724191,0.23033379664679,0.281431899695417,0.140801836156987,0.163123316426449
775,0.608744246353995,0.250466494772263,0.26806502014066,0.211115838461421,0.175977245746161,0.140279459933373
726,0.616713692539713,0.252283020211930,0.221274744825972,0.243298519444439,0.203016510694019,0.175977245746161
636,0.670481068306923,0.266179795115631,0.240653643199231,0.255943411389996,0.151897993103576,0.184568357977156
729,0.611401966215199,0.26806502014066,0.258711437790672,0.203733362812729,0.163123316426449,0.203016510694019
147,0.443610401564419,0.148143904307162,0.192741366843982,0.164480729737195,0.164024746412181,0.140279459933373
640,0.679262118185675,0.286266334773665,0.255943411389996,0.224521889216861,0.178742307944130,0.175435913518267
961,0.646729776551258,0.377644706128292,0.352194131843378,0.342342090635241,0.190154027575454,0.187631241909896
351,0.442671323317129,0.170233153496669,0.158410531669826,0.222081350052879,0.149807763529887,0.140279459933373
857,0.647610671197383,0.255943411389996,0.255943411389996,0.218876016213984,0.194059239855938,0.170233153496669
585,0.628206394540431,0.257786672914962,0.232023448734304,0.26806502014066,0.161362102255135,0.162235816543637
885,0.639678919993987,0.275669606701894,0.272806580486754,0.274713840722163,0.188255890082703,0.147819407725247
544,0.58030940985411,0.282396577544332,0.257786672914962,0.26336509235663,0.197424363331222,0.161362102255135
722,0.620252184825136,0.235439936165745,0.233725581744281,0.205178843545358,0.150492979148870,0.144424803121843
662,0.597212308466731,0.227823271636467,0.240653643199231,0.234581247743386,0.150839880430613,0.140279459933373
745,0.58209159090975,0.212638240623736,0.215727826366646,0.269010148553487,0.150839880430613,0.183371292540019
674,0.636150937944643,0.287236372741756,0.271855157449252,0.272806580486754,0.171243398019944,0.195393227873188
811,0.599875784998553,0.227823271636467,0.214949882112267,0.221274744825972,0.140279459933373,0.165403320798019
789,0.653774177471793,0.318636108753548,0.307786743279463,0.229493730258852,0.156008702799071,0.175435913518267
898,0.659933050519219,0.269956905233921,0.232872971194181,0.255943411389996,0.158410531669826,0.140279459933373
801,0.664329550930648,0.282396577544332,0.295029198942614,0.264301525715948,0.185172899926102,0.156008702799071
658,0.605198627992826,0.232872971194181,0.231177046607856,0.223704949036996,0.146862120354825,0.140279459933373
752,0.605198627992826,0.243298519444439,0.213405068833102,0.248659484023583,0.181605650010004,0.146862120354825
736,0.595435874427052,0.245967461561916,0.226992939983781,0.269010148553487,0.140279459933373,0.140279459933373
872,0.69417308126887,0.344314559496454,0.310742219942023,0.318636108753548,0.218876016213984,0.180448444205294
719,0.627323083479833,0.264301525715948,0.216509434133377,0.237166246337142,0.16634019279706,0.152618104976752
720,0.605198627992826,0.219672052767678,0.245967461561916,0.156400988328558,0.205178843545358,0.198109430350217
803,0.659933050519219,0.246862287018223,0.224521889216861,0.283362392853609,0.161797245314680,0.156008702799071
825,0.647610671197383,0.231177046607856,0.235439936165745,0.259638241659144,0.153350162717428,0.145319498566922
856,0.663450425192382,0.253194757033311,0.269956905233921,0.172268685450245,0.182778757451073,0.179875784505171
751,0.601650667029677,0.238033800236652,0.219672052767678,0.190154027575454,0.176522456496951,0.197424363331222
713,0.581200590507501,0.254108759679802,0.206639944148685,0.197424363331222,0.198798498578782,0.201594638931909
298,0.407579902497849,0.174898448025698,0.187631241909896,0.199491561253654,0.156796455796649,0.140279459933373
896,0.635268667058686,0.259638241659144,0.227823271636467,0.240653643199231,0.198798498578782,0.140279459933373
657,0.576742857104671,0.323575487390111,0.272806580486754,0.32159942528535,0.185781454960399,0.166814026627726
699,0.579418047575081,0.194724220966719,0.140279459933373,0.279506090033501,0.140279459933373,0.161797245314680
370,0.447362019176649,0.219672052767678,0.195393227873188,0.221274744825972,0.156400988328558,0.170233153496669
774,0.606971725447777,0.247759640188542,0.232023448734304,0.242414171861771,0.146862120354825,0.179875784505171
803,0.645848781067736,0.254108759679802,0.275669606701894,0.280468392646033,0.175977245746161,0.190794809258731
726,0.609630293401202,0.238904240888872,0.200188610986799,0.234581247743386,0.154850743467635,0.160502026996677
812,0.639678919993987,0.277585234113443,0.251373586915138,0.26336509235663,0.198798498578782,0.144720505822661
762,0.595435874427052,0.245075200706715,0.192088479379025,0.222891426963376,0.209608564537159,0.185781454960399
868,0.62555609967103,0.277585234113443,0.238033800236652,0.223704949036996,0.159655442358187,0.157195124574254
823,0.617598511353537,0.253194757033311,0.254108759679802,0.226165913043895,0.161797245314680,0.16357228121085
755,0.649372161207369,0.26336509235663,0.250466494772263,0.172268685450245,0.158002143279100,0.160502026996677
747,0.618483198986599,0.23977753355553,0.214949882112267,0.214949882112267,0.156796455796649,0.158410531669826
845,0.604311860230174,0.234581247743386,0.26336509235663,0.178742307944130,0.172268685450245,0.156796455796649
687,0.624672424998259,0.218083551882790,0.214949882112267,0.227823271636467,0.196743303664015,0.140279459933373
791,0.606971725447777,0.253194757033311,0.244185541162083,0.187010622123131,0.161797245314680,0.156008702799071
220,0.591881082994116,0.146237238572002,0.151897993103576,0.192741366843982,0.140279459933373,0.147178535004063
666,0.603424944919196,0.232023448734304,0.250466494772263,0.197424363331222,0.154850743467635,0.187010622123131
837,0.624672424998259,0.254108759679802,0.200188610986799,0.283362392853609,0.149469410107982,0.140279459933373
384,0.433254223593108,0.181025063276694,0.217294683481912,0.162235816543637,0.171754154191287,0.140279459933373
761,0.619367756469412,0.244185541162083,0.256863984839407,0.216509434133377,0.182778757451073,0.140279459933373
782,0.65201365997105,0.305818349289740,0.297964434643167,0.303851718893881,0.211115838461421,0.174898448025698
789,0.65201365997105,0.269956905233921,0.196743303664015,0.265239772398733,0.208860644258667,0.193398287644562
656,0.592770024376564,0.240653643199231,0.223704949036996,0.266179795115631,0.169237834303805,0.172787005806565
677,0.633503788623644,0.23033379664679,0.226165913043895,0.241532534498303,0.157597013980819,0.159237162188545
829,0.598988114480156,0.223704949036996,0.26806502014066,0.232872971194181,0.171754154191287,0.182778757451073
606,0.602537880906253,0.219672052767678,0.238033800236652,0.198109430350217,0.174898448025698,0.149133866930996
761,0.585653817185493,0.206639944148685,0.171754154191287,0.205907447843523,0.142147774681471,0.162235816543637
709,0.605198627992826,0.214175622695954,0.208860644258667,0.243298519444439,0.140539522938054,0.140279459933373
706,0.591881082994116,0.238904240888872,0.208116557082828,0.234581247743386,0.151897993103576,0.157597013980819
945,0.6678452031824,0.286266334773665,0.265239772398733,0.296985336054750,0.190154027575454,0.140279459933373
914,0.593658802575914,0.310742219942023,0.271855157449252,0.253194757033311,0.164480729737195,0.181605650010004
734,0.629972659733243,0.255024990396885,0.217294683481912,0.255024990396885,0.169733635746363,0.169733635746363
690,0.587433883900336,0.259638241659144,0.191439626593958,0.259638241659144,0.145018731380577,0.150492979148870
703,0.600763302119727,0.232023448734304,0.196066256873814,0.148143904307162,0.171243398019944,0.191439626593958
765,0.606085249352797,0.223704949036996,0.210360301592275,0.211115838461421,0.192741366843982,0.185781454960399
656,0.602537880906253,0.23977753355553,0.26336509235663,0.157597013980819,0.140279459933373,0.140279459933373
188,0.604311860230174,0.190154027575454,0.188255890082703,0.369843682925459,0.39893907178823,0.234581247743386
846,0.649372161207369,0.259638241659144,0.281431899695417,0.240653643199231,0.188884569174318,0.146548361254107
758,0.622904705251892,0.233725581744281,0.251373586915138,0.233725581744281,0.163123316426449,0.166814026627726
832,0.621136485069615,0.290152214217331,0.257786672914962,0.219672052767678,0.175435913518267,0.140801836156987
666,0.593658802575914,0.231177046607856,0.213405068833102,0.227823271636467,0.169237834303805,0.178742307944130
721,0.588323660284695,0.233725581744281,0.188884569174318,0.238033800236652,0.156796455796649,0.153720720340875
725,0.618483198986599,0.238033800236652,0.23033379664679,0.200188610986799,0.181025063276694,0.159237162188545
682,0.659933050519219,0.269010148553487,0.217294683481912,0.247759640188542,0.181605650010004,0.140279459933373
707,0.605198627992826,0.257786672914962,0.244185541162083,0.231177046607856,0.181605650010004,0.167772573247934
740,0.62555609967103,0.246862287018223,0.211115838461421,0.242414171861771,0.153350162717428,0.140279459933373
608,0.641442262346675,0.258711437790672,0.273759486818862,0.206639944148685,0.218876016213984,0.223704949036996
970,0.640560644506718,0.308771540986705,0.274713840722163,0.278545025785751,0.201594638931909,0.197424363331222
726,0.59454741884471,0.269956905233921,0.216509434133377,0.273759486818862,0.165403320798019,0.167291481291287
788,0.622904705251892,0.249561781327291,0.242414171861771,0.226165913043895,0.156008702799071,0.147497624383717
787,0.623788627185174,0.269010148553487,0.257786672914962,0.281431899695417,0.154094323280450,0.187010622123131
760,0.643205181411445,0.262430509724191,0.294052217151829,0.205907447843523,0.193398287644562,0.223704949036996
397,0.45297556976512,0.203733362812729,0.198798498578782,0.222891426963376,0.145928733232941,0.189517281185082
810,0.634386284250911,0.300905518027404,0.26806502014066,0.267121556704060,0.195393227873188,0.167291481291287
700,0.63703309779987,0.272806580486754,0.279506090033501,0.192741366843982,0.254108759679802,0.219672052767678
861,0.636150937944643,0.217294683481912,0.220471637257467,0.208116557082828,0.181025063276694,0.203016510694019
751,0.592770024376564,0.200889639762023,0.215727826366646,0.243298519444439,0.161362102255135,0.140279459933373
796,0.631738455286738,0.262430509724191,0.265239772398733,0.279506090033501,0.153720720340875,0.183371292540019
708,0.620252184825136,0.250466494772263,0.248659484023583,0.223704949036996,0.200188610986799,0.210360301592275
410,0.515570951288053,0.200889639762023,0.216509434133377,0.220471637257467,0.142702524367706,0.170233153496669
783,0.608744246353995,0.206639944148685,0.233725581744281,0.272806580486754,0.140279459933373,0.165869963138432
731,0.655534316836593,0.320611530912211,0.288207386188063,0.282396577544332,0.209608564537159,0.187631241909896
754,0.63703309779987,0.271855157449252,0.276626749501763,0.246862287018223,0.215727826366646,0.194059239855938
357,0.44923503724365,0.168257318749387,0.223704949036996,0.219672052767678,0.144720505822661,0.16634019279706
794,0.611401966215199,0.211115838461421,0.231177046607856,0.192741366843982,0.163123316426449,0.173835068385563
757,0.609630293401202,0.236301613614802,0.259638241659144,0.222891426963376,0.140279459933373,0.140279459933373
804,0.640560644506718,0.246862287018223,0.167291481291287,0.250466494772263,0.140279459933373,0.160077057692081
343,0.453909567952752,0.165403320798019,0.215727826366646,0.193398287644562,0.150148946700048,0.164024746412181
972,0.631738455286738,0.251373586915138,0.226165913043895,0.264301525715948,0.163123316426449,0.143552645462116
753,0.616713692539713,0.242414171861771,0.242414171861771,0.246862287018223,0.143840891542185,0.148143904307162
900,0.65113325749733,0.269010148553487,0.266179795115631,0.190154027575454,0.175435913518267,0.142423961905656
760,0.61494365721071,0.249561781327291,0.267121556704060,0.226165913043895,0.175977245746161,0.182778757451073
716,0.585653817185493,0.265239772398733,0.237166246337142,0.273759486818862,0.143266847840142,0.164940248736627
847,0.597212308466731,0.227823271636467,0.183371292540019,0.254108759679802,0.157597013980819,0.151897993103576
726,0.590102705627282,0.245967461561916,0.188255890082703,0.236301613614802,0.166814026627726,0.154094323280450
423,0.595435874427052,0.26336509235663,0.260567046745838,0.255943411389996,0.205178843545358,0.203733362812729
738,0.597212308466731,0.211115838461421,0.234581247743386,0.278545025785751,0.144131604573628,0.164024746412181
712,0.590102705627282,0.214949882112267,0.206639944148685,0.218876016213984,0.182190212262849,0.143552645462116
876,0.672237905577799,0.310742219942023,0.291125967010989,0.304834801321944,0.140279459933373,0.196066256873814
190,0.557967132030868,0.168745733831007,0.207376318697083,0.206639944148685,0.140279459933373,0.155619579790919
706,0.622020658211421,0.242414171861771,0.251373586915138,0.242414171861771,0.151542367809210,0.140279459933373
652,0.62555609967103,0.234581247743386,0.253194757033311,0.178181472416481,0.161362102255135,0.140279459933373
755,0.619367756469412,0.312714190948075,0.270905253648299,0.315674182764382,0.164024746412181,0.146237238572002
170,0.481729856995562,0.142702524367706,0.170233153496669,0.200889639762023,0.140279459933373,0.154850743467635
355,0.452041119617036,0.203016510694019,0.185172899926102,0.182778757451073,0.155619579790919,0.140279459933373
350,0.446424815327873,0.201594638931909,0.209608564537159,0.209608564537159,0.202303599215116,0.208860644258667
668,0.601650667029677,0.221274744825972,0.265239772398733,0.219672052767678,0.150148946700048,0.182778757451073
784,0.600763302119727,0.302869127130412,0.289179343702615,0.304834801321944,0.210360301592275,0.150492979148870
859,0.665208590906176,0.272806580486754,0.234581247743386,0.294052217151829,0.165869963138432,0.221274744825972
882,0.649372161207369,0.250466494772263,0.280468392646033,0.218083551882790,0.182778757451073,0.202303599215116
746,0.617598511353537,0.267121556704060,0.182778757451073,0.285297304030371,0.148801114525785,0.173309128978783
805,0.61494365721071,0.255943411389996,0.205907447843523,0.295029198942614,0.140279459933373,0.182190212262849
296,0.466939252082330,0.185781454960399,0.217294683481912,0.181605650010004,0.157597013980819,0.162235816543637
666,0.622904705251892,0.253194757033311,0.228656878414890,0.255943411389996,0.142147774681471,0.157597013980819
840,0.600763302119727,0.255943411389996,0.211875157547888,0.255024990396885,0.151897993103576,0.190154027575454
739,0.65201365997105,0.210360301592275,0.26336509235663,0.212638240623736,0.177624558944457,0.164480729737195
656,0.598988114480156,0.256863984839407,0.249561781327291,0.203016510694019,0.189517281185082,0.156008702799071
681,0.581200590507501,0.248659484023583,0.245967461561916,0.269956905233921,0.149807763529887,0.140279459933373
731,0.615828741507218,0.241532534498303,0.208116557082828,0.247759640188542,0.154470991130581,0.172787005806565
747,0.597212308466731,0.240653643199231,0.222891426963376,0.255943411389996,0.140279459933373,0.184568357977156
572,0.538193325982493,0.359072414588444,0.306802338059224,0.305818349289740,0.190794809258731,0.203016510694019
666,0.616713692539713,0.232872971194181,0.248659484023583,0.207376318697083,0.155619579790919,0.178181472416481
798,0.61494365721071,0.259638241659144,0.172268685450245,0.277585234113443,0.147178535004063,0.140279459933373
756,0.627323083479833,0.232023448734304,0.243298519444439,0.259638241659144,0.152982630801945,0.162677834203278
750,0.632621179272578,0.233725581744281,0.214175622695954,0.244185541162083,0.159655442358187,0.147178535004063
652,0.590102705627282,0.284329312589461,0.267121556704060,0.255943411389996,0.190794809258731,0.140279459933373
834,0.589213267095234,0.221274744825972,0.269956905233921,0.214949882112267,0.184568357977156,0.187010622123131
582,0.493674279807102,0.216509434133377,0.171243398019944,0.186394027664835,0.179875784505171,0.16634019279706
745,0.638797087949753,0.234581247743386,0.234581247743386,0.245967461561916,0.150492979148870,0.202303599215116
826,0.624672424998259,0.279506090033501,0.272806580486754,0.236301613614802,0.182778757451073,0.140279459933373
848,0.649372161207369,0.274713840722163,0.258711437790672,0.270905253648299,0.164024746412181,0.152618104976752
763,0.633503788623644,0.247759640188542,0.232872971194181,0.26336509235663,0.163123316426449,0.140279459933373
725,0.587433883900336,0.187010622123131,0.186394027664835,0.245967461561916,0.142147774681471,0.179875784505171
169,0.491840713366392,0.143266847840142,0.193398287644562,0.157597013980819,0.162677834203278,0.140279459933373
645,0.560654953573793,0.292100571713878,0.26806502014066,0.23977753355553,0.170736402643872,0.151542367809210
967,0.640560644506718,0.241532534498303,0.244185541162083,0.233725581744281,0.175435913518267,0.212638240623736
719,0.637915147508898,0.238033800236652,0.228656878414890,0.228656878414890,0.140279459933373,0.170736402643872
947,0.631738455286738,0.278545025785751,0.265239772398733,0.286266334773665,0.185781454960399,0.151897993103576
282,0.432309844864813,0.170736402643872,0.140279459933373,0.229493730258852,0.140279459933373,0.164480729737195
781,0.607858057407542,0.288207386188063,0.292100571713878,0.245967461561916,0.203733362812729,0.188884569174318
620,0.601650667029677,0.216509434133377,0.215727826366646,0.214949882112267,0.164480729737195,0.160930368981928
780,0.612287594171303,0.261497815323131,0.221274744825972,0.255024990396885,0.169733635746363,0.172787005806565
748,0.619367756469412,0.243298519444439,0.225342219919308,0.207376318697083,0.140279459933373,0.159655442358187
691,0.604311860230174,0.269956905233921,0.226992939983781,0.256863984839407,0.140279459933373,0.169237834303805
331,0.589213267095234,0.143266847840142,0.140279459933373,0.483571570595327,0.537291706764252,0.362014841934518
680,0.626439652176295,0.293075998312143,0.240653643199231,0.291125967010989,0.187631241909896,0.156400988328558
734,0.623788627185174,0.276626749501763,0.244185541162083,0.278545025785751,0.174364837136968,0.158410531669826
716,0.636150937944643,0.227823271636467,0.200188610986799,0.255943411389996,0.154094323280450,0.140279459933373
421,0.44923503724365,0.184568357977156,0.172787005806565,0.232023448734304,0.145622826217966,0.140279459933373
910,0.640560644506718,0.237166246337142,0.23977753355553,0.252283020211930,0.167291481291287,0.178742307944130
592,0.628206394540431,0.192741366843982,0.253194757033311,0.200889639762023,0.149469410107982,0.141602453589765
693,0.642323774366231,0.262430509724191,0.168745733831007,0.292100571713878,0.188255890082703,0.169237834303805
785,0.633503788623644,0.255943411389996,0.233725581744281,0.23977753355553,0.177624558944457,0.164940248736627
763,0.608744246353995,0.257786672914962,0.269010148553487,0.223704949036996,0.145319498566922,0.142147774681471
721,0.623788627185174,0.245967461561916,0.203733362812729,0.244185541162083,0.180448444205294,0.140279459933373
363,0.431364974573073,0.200188610986799,0.164940248736627,0.159237162188545,0.181605650010004,0.205907447843523
714,0.638797087949753,0.238033800236652,0.243298519444439,0.166814026627726,0.167772573247934,0.173835068385563
821,0.649372161207369,0.245075200706715,0.220471637257467,0.259638241659144,0.191439626593958,0.16634019279706
920,0.668723907006677,0.240653643199231,0.249561781327291,0.245075200706715,0.157195124574254,0.192088479379025
781,0.644086484322101,0.264301525715948,0.250466494772263,0.246862287018223,0.144720505822661,0.171243398019944
807,0.605198627992826,0.232023448734304,0.183371292540019,0.245075200706715,0.160930368981928,0.182778757451073
778,0.593658802575914,0.216509434133377,0.208860644258667,0.232872971194181,0.140279459933373,0.194059239855938
708,0.59454741884471,0.246862287018223,0.267121556704060,0.203016510694019,0.16357228121085,0.164024746412181
335,0.459504181093247,0.196066256873814,0.16357228121085,0.199491561253654,0.140279459933373,0.193398287644562
158,0.464154311336516,0.141602453589765,0.174364837136968,0.186394027664835,0.160077057692081,0.140279459933373
679,0.585653817185493,0.26806502014066,0.264301525715948,0.272806580486754,0.161362102255135,0.154850743467635
793,0.599875784998553,0.252283020211930,0.264301525715948,0.23033379664679,0.194059239855938,0.140279459933373
613,0.627323083479833,0.308771540986705,0.271855157449252,0.241532534498303,0.156008702799071,0.140279459933373
295,0.428527399760189,0.174898448025698,0.188255890082703,0.211115838461421,0.154094323280450,0.173835068385563
749,0.57763477259731,0.196743303664015,0.227823271636467,0.154850743467635,0.152982630801945,0.140279459933373
162,0.45297556976512,0.163123316426449,0.145928733232941,0.183371292540019,0.145622826217966,0.158822198286243
698,0.698554967049639,0.267121556704060,0.255943411389996,0.257786672914962,0.225342219919308,0.152256565618780
844,0.618483198986599,0.284329312589461,0.280468392646033,0.273759486818862,0.218876016213984,0.16634019279706
717,0.615828741507218,0.245075200706715,0.226992939983781,0.211875157547888,0.140279459933373,0.140279459933373
161,0.464154311336516,0.140279459933373,0.140279459933373,0.208860644258667,0.147819407725247,0.140279459933373
356,0.452041119617036,0.174898448025698,0.171243398019944,0.166814026627726,0.140279459933373,0.171243398019944
679,0.59099197716754,0.232023448734304,0.220471637257467,0.186394027664835,0.164024746412181,0.156796455796649
698,0.668723907006677,0.278545025785751,0.245967461561916,0.261497815323131,0.199491561253654,0.152982630801945
749,0.634386284250911,0.215727826366646,0.218876016213984,0.186394027664835,0.177624558944457,0.165403320798019
795,0.627323083479833,0.262430509724191,0.226992939983781,0.258711437790672,0.199491561253654,0.176522456496951
713,0.624672424998259,0.238904240888872,0.215727826366646,0.220471637257467,0.160077057692081,0.159237162188545
711,0.611401966215199,0.238033800236652,0.209608564537159,0.260567046745838,0.167772573247934,0.221274744825972
651,0.595435874427052,0.200188610986799,0.208860644258667,0.243298519444439,0.150492979148870,0.179307075461499
167,0.510114381882143,0.157195124574254,0.208116557082828,0.168745733831007,0.150492979148870,0.140279459933373
798,0.61405843859737,0.226165913043895,0.255024990396885,0.190794809258731,0.141602453589765,0.181025063276694
371,0.461365530470573,0.218876016213984,0.201594638931909,0.188255890082703,0.150148946700048,0.155233599845476
654,0.619367756469412,0.226992939983781,0.267121556704060,0.243298519444439,0.147178535004063,0.141066417195949
910,0.643205181411445,0.252283020211930,0.281431899695417,0.23977753355553,0.196743303664015,0.173835068385563
754,0.606971725447777,0.235439936165745,0.259638241659144,0.211115838461421,0.154094323280450,0.145319498566922
869,0.616713692539713,0.227823271636467,0.218083551882790,0.270905253648299,0.161797245314680,0.154094323280450
822,0.602537880906253,0.248659484023583,0.262430509724191,0.242414171861771,0.169237834303805,0.198109430350217
767,0.621136485069615,0.244185541162083,0.251373586915138,0.156400988328558,0.162677834203278,0.148471133452426
775,0.641442262346675,0.288207386188063,0.257786672914962,0.250466494772263,0.140279459933373,0.144720505822661
660,0.629972659733243,0.211115838461421,0.214175622695954,0.226992939983781,0.154850743467635,0.151897993103576
794,0.608744246353995,0.224521889216861,0.241532534498303,0.205907447843523,0.158822198286243,0.162235816543637
581,0.612287594171303,0.299924552865763,0.247759640188542,0.284329312589461,0.144424803121843,0.171243398019944
359,0.420938564569721,0.181605650010004,0.182190212262849,0.235439936165745,0.140279459933373,0.164480729737195
762,0.597212308466731,0.275669606701894,0.188884569174318,0.288207386188063,0.167291481291287,0.140279459933373
679,0.606971725447777,0.232872971194181,0.229493730258852,0.206639944148685,0.183967824035887,0.178742307944130
693,0.618483198986599,0.260567046745838,0.241532534498303,0.247759640188542,0.176522456496951,0.188884569174318
827,0.655534316836593,0.255943411389996,0.262430509724191,0.23033379664679,0.154850743467635,0.16634019279706
708,0.617598511353537,0.248659484023583,0.226165913043895,0.209608564537159,0.170233153496669,0.160930368981928
910,0.646729776551258,0.300905518027404,0.258711437790672,0.306802338059224,0.178742307944130,0.177624558944457
845,0.622904705251892,0.270905253648299,0.26806502014066,0.208860644258667,0.175435913518267,0.185781454960399
764,0.618483198986599,0.212638240623736,0.231177046607856,0.232023448734304,0.160502026996677,0.140279459933373
738,0.603424944919196,0.229493730258852,0.287236372741756,0.191439626593958,0.178742307944130,0.177624558944457
747,0.608744246353995,0.240653643199231,0.209608564537159,0.251373586915138,0.171754154191287,0.174898448025698
776,0.643205181411445,0.316661303992259,0.308771540986705,0.267121556704060,0.232023448734304,0.177071557205383
726,0.608744246353995,0.250466494772263,0.23033379664679,0.226165913043895,0.154850743467635,0.196743303664015
898,0.657294084136253,0.240653643199231,0.229493730258852,0.211115838461421,0.170736402643872,0.154470991130581
737,0.61494365721071,0.244185541162083,0.157195124574254,0.273759486818862,0.179307075461499,0.150148946700048
821,0.624672424998259,0.227823271636467,0.211875157547888,0.271855157449252,0.143552645462116,0.209608564537159
691,0.61405843859737,0.226992939983781,0.238904240888872,0.236301613614802,0.165403320798019,0.140539522938054
731,0.619367756469412,0.233725581744281,0.214949882112267,0.255024990396885,0.140279459933373,0.140279459933373
564,0.647610671197383,0.283362392853609,0.227823271636467,0.297964434643167,0.154470991130581,0.168745733831007
938,0.620252184825136,0.259638241659144,0.269010148553487,0.218083551882790,0.214949882112267,0.213405068833102
345,0.446424815327873,0.193398287644562,0.140279459933373,0.210360301592275,0.158002143279100,0.152982630801945
584,0.673994424070159,0.238033800236652,0.233725581744281,0.262430509724191,0.145928733232941,0.140279459933373
618,0.58030940985411,0.199491561253654,0.244185541162083,0.205178843545358,0.183967824035887,0.140279459933373
688,0.607858057407542,0.236301613614802,0.224521889216861,0.255943411389996,0.156400988328558,0.140279459933373
152,0.450170855356869,0.151897993103576,0.179307075461499,0.172787005806565,0.140539522938054,0.140279459933373
293,0.50099448051522,0.175435913518267,0.149807763529887,0.254108759679802,0.140279459933373,0.149469410107982
728,0.574958463059337,0.200188610986799,0.186394027664835,0.256863984839407,0.140279459933373,0.140279459933373
875,0.622020658211421,0.255024990396885,0.241532534498303,0.241532534498303,0.184568357977156,0.164940248736627
214,0.61494365721071,0.151897993103576,0.140279459933373,0.5417972538608,0.598988114480156,0.437968797820157
837,0.598988114480156,0.253194757033311,0.250466494772263,0.242414171861771,0.180448444205294,0.156796455796649
815,0.654654294039608,0.253194757033311,0.256863984839407,0.228656878414890,0.183967824035887,0.157195124574254
765,0.632621179272578,0.224521889216861,0.257786672914962,0.236301613614802,0.216509434133377,0.140279459933373
690,0.622020658211421,0.250466494772263,0.215727826366646,0.273759486818862,0.156796455796649,0.189517281185082
783,0.648491465815105,0.276626749501763,0.255943411389996,0.269010148553487,0.187010622123131,0.214949882112267
725,0.638797087949753,0.237166246337142,0.233725581744281,0.260567046745838,0.140279459933373,0.203733362812729
708,0.567813168189284,0.236301613614802,0.234581247743386,0.250466494772263,0.140279459933373,0.181605650010004
301,0.700307281851228,0.222891426963376,0.141873944585676,0.399901217123282,0.381534098529382,0.258711437790672
931,0.657294084136253,0.26336509235663,0.288207386188063,0.214175622695954,0.160077057692081,0.179875784505171
848,0.634386284250911,0.312714190948075,0.275669606701894,0.286266334773665,0.208116557082828,0.198798498578782
924,0.653774177471793,0.322587416871138,0.295029198942614,0.350225945404854,0.246862287018223,0.174364837136968
760,0.634386284250911,0.226165913043895,0.210360301592275,0.243298519444439,0.164480729737195,0.175977245746161
158,0.462295554374572,0.140279459933373,0.174364837136968,0.160077057692081,0.146548361254107,0.140279459933373
707,0.631738455286738,0.261497815323131,0.23977753355553,0.251373586915138,0.154094323280450,0.190794809258731
722,0.63703309779987,0.265239772398733,0.235439936165745,0.282396577544332,0.168745733831007,0.159655442358187
797,0.657294084136253,0.270905253648299,0.284329312589461,0.285297304030371,0.140279459933373,0.146548361254107
716,0.585653817185493,0.216509434133377,0.237166246337142,0.225342219919308,0.160930368981928,0.147178535004063
702,0.613173084606865,0.244185541162083,0.246862287018223,0.241532534498303,0.143552645462116,0.140279459933373
709,0.621136485069615,0.226992939983781,0.26336509235663,0.200889639762023,0.165869963138432,0.140279459933373
748,0.611401966215199,0.236301613614802,0.214175622695954,0.251373586915138,0.155619579790919,0.140279459933373
766,0.584763524220902,0.231177046607856,0.243298519444439,0.234581247743386,0.194059239855938,0.170233153496669
753,0.603424944919196,0.272806580486754,0.251373586915138,0.203016510694019,0.232872971194181,0.176522456496951
707,0.604311860230174,0.245075200706715,0.225342219919308,0.238033800236652,0.146548361254107,0.183371292540019
649,0.569600673082815,0.256863984839407,0.231177046607856,0.267121556704060,0.140279459933373,0.140279459933373
436,0.637915147508898,0.241532534498303,0.214949882112267,0.320611530912211,0.342342090635241,0.232023448734304
743,0.623788627185174,0.245967461561916,0.281431899695417,0.238904240888872,0.169237834303805,0.203733362812729
854,0.641442262346675,0.249561781327291,0.243298519444439,0.231177046607856,0.174364837136968,0.179307075461499
393,0.45297556976512,0.182778757451073,0.186394027664835,0.214949882112267,0.149469410107982,0.142702524367706
875,0.661691913619881,0.269010148553487,0.300905518027404,0.232023448734304,0.168745733831007,0.164480729737195
809,0.611401966215199,0.23033379664679,0.223704949036996,0.234581247743386,0.178181472416481,0.168257318749387
840,0.646729776551258,0.255943411389996,0.267121556704060,0.226165913043895,0.150839880430613,0.173835068385563
810,0.624672424998259,0.256863984839407,0.229493730258852,0.214949882112267,0.150839880430613,0.145622826217966
725,0.606971725447777,0.252283020211930,0.237166246337142,0.192741366843982,0.164480729737195,0.188884569174318
846,0.63703309779987,0.255943411389996,0.231177046607856,0.288207386188063,0.167291481291287,0.154094323280450
918,0.622904705251892,0.276626749501763,0.298944182722262,0.182190212262849,0.177624558944457,0.146862120354825
837,0.619367756469412,0.257786672914962,0.265239772398733,0.262430509724191,0.162677834203278,0.140279459933373
677,0.592770024376564,0.270905253648299,0.294052217151829,0.225342219919308,0.174364837136968,0.140279459933373
797,0.642323774366231,0.255943411389996,0.222891426963376,0.238904240888872,0.145622826217966,0.143266847840142
693,0.620252184825136,0.208116557082828,0.211875157547888,0.178181472416481,0.140279459933373,0.144424803121843
758,0.644086484322101,0.23977753355553,0.246862287018223,0.216509434133377,0.164940248736627,0.140279459933373
737,0.607858057407542,0.229493730258852,0.208860644258667,0.249561781327291,0.161362102255135,0.151897993103576
617,0.586543936638165,0.297964434643167,0.276626749501763,0.238904240888872,0.184568357977156,0.148471133452426
740,0.618483198986599,0.250466494772263,0.211875157547888,0.233725581744281,0.179875784505171,0.168257318749387
797,0.644967683931748,0.244185541162083,0.238904240888872,0.249561781327291,0.169733635746363,0.140279459933373
717,0.606971725447777,0.240653643199231,0.272806580486754,0.209608564537159,0.140279459933373,0.167772573247934
695,0.618483198986599,0.232872971194181,0.206639944148685,0.255024990396885,0.161362102255135,0.156796455796649
389,0.447362019176649,0.147819407725247,0.158410531669826,0.196743303664015,0.150839880430613,0.157195124574254
171,0.45297556976512,0.146548361254107,0.175435913518267,0.183371292540019,0.149469410107982,0.140279459933373
854,0.612287594171303,0.235439936165745,0.221274744825972,0.246862287018223,0.140279459933373,0.174364837136968
731,0.607858057407542,0.229493730258852,0.220471637257467,0.226992939983781,0.201594638931909,0.164024746412181
820,0.597212308466731,0.226165913043895,0.205178843545358,0.255024990396885,0.148143904307162,0.148471133452426
722,0.599875784998553,0.245075200706715,0.244185541162083,0.244185541162083,0.221274744825972,0.140279459933373
829,0.641442262346675,0.258711437790672,0.217294683481912,0.224521889216861,0.177071557205383,0.207376318697083
714,0.607858057407542,0.26806502014066,0.224521889216861,0.260567046745838,0.188255890082703,0.162677834203278
728,0.590102705627282,0.252283020211930,0.227823271636467,0.209608564537159,0.168745733831007,0.146548361254107
637,0.636150937944643,0.273759486818862,0.240653643199231,0.227823271636467,0.157195124574254,0.178742307944130
685,0.620252184825136,0.228656878414890,0.192741366843982,0.216509434133377,0.151897993103576,0.140279459933373
367,0.43702685358426,0.179875784505171,0.193398287644562,0.248659484023583,0.172268685450245,0.151897993103576
688,0.586543936638165,0.291125967010989,0.296006914761259,0.194059239855938,0.193398287644562,0.196743303664015
798,0.612287594171303,0.244185541162083,0.223704949036996,0.227823271636467,0.173835068385563,0.184568357977156
371,0.41331732873535,0.140539522938054,0.177624558944457,0.205178843545358,0.140279459933373,0.160930368981928
755,0.613173084606865,0.221274744825972,0.222891426963376,0.23977753355553,0.140279459933373,0.149469410107982
701,0.645848781067736,0.251373586915138,0.179875784505171,0.254108759679802,0.140279459933373,0.200889639762023
756,0.592770024376564,0.237166246337142,0.231177046607856,0.269956905233921,0.152982630801945,0.190154027575454
814,0.619367756469412,0.240653643199231,0.275669606701894,0.238033800236652,0.163123316426449,0.185781454960399
925,0.627323083479833,0.279506090033501,0.258711437790672,0.271855157449252,0.173835068385563,0.178742307944130
676,0.633503788623644,0.254108759679802,0.240653643199231,0.257786672914962,0.143840891542185,0.168257318749387
809,0.644967683931748,0.32159942528535,0.315674182764382,0.336419918223748,0.26336509235663,0.199491561253654
744,0.599875784998553,0.232023448734304,0.163123316426449,0.253194757033311,0.149807763529887,0.140279459933373
886,0.637915147508898,0.288207386188063,0.269010148553487,0.267121556704060,0.188884569174318,0.188884569174318
664,0.619367756469412,0.189517281185082,0.225342219919308,0.196066256873814,0.142147774681471,0.179307075461499
819,0.65113325749733,0.246862287018223,0.213405068833102,0.247759640188542,0.170233153496669,0.149133866930996
872,0.654654294039608,0.255943411389996,0.284329312589461,0.267121556704060,0.168745733831007,0.173835068385563
386,0.43702685358426,0.197424363331222,0.198798498578782,0.164940248736627,0.140279459933373,0.158410531669826
836,0.638797087949753,0.241532534498303,0.251373586915138,0.248659484023583,0.146548361254107,0.153720720340875
748,0.623788627185174,0.255943411389996,0.232023448734304,0.238033800236652,0.151542367809210,0.229493730258852
770,0.61405843859737,0.232872971194181,0.219672052767678,0.238033800236652,0.159237162188545,0.158822198286243
601,0.571387382661058,0.255943411389996,0.256863984839407,0.236301613614802,0.177071557205383,0.164940248736627
646,0.639678919993987,0.233725581744281,0.242414171861771,0.269010148553487,0.155619579790919,0.154470991130581
317,0.429473753439024,0.169237834303805,0.172787005806565,0.206639944148685,0.144424803121843,0.171754154191287
789,0.629972659733243,0.244185541162083,0.23033379664679,0.26336509235663,0.171754154191287,0.177624558944457
385,0.699431155326687,0.265239772398733,0.238033800236652,0.309756707604237,0.296985336054750,0.180448444205294
636,0.557070755717787,0.223704949036996,0.229493730258852,0.237166246337142,0.155233599845476,0.175435913518267
891,0.655534316836593,0.250466494772263,0.286266334773665,0.249561781327291,0.183371292540019,0.140279459933373
758,0.639678919993987,0.299924552865763,0.292100571713878,0.247759640188542,0.192088479379025,0.150839880430613
744,0.63703309779987,0.271855157449252,0.252283020211930,0.245075200706715,0.140279459933373,0.149807763529887
724,0.607858057407542,0.245967461561916,0.216509434133377,0.238904240888872,0.156400988328558,0.140279459933373
388,0.442671323317129,0.16634019279706,0.192741366843982,0.208116557082828,0.140279459933373,0.141602453589765
896,0.641442262346675,0.346286080835727,0.304834801321944,0.320611530912211,0.23977753355553,0.142702524367706
839,0.601650667029677,0.243298519444439,0.274713840722163,0.257786672914962,0.177624558944457,0.14298348025674
686,0.62555609967103,0.243298519444439,0.248659484023583,0.259638241659144,0.146862120354825,0.153350162717428
695,0.641442262346675,0.26336509235663,0.281431899695417,0.223704949036996,0.155233599845476,0.186394027664835
810,0.590102705627282,0.211875157547888,0.257786672914962,0.141333283747465,0.154470991130581,0.140279459933373
753,0.607858057407542,0.262430509724191,0.245075200706715,0.285297304030371,0.16357228121085,0.226992939983781
790,0.616713692539713,0.269956905233921,0.278545025785751,0.299924552865763,0.173835068385563,0.172268685450245
821,0.63703309779987,0.275669606701894,0.238033800236652,0.304834801321944,0.140279459933373,0.152256565618780
334,0.432309844864813,0.140279459933373,0.154094323280450,0.215727826366646,0.149469410107982,0.156400988328558
785,0.598988114480156,0.241532534498303,0.236301613614802,0.252283020211930,0.166814026627726,0.140279459933373
841,0.67838435938152,0.285297304030371,0.269956905233921,0.269010148553487,0.193398287644562,0.175977245746161
792,0.61494365721071,0.275669606701894,0.222891426963376,0.207376318697083,0.177624558944457,0.140279459933373
392,0.673994424070159,0.238904240888872,0.181025063276694,0.244185541162083,0.147178535004063,0.140279459933373
547,0.621136485069615,0.220471637257467,0.204454144375473,0.211875157547888,0.172787005806565,0.140279459933373
843,0.630855615748439,0.265239772398733,0.245075200706715,0.244185541162083,0.147178535004063,0.143266847840142
414,0.434198112267997,0.188884569174318,0.214175622695954,0.145928733232941,0.155619579790919,0.144131604573628
842,0.637915147508898,0.284329312589461,0.295029198942614,0.291125967010989,0.191439626593958,0.140279459933373
920,0.639678919993987,0.394120687044045,0.345300444024283,0.420938564569721,0.410450927071570,0.298944182722262
728,0.621136485069615,0.218876016213984,0.231177046607856,0.224521889216861,0.140279459933373,0.148471133452426
857,0.630855615748439,0.251373586915138,0.245967461561916,0.252283020211930,0.173309128978783,0.155619579790919
710,0.59099197716754,0.262430509724191,0.231177046607856,0.202303599215116,0.182190212262849,0.158822198286243
168,0.440791745314472,0.164940248736627,0.144424803121843,0.233725581744281,0.148801114525785,0.148143904307162
813,0.602537880906253,0.247759640188542,0.210360301592275,0.311728055196152,0.140279459933373,0.16357228121085
945,0.656414246618719,0.323575487390111,0.251373586915138,0.327528205863718,0.192741366843982,0.142423961905656
804,0.610516199655431,0.207376318697083,0.26336509235663,0.169237834303805,0.167291481291287,0.166814026627726
973,0.699431155326687,0.275669606701894,0.228656878414890,0.243298519444439,0.182190212262849,0.162677834203278
752,0.627323083479833,0.245967461561916,0.208860644258667,0.264301525715948,0.140279459933373,0.140279459933373
810,0.62555609967103,0.267121556704060,0.208116557082828,0.269956905233921,0.160502026996677,0.161362102255135
699,0.611401966215199,0.220471637257467,0.223704949036996,0.249561781327291,0.150148946700048,0.172787005806565
837,0.626439652176295,0.256863984839407,0.241532534498303,0.178181472416481,0.174364837136968,0.149469410107982
700,0.611401966215199,0.23977753355553,0.255943411389996,0.246862287018223,0.191439626593958,0.140279459933373
698,0.622020658211421,0.218876016213984,0.256863984839407,0.201594638931909,0.174364837136968,0.141333283747465
724,0.611401966215199,0.198798498578782,0.226165913043895,0.252283020211930,0.146862120354825,0.16634019279706
337,0.412362374614871,0.169237834303805,0.189517281185082,0.189517281185082,0.160502026996677,0.140279459933373
350,0.455776216619560,0.16634019279706,0.185172899926102,0.195393227873188,0.156796455796649,0.140279459933373
865,0.598100289370352,0.23977753355553,0.240653643199231,0.238904240888872,0.173835068385563,0.168745733831007
906,0.629972659733243,0.318636108753548,0.310742219942023,0.276626749501763,0.209608564537159,0.190794809258731
783,0.633503788623644,0.274713840722163,0.254108759679802,0.296006914761259,0.152618104976752,0.177624558944457
328,0.546296562840502,0.214175622695954,0.211115838461421,0.253194757033311,0.161362102255135,0.149807763529887
146,0.428527399760189,0.150148946700048,0.213405068833102,0.165403320798019,0.153350162717428,0.140279459933373
856,0.653774177471793,0.285297304030371,0.26336509235663,0.273759486818862,0.184568357977156,0.185172899926102
791,0.633503788623644,0.249561781327291,0.226165913043895,0.246862287018223,0.208116557082828,0.179307075461499
815,0.624672424998259,0.255943411389996,0.218876016213984,0.243298519444439,0.16634019279706,0.144720505822661
682,0.58030940985411,0.235439936165745,0.256863984839407,0.190794809258731,0.145928733232941,0.140279459933373
746,0.63703309779987,0.233725581744281,0.227823271636467,0.262430509724191,0.148471133452426,0.144424803121843
603,0.613173084606865,0.267121556704060,0.249561781327291,0.196066256873814,0.178742307944130,0.174364837136968
723,0.579418047575081,0.218083551882790,0.199491561253654,0.254108759679802,0.140279459933373,0.185172899926102
933,0.63703309779987,0.249561781327291,0.249561781327291,0.252283020211930,0.142423961905656,0.161797245314680
902,0.620252184825136,0.232023448734304,0.269956905233921,0.217294683481912,0.140279459933373,0.179307075461499
232,0.602537880906253,0.153720720340875,0.140279459933373,0.250466494772263,0.149469410107982,0.181605650010004
713,0.584763524220902,0.199491561253654,0.209608564537159,0.218083551882790,0.149133866930996,0.147497624383717
149,0.440791745314472,0.154850743467635,0.214949882112267,0.212638240623736,0.175435913518267,0.141066417195949
814,0.649372161207369,0.269010148553487,0.217294683481912,0.26336509235663,0.152982630801945,0.157597013980819
880,0.641442262346675,0.261497815323131,0.172787005806565,0.277585234113443,0.140279459933373,0.16634019279706
714,0.617598511353537,0.233725581744281,0.220471637257467,0.231177046607856,0.178181472416481,0.205178843545358
885,0.650252758171119,0.308771540986705,0.251373586915138,0.299924552865763,0.174364837136968,0.178181472416481
673,0.620252184825136,0.236301613614802,0.219672052767678,0.247759640188542,0.187631241909896,0.160930368981928
727,0.622904705251892,0.241532534498303,0.223704949036996,0.232023448734304,0.156008702799071,0.140279459933373
932,0.671359527115958,0.309756707604237,0.289179343702615,0.269956905233921,0.145018731380577,0.171754154191287
385,0.440791745314472,0.164480729737195,0.175977245746161,0.192088479379025,0.168257318749387,0.14298348025674
724,0.601650667029677,0.187010622123131,0.237166246337142,0.181605650010004,0.167772573247934,0.158410531669826
703,0.600763302119727,0.238033800236652,0.238033800236652,0.250466494772263,0.152982630801945,0.140279459933373
804,0.636150937944643,0.224521889216861,0.210360301592275,0.23977753355553,0.152256565618780,0.173309128978783
798,0.655534316836593,0.258711437790672,0.226992939983781,0.244185541162083,0.184568357977156,0.146548361254107
679,0.582982412426427,0.262430509724191,0.264301525715948,0.277585234113443,0.168745733831007,0.198109430350217
176,0.507381840049532,0.159655442358187,0.202303599215116,0.149469410107982,0.171754154191287,0.168745733831007
645,0.624672424998259,0.218876016213984,0.277585234113443,0.148471133452426,0.178742307944130,0.160077057692081
800,0.62555609967103,0.252283020211930,0.222081350052879,0.264301525715948,0.156796455796649,0.140279459933373
851,0.65201365997105,0.273759486818862,0.238904240888872,0.242414171861771,0.167772573247934,0.166814026627726
695,0.607858057407542,0.255024990396885,0.250466494772263,0.183371292540019,0.173309128978783,0.164480729737195
241,0.623788627185174,0.205907447843523,0.182190212262849,0.344314559496454,0.383475920330798,0.218876016213984
162,0.342342090635241,0.153350162717428,0.211875157547888,0.140279459933373,0.145018731380577,0.158822198286243
802,0.601650667029677,0.242414171861771,0.178181472416481,0.220471637257467,0.16357228121085,0.140279459933373
710,0.600763302119727,0.217294683481912,0.245075200706715,0.222891426963376,0.164940248736627,0.187631241909896
147,0.430419611243593,0.140279459933373,0.140279459933373,0.205907447843523,0.140279459933373,0.143552645462116
792,0.649372161207369,0.258711437790672,0.209608564537159,0.242414171861771,0.157597013980819,0.157597013980819
405,0.469720411442728,0.188884569174318,0.214175622695954,0.200889639762023,0.142423961905656,0.157597013980819
813,0.634386284250911,0.245075200706715,0.245967461561916,0.198109430350217,0.158822198286243,0.142702524367706
167,0.513753336846181,0.146548361254107,0.140279459933373,0.226165913043895,0.140279459933373,0.140279459933373
294,0.425685350085428,0.174898448025698,0.200188610986799,0.208860644258667,0.157195124574254,0.140279459933373
383,0.425685350085428,0.169237834303805,0.205178843545358,0.183371292540019,0.154470991130581,0.169237834303805
797,0.615828741507218,0.238904240888872,0.227823271636467,0.197424363331222,0.180448444205294,0.142147774681471
765,0.640560644506718,0.246862287018223,0.23977753355553,0.205907447843523,0.179875784505171,0.140279459933373
609,0.612287594171303,0.243298519444439,0.258711437790672,0.256863984839407,0.140279459933373,0.140279459933373
761,0.606085249352797,0.254108759679802,0.229493730258852,0.224521889216861,0.190154027575454,0.173309128978783
381,0.427580548847338,0.198109430350217,0.186394027664835,0.205178843545358,0.140279459933373,0.144131604573628
677,0.621136485069615,0.272806580486754,0.241532534498303,0.295029198942614,0.173835068385563,0.179875784505171
274,0.42188893060604,0.155619579790919,0.165869963138432,0.209608564537159,0.145622826217966,0.160502026996677
686,0.587433883900336,0.315674182764382,0.246862287018223,0.288207386188063,0.160502026996677,0.155619579790919
658,0.707314131231881,0.271855157449252,0.248659484023583,0.23033379664679,0.150492979148870,0.190154027575454
858,0.642323774366231,0.219672052767678,0.232023448734304,0.229493730258852,0.164940248736627,0.153720720340875
807,0.632621179272578,0.251373586915138,0.214949882112267,0.208116557082828,0.198798498578782,0.171243398019944
676,0.607858057407542,0.267121556704060,0.246862287018223,0.291125967010989,0.149133866930996,0.140279459933373
722,0.61405843859737,0.211115838461421,0.232023448734304,0.188884569174318,0.16357228121085,0.140279459933373
732,0.634386284250911,0.241532534498303,0.238904240888872,0.213405068833102,0.188255890082703,0.142147774681471
363,0.424736999725661,0.185781454960399,0.181025063276694,0.192088479379025,0.140279459933373,0.140279459933373
171,0.540896650628897,0.149133866930996,0.145928733232941,0.217294683481912,0.189517281185082,0.193398287644562
759,0.603424944919196,0.233725581744281,0.233725581744281,0.237166246337142,0.163123316426449,0.153350162717428
802,0.604311860230174,0.264301525715948,0.257786672914962,0.252283020211930,0.164024746412181,0.154470991130581
915,0.645848781067736,0.251373586915138,0.203733362812729,0.255024990396885,0.194059239855938,0.151542367809210
461,0.460435073421994,0.209608564537159,0.213405068833102,0.217294683481912,0.155233599845476,0.170233153496669
754,0.589213267095234,0.219672052767678,0.203733362812729,0.236301613614802,0.150492979148870,0.140539522938054
651,0.659933050519219,0.279506090033501,0.247759640188542,0.281431899695417,0.206639944148685,0.16634019279706
812,0.660812526368302,0.269956905233921,0.252283020211930,0.232023448734304,0.166814026627726,0.158410531669826
741,0.648491465815105,0.284329312589461,0.270905253648299,0.275669606701894,0.200188610986799,0.213405068833102
672,0.600763302119727,0.211875157547888,0.233725581744281,0.214175622695954,0.146237238572002,0.158002143279100
792,0.618483198986599,0.316661303992259,0.307786743279463,0.282396577544332,0.179875784505171,0.147178535004063
838,0.624672424998259,0.26336509235663,0.245967461561916,0.229493730258852,0.196743303664015,0.140279459933373
838,0.672237905577799,0.252283020211930,0.231177046607856,0.275669606701894,0.173835068385563,0.180448444205294
676,0.606971725447777,0.214949882112267,0.175977245746161,0.229493730258852,0.178181472416481,0.143840891542185
680,0.609630293401202,0.23977753355553,0.261497815323131,0.208116557082828,0.178181472416481,0.187631241909896
719,0.618483198986599,0.233725581744281,0.260567046745838,0.258711437790672,0.162235816543637,0.144720505822661
658,0.615828741507218,0.23977753355553,0.219672052767678,0.188884569174318,0.158410531669826,0.140279459933373
738,0.624672424998259,0.196743303664015,0.218876016213984,0.249561781327291,0.140279459933373,0.179307075461499
857,0.616713692539713,0.210360301592275,0.248659484023583,0.177624558944457,0.16634019279706,0.157597013980819
842,0.626439652176295,0.240653643199231,0.248659484023583,0.255943411389996,0.187010622123131,0.160502026996677
825,0.645848781067736,0.276626749501763,0.294052217151829,0.240653643199231,0.154094323280450,0.198109430350217
327,0.435141512434088,0.161362102255135,0.179307075461499,0.194059239855938,0.143840891542185,0.208116557082828
711,0.636150937944643,0.278545025785751,0.280468392646033,0.282396577544332,0.188255890082703,0.175977245746161
833,0.629972659733243,0.244185541162083,0.232872971194181,0.246862287018223,0.144424803121843,0.140801836156987
649,0.573173308757861,0.314687276192053,0.290152214217331,0.289179343702615,0.197424363331222,0.157195124574254
729,0.639678919993987,0.235439936165745,0.238904240888872,0.266179795115631,0.140279459933373,0.158822198286243
770,0.638797087949753,0.23977753355553,0.277585234113443,0.198798498578782,0.184568357977156,0.149807763529887
745,0.61494365721071,0.247759640188542,0.218876016213984,0.276626749501763,0.178742307944130,0.145622826217966
191,0.412362374614871,0.164940248736627,0.197424363331222,0.151897993103576,0.143266847840142,0.182190212262849
673,0.606085249352797,0.256863984839407,0.210360301592275,0.274713840722163,0.164940248736627,0.140279459933373
609,0.619367756469412,0.245075200706715,0.256863984839407,0.235439936165745,0.170736402643872,0.179875784505171
833,0.673994424070159,0.255024990396885,0.285297304030371,0.204454144375473,0.151542367809210,0.140279459933373
264,0.617598511353537,0.246862287018223,0.203016510694019,0.394120687044045,0.411406907527978,0.251373586915138
880,0.659053485350326,0.336419918223748,0.291125967010989,0.301887051542692,0.158410531669826,0.195393227873188
683,0.622020658211421,0.226992939983781,0.277585234113443,0.201594638931909,0.140801836156987,0.140279459933373
938,0.674872565393281,0.285297304030371,0.253194757033311,0.274713840722163,0.163123316426449,0.140279459933373
733,0.615828741507218,0.260567046745838,0.240653643199231,0.241532534498303,0.160502026996677,0.145018731380577
772,0.604311860230174,0.241532534498303,0.203016510694019,0.235439936165745,0.154850743467635,0.155233599845476
768,0.606971725447777,0.255943411389996,0.257786672914962,0.257786672914962,0.151542367809210,0.192741366843982
818,0.610516199655431,0.289179343702615,0.26806502014066,0.255943411389996,0.169733635746363,0.140279459933373
287,0.419036311953547,0.210360301592275,0.187631241909896,0.192741366843982,0.170736402643872,0.183967824035887
875,0.659053485350326,0.255943411389996,0.245967461561916,0.249561781327291,0.181605650010004,0.140279459933373
713,0.582982412426427,0.285297304030371,0.254108759679802,0.264301525715948,0.210360301592275,0.186394027664835
758,0.615828741507218,0.262430509724191,0.240653643199231,0.241532534498303,0.191439626593958,0.165869963138432
275,0.473422844172892,0.208860644258667,0.153720720340875,0.224521889216861,0.164024746412181,0.178742307944130
798,0.595435874427052,0.225342219919308,0.227823271636467,0.272806580486754,0.140279459933373,0.182778757451073
943,0.643205181411445,0.251373586915138,0.192088479379025,0.293075998312143,0.145928733232941,0.157195124574254
701,0.623788627185174,0.244185541162083,0.196743303664015,0.243298519444439,0.140279459933373,0.159655442358187
896,0.624672424998259,0.261497815323131,0.253194757033311,0.293075998312143,0.183967824035887,0.165403320798019
527,0.551687808366613,0.281431899695417,0.227823271636467,0.257786672914962,0.140279459933373,0.152982630801945
796,0.620252184825136,0.266179795115631,0.216509434133377,0.225342219919308,0.174364837136968,0.175435913518267
406,0.44923503724365,0.219672052767678,0.226165913043895,0.171243398019944,0.158410531669826,0.155619579790919
693,0.578526502286961,0.232023448734304,0.178181472416481,0.278545025785751,0.157195124574254,0.185172899926102
647,0.628206394540431,0.289179343702615,0.274713840722163,0.255943411389996,0.185781454960399,0.162235816543637
391,0.455776216619560,0.141602453589765,0.145018731380577,0.214949882112267,0.140279459933373,0.140279459933373
842,0.65201365997105,0.238033800236652,0.260567046745838,0.217294683481912,0.208860644258667,0.191439626593958
837,0.634386284250911,0.246862287018223,0.26336509235663,0.217294683481912,0.147497624383717,0.140279459933373
788,0.627323083479833,0.260567046745838,0.236301613614802,0.23033379664679,0.187631241909896,0.169237834303805
664,0.659933050519219,0.287236372741756,0.227823271636467,0.270905253648299,0.169237834303805,0.140279459933373
720,0.608744246353995,0.258711437790672,0.220471637257467,0.253194757033311,0.143840891542185,0.140279459933373
803,0.637915147508898,0.275669606701894,0.254108759679802,0.246862287018223,0.157195124574254,0.202303599215116
705,0.616713692539713,0.325551793923222,0.289179343702615,0.290152214217331,0.220471637257467,0.140279459933373
827,0.648491465815105,0.255024990396885,0.214949882112267,0.264301525715948,0.140279459933373,0.177071557205383
637,0.595435874427052,0.191439626593958,0.192088479379025,0.246862287018223,0.140279459933373,0.157597013980819
606,0.609630293401202,0.251373586915138,0.253194757033311,0.256863984839407,0.187010622123131,0.187631241909896
859,0.650252758171119,0.26336509235663,0.208860644258667,0.296006914761259,0.161797245314680,0.141602453589765
556,0.5417972538608,0.220471637257467,0.198798498578782,0.226165913043895,0.160502026996677,0.141333283747465
397,0.452041119617036,0.184568357977156,0.223704949036996,0.166814026627726,0.148143904307162,0.140279459933373
856,0.618483198986599,0.293075998312143,0.274713840722163,0.274713840722163,0.160930368981928,0.212638240623736
773,0.628206394540431,0.251373586915138,0.287236372741756,0.209608564537159,0.187010622123131,0.162677834203278
904,0.659933050519219,0.277585234113443,0.284329312589461,0.163123316426449,0.205178843545358,0.182190212262849
767,0.617598511353537,0.240653643199231,0.23977753355553,0.152256565618780,0.169237834303805,0.179875784505171
661,0.601650667029677,0.253194757033311,0.210360301592275,0.23977753355553,0.140279459933373,0.142147774681471
776,0.620252184825136,0.23033379664679,0.232023448734304,0.222081350052879,0.180448444205294,0.140279459933373
826,0.65113325749733,0.260567046745838,0.273759486818862,0.261497815323131,0.164024746412181,0.181025063276694
657,0.544497573622266,0.265239772398733,0.236301613614802,0.23033379664679,0.185781454960399,0.16357228121085
385,0.457641082102348,0.198798498578782,0.188884569174318,0.182190212262849,0.140279459933373,0.188255890082703
817,0.622020658211421,0.277585234113443,0.233725581744281,0.251373586915138,0.140279459933373,0.142147774681471
781,0.610516199655431,0.226165913043895,0.181025063276694,0.247759640188542,0.152256565618780,0.168257318749387
660,0.576742857104671,0.226165913043895,0.172787005806565,0.225342219919308,0.184568357977156,0.152982630801945
727,0.629089586309926,0.214175622695954,0.196066256873814,0.23977753355553,0.142147774681471,0.162235816543637
700,0.609630293401202,0.23033379664679,0.262430509724191,0.241532534498303,0.179307075461499,0.140279459933373
701,0.61405843859737,0.211115838461421,0.259638241659144,0.175977245746161,0.171243398019944,0.147819407725247
866,0.622020658211421,0.283362392853609,0.209608564537159,0.256863984839407,0.172787005806565,0.155233599845476
946,0.648491465815105,0.258711437790672,0.181605650010004,0.279506090033501,0.148143904307162,0.160077057692081
769,0.628206394540431,0.248659484023583,0.233725581744281,0.26336509235663,0.156400988328558,0.140279459933373
757,0.595435874427052,0.222891426963376,0.213405068833102,0.249561781327291,0.140279459933373,0.166814026627726
929,0.645848781067736,0.274713840722163,0.242414171861771,0.253194757033311,0.205178843545358,0.213405068833102
345,0.466939252082330,0.192088479379025,0.242414171861771,0.140279459933373,0.153350162717428,0.140279459933373
884,0.615828741507218,0.232872971194181,0.23977753355553,0.257786672914962,0.140279459933373,0.157195124574254
677,0.601650667029677,0.214175622695954,0.255024990396885,0.217294683481912,0.140279459933373,0.178181472416481
950,0.65201365997105,0.307786743279463,0.303851718893881,0.284329312589461,0.206639944148685,0.159655442358187
798,0.620252184825136,0.298944182722262,0.261497815323131,0.247759640188542,0.187010622123131,0.174898448025698
789,0.624672424998259,0.245075200706715,0.258711437790672,0.219672052767678,0.145928733232941,0.177624558944457
642,0.576742857104671,0.211875157547888,0.202303599215116,0.205178843545358,0.158822198286243,0.154850743467635
846,0.634386284250911,0.241532534498303,0.260567046745838,0.237166246337142,0.159655442358187,0.140279459933373
768,0.63703309779987,0.242414171861771,0.238033800236652,0.244185541162083,0.187010622123131,0.185781454960399
791,0.673994424070159,0.270905253648299,0.203733362812729,0.277585234113443,0.179307075461499,0.149133866930996
634,0.581200590507501,0.316661303992259,0.323575487390111,0.315674182764382,0.222891426963376,0.140279459933373
172,0.492757675678563,0.145928733232941,0.140279459933373,0.228656878414890,0.140279459933373,0.140279459933373
832,0.632621179272578,0.338394673319409,0.310742219942023,0.285297304030371,0.218876016213984,0.188255890082703
178,0.542697607586951,0.140279459933373,0.159237162188545,0.204454144375473,0.145622826217966,0.145319498566922
613,0.620252184825136,0.206639944148685,0.191439626593958,0.222081350052879,0.150839880430613,0.142147774681471
747,0.598988114480156,0.226165913043895,0.245075200706715,0.188884569174318,0.140279459933373,0.140279459933373
709,0.595435874427052,0.266179795115631,0.241532534498303,0.236301613614802,0.16634019279706,0.140279459933373
755,0.603424944919196,0.245967461561916,0.222081350052879,0.229493730258852,0.190154027575454,0.193398287644562
739,0.61405843859737,0.222081350052879,0.216509434133377,0.214175622695954,0.170736402643872,0.152982630801945
732,0.621136485069615,0.270905253648299,0.216509434133377,0.228656878414890,0.178742307944130,0.177071557205383
970,0.662571212990782,0.305818349289740,0.294052217151829,0.269010148553487,0.179875784505171,0.203733362812729
603,0.596324170558622,0.304834801321944,0.26336509235663,0.306802338059224,0.158002143279100,0.214949882112267
819,0.649372161207369,0.259638241659144,0.232872971194181,0.260567046745838,0.190154027575454,0.198798498578782
789,0.607858057407542,0.238904240888872,0.197424363331222,0.265239772398733,0.151189670120080,0.140279459933373
840,0.646729776551258,0.276626749501763,0.205907447843523,0.296985336054750,0.142147774681471,0.165869963138432
809,0.653774177471793,0.277585234113443,0.258711437790672,0.289179343702615,0.162235816543637,0.151897993103576
237,0.589213267095234,0.184568357977156,0.250466494772263,0.140279459933373,0.196066256873814,0.145319498566922
688,0.608744246353995,0.208860644258667,0.190154027575454,0.205907447843523,0.158410531669826,0.140279459933373
846,0.607858057407542,0.249561781327291,0.259638241659144,0.205178843545358,0.182778757451073,0.140279459933373
649,0.570494126543261,0.271855157449252,0.258711437790672,0.181025063276694,0.172268685450245,0.177071557205383
730,0.604311860230174,0.240653643199231,0.214175622695954,0.259638241659144,0.148471133452426,0.171754154191287
242,0.693296511554413,0.231177046607856,0.238033800236652,0.336419918223748,0.357108931824631,0.167291481291287
766,0.583873056414207,0.206639944148685,0.250466494772263,0.147178535004063,0.158410531669826,0.152618104976752
792,0.61494365721071,0.225342219919308,0.212638240623736,0.244185541162083,0.157597013980819,0.165869963138432
405,0.438910260048710,0.158002143279100,0.213405068833102,0.196743303664015,0.145319498566922,0.156796455796649
161,0.415225700022613,0.193398287644562,0.226992939983781,0.287236372741756,0.296006914761259,0.207376318697083
785,0.628206394540431,0.26336509235663,0.280468392646033,0.228656878414890,0.171243398019944,0.170736402643872
353,0.432309844864813,0.178181472416481,0.165403320798019,0.190794809258731,0.143552645462116,0.149807763529887
696,0.59099197716754,0.288207386188063,0.267121556704060,0.251373586915138,0.167772573247934,0.140279459933373
595,0.62555609967103,0.404704249910189,0.369843682925459,0.336419918223748,0.270905253648299,0.200188610986799
352,0.457641082102348,0.170233153496669,0.163123316426449,0.236301613614802,0.149469410107982,0.150839880430613
748,0.623788627185174,0.296006914761259,0.277585234113443,0.286266334773665,0.174898448025698,0.140801836156987
373,0.427580548847338,0.180448444205294,0.167772573247934,0.200889639762023,0.147819407725247,0.164024746412181
706,0.646729776551258,0.314687276192053,0.32950458986508,0.305818349289740,0.180448444205294,0.140279459933373
295,0.45297556976512,0.170233153496669,0.167291481291287,0.140279459933373,0.178181472416481,0.140279459933373
772,0.646729776551258,0.255024990396885,0.233725581744281,0.270905253648299,0.172268685450245,0.16634019279706
796,0.635268667058686,0.255943411389996,0.224521889216861,0.253194757033311,0.184568357977156,0.162677834203278
228,0.623788627185174,0.140279459933373,0.140279459933373,0.618483198986599,0.668723907006677,0.499166505254691
716,0.637915147508898,0.260567046745838,0.272806580486754,0.225342219919308,0.157597013980819,0.149133866930996
766,0.623788627185174,0.200889639762023,0.26336509235663,0.214175622695954,0.140279459933373,0.213405068833102
888,0.631738455286738,0.278545025785751,0.257786672914962,0.223704949036996,0.146862120354825,0.140279459933373
830,0.635268667058686,0.262430509724191,0.289179343702615,0.189517281185082,0.203016510694019,0.159655442358187
959,0.612287594171303,0.266179795115631,0.270905253648299,0.23033379664679,0.186394027664835,0.153350162717428
675,0.644967683931748,0.231177046607856,0.221274744825972,0.26336509235663,0.141333283747465,0.185781454960399
809,0.648491465815105,0.242414171861771,0.219672052767678,0.23033379664679,0.140279459933373,0.152618104976752
708,0.629089586309926,0.251373586915138,0.256863984839407,0.192741366843982,0.183371292540019,0.192741366843982
479,0.5390946884908,0.214175622695954,0.205178843545358,0.208860644258667,0.182778757451073,0.140279459933373
786,0.583873056414207,0.214949882112267,0.218876016213984,0.202303599215116,0.140279459933373,0.140279459933373
764,0.632621179272578,0.26336509235663,0.249561781327291,0.267121556704060,0.179307075461499,0.168257318749387
734,0.63703309779987,0.242414171861771,0.220471637257467,0.240653643199231,0.165869963138432,0.140279459933373
584,0.604311860230174,0.246862287018223,0.267121556704060,0.204454144375473,0.146237238572002,0.172787005806565
897,0.62555609967103,0.237166246337142,0.211875157547888,0.212638240623736,0.187631241909896,0.156008702799071
533,0.599875784998553,0.291125967010989,0.256863984839407,0.252283020211930,0.160502026996677,0.140279459933373
381,0.438910260048710,0.186394027664835,0.199491561253654,0.197424363331222,0.140279459933373,0.140279459933373
923,0.65201365997105,0.297964434643167,0.255024990396885,0.289179343702615,0.179307075461499,0.210360301592275
753,0.639678919993987,0.257786672914962,0.252283020211930,0.229493730258852,0.152618104976752,0.165403320798019
754,0.623788627185174,0.241532534498303,0.279506090033501,0.214949882112267,0.140279459933373,0.151897993103576
739,0.638797087949753,0.208116557082828,0.244185541162083,0.245075200706715,0.167772573247934,0.140279459933373
762,0.607858057407542,0.226992939983781,0.192741366843982,0.227823271636467,0.140279459933373,0.140279459933373
838,0.632621179272578,0.262430509724191,0.249561781327291,0.277585234113443,0.188884569174318,0.140279459933373
793,0.655534316836593,0.251373586915138,0.222891426963376,0.273759486818862,0.172787005806565,0.178181472416481
756,0.610516199655431,0.271855157449252,0.253194757033311,0.26336509235663,0.165403320798019,0.165869963138432
816,0.61494365721071,0.246862287018223,0.274713840722163,0.183371292540019,0.144720505822661,0.185781454960399
809,0.641442262346675,0.26806502014066,0.231177046607856,0.23033379664679,0.184568357977156,0.189517281185082
851,0.652893966371437,0.286266334773665,0.219672052767678,0.281431899695417,0.144424803121843,0.143552645462116
808,0.595435874427052,0.261497815323131,0.240653643199231,0.225342219919308,0.168745733831007,0.16357228121085
691,0.617598511353537,0.222081350052879,0.226165913043895,0.271855157449252,0.140279459933373,0.208116557082828
856,0.600763302119727,0.262430509724191,0.244185541162083,0.258711437790672,0.160077057692081,0.168745733831007
783,0.644967683931748,0.249561781327291,0.206639944148685,0.231177046607856,0.166814026627726,0.140279459933373
681,0.622904705251892,0.233725581744281,0.241532534498303,0.232872971194181,0.185172899926102,0.140279459933373
736,0.633503788623644,0.231177046607856,0.201594638931909,0.259638241659144,0.140279459933373,0.178742307944130
781,0.617598511353537,0.255024990396885,0.23977753355553,0.232872971194181,0.195393227873188,0.213405068833102
685,0.62555609967103,0.240653643199231,0.237166246337142,0.214949882112267,0.177624558944457,0.158002143279100
695,0.61494365721071,0.254108759679802,0.259638241659144,0.270905253648299,0.214949882112267,0.161797245314680
307,0.677506525321988,0.201594638931909,0.180448444205294,0.363974517009122,0.387353706987488,0.267121556704060
317,0.444549008408857,0.186394027664835,0.172268685450245,0.200188610986799,0.140279459933373,0.151542367809210
738,0.623788627185174,0.244185541162083,0.196066256873814,0.244185541162083,0.194059239855938,0.184568357977156
927,0.637915147508898,0.271855157449252,0.228656878414890,0.242414171861771,0.179875784505171,0.169237834303805
939,0.675750628954486,0.341355528691973,0.289179343702615,0.297964434643167,0.167291481291287,0.174364837136968
749,0.62555609967103,0.254108759679802,0.225342219919308,0.208860644258667,0.175977245746161,0.177624558944457
724,0.603424944919196,0.216509434133377,0.226992939983781,0.238904240888872,0.170233153496669,0.144720505822661
891,0.665208590906176,0.273759486818862,0.246862287018223,0.277585234113443,0.196743303664015,0.151542367809210
785,0.631738455286738,0.296006914761259,0.300905518027404,0.252283020211930,0.221274744825972,0.187631241909896
803,0.66608754581422,0.293075998312143,0.318636108753548,0.311728055196152,0.210360301592275,0.171754154191287
674,0.639678919993987,0.223704949036996,0.240653643199231,0.256863984839407,0.177071557205383,0.147819407725247
672,0.62555609967103,0.257786672914962,0.211875157547888,0.267121556704060,0.161362102255135,0.140279459933373
158,0.469720411442728,0.140279459933373,0.164024746412181,0.208860644258667,0.144720505822661,0.156796455796649
229,0.430419611243593,0.164480729737195,0.186394027664835,0.164024746412181,0.160077057692081,0.16357228121085
562,0.609630293401202,0.264301525715948,0.226165913043895,0.284329312589461,0.167291481291287,0.149469410107982
657,0.634386284250911,0.250466494772263,0.242414171861771,0.274713840722163,0.162677834203278,0.146237238572002
679,0.647610671197383,0.246862287018223,0.251373586915138,0.233725581744281,0.164024746412181,0.151189670120080
789,0.624672424998259,0.23033379664679,0.249561781327291,0.232023448734304,0.168257318749387,0.167772573247934
751,0.610516199655431,0.358090854945044,0.353177756395209,0.303851718893881,0.197424363331222,0.180448444205294
784,0.631738455286738,0.259638241659144,0.208860644258667,0.287236372741756,0.146862120354825,0.170736402643872
743,0.652893966371437,0.238033800236652,0.26336509235663,0.257786672914962,0.168257318749387,0.168257318749387
870,0.635268667058686,0.259638241659144,0.272806580486754,0.188255890082703,0.178181472416481,0.183371292540019
376,0.44923503724365,0.159655442358187,0.198798498578782,0.202303599215116,0.140279459933373,0.188255890082703
846,0.619367756469412,0.338394673319409,0.289179343702615,0.337407372460796,0.155233599845476,0.145319498566922
695,0.611401966215199,0.324563618926047,0.289179343702615,0.296006914761259,0.233725581744281,0.159655442358187
855,0.641442262346675,0.247759640188542,0.254108759679802,0.253194757033311,0.176522456496951,0.203733362812729
662,0.604311860230174,0.222891426963376,0.255943411389996,0.232023448734304,0.162235816543637,0.162235816543637
850,0.635268667058686,0.256863984839407,0.196743303664015,0.272806580486754,0.174898448025698,0.194059239855938
638,0.585653817185493,0.233725581744281,0.243298519444439,0.247759640188542,0.163123316426449,0.140279459933373
950,0.615828741507218,0.285297304030371,0.245075200706715,0.270905253648299,0.184568357977156,0.199491561253654
872,0.655534316836593,0.267121556704060,0.238033800236652,0.267121556704060,0.152618104976752,0.172268685450245
789,0.655534316836593,0.265239772398733,0.242414171861771,0.273759486818862,0.140279459933373,0.150492979148870
668,0.590102705627282,0.218083551882790,0.240653643199231,0.180448444205294,0.161797245314680,0.140279459933373
344,0.445487145704544,0.178742307944130,0.150148946700048,0.235439936165745,0.140279459933373,0.140279459933373
829,0.634386284250911,0.291125967010989,0.277585234113443,0.209608564537159,0.204454144375473,0.171243398019944
982,0.628206394540431,0.238033800236652,0.220471637257467,0.218083551882790,0.161797245314680,0.158822198286243
922,0.643205181411445,0.267121556704060,0.197424363331222,0.248659484023583,0.165403320798019,0.190794809258731
603,0.598100289370352,0.314687276192053,0.290152214217331,0.286266334773665,0.181605650010004,0.179307075461499
921,0.620252184825136,0.254108759679802,0.238904240888872,0.277585234113443,0.146548361254107,0.163123316426449
871,0.650252758171119,0.260567046745838,0.282396577544332,0.246862287018223,0.196066256873814,0.209608564537159
389,0.447362019176649,0.146862120354825,0.185172899926102,0.203016510694019,0.141602453589765,0.140279459933373
666,0.620252184825136,0.221274744825972,0.234581247743386,0.242414171861771,0.151542367809210,0.167291481291287
525,0.466939252082330,0.185781454960399,0.187010622123131,0.190154027575454,0.140279459933373,0.174898448025698
720,0.61494365721071,0.267121556704060,0.255024990396885,0.201594638931909,0.182190212262849,0.164940248736627
799,0.627323083479833,0.236301613614802,0.227823271636467,0.243298519444439,0.141333283747465,0.167291481291287
175,0.592770024376564,0.184568357977156,0.208116557082828,0.205907447843523,0.161362102255135,0.140279459933373
732,0.611401966215199,0.246862287018223,0.242414171861771,0.218876016213984,0.140279459933373,0.197424363331222
322,0.460435073421994,0.165869963138432,0.192088479379025,0.167772573247934,0.164480729737195,0.176522456496951
745,0.587433883900336,0.243298519444439,0.155619579790919,0.216509434133377,0.140279459933373,0.160502026996677
385,0.447362019176649,0.178181472416481,0.205907447843523,0.175435913518267,0.164480729737195,0.186394027664835
688,0.618483198986599,0.257786672914962,0.194059239855938,0.212638240623736,0.160077057692081,0.155233599845476
683,0.619367756469412,0.250466494772263,0.221274744825972,0.251373586915138,0.152982630801945,0.186394027664835
813,0.622020658211421,0.255943411389996,0.242414171861771,0.229493730258852,0.205178843545358,0.185781454960399
777,0.607858057407542,0.255943411389996,0.267121556704060,0.210360301592275,0.157597013980819,0.140279459933373
675,0.624672424998259,0.247759640188542,0.232023448734304,0.240653643199231,0.14298348025674,0.155619579790919
704,0.618483198986599,0.211875157547888,0.196743303664015,0.280468392646033,0.140279459933373,0.146548361254107
761,0.656414246618719,0.273759486818862,0.265239772398733,0.214175622695954,0.184568357977156,0.157597013980819
856,0.652893966371437,0.281431899695417,0.257786672914962,0.273759486818862,0.261497815323131,0.232872971194181
176,0.528260989528785,0.140279459933373,0.140279459933373,0.203016510694019,0.148801114525785,0.185781454960399
899,0.636150937944643,0.226992939983781,0.257786672914962,0.208116557082828,0.154850743467635,0.205907447843523
727,0.622020658211421,0.235439936165745,0.218083551882790,0.240653643199231,0.148801114525785,0.164024746412181
702,0.604311860230174,0.208860644258667,0.192741366843982,0.279506090033501,0.142423961905656,0.144424803121843
750,0.61494365721071,0.200188610986799,0.244185541162083,0.177624558944457,0.140801836156987,0.155619579790919
310,0.414271770359505,0.181605650010004,0.208860644258667,0.186394027664835,0.163123316426449,0.140279459933373
175,0.537291706764252,0.140279459933373,0.150839880430613,0.190794809258731,0.140279459933373,0.140279459933373
581,0.604311860230174,0.211115838461421,0.226992939983781,0.213405068833102,0.183371292540019,0.150148946700048
811,0.623788627185174,0.266179795115631,0.258711437790672,0.275669606701894,0.140279459933373,0.162235816543637
974,0.63703309779987,0.32950458986508,0.320611530912211,0.302869127130412,0.193398287644562,0.196743303664015
745,0.590102705627282,0.247759640188542,0.241532534498303,0.222891426963376,0.178181472416481,0.140279459933373
695,0.597212308466731,0.23977753355553,0.243298519444439,0.26806502014066,0.147178535004063,0.156400988328558
768,0.6678452031824,0.255024990396885,0.254108759679802,0.212638240623736,0.194059239855938,0.143840891542185
694,0.68715866078394,0.244185541162083,0.242414171861771,0.220471637257467,0.157597013980819,0.140279459933373
799,0.657294084136253,0.259638241659144,0.269956905233921,0.180448444205294,0.184568357977156,0.149807763529887
734,0.638797087949753,0.252283020211930,0.267121556704060,0.248659484023583,0.190154027575454,0.140279459933373
869,0.635268667058686,0.250466494772263,0.248659484023583,0.231177046607856,0.179307075461499,0.222891426963376
754,0.634386284250911,0.299924552865763,0.255943411389996,0.283362392853609,0.185781454960399,0.183371292540019
699,0.62555609967103,0.211875157547888,0.262430509724191,0.238904240888872,0.140279459933373,0.146237238572002
797,0.638797087949753,0.264301525715948,0.198109430350217,0.288207386188063,0.148471133452426,0.187010622123131
734,0.600763302119727,0.250466494772263,0.232872971194181,0.227823271636467,0.161362102255135,0.182778757451073
235,0.61494365721071,0.227823271636467,0.203016510694019,0.339381807952053,0.325551793923222,0.243298519444439
721,0.59099197716754,0.215727826366646,0.237166246337142,0.203733362812729,0.177624558944457,0.163123316426449
675,0.574958463059337,0.209608564537159,0.200889639762023,0.234581247743386,0.162235816543637,0.179875784505171
343,0.444549008408857,0.173835068385563,0.141066417195949,0.213405068833102,0.145018731380577,0.142147774681471
633,0.648491465815105,0.277585234113443,0.265239772398733,0.208860644258667,0.196743303664015,0.195393227873188
741,0.59454741884471,0.374722731821464,0.330492731245164,0.309756707604237,0.208116557082828,0.228656878414890
223,0.457641082102348,0.157597013980819,0.159655442358187,0.203016510694019,0.149807763529887,0.140279459933373
678,0.607858057407542,0.240653643199231,0.236301613614802,0.23977753355553,0.167772573247934,0.164480729737195
809,0.632621179272578,0.267121556704060,0.257786672914962,0.210360301592275,0.165403320798019,0.163123316426449
785,0.648491465815105,0.255943411389996,0.227823271636467,0.256863984839407,0.182778757451073,0.198109430350217
725,0.612287594171303,0.240653643199231,0.205178843545358,0.238033800236652,0.144131604573628,0.153350162717428
154,0.458572851358513,0.140279459933373,0.203016510694019,0.206639944148685,0.140279459933373,0.175977245746161
800,0.629972659733243,0.302869127130412,0.247759640188542,0.291125967010989,0.148471133452426,0.169733635746363
672,0.629089586309926,0.269010148553487,0.241532534498303,0.208116557082828,0.208860644258667,0.190794809258731
704,0.610516199655431,0.246862287018223,0.234581247743386,0.238033800236652,0.183967824035887,0.185781454960399
860,0.65113325749733,0.275669606701894,0.23033379664679,0.255943411389996,0.146237238572002,0.140279459933373
326,0.412362374614871,0.181025063276694,0.171754154191287,0.234581247743386,0.162235816543637,0.164480729737195
831,0.638797087949753,0.256863984839407,0.250466494772263,0.259638241659144,0.187631241909896,0.164480729737195
808,0.622020658211421,0.226992939983781,0.232872971194181,0.244185541162083,0.14298348025674,0.151189670120080
163,0.488169238277247,0.148471133452426,0.174898448025698,0.188255890082703,0.140279459933373,0.183967824035887
966,0.639678919993987,0.269010148553487,0.234581247743386,0.293075998312143,0.194059239855938,0.200889639762023
715,0.615828741507218,0.255024990396885,0.23033379664679,0.260567046745838,0.175435913518267,0.186394027664835
234,0.635268667058686,0.213405068833102,0.140279459933373,0.488169238277247,0.529165277729617,0.39218977751084
990,0.62555609967103,0.299924552865763,0.313700605163659,0.26806502014066,0.227823271636467,0.176522456496951
782,0.617598511353537,0.233725581744281,0.237166246337142,0.244185541162083,0.140279459933373,0.161362102255135
746,0.585653817185493,0.234581247743386,0.235439936165745,0.221274744825972,0.152256565618780,0.146237238572002
683,0.607858057407542,0.234581247743386,0.192741366843982,0.232023448734304,0.176522456496951,0.140279459933373
347,0.446424815327873,0.144424803121843,0.140279459933373,0.186394027664835,0.163123316426449,0.140279459933373
757,0.601650667029677,0.226992939983781,0.232023448734304,0.194059239855938,0.187631241909896,0.167772573247934
826,0.649372161207369,0.257786672914962,0.261497815323131,0.23977753355553,0.162677834203278,0.140279459933373
833,0.565130393380684,0.250466494772263,0.213405068833102,0.269010148553487,0.176522456496951,0.149807763529887
787,0.622904705251892,0.242414171861771,0.201594638931909,0.274713840722163,0.150839880430613,0.140279459933373
763,0.592770024376564,0.255024990396885,0.26336509235663,0.246862287018223,0.153720720340875,0.161797245314680
707,0.610516199655431,0.231177046607856,0.238033800236652,0.195393227873188,0.153350162717428,0.140279459933373
807,0.624672424998259,0.306802338059224,0.296006914761259,0.296985336054750,0.202303599215116,0.142702524367706
704,0.58209159090975,0.222081350052879,0.241532534498303,0.222081350052879,0.157195124574254,0.178181472416481
332,0.456708871220304,0.213405068833102,0.205907447843523,0.226992939983781,0.169237834303805,0.187010622123131
771,0.600763302119727,0.260567046745838,0.251373586915138,0.262430509724191,0.160930368981928,0.140279459933373
705,0.61494365721071,0.245075200706715,0.240653643199231,0.253194757033311,0.154094323280450,0.140279459933373
721,0.596324170558622,0.214175622695954,0.203016510694019,0.246862287018223,0.140279459933373,0.158002143279100
690,0.603424944919196,0.261497815323131,0.227823271636467,0.233725581744281,0.170233153496669,0.143840891542185
839,0.646729776551258,0.253194757033311,0.186394027664835,0.270905253648299,0.152256565618780,0.140279459933373
860,0.652893966371437,0.250466494772263,0.279506090033501,0.197424363331222,0.174898448025698,0.163123316426449
194,0.504646384858735,0.160930368981928,0.140279459933373,0.366910990862085,0.390256851013871,0.243298519444439
859,0.646729776551258,0.262430509724191,0.262430509724191,0.271855157449252,0.152982630801945,0.143840891542185
727,0.612287594171303,0.240653643199231,0.252283020211930,0.209608564537159,0.197424363331222,0.228656878414890
762,0.636150937944643,0.223704949036996,0.206639944148685,0.243298519444439,0.16634019279706,0.140279459933373
529,0.639678919993987,0.240653643199231,0.228656878414890,0.242414171861771,0.14298348025674,0.182190212262849
230,0.42188893060604,0.172268685450245,0.205907447843523,0.185781454960399,0.144720505822661,0.174898448025698
682,0.597212308466731,0.23977753355553,0.215727826366646,0.258711437790672,0.162235816543637,0.158002143279100
896,0.656414246618719,0.280468392646033,0.229493730258852,0.269956905233921,0.170233153496669,0.190794809258731
846,0.646729776551258,0.305818349289740,0.297964434643167,0.279506090033501,0.172268685450245,0.149133866930996
758,0.650252758171119,0.243298519444439,0.207376318697083,0.255024990396885,0.140279459933373,0.191439626593958
702,0.616713692539713,0.226992939983781,0.218876016213984,0.153350162717428,0.140279459933373,0.156400988328558
749,0.605198627992826,0.235439936165745,0.251373586915138,0.234581247743386,0.164024746412181,0.16634019279706
933,0.647610671197383,0.377644706128292,0.344314559496454,0.326539995183568,0.193398287644562,0.216509434133377
770,0.627323083479833,0.247759640188542,0.218083551882790,0.250466494772263,0.144720505822661,0.196066256873814
198,0.658173830133798,0.214949882112267,0.144424803121843,0.337407372460796,0.358090854945044,0.232872971194181
704,0.590102705627282,0.222081350052879,0.258711437790672,0.196743303664015,0.156796455796649,0.141873944585676
324,0.67838435938152,0.248659484023583,0.160930368981928,0.479886604427388,0.518295090270738,0.357108931824631
729,0.642323774366231,0.261497815323131,0.267121556704060,0.232872971194181,0.180448444205294,0.140279459933373
739,0.632621179272578,0.242414171861771,0.232872971194181,0.232872971194181,0.161362102255135,0.168745733831007
890,0.633503788623644,0.258711437790672,0.298944182722262,0.188255890082703,0.186394027664835,0.185781454960399
714,0.610516199655431,0.229493730258852,0.188255890082703,0.290152214217331,0.167291481291287,0.183371292540019
811,0.652893966371437,0.269010148553487,0.231177046607856,0.23977753355553,0.148801114525785,0.152618104976752
613,0.557070755717787,0.204454144375473,0.248659484023583,0.202303599215116,0.170233153496669,0.166814026627726
675,0.628206394540431,0.236301613614802,0.233725581744281,0.26806502014066,0.140279459933373,0.162235816543637
184,0.550789853506805,0.150148946700048,0.145622826217966,0.197424363331222,0.140279459933373,0.140279459933373
172,0.408537424783786,0.198798498578782,0.207376318697083,0.221274744825972,0.189517281185082,0.140279459933373
802,0.63703309779987,0.259638241659144,0.271855157449252,0.211875157547888,0.196743303664015,0.140279459933373
318,0.463225147278761,0.168745733831007,0.140801836156987,0.175435913518267,0.140279459933373,0.158410531669826
859,0.618483198986599,0.222081350052879,0.26336509235663,0.205178843545358,0.182778757451073,0.179875784505171
742,0.623788627185174,0.232023448734304,0.226992939983781,0.256863984839407,0.178742307944130,0.140279459933373
831,0.633503788623644,0.218876016213984,0.237166246337142,0.214949882112267,0.165869963138432,0.163123316426449
806,0.621136485069615,0.265239772398733,0.266179795115631,0.210360301592275,0.182778757451073,0.198109430350217
813,0.623788627185174,0.373747820375976,0.354161056920203,0.378617765257579,0.269010148553487,0.26336509235663
734,0.62555609967103,0.493674279807102,0.443610401564419,0.424736999725661,0.284329312589461,0.245075200706715
838,0.634386284250911,0.253194757033311,0.236301613614802,0.251373586915138,0.154470991130581,0.201594638931909
636,0.583873056414207,0.238904240888872,0.223704949036996,0.250466494772263,0.154094323280450,0.157195124574254
789,0.620252184825136,0.251373586915138,0.23033379664679,0.264301525715948,0.174364837136968,0.156008702799071
753,0.595435874427052,0.188884569174318,0.217294683481912,0.231177046607856,0.147497624383717,0.161362102255135
731,0.623788627185174,0.253194757033311,0.23977753355553,0.279506090033501,0.190154027575454,0.188255890082703
754,0.608744246353995,0.237166246337142,0.255024990396885,0.204454144375473,0.156400988328558,0.140279459933373
834,0.619367756469412,0.312714190948075,0.272806580486754,0.244185541162083,0.173835068385563,0.183967824035887
993,0.669602528491819,0.302869127130412,0.299924552865763,0.234581247743386,0.196066256873814,0.140279459933373
758,0.591881082994116,0.224521889216861,0.245967461561916,0.248659484023583,0.155233599845476,0.140279459933373
748,0.608744246353995,0.235439936165745,0.238033800236652,0.238904240888872,0.169733635746363,0.159237162188545
777,0.629089586309926,0.250466494772263,0.226992939983781,0.207376318697083,0.190154027575454,0.140279459933373
817,0.620252184825136,0.267121556704060,0.182778757451073,0.304834801321944,0.181025063276694,0.175435913518267
376,0.460435073421994,0.192088479379025,0.169733635746363,0.216509434133377,0.150839880430613,0.140279459933373
744,0.627323083479833,0.211115838461421,0.199491561253654,0.260567046745838,0.162677834203278,0.142423961905656
814,0.607858057407542,0.255024990396885,0.251373586915138,0.172787005806565,0.205907447843523,0.186394027664835
642,0.604311860230174,0.252283020211930,0.222891426963376,0.202303599215116,0.140279459933373,0.168257318749387
930,0.666966416344732,0.301887051542692,0.291125967010989,0.237166246337142,0.209608564537159,0.151897993103576
808,0.61405843859737,0.245075200706715,0.23977753355553,0.221274744825972,0.171754154191287,0.145928733232941
592,0.65113325749733,0.225342219919308,0.228656878414890,0.229493730258852,0.198798498578782,0.157597013980819
727,0.595435874427052,0.253194757033311,0.240653643199231,0.223704949036996,0.184568357977156,0.163123316426449
805,0.680139802349038,0.26336509235663,0.246862287018223,0.223704949036996,0.175435913518267,0.162677834203278
772,0.617598511353537,0.237166246337142,0.213405068833102,0.272806580486754,0.140279459933373,0.170736402643872
741,0.61405843859737,0.280468392646033,0.227823271636467,0.337407372460796,0.295029198942614,0.142702524367706
781,0.622020658211421,0.266179795115631,0.194059239855938,0.265239772398733,0.158410531669826,0.187010622123131
875,0.610516199655431,0.272806580486754,0.26806502014066,0.264301525715948,0.190794809258731,0.140279459933373
716,0.634386284250911,0.26806502014066,0.214175622695954,0.273759486818862,0.183967824035887,0.165869963138432
190,0.566024855998128,0.184568357977156,0.210360301592275,0.213405068833102,0.145319498566922,0.181605650010004
751,0.62555609967103,0.274713840722163,0.228656878414890,0.227823271636467,0.188884569174318,0.193398287644562
453,0.445487145704544,0.179875784505171,0.177071557205383,0.192741366843982,0.140279459933373,0.16634019279706
957,0.656414246618719,0.259638241659144,0.264301525715948,0.243298519444439,0.140279459933373,0.140279459933373
801,0.617598511353537,0.256863984839407,0.242414171861771,0.26336509235663,0.165869963138432,0.160502026996677
256,0.491840713366392,0.145622826217966,0.155233599845476,0.225342219919308,0.163123316426449,0.154094323280450
711,0.585653817185493,0.23977753355553,0.235439936165745,0.205907447843523,0.169237834303805,0.169733635746363
812,0.631738455286738,0.269956905233921,0.232023448734304,0.286266334773665,0.184568357977156,0.182190212262849
816,0.634386284250911,0.245967461561916,0.223704949036996,0.281431899695417,0.144131604573628,0.186394027664835
702,0.605198627992826,0.188884569174318,0.243298519444439,0.240653643199231,0.156008702799071,0.140279459933373
865,0.648491465815105,0.259638241659144,0.265239772398733,0.242414171861771,0.140279459933373,0.167291481291287
753,0.643205181411445,0.244185541162083,0.189517281185082,0.252283020211930,0.153350162717428,0.190794809258731
370,0.429473753439024,0.168257318749387,0.175435913518267,0.233725581744281,0.140279459933373,0.140279459933373
873,0.652893966371437,0.277585234113443,0.251373586915138,0.270905253648299,0.189517281185082,0.213405068833102
706,0.624672424998259,0.238904240888872,0.255943411389996,0.219672052767678,0.149469410107982,0.155233599845476
737,0.654654294039608,0.278545025785751,0.261497815323131,0.277585234113443,0.146862120354825,0.140279459933373
827,0.68715866078394,0.295029198942614,0.295029198942614,0.319623752397046,0.213405068833102,0.154094323280450
761,0.641442262346675,0.213405068833102,0.233725581744281,0.258711437790672,0.144720505822661,0.170233153496669
340,0.416179118323367,0.155619579790919,0.203733362812729,0.194724220966719,0.140279459933373,0.172787005806565
750,0.638797087949753,0.275669606701894,0.279506090033501,0.274713840722163,0.189517281185082,0.179307075461499
643,0.609630293401202,0.191439626593958,0.23977753355553,0.175977245746161,0.157195124574254,0.155233599845476
177,0.393155485097713,0.182190212262849,0.200889639762023,0.210360301592275,0.186394027664835,0.140279459933373
740,0.646729776551258,0.295029198942614,0.255024990396885,0.270905253648299,0.178181472416481,0.152982630801945
781,0.609630293401202,0.240653643199231,0.218083551882790,0.23033379664679,0.154094323280450,0.168257318749387
742,0.615828741507218,0.238033800236652,0.210360301592275,0.274713840722163,0.174898448025698,0.140279459933373
798,0.604311860230174,0.265239772398733,0.217294683481912,0.285297304030371,0.167772573247934,0.183967824035887
735,0.59454741884471,0.255024990396885,0.282396577544332,0.214949882112267,0.173835068385563,0.204454144375473
883,0.645848781067736,0.338394673319409,0.313700605163659,0.278545025785751,0.210360301592275,0.205178843545358
188,0.565130393380684,0.140279459933373,0.162677834203278,0.170736402643872,0.165403320798019,0.140279459933373
780,0.644086484322101,0.287236372741756,0.265239772398733,0.257786672914962,0.188255890082703,0.194724220966719
808,0.593658802575914,0.231177046607856,0.215727826366646,0.241532534498303,0.159655442358187,0.140279459933373
784,0.62555609967103,0.23977753355553,0.234581247743386,0.200889639762023,0.151189670120080,0.154470991130581
849,0.634386284250911,0.26806502014066,0.247759640188542,0.217294683481912,0.199491561253654,0.197424363331222
745,0.615828741507218,0.23033379664679,0.224521889216861,0.220471637257467,0.148143904307162,0.154094323280450
446,0.447362019176649,0.173309128978783,0.181605650010004,0.212638240623736,0.141066417195949,0.152982630801945
791,0.658173830133798,0.284329312589461,0.252283020211930,0.282396577544332,0.192741366843982,0.140279459933373
661,0.59454741884471,0.247759640188542,0.251373586915138,0.191439626593958,0.169733635746363,0.140279459933373
783,0.623788627185174,0.274713840722163,0.238033800236652,0.269956905233921,0.178742307944130,0.218876016213984
802,0.634386284250911,0.254108759679802,0.226165913043895,0.251373586915138,0.145928733232941,0.181025063276694
734,0.606971725447777,0.245967461561916,0.182778757451073,0.23977753355553,0.159237162188545,0.157597013980819
943,0.623788627185174,0.322587416871138,0.331480818156256,0.258711437790672,0.200188610986799,0.183967824035887
403,0.670481068306923,0.215727826366646,0.214175622695954,0.318636108753548,0.365932579194558,0.232023448734304
763,0.61405843859737,0.228656878414890,0.174364837136968,0.291125967010989,0.140279459933373,0.140279459933373
1020,0.644967683931748,0.255024990396885,0.192088479379025,0.26336509235663,0.147819407725247,0.211875157547888
758,0.632621179272578,0.245967461561916,0.248659484023583,0.267121556704060,0.140279459933373,0.16634019279706
702,0.618483198986599,0.269956905233921,0.254108759679802,0.258711437790672,0.182778757451073,0.159237162188545
151,0.465083048709257,0.14298348025674,0.175435913518267,0.170736402643872,0.147178535004063,0.154094323280450
874,0.629089586309926,0.23977753355553,0.232872971194181,0.235439936165745,0.140279459933373,0.140279459933373
374,0.631738455286738,0.270905253648299,0.203016510694019,0.306802338059224,0.143552645462116,0.156008702799071
841,0.65201365997105,0.267121556704060,0.266179795115631,0.228656878414890,0.169237834303805,0.186394027664835
557,0.608744246353995,0.296006914761259,0.259638241659144,0.267121556704060,0.169237834303805,0.196743303664015
276,0.407579902497849,0.140279459933373,0.179875784505171,0.16634019279706,0.144424803121843,0.140279459933373
779,0.607858057407542,0.305818349289740,0.270905253648299,0.301887051542692,0.16634019279706,0.232023448734304
718,0.648491465815105,0.271855157449252,0.226992939983781,0.269010148553487,0.205907447843523,0.156400988328558
809,0.644086484322101,0.228656878414890,0.212638240623736,0.26336509235663,0.172787005806565,0.162677834203278
378,0.443610401564419,0.190154027575454,0.183967824035887,0.214949882112267,0.152618104976752,0.153350162717428
625,0.604311860230174,0.279506090033501,0.246862287018223,0.299924552865763,0.160077057692081,0.155619579790919
733,0.603424944919196,0.216509434133377,0.202303599215116,0.226992939983781,0.188884569174318,0.181605650010004
756,0.606085249352797,0.244185541162083,0.240653643199231,0.257786672914962,0.188255890082703,0.160930368981928
804,0.629972659733243,0.225342219919308,0.233725581744281,0.245967461561916,0.148143904307162,0.160502026996677
506,0.438910260048710,0.201594638931909,0.150839880430613,0.213405068833102,0.154470991130581,0.140279459933373
771,0.636150937944643,0.260567046745838,0.265239772398733,0.261497815323131,0.170736402643872,0.140279459933373
740,0.61405843859737,0.252283020211930,0.224521889216861,0.261497815323131,0.140279459933373,0.145319498566922
700,0.629972659733243,0.260567046745838,0.293075998312143,0.189517281185082,0.159237162188545,0.174364837136968
761,0.631738455286738,0.258711437790672,0.281431899695417,0.177624558944457,0.23033379664679,0.190794809258731
691,0.596324170558622,0.216509434133377,0.225342219919308,0.23033379664679,0.169237834303805,0.167772573247934
877,0.629972659733243,0.286266334773665,0.243298519444439,0.277585234113443,0.177624558944457,0.151542367809210
542,0.63703309779987,0.243298519444439,0.232872971194181,0.214949882112267,0.198798498578782,0.177624558944457
701,0.59454741884471,0.265239772398733,0.264301525715948,0.255024990396885,0.191439626593958,0.140279459933373
166,0.505558530479263,0.155233599845476,0.190154027575454,0.198109430350217,0.158002143279100,0.159237162188545
645,0.557967132030868,0.316661303992259,0.265239772398733,0.327528205863718,0.212638240623736,0.203733362812729
559,0.636150937944643,0.281431899695417,0.265239772398733,0.284329312589461,0.169733635746363,0.161797245314680
161,0.402784577338547,0.150492979148870,0.158822198286243,0.220471637257467,0.140279459933373,0.142702524367706
767,0.601650667029677,0.238033800236652,0.189517281185082,0.254108759679802,0.140801836156987,0.161797245314680
802,0.610516199655431,0.26336509235663,0.201594638931909,0.296006914761259,0.151897993103576,0.151189670120080
988,0.653774177471793,0.33543232376894,0.267121556704060,0.271855157449252,0.185781454960399,0.157597013980819
809,0.57763477259731,0.236301613614802,0.243298519444439,0.220471637257467,0.181605650010004,0.218083551882790
734,0.612287594171303,0.232023448734304,0.232872971194181,0.229493730258852,0.140279459933373,0.140279459933373
727,0.638797087949753,0.258711437790672,0.257786672914962,0.233725581744281,0.157195124574254,0.154094323280450
691,0.618483198986599,0.214949882112267,0.202303599215116,0.188255890082703,0.146237238572002,0.140279459933373
949,0.654654294039608,0.23977753355553,0.246862287018223,0.26336509235663,0.166814026627726,0.151897993103576
908,0.677506525321988,0.264301525715948,0.227823271636467,0.257786672914962,0.210360301592275,0.166814026627726
760,0.655534316836593,0.262430509724191,0.238033800236652,0.258711437790672,0.157597013980819,0.179307075461499
153,0.561550463611059,0.325551793923222,0.278545025785751,0.270905253648299,0.180448444205294,0.164940248736627
646,0.619367756469412,0.215727826366646,0.196066256873814,0.264301525715948,0.140279459933373,0.140279459933373
678,0.620252184825136,0.219672052767678,0.206639944148685,0.232023448734304,0.160930368981928,0.169237834303805
846,0.623788627185174,0.245967461561916,0.216509434133377,0.265239772398733,0.170233153496669,0.171754154191287
191,0.461365530470573,0.167291481291287,0.168745733831007,0.185781454960399,0.165403320798019,0.140279459933373
728,0.637915147508898,0.232872971194181,0.245967461561916,0.196743303664015,0.140279459933373,0.200889639762023
839,0.632621179272578,0.237166246337142,0.266179795115631,0.160077057692081,0.175977245746161,0.195393227873188
847,0.631738455286738,0.249561781327291,0.228656878414890,0.232023448734304,0.181025063276694,0.183967824035887
853,0.664329550930648,0.26336509235663,0.269956905233921,0.218876016213984,0.164024746412181,0.159655442358187
788,0.612287594171303,0.236301613614802,0.202303599215116,0.244185541162083,0.151897993103576,0.165869963138432
814,0.617598511353537,0.243298519444439,0.229493730258852,0.200188610986799,0.143552645462116,0.140279459933373
524,0.73792896726203,0.271855157449252,0.205907447843523,0.354161056920203,0.32159942528535,0.219672052767678
787,0.609630293401202,0.235439936165745,0.262430509724191,0.183967824035887,0.154470991130581,0.140279459933373
771,0.613173084606865,0.234581247743386,0.172787005806565,0.280468392646033,0.194059239855938,0.228656878414890
380,0.470646634478409,0.208116557082828,0.192088479379025,0.250466494772263,0.158822198286243,0.140279459933373
722,0.617598511353537,0.224521889216861,0.172268685450245,0.243298519444439,0.140279459933373,0.158002143279100
708,0.59099197716754,0.224521889216861,0.238904240888872,0.269956905233921,0.140279459933373,0.158002143279100
897,0.624672424998259,0.235439936165745,0.250466494772263,0.200889639762023,0.191439626593958,0.151542367809210
691,0.598988114480156,0.200188610986799,0.187631241909896,0.255943411389996,0.140279459933373,0.178742307944130
801,0.628206394540431,0.265239772398733,0.218083551882790,0.282396577544332,0.168745733831007,0.160502026996677
676,0.586543936638165,0.234581247743386,0.251373586915138,0.183967824035887,0.161797245314680,0.140279459933373
915,0.584763524220902,0.23033379664679,0.229493730258852,0.208116557082828,0.169237834303805,0.153720720340875
688,0.644086484322101,0.240653643199231,0.155233599845476,0.284329312589461,0.140279459933373,0.196743303664015
815,0.601650667029677,0.310742219942023,0.246862287018223,0.271855157449252,0.154094323280450,0.209608564537159
814,0.581200590507501,0.262430509724191,0.256863984839407,0.283362392853609,0.192088479379025,0.215727826366646
794,0.646729776551258,0.246862287018223,0.140279459933373,0.274713840722163,0.141066417195949,0.161362102255135
796,0.598100289370352,0.255024990396885,0.257786672914962,0.186394027664835,0.170233153496669,0.140279459933373
862,0.61405843859737,0.256863984839407,0.273759486818862,0.255943411389996,0.154470991130581,0.176522456496951
713,0.602537880906253,0.333456768437105,0.296985336054750,0.269956905233921,0.214175622695954,0.185781454960399
832,0.632621179272578,0.264301525715948,0.238904240888872,0.223704949036996,0.180448444205294,0.140279459933373
748,0.607858057407542,0.26336509235663,0.235439936165745,0.231177046607856,0.185172899926102,0.181025063276694
737,0.604311860230174,0.277585234113443,0.276626749501763,0.227823271636467,0.208116557082828,0.154094323280450
784,0.629089586309926,0.219672052767678,0.214175622695954,0.214949882112267,0.182190212262849,0.165403320798019
362,0.676628615387707,0.140279459933373,0.158002143279100,0.178742307944130,0.140279459933373,0.184568357977156
850,0.662571212990782,0.260567046745838,0.255943411389996,0.254108759679802,0.185172899926102,0.150148946700048
791,0.660812526368302,0.246862287018223,0.249561781327291,0.296006914761259,0.183371292540019,0.176522456496951
749,0.633503788623644,0.226992939983781,0.255943411389996,0.222081350052879,0.233725581744281,0.186394027664835
890,0.627323083479833,0.243298519444439,0.236301613614802,0.259638241659144,0.168745733831007,0.147819407725247
800,0.637915147508898,0.215727826366646,0.228656878414890,0.278545025785751,0.151542367809210,0.150492979148870
731,0.658173830133798,0.261497815323131,0.26806502014066,0.232872971194181,0.208860644258667,0.140279459933373
686,0.586543936638165,0.228656878414890,0.217294683481912,0.234581247743386,0.174898448025698,0.157597013980819
167,0.504646384858735,0.147819407725247,0.160077057692081,0.198109430350217,0.141873944585676,0.140279459933373
834,0.635268667058686,0.255024990396885,0.235439936165745,0.227823271636467,0.154470991130581,0.168257318749387
687,0.59099197716754,0.260567046745838,0.226165913043895,0.262430509724191,0.148143904307162,0.158822198286243
719,0.546296562840502,0.278545025785751,0.269010148553487,0.226165913043895,0.190794809258731,0.150148946700048
818,0.649372161207369,0.265239772398733,0.288207386188063,0.172787005806565,0.158822198286243,0.185172899926102
754,0.633503788623644,0.232872971194181,0.192088479379025,0.251373586915138,0.168257318749387,0.161797245314680
696,0.59454741884471,0.202303599215116,0.241532534498303,0.190154027575454,0.148143904307162,0.140279459933373
711,0.615828741507218,0.212638240623736,0.183371292540019,0.287236372741756,0.143266847840142,0.188884569174318
764,0.600763302119727,0.223704949036996,0.214175622695954,0.231177046607856,0.178742307944130,0.205907447843523
172,0.469720411442728,0.199491561253654,0.205178843545358,0.200188610986799,0.143552645462116,0.162235816543637
673,0.558863289375474,0.218876016213984,0.205178843545358,0.244185541162083,0.168257318749387,0.152256565618780
825,0.65201365997105,0.269956905233921,0.237166246337142,0.242414171861771,0.190154027575454,0.173309128978783
724,0.632621179272578,0.233725581744281,0.172268685450245,0.260567046745838,0.162677834203278,0.140279459933373
760,0.618483198986599,0.232023448734304,0.235439936165745,0.214175622695954,0.152256565618780,0.160077057692081
775,0.619367756469412,0.248659484023583,0.232872971194181,0.229493730258852,0.183371292540019,0.157195124574254
350,0.431364974573073,0.190794809258731,0.200188610986799,0.196743303664015,0.140279459933373,0.178742307944130
730,0.602537880906253,0.235439936165745,0.200188610986799,0.270905253648299,0.149807763529887,0.150839880430613
686,0.638797087949753,0.273759486818862,0.256863984839407,0.264301525715948,0.217294683481912,0.214949882112267
697,0.610516199655431,0.314687276192053,0.296985336054750,0.279506090033501,0.177071557205383,0.169733635746363
822,0.638797087949753,0.282396577544332,0.259638241659144,0.252283020211930,0.188884569174318,0.172268685450245
752,0.636150937944643,0.238904240888872,0.238033800236652,0.224521889216861,0.158410531669826,0.171243398019944
353,0.433254223593108,0.219672052767678,0.198109430350217,0.194724220966719,0.170736402643872,0.177624558944457
921,0.636150937944643,0.277585234113443,0.287236372741756,0.251373586915138,0.226165913043895,0.233725581744281
857,0.638797087949753,0.270905253648299,0.233725581744281,0.218083551882790,0.195393227873188,0.190154027575454
853,0.630855615748439,0.325551793923222,0.326539995183568,0.269956905233921,0.187631241909896,0.214175622695954
695,0.658173830133798,0.248659484023583,0.185172899926102,0.294052217151829,0.171243398019944,0.188255890082703
725,0.623788627185174,0.258711437790672,0.201594638931909,0.254108759679802,0.140279459933373,0.174898448025698
653,0.582982412426427,0.247759640188542,0.224521889216861,0.270905253648299,0.220471637257467,0.229493730258852
221,0.500080663267207,0.171243398019944,0.152256565618780,0.219672052767678,0.140279459933373,0.170233153496669
793,0.574065981658382,0.308771540986705,0.293075998312143,0.285297304030371,0.182778757451073,0.140279459933373
796,0.629972659733243,0.315674182764382,0.288207386188063,0.271855157449252,0.198798498578782,0.190794809258731
445,0.579418047575081,0.294052217151829,0.269956905233921,0.283362392853609,0.174364837136968,0.154470991130581
651,0.603424944919196,0.271855157449252,0.258711437790672,0.278545025785751,0.164480729737195,0.154850743467635
768,0.642323774366231,0.284329312589461,0.214175622695954,0.242414171861771,0.190794809258731,0.188255890082703
869,0.665208590906176,0.271855157449252,0.275669606701894,0.240653643199231,0.177624558944457,0.169237834303805
596,0.66608754581422,0.238904240888872,0.240653643199231,0.217294683481912,0.167772573247934,0.172268685450245
679,0.689789572931803,0.325551793923222,0.301887051542692,0.290152214217331,0.194724220966719,0.187010622123131
408,0.450170855356869,0.187631241909896,0.220471637257467,0.207376318697083,0.142423961905656,0.140279459933373
805,0.619367756469412,0.264301525715948,0.243298519444439,0.265239772398733,0.140279459933373,0.140279459933373
700,0.62555609967103,0.277585234113443,0.26336509235663,0.269956905233921,0.16634019279706,0.140279459933373
770,0.629089586309926,0.242414171861771,0.23033379664679,0.196066256873814,0.161362102255135,0.179875784505171
724,0.627323083479833,0.255943411389996,0.222891426963376,0.26336509235663,0.145622826217966,0.151542367809210
858,0.629089586309926,0.248659484023583,0.234581247743386,0.290152214217331,0.145928733232941,0.161362102255135
824,0.642323774366231,0.252283020211930,0.196743303664015,0.215727826366646,0.177071557205383,0.181025063276694
723,0.613173084606865,0.234581247743386,0.226165913043895,0.235439936165745,0.140279459933373,0.164940248736627
587,0.66608754581422,0.340368763820501,0.304834801321944,0.281431899695417,0.228656878414890,0.188255890082703
921,0.634386284250911,0.340368763820501,0.32950458986508,0.282396577544332,0.162677834203278,0.170233153496669
724,0.617598511353537,0.250466494772263,0.223704949036996,0.255024990396885,0.16357228121085,0.155619579790919
849,0.617598511353537,0.238904240888872,0.221274744825972,0.23977753355553,0.168257318749387,0.231177046607856
683,0.603424944919196,0.270905253648299,0.250466494772263,0.221274744825972,0.174898448025698,0.163123316426449
775,0.636150937944643,0.238904240888872,0.260567046745838,0.231177046607856,0.154470991130581,0.181025063276694
807,0.647610671197383,0.280468392646033,0.254108759679802,0.26806502014066,0.182190212262849,0.223704949036996
783,0.65113325749733,0.243298519444439,0.251373586915138,0.235439936165745,0.147178535004063,0.184568357977156
860,0.584763524220902,0.213405068833102,0.168745733831007,0.275669606701894,0.140279459933373,0.151897993103576
359,0.429473753439024,0.164940248736627,0.214175622695954,0.191439626593958,0.194724220966719,0.143266847840142
843,0.659053485350326,0.256863984839407,0.238033800236652,0.233725581744281,0.208116557082828,0.146548361254107
159,0.461365530470573,0.146548361254107,0.161362102255135,0.202303599215116,0.144424803121843,0.204454144375473
760,0.637915147508898,0.300905518027404,0.303851718893881,0.227823271636467,0.211875157547888,0.140279459933373
777,0.660812526368302,0.247759640188542,0.243298519444439,0.222891426963376,0.181025063276694,0.140279459933373
677,0.621136485069615,0.235439936165745,0.260567046745838,0.188884569174318,0.182190212262849,0.181605650010004
721,0.579418047575081,0.269010148553487,0.256863984839407,0.281431899695417,0.199491561253654,0.161362102255135
782,0.621136485069615,0.280468392646033,0.282396577544332,0.250466494772263,0.175435913518267,0.140279459933373
806,0.606971725447777,0.277585234113443,0.276626749501763,0.287236372741756,0.173835068385563,0.140279459933373
686,0.61405843859737,0.223704949036996,0.196066256873814,0.23033379664679,0.145622826217966,0.145622826217966
862,0.603424944919196,0.242414171861771,0.244185541162083,0.223704949036996,0.177071557205383,0.207376318697083
734,0.620252184825136,0.249561781327291,0.245075200706715,0.235439936165745,0.152256565618780,0.140279459933373
213,0.574958463059337,0.33543232376894,0.299924552865763,0.240653643199231,0.183967824035887,0.164480729737195
790,0.610516199655431,0.222891426963376,0.256863984839407,0.196066256873814,0.175435913518267,0.178181472416481
755,0.624672424998259,0.266179795115631,0.274713840722163,0.255943411389996,0.196743303664015,0.160502026996677
234,0.539995796104345,0.176522456496951,0.185172899926102,0.205907447843523,0.140279459933373,0.180448444205294
882,0.640560644506718,0.26806502014066,0.214175622695954,0.238033800236652,0.150839880430613,0.168257318749387
798,0.638797087949753,0.246862287018223,0.252283020211930,0.227823271636467,0.153720720340875,0.16357228121085
837,0.623788627185174,0.257786672914962,0.267121556704060,0.253194757033311,0.161797245314680,0.167291481291287
702,0.623788627185174,0.282396577544332,0.212638240623736,0.290152214217331,0.202303599215116,0.147178535004063
194,0.655534316836593,0.218876016213984,0.185172899926102,0.348256569656263,0.374722731821464,0.226992939983781
799,0.601650667029677,0.229493730258852,0.215727826366646,0.23977753355553,0.156796455796649,0.154094323280450
812,0.640560644506718,0.236301613614802,0.225342219919308,0.254108759679802,0.140279459933373,0.170736402643872
492,0.688912670590823,0.196743303664015,0.145319498566922,0.246862287018223,0.192088479379025,0.192088479379025
716,0.606971725447777,0.210360301592275,0.205907447843523,0.201594638931909,0.170233153496669,0.153350162717428
697,0.607858057407542,0.253194757033311,0.215727826366646,0.226165913043895,0.192088479379025,0.197424363331222
158,0.452041119617036,0.140279459933373,0.225342219919308,0.140279459933373,0.143552645462116,0.176522456496951
895,0.61494365721071,0.249561781327291,0.258711437790672,0.265239772398733,0.144424803121843,0.160502026996677
748,0.624672424998259,0.262430509724191,0.233725581744281,0.274713840722163,0.169237834303805,0.143266847840142
327,0.420938564569721,0.164940248736627,0.224521889216861,0.170233153496669,0.150492979148870,0.146862120354825
631,0.59454741884471,0.255024990396885,0.210360301592275,0.262430509724191,0.147178535004063,0.140539522938054
218,0.410450927071570,0.26336509235663,0.278545025785751,0.262430509724191,0.206639944148685,0.245075200706715
165,0.468793774829766,0.140279459933373,0.151189670120080,0.183967824035887,0.140279459933373,0.159237162188545
729,0.618483198986599,0.262430509724191,0.226992939983781,0.185172899926102,0.177624558944457,0.206639944148685
639,0.587433883900336,0.252283020211930,0.265239772398733,0.249561781327291,0.184568357977156,0.140279459933373
931,0.622904705251892,0.269010148553487,0.243298519444439,0.261497815323131,0.175977245746161,0.176522456496951
713,0.603424944919196,0.228656878414890,0.26806502014066,0.161362102255135,0.168257318749387,0.149133866930996
365,0.723941124466114,0.269010148553487,0.235439936165745,0.364953752682284,0.393155485097713,0.235439936165745
783,0.65201365997105,0.250466494772263,0.254108759679802,0.240653643199231,0.193398287644562,0.197424363331222
801,0.668723907006677,0.262430509724191,0.271855157449252,0.205907447843523,0.156796455796649,0.144131604573628
505,0.561550463611059,0.291125967010989,0.238033800236652,0.226992939983781,0.140279459933373,0.160502026996677
768,0.629089586309926,0.233725581744281,0.189517281185082,0.162235816543637,0.162677834203278,0.161797245314680
670,0.607858057407542,0.214949882112267,0.220471637257467,0.228656878414890,0.167772573247934,0.179307075461499
714,0.611401966215199,0.23977753355553,0.197424363331222,0.243298519444439,0.140279459933373,0.166814026627726
692,0.616713692539713,0.233725581744281,0.237166246337142,0.205907447843523,0.154094323280450,0.175977245746161
885,0.638797087949753,0.278545025785751,0.254108759679802,0.250466494772263,0.167291481291287,0.188255890082703
352,0.435141512434088,0.179307075461499,0.211875157547888,0.218876016213984,0.141333283747465,0.140279459933373
684,0.638797087949753,0.210360301592275,0.242414171861771,0.179307075461499,0.140279459933373,0.176522456496951
209,0.612287594171303,0.172787005806565,0.140279459933373,0.508293008226672,0.562445761046978,0.42188893060604
377,0.447362019176649,0.178181472416481,0.195393227873188,0.194059239855938,0.143552645462116,0.185172899926102
762,0.637915147508898,0.228656878414890,0.233725581744281,0.234581247743386,0.183371292540019,0.143840891542185
825,0.624672424998259,0.379590352485876,0.32950458986508,0.347271459448055,0.249561781327291,0.287236372741756
642,0.591881082994116,0.214949882112267,0.172268685450245,0.236301613614802,0.142702524367706,0.140279459933373
748,0.61494365721071,0.260567046745838,0.270905253648299,0.262430509724191,0.140279459933373,0.149133866930996
630,0.602537880906253,0.252283020211930,0.255943411389996,0.274713840722163,0.160502026996677,0.140279459933373
791,0.645848781067736,0.252283020211930,0.281431899695417,0.224521889216861,0.189517281185082,0.146548361254107
340,0.438910260048710,0.182190212262849,0.188255890082703,0.222081350052879,0.150148946700048,0.140279459933373
370,0.45297556976512,0.200188610986799,0.194724220966719,0.221274744825972,0.182778757451073,0.164480729737195
680,0.601650667029677,0.234581247743386,0.218083551882790,0.241532534498303,0.188255890082703,0.168745733831007
743,0.629972659733243,0.190154027575454,0.185781454960399,0.32159942528535,0.140279459933373,0.159655442358187
723,0.624672424998259,0.249561781327291,0.250466494772263,0.245075200706715,0.198109430350217,0.167772573247934
762,0.633503788623644,0.231177046607856,0.227823271636467,0.258711437790672,0.152256565618780,0.140279459933373
680,0.593658802575914,0.234581247743386,0.228656878414890,0.26806502014066,0.145928733232941,0.187010622123131
710,0.600763302119727,0.23033379664679,0.227823271636467,0.218876016213984,0.143840891542185,0.197424363331222
209,0.525546453481271,0.140279459933373,0.140279459933373,0.633503788623644,0.68715866078394,0.529165277729617
717,0.636150937944643,0.242414171861771,0.203733362812729,0.232872971194181,0.213405068833102,0.203016510694019
711,0.643205181411445,0.278545025785751,0.281431899695417,0.314687276192053,0.320611530912211,0.208116557082828
719,0.62555609967103,0.251373586915138,0.215727826366646,0.248659484023583,0.166814026627726,0.159655442358187
712,0.606085249352797,0.236301613614802,0.178742307944130,0.252283020211930,0.152618104976752,0.193398287644562
854,0.654654294039608,0.472497848634527,0.444549008408857,0.459504181093247,0.355144025044986,0.310742219942023
826,0.606971725447777,0.238033800236652,0.196743303664015,0.269956905233921,0.179875784505171,0.142423961905656
739,0.637915147508898,0.234581247743386,0.240653643199231,0.202303599215116,0.182778757451073,0.190154027575454
189,0.469720411442728,0.143840891542185,0.198798498578782,0.156008702799071,0.150839880430613,0.140279459933373
755,0.624672424998259,0.250466494772263,0.243298519444439,0.205907447843523,0.196066256873814,0.164024746412181
427,0.598100289370352,0.247759640188542,0.229493730258852,0.241532534498303,0.208116557082828,0.140279459933373
809,0.635268667058686,0.243298519444439,0.238904240888872,0.193398287644562,0.182190212262849,0.140279459933373
825,0.627323083479833,0.246862287018223,0.187010622123131,0.245967461561916,0.141066417195949,0.181605650010004
934,0.637915147508898,0.238033800236652,0.247759640188542,0.244185541162083,0.158002143279100,0.183967824035887
760,0.650252758171119,0.258711437790672,0.272806580486754,0.203016510694019,0.210360301592275,0.184568357977156
781,0.611401966215199,0.277585234113443,0.267121556704060,0.251373586915138,0.156008702799071,0.140279459933373
822,0.630855615748439,0.264301525715948,0.262430509724191,0.271855157449252,0.174898448025698,0.16634019279706
786,0.655534316836593,0.259638241659144,0.273759486818862,0.259638241659144,0.189517281185082,0.169733635746363
682,0.634386284250911,0.232872971194181,0.174898448025698,0.267121556704060,0.149469410107982,0.205178843545358
252,0.461365530470573,0.173835068385563,0.168257318749387,0.209608564537159,0.140279459933373,0.140279459933373
653,0.703811180549243,0.262430509724191,0.286266334773665,0.212638240623736,0.179307075461499,0.140279459933373
849,0.659933050519219,0.269010148553487,0.275669606701894,0.265239772398733,0.146548361254107,0.142702524367706
760,0.635268667058686,0.278545025785751,0.240653643199231,0.269956905233921,0.176522456496951,0.214949882112267
846,0.640560644506718,0.294052217151829,0.297964434643167,0.240653643199231,0.243298519444439,0.177624558944457
704,0.615828741507218,0.201594638931909,0.149133866930996,0.249561781327291,0.140279459933373,0.140279459933373
775,0.636150937944643,0.269956905233921,0.228656878414890,0.269956905233921,0.157195124574254,0.192741366843982
599,0.691543175287256,0.349241401529061,0.305818349289740,0.333456768437105,0.206639944148685,0.151897993103576
782,0.619367756469412,0.242414171861771,0.261497815323131,0.170736402643872,0.168257318749387,0.168745733831007
298,0.481729856995562,0.148471133452426,0.160502026996677,0.226165913043895,0.154470991130581,0.142702524367706
755,0.584763524220902,0.253194757033311,0.286266334773665,0.188255890082703,0.182778757451073,0.140279459933373
904,0.659933050519219,0.292100571713878,0.286266334773665,0.255943411389996,0.192088479379025,0.140279459933373
167,0.501907959152939,0.145319498566922,0.159237162188545,0.179875784505171,0.142147774681471,0.141066417195949
846,0.656414246618719,0.291125967010989,0.245075200706715,0.247759640188542,0.161797245314680,0.140279459933373
745,0.641442262346675,0.218083551882790,0.235439936165745,0.23977753355553,0.165869963138432,0.147819407725247
803,0.636150937944643,0.23977753355553,0.238904240888872,0.232023448734304,0.143840891542185,0.174364837136968
941,0.656414246618719,0.296006914761259,0.294052217151829,0.197424363331222,0.187631241909896,0.173309128978783
738,0.639678919993987,0.231177046607856,0.233725581744281,0.267121556704060,0.140279459933373,0.194724220966719
538,0.540896650628897,0.211875157547888,0.222891426963376,0.238033800236652,0.145622826217966,0.140279459933373
743,0.650252758171119,0.23977753355553,0.23977753355553,0.193398287644562,0.199491561253654,0.140279459933373
683,0.59099197716754,0.226992939983781,0.219672052767678,0.175435913518267,0.183371292540019,0.140279459933373
853,0.62555609967103,0.211875157547888,0.252283020211930,0.216509434133377,0.154094323280450,0.146862120354825
942,0.664329550930648,0.277585234113443,0.233725581744281,0.291125967010989,0.205178843545358,0.16357228121085
817,0.62555609967103,0.248659484023583,0.225342219919308,0.245075200706715,0.146862120354825,0.158002143279100
284,0.441731771836077,0.165869963138432,0.182190212262849,0.217294683481912,0.140279459933373,0.140279459933373
723,0.612287594171303,0.252283020211930,0.202303599215116,0.244185541162083,0.163123316426449,0.193398287644562
720,0.606085249352797,0.228656878414890,0.214949882112267,0.222891426963376,0.157195124574254,0.140279459933373
362,0.57763477259731,0.278545025785751,0.248659484023583,0.270905253648299,0.157597013980819,0.168745733831007
329,0.440791745314472,0.177624558944457,0.190154027575454,0.181605650010004,0.140279459933373,0.199491561253654
862,0.65201365997105,0.301887051542692,0.299924552865763,0.286266334773665,0.181025063276694,0.143552645462116
996,0.633503788623644,0.284329312589461,0.283362392853609,0.304834801321944,0.140279459933373,0.198798498578782
922,0.660812526368302,0.252283020211930,0.185781454960399,0.267121556704060,0.148801114525785,0.171754154191287
807,0.632621179272578,0.269010148553487,0.249561781327291,0.274713840722163,0.146862120354825,0.184568357977156
261,0.572280442910804,0.152618104976752,0.189517281185082,0.237166246337142,0.140279459933373,0.167291481291287
837,0.613173084606865,0.255943411389996,0.254108759679802,0.26806502014066,0.164940248736627,0.158822198286243
883,0.58209159090975,0.294052217151829,0.293075998312143,0.205907447843523,0.177071557205383,0.168745733831007
720,0.57763477259731,0.214175622695954,0.254108759679802,0.220471637257467,0.159237162188545,0.168745733831007
257,0.542697607586951,0.140801836156987,0.187631241909896,0.226165913043895,0.140279459933373,0.140279459933373
689,0.592770024376564,0.234581247743386,0.229493730258852,0.218083551882790,0.175977245746161,0.165869963138432
930,0.673994424070159,0.287236372741756,0.261497815323131,0.282396577544332,0.198798498578782,0.155233599845476
654,0.642323774366231,0.33543232376894,0.286266334773665,0.330492731245164,0.200889639762023,0.172787005806565
159,0.446424815327873,0.159237162188545,0.169237834303805,0.198109430350217,0.152256565618780,0.149807763529887
313,0.672237905577799,0.177624558944457,0.140279459933373,0.561550463611059,0.618483198986599,0.455776216619560
740,0.599875784998553,0.248659484023583,0.211875157547888,0.217294683481912,0.155619579790919,0.145622826217966
894,0.65113325749733,0.269010148553487,0.246862287018223,0.222891426963376,0.140279459933373,0.182190212262849
768,0.589213267095234,0.232872971194181,0.187631241909896,0.273759486818862,0.195393227873188,0.172268685450245
797,0.629972659733243,0.245967461561916,0.251373586915138,0.280468392646033,0.140279459933373,0.159655442358187
400,0.647610671197383,0.212638240623736,0.226992939983781,0.312714190948075,0.298944182722262,0.202303599215116
692,0.61405843859737,0.233725581744281,0.226165913043895,0.291125967010989,0.144720505822661,0.14298348025674
693,0.598988114480156,0.23977753355553,0.191439626593958,0.244185541162083,0.150839880430613,0.141873944585676
741,0.626439652176295,0.232023448734304,0.181605650010004,0.255943411389996,0.140279459933373,0.16357228121085
872,0.663450425192382,0.227823271636467,0.226992939983781,0.245967461561916,0.140279459933373,0.145018731380577
831,0.621136485069615,0.257786672914962,0.252283020211930,0.237166246337142,0.173309128978783,0.216509434133377
819,0.632621179272578,0.276626749501763,0.233725581744281,0.216509434133377,0.160930368981928,0.188884569174318
841,0.600763302119727,0.236301613614802,0.201594638931909,0.266179795115631,0.150839880430613,0.193398287644562
822,0.58030940985411,0.252283020211930,0.183967824035887,0.242414171861771,0.178742307944130,0.140279459933373
708,0.632621179272578,0.258711437790672,0.242414171861771,0.269956905233921,0.176522456496951,0.224521889216861
876,0.597212308466731,0.267121556704060,0.206639944148685,0.298944182722262,0.205178843545358,0.198109430350217
658,0.634386284250911,0.283362392853609,0.249561781327291,0.272806580486754,0.154850743467635,0.160502026996677
770,0.641442262346675,0.244185541162083,0.224521889216861,0.269956905233921,0.140279459933373,0.160502026996677
644,0.601650667029677,0.228656878414890,0.211115838461421,0.219672052767678,0.140279459933373,0.168745733831007
351,0.457641082102348,0.234581247743386,0.250466494772263,0.218083551882790,0.190154027575454,0.160077057692081
670,0.500080663267207,0.193398287644562,0.185172899926102,0.200188610986799,0.140279459933373,0.178742307944130
382,0.665208590906176,0.208860644258667,0.207376318697083,0.309756707604237,0.354161056920203,0.218876016213984
735,0.601650667029677,0.232872971194181,0.193398287644562,0.238033800236652,0.160502026996677,0.148143904307162
762,0.621136485069615,0.277585234113443,0.252283020211930,0.274713840722163,0.152982630801945,0.147819407725247
868,0.627323083479833,0.260567046745838,0.217294683481912,0.270905253648299,0.140279459933373,0.161362102255135
559,0.572280442910804,0.283362392853609,0.270905253648299,0.217294683481912,0.172268685450245,0.174364837136968
172,0.504646384858735,0.147819407725247,0.189517281185082,0.175977245746161,0.140279459933373,0.156400988328558
675,0.604311860230174,0.248659484023583,0.269010148553487,0.188884569174318,0.182778757451073,0.188255890082703
819,0.647610671197383,0.249561781327291,0.232872971194181,0.275669606701894,0.171754154191287,0.143552645462116
756,0.617598511353537,0.23977753355553,0.211875157547888,0.252283020211930,0.140279459933373,0.148143904307162
819,0.642323774366231,0.275669606701894,0.223704949036996,0.245075200706715,0.158002143279100,0.178742307944130
837,0.635268667058686,0.254108759679802,0.253194757033311,0.236301613614802,0.160077057692081,0.141333283747465
861,0.673994424070159,0.300905518027404,0.298944182722262,0.301887051542692,0.182190212262849,0.173309128978783
777,0.629972659733243,0.339381807952053,0.301887051542692,0.305818349289740,0.218876016213984,0.165403320798019
725,0.626439652176295,0.248659484023583,0.261497815323131,0.232023448734304,0.164480729737195,0.162677834203278
648,0.622904705251892,0.232023448734304,0.223704949036996,0.236301613614802,0.207376318697083,0.140279459933373
776,0.65113325749733,0.26336509235663,0.202303599215116,0.285297304030371,0.140801836156987,0.140279459933373
766,0.597212308466731,0.23033379664679,0.214175622695954,0.220471637257467,0.179307075461499,0.158002143279100
428,0.456708871220304,0.151897993103576,0.215727826366646,0.140279459933373,0.144131604573628,0.164940248736627
729,0.652893966371437,0.245075200706715,0.255024990396885,0.308771540986705,0.202303599215116,0.151189670120080
695,0.632621179272578,0.26806502014066,0.279506090033501,0.209608564537159,0.187010622123131,0.140279459933373
743,0.626439652176295,0.288207386188063,0.252283020211930,0.272806580486754,0.160077057692081,0.142147774681471
798,0.648491465815105,0.251373586915138,0.256863984839407,0.188884569174318,0.16357228121085,0.176522456496951
173,0.507381840049532,0.168257318749387,0.179307075461499,0.195393227873188,0.158002143279100,0.176522456496951
735,0.631738455286738,0.23033379664679,0.223704949036996,0.206639944148685,0.150492979148870,0.177071557205383
1011,0.6678452031824,0.278545025785751,0.233725581744281,0.293075998312143,0.160077057692081,0.140279459933373
834,0.670481068306923,0.255943411389996,0.251373586915138,0.242414171861771,0.172787005806565,0.146862120354825
168,0.480808424194665,0.140279459933373,0.141333283747465,0.212638240623736,0.160930368981928,0.140279459933373
784,0.646729776551258,0.255024990396885,0.260567046745838,0.270905253648299,0.149133866930996,0.140279459933373
630,0.596324170558622,0.216509434133377,0.254108759679802,0.208860644258667,0.146548361254107,0.147819407725247
552,0.613173084606865,0.307786743279463,0.287236372741756,0.255024990396885,0.179307075461499,0.186394027664835
608,0.610516199655431,0.204454144375473,0.278545025785751,0.191439626593958,0.156400988328558,0.163123316426449
599,0.573173308757861,0.345300444024283,0.306802338059224,0.37179664134119,0.244185541162083,0.232872971194181
786,0.659933050519219,0.26336509235663,0.247759640188542,0.249561781327291,0.153350162717428,0.165869963138432
716,0.629972659733243,0.235439936165745,0.197424363331222,0.269010148553487,0.185781454960399,0.170736402643872
544,0.578526502286961,0.198798498578782,0.177624558944457,0.231177046607856,0.146862120354825,0.194724220966719
899,0.654654294039608,0.36005360357005,0.318636108753548,0.308771540986705,0.171243398019944,0.147178535004063
460,0.590102705627282,0.276626749501763,0.251373586915138,0.261497815323131,0.206639944148685,0.14298348025674
794,0.619367756469412,0.243298519444439,0.217294683481912,0.241532534498303,0.168257318749387,0.166814026627726
749,0.644086484322101,0.26806502014066,0.222891426963376,0.275669606701894,0.156008702799071,0.200188610986799
948,0.643205181411445,0.240653643199231,0.246862287018223,0.210360301592275,0.140279459933373,0.192741366843982
189,0.532779695838002,0.157195124574254,0.170233153496669,0.205178843545358,0.140279459933373,0.167772573247934
364,0.445487145704544,0.180448444205294,0.179875784505171,0.190794809258731,0.147497624383717,0.170233153496669
958,0.629972659733243,0.272806580486754,0.217294683481912,0.291125967010989,0.165869963138432,0.181025063276694
941,0.664329550930648,0.303851718893881,0.270905253648299,0.315674182764382,0.171243398019944,0.193398287644562
744,0.620252184825136,0.269010148553487,0.223704949036996,0.249561781327291,0.165869963138432,0.140279459933373
425,0.457641082102348,0.160930368981928,0.140279459933373,0.215727826366646,0.155233599845476,0.140279459933373
953,0.637915147508898,0.264301525715948,0.242414171861771,0.277585234113443,0.154470991130581,0.208116557082828
781,0.650252758171119,0.280468392646033,0.290152214217331,0.225342219919308,0.180448444205294,0.172268685450245
648,0.578526502286961,0.197424363331222,0.172787005806565,0.283362392853609,0.144424803121843,0.196743303664015
531,0.608744246353995,0.310742219942023,0.296006914761259,0.290152214217331,0.235439936165745,0.141333283747465
810,0.621136485069615,0.213405068833102,0.234581247743386,0.193398287644562,0.151897993103576,0.140279459933373
832,0.622904705251892,0.362994878061971,0.330492731245164,0.294052217151829,0.267121556704060,0.162235816543637
924,0.637915147508898,0.23977753355553,0.275669606701894,0.243298519444439,0.173309128978783,0.140279459933373
336,0.445487145704544,0.190794809258731,0.200889639762023,0.175977245746161,0.157195124574254,0.152256565618780
260,0.45297556976512,0.185781454960399,0.190154027575454,0.194059239855938,0.140279459933373,0.140279459933373
694,0.63703309779987,0.279506090033501,0.217294683481912,0.26336509235663,0.166814026627726,0.152982630801945
870,0.623788627185174,0.261497815323131,0.252283020211930,0.33543232376894,0.225342219919308,0.238904240888872
828,0.643205181411445,0.234581247743386,0.242414171861771,0.260567046745838,0.157597013980819,0.174364837136968
695,0.627323083479833,0.244185541162083,0.250466494772263,0.228656878414890,0.140279459933373,0.181025063276694
657,0.599875784998553,0.232023448734304,0.175435913518267,0.255024990396885,0.155233599845476,0.145622826217966
764,0.644086484322101,0.245075200706715,0.199491561253654,0.317648619366148,0.140279459933373,0.188255890082703
636,0.521016538660012,0.286266334773665,0.205178843545358,0.244185541162083,0.169733635746363,0.150492979148870
754,0.643205181411445,0.359072414588444,0.325551793923222,0.266179795115631,0.208860644258667,0.211115838461421
699,0.611401966215199,0.245075200706715,0.234581247743386,0.223704949036996,0.172787005806565,0.156008702799071
756,0.616713692539713,0.223704949036996,0.225342219919308,0.221274744825972,0.140279459933373,0.140279459933373
757,0.637915147508898,0.245075200706715,0.219672052767678,0.187631241909896,0.167291481291287,0.182190212262849
792,0.66608754581422,0.295029198942614,0.300905518027404,0.276626749501763,0.185172899926102,0.232872971194181
868,0.622020658211421,0.245967461561916,0.256863984839407,0.210360301592275,0.154094323280450,0.141333283747465
777,0.652893966371437,0.257786672914962,0.274713840722163,0.226992939983781,0.158410531669826,0.173835068385563
847,0.618483198986599,0.259638241659144,0.219672052767678,0.261497815323131,0.140279459933373,0.218083551882790
953,0.605198627992826,0.33543232376894,0.347271459448055,0.273759486818862,0.192088479379025,0.205178843545358
444,0.45297556976512,0.193398287644562,0.189517281185082,0.194724220966719,0.178742307944130,0.150148946700048
682,0.602537880906253,0.217294683481912,0.195393227873188,0.209608564537159,0.165869963138432,0.190154027575454
785,0.586543936638165,0.297964434643167,0.279506090033501,0.213405068833102,0.214175622695954,0.178181472416481
691,0.609630293401202,0.250466494772263,0.211115838461421,0.257786672914962,0.146237238572002,0.140279459933373
153,0.447362019176649,0.140279459933373,0.186394027664835,0.184568357977156,0.147178535004063,0.165869963138432
692,0.586543936638165,0.244185541162083,0.214949882112267,0.238904240888872,0.182190212262849,0.143840891542185
731,0.622904705251892,0.226992939983781,0.185781454960399,0.228656878414890,0.171754154191287,0.158822198286243
834,0.596324170558622,0.318636108753548,0.292100571713878,0.26806502014066,0.190154027575454,0.140279459933373
939,0.661691913619881,0.266179795115631,0.257786672914962,0.276626749501763,0.143552645462116,0.168745733831007
922,0.641442262346675,0.237166246337142,0.259638241659144,0.248659484023583,0.185781454960399,0.140279459933373
681,0.610516199655431,0.245967461561916,0.240653643199231,0.189517281185082,0.169237834303805,0.171243398019944
750,0.639678919993987,0.255943411389996,0.255943411389996,0.256863984839407,0.16634019279706,0.222891426963376
957,0.632621179272578,0.247759640188542,0.248659484023583,0.260567046745838,0.184568357977156,0.140279459933373
789,0.628206394540431,0.32159942528535,0.303851718893881,0.276626749501763,0.196066256873814,0.233725581744281
697,0.601650667029677,0.219672052767678,0.217294683481912,0.195393227873188,0.165403320798019,0.140279459933373
440,0.399901217123282,0.174364837136968,0.162235816543637,0.208860644258667,0.171754154191287,0.140279459933373
193,0.554380296765044,0.171243398019944,0.221274744825972,0.173835068385563,0.178742307944130,0.145018731380577
799,0.619367756469412,0.243298519444439,0.259638241659144,0.210360301592275,0.204454144375473,0.201594638931909
493,0.502821101328797,0.245075200706715,0.249561781327291,0.234581247743386,0.247759640188542,0.149469410107982
853,0.649372161207369,0.292100571713878,0.288207386188063,0.174898448025698,0.198798498578782,0.198109430350217
820,0.635268667058686,0.255024990396885,0.251373586915138,0.177624558944457,0.171754154191287,0.172268685450245
762,0.635268667058686,0.246862287018223,0.249561781327291,0.223704949036996,0.156008702799071,0.176522456496951
782,0.656414246618719,0.26336509235663,0.250466494772263,0.240653643199231,0.180448444205294,0.218876016213984
772,0.629089586309926,0.244185541162083,0.231177046607856,0.281431899695417,0.166814026627726,0.144424803121843
398,0.437968797820157,0.185172899926102,0.155233599845476,0.206639944148685,0.140279459933373,0.140279459933373
857,0.660812526368302,0.294052217151829,0.254108759679802,0.246862287018223,0.171754154191287,0.176522456496951
653,0.622020658211421,0.254108759679802,0.224521889216861,0.229493730258852,0.151542367809210,0.182778757451073
649,0.588323660284695,0.255943411389996,0.203016510694019,0.222891426963376,0.140279459933373,0.140279459933373
592,0.600763302119727,0.280468392646033,0.281431899695417,0.255024990396885,0.214949882112267,0.178181472416481
175,0.532779695838002,0.155619579790919,0.159237162188545,0.205178843545358,0.145018731380577,0.140279459933373
846,0.637915147508898,0.274713840722163,0.279506090033501,0.246862287018223,0.140279459933373,0.167772573247934
823,0.609630293401202,0.245075200706715,0.226992939983781,0.217294683481912,0.143840891542185,0.175435913518267
791,0.619367756469412,0.241532534498303,0.224521889216861,0.302869127130412,0.151542367809210,0.162235816543637
904,0.641442262346675,0.269956905233921,0.267121556704060,0.292100571713878,0.164940248736627,0.170736402643872
681,0.620252184825136,0.226165913043895,0.196066256873814,0.242414171861771,0.169733635746363,0.140279459933373
902,0.664329550930648,0.276626749501763,0.264301525715948,0.256863984839407,0.188255890082703,0.193398287644562
708,0.633503788623644,0.261497815323131,0.203016510694019,0.261497815323131,0.154094323280450,0.161797245314680
816,0.619367756469412,0.244185541162083,0.255024990396885,0.232872971194181,0.165403320798019,0.152982630801945
738,0.627323083479833,0.26806502014066,0.249561781327291,0.225342219919308,0.185781454960399,0.140279459933373
748,0.639678919993987,0.290152214217331,0.242414171861771,0.246862287018223,0.180448444205294,0.151542367809210
726,0.61405843859737,0.224521889216861,0.233725581744281,0.261497815323131,0.140279459933373,0.161362102255135
804,0.659053485350326,0.249561781327291,0.287236372741756,0.234581247743386,0.157597013980819,0.193398287644562
808,0.647610671197383,0.334444602573969,0.319623752397046,0.318636108753548,0.196743303664015,0.218876016213984
700,0.598988114480156,0.214949882112267,0.250466494772263,0.187010622123131,0.151897993103576,0.189517281185082
658,0.623788627185174,0.261497815323131,0.216509434133377,0.293075998312143,0.217294683481912,0.185172899926102
757,0.644967683931748,0.266179795115631,0.290152214217331,0.219672052767678,0.194059239855938,0.204454144375473
759,0.597212308466731,0.245075200706715,0.162235816543637,0.264301525715948,0.140279459933373,0.168257318749387
818,0.621136485069615,0.283362392853609,0.252283020211930,0.267121556704060,0.198798498578782,0.140279459933373
751,0.647610671197383,0.316661303992259,0.279506090033501,0.342342090635241,0.173309128978783,0.204454144375473
710,0.586543936638165,0.232872971194181,0.208860644258667,0.242414171861771,0.156400988328558,0.140279459933373
779,0.621136485069615,0.245967461561916,0.234581247743386,0.147497624383717,0.159237162188545,0.175977245746161
976,0.629972659733243,0.317648619366148,0.257786672914962,0.296985336054750,0.196066256873814,0.140279459933373
260,0.553483028327823,0.236301613614802,0.168745733831007,0.372772455485757,0.397013246974146,0.284329312589461
169,0.445487145704544,0.204454144375473,0.242414171861771,0.171243398019944,0.151189670120080,0.161362102255135
753,0.584763524220902,0.264301525715948,0.261497815323131,0.214175622695954,0.179307075461499,0.150148946700048
795,0.617598511353537,0.250466494772263,0.225342219919308,0.225342219919308,0.169237834303805,0.154470991130581
792,0.620252184825136,0.249561781327291,0.252283020211930,0.237166246337142,0.159655442358187,0.178181472416481
252,0.703811180549243,0.226165913043895,0.206639944148685,0.323575487390111,0.344314559496454,0.190794809258731
862,0.632621179272578,0.252283020211930,0.257786672914962,0.255943411389996,0.152256565618780,0.164024746412181
808,0.645848781067736,0.26806502014066,0.206639944148685,0.253194757033311,0.150148946700048,0.140279459933373
676,0.598988114480156,0.270905253648299,0.284329312589461,0.293075998312143,0.192088479379025,0.178181472416481
754,0.604311860230174,0.254108759679802,0.193398287644562,0.267121556704060,0.210360301592275,0.140279459933373
827,0.63703309779987,0.231177046607856,0.232023448734304,0.150492979148870,0.188255890082703,0.147178535004063
659,0.59099197716754,0.214175622695954,0.232023448734304,0.211115838461421,0.163123316426449,0.143840891542185
781,0.654654294039608,0.262430509724191,0.273759486818862,0.26806502014066,0.16357228121085,0.167291481291287
168,0.507381840049532,0.140279459933373,0.140279459933373,0.222891426963376,0.140279459933373,0.158410531669826
598,0.712566847185902,0.278545025785751,0.255024990396885,0.347271459448055,0.370820382306947,0.212638240623736
617,0.574065981658382,0.244185541162083,0.235439936165745,0.231177046607856,0.175977245746161,0.181605650010004
931,0.642323774366231,0.258711437790672,0.226992939983781,0.249561781327291,0.187631241909896,0.184568357977156
935,0.645848781067736,0.289179343702615,0.248659484023583,0.279506090033501,0.141333283747465,0.167772573247934
727,0.621136485069615,0.26336509235663,0.234581247743386,0.235439936165745,0.140279459933373,0.140279459933373
832,0.684527124733494,0.310742219942023,0.255024990396885,0.289179343702615,0.172268685450245,0.167772573247934
803,0.599875784998553,0.271855157449252,0.234581247743386,0.256863984839407,0.171243398019944,0.195393227873188
773,0.61494365721071,0.248659484023583,0.255943411389996,0.250466494772263,0.168745733831007,0.16634019279706
762,0.629972659733243,0.257786672914962,0.233725581744281,0.257786672914962,0.173835068385563,0.140279459933373
722,0.633503788623644,0.225342219919308,0.206639944148685,0.247759640188542,0.140279459933373,0.140279459933373
157,0.452041119617036,0.140279459933373,0.193398287644562,0.171243398019944,0.143266847840142,0.164940248736627
536,0.6976787165068,0.277585234113443,0.255943411389996,0.302869127130412,0.228656878414890,0.200188610986799
799,0.624672424998259,0.216509434133377,0.243298519444439,0.222081350052879,0.144131604573628,0.144720505822661
841,0.61494365721071,0.223704949036996,0.165869963138432,0.257786672914962,0.156008702799071,0.200889639762023
725,0.598988114480156,0.237166246337142,0.232872971194181,0.228656878414890,0.188884569174318,0.140279459933373
772,0.613173084606865,0.247759640188542,0.262430509724191,0.181025063276694,0.155619579790919,0.151189670120080
488,0.579418047575081,0.330492731245164,0.299924552865763,0.306802338059224,0.191439626593958,0.148143904307162
652,0.618483198986599,0.23033379664679,0.211875157547888,0.219672052767678,0.140279459933373,0.163123316426449
718,0.610516199655431,0.26336509235663,0.224521889216861,0.214175622695954,0.181025063276694,0.164480729737195
801,0.558863289375474,0.267121556704060,0.274713840722163,0.229493730258852,0.185172899926102,0.148801114525785
370,0.422838791105066,0.156008702799071,0.186394027664835,0.147178535004063,0.178181472416481,0.140279459933373
764,0.626439652176295,0.26806502014066,0.244185541162083,0.211875157547888,0.167772573247934,0.140279459933373
761,0.63703309779987,0.248659484023583,0.232872971194181,0.231177046607856,0.177624558944457,0.140279459933373
761,0.655534316836593,0.370820382306947,0.33543232376894,0.301887051542692,0.222891426963376,0.187631241909896
915,0.649372161207369,0.285297304030371,0.269956905233921,0.232872971194181,0.205907447843523,0.167291481291287
714,0.568707020795868,0.286266334773665,0.257786672914962,0.246862287018223,0.198798498578782,0.168745733831007
710,0.620252184825136,0.245967461561916,0.220471637257467,0.250466494772263,0.152982630801945,0.159655442358187
712,0.626439652176295,0.255024990396885,0.233725581744281,0.233725581744281,0.149807763529887,0.153720720340875
783,0.652893966371437,0.324563618926047,0.32159942528535,0.250466494772263,0.242414171861771,0.16357228121085
774,0.633503788623644,0.256863984839407,0.198109430350217,0.261497815323131,0.149469410107982,0.140279459933373
706,0.618483198986599,0.222891426963376,0.232872971194181,0.237166246337142,0.175977245746161,0.155233599845476
922,0.600763302119727,0.233725581744281,0.245075200706715,0.217294683481912,0.155619579790919,0.156008702799071
838,0.639678919993987,0.23977753355553,0.264301525715948,0.273759486818862,0.194059239855938,0.205907447843523
809,0.532779695838002,0.229493730258852,0.188884569174318,0.410450927071570,0.452041119617036,0.269010148553487
752,0.61494365721071,0.254108759679802,0.217294683481912,0.238033800236652,0.140279459933373,0.173835068385563
625,0.550789853506805,0.219672052767678,0.144720505822661,0.227823271636467,0.157195124574254,0.170736402643872
777,0.652893966371437,0.274713840722163,0.299924552865763,0.208116557082828,0.180448444205294,0.209608564537159
754,0.603424944919196,0.224521889216861,0.23977753355553,0.256863984839407,0.158002143279100,0.152256565618780
845,0.644967683931748,0.276626749501763,0.257786672914962,0.274713840722163,0.161797245314680,0.196066256873814
708,0.620252184825136,0.222081350052879,0.243298519444439,0.23033379664679,0.182778757451073,0.158002143279100
774,0.620252184825136,0.265239772398733,0.278545025785751,0.264301525715948,0.190794809258731,0.158822198286243
159,0.550789853506805,0.332468835480985,0.290152214217331,0.328516409471957,0.232023448734304,0.140279459933373
674,0.606085249352797,0.295029198942614,0.273759486818862,0.301887051542692,0.195393227873188,0.177071557205383
780,0.629972659733243,0.237166246337142,0.259638241659144,0.218083551882790,0.16634019279706,0.165869963138432
776,0.636150937944643,0.277585234113443,0.245967461561916,0.294052217151829,0.163123316426449,0.165869963138432
814,0.646729776551258,0.247759640188542,0.285297304030371,0.212638240623736,0.194724220966719,0.140279459933373
400,0.457641082102348,0.164480729737195,0.158822198286243,0.194059239855938,0.140279459933373,0.159655442358187
755,0.637915147508898,0.255943411389996,0.238033800236652,0.260567046745838,0.140279459933373,0.194724220966719
159,0.464154311336516,0.140279459933373,0.170736402643872,0.208860644258667,0.153720720340875,0.168257318749387
758,0.61405843859737,0.244185541162083,0.212638240623736,0.247759640188542,0.151189670120080,0.163123316426449
811,0.606971725447777,0.311728055196152,0.256863984839407,0.320611530912211,0.179307075461499,0.161362102255135
688,0.618483198986599,0.232023448734304,0.241532534498303,0.270905253648299,0.149807763529887,0.144720505822661
370,0.458572851358513,0.161362102255135,0.178181472416481,0.194059239855938,0.140279459933373,0.147497624383717
363,0.447362019176649,0.191439626593958,0.193398287644562,0.195393227873188,0.152618104976752,0.141873944585676
919,0.59454741884471,0.337407372460796,0.310742219942023,0.303851718893881,0.192088479379025,0.193398287644562
752,0.586543936638165,0.260567046745838,0.194724220966719,0.265239772398733,0.151542367809210,0.179875784505171
696,0.618483198986599,0.271855157449252,0.259638241659144,0.26806502014066,0.198798498578782,0.160077057692081
690,0.57763477259731,0.223704949036996,0.231177046607856,0.207376318697083,0.147819407725247,0.188884569174318
311,0.436084425669404,0.199491561253654,0.171754154191287,0.220471637257467,0.166814026627726,0.140279459933373
899,0.652893966371437,0.32159942528535,0.264301525715948,0.236301613614802,0.198798498578782,0.214175622695954
989,0.669602528491819,0.266179795115631,0.278545025785751,0.275669606701894,0.157597013980819,0.174898448025698
722,0.607858057407542,0.291125967010989,0.260567046745838,0.212638240623736,0.175435913518267,0.196743303664015
704,0.609630293401202,0.245967461561916,0.231177046607856,0.234581247743386,0.156796455796649,0.190154027575454
853,0.606971725447777,0.254108759679802,0.201594638931909,0.246862287018223,0.177624558944457,0.183967824035887
790,0.644086484322101,0.23977753355553,0.231177046607856,0.255943411389996,0.144720505822661,0.140279459933373
739,0.571387382661058,0.215727826366646,0.195393227873188,0.209608564537159,0.168257318749387,0.152982630801945
631,0.608744246353995,0.221274744825972,0.258711437790672,0.172787005806565,0.151542367809210,0.161362102255135
850,0.631738455286738,0.248659484023583,0.187010622123131,0.288207386188063,0.151189670120080,0.152256565618780
801,0.617598511353537,0.238904240888872,0.227823271636467,0.23977753355553,0.140279459933373,0.145928733232941
876,0.613173084606865,0.244185541162083,0.204454144375473,0.254108759679802,0.159655442358187,0.162235816543637
581,0.622020658211421,0.258711437790672,0.194724220966719,0.270905253648299,0.140279459933373,0.181025063276694
836,0.633503788623644,0.231177046607856,0.249561781327291,0.211875157547888,0.155619579790919,0.183371292540019
865,0.629089586309926,0.253194757033311,0.23033379664679,0.245075200706715,0.168257318749387,0.156796455796649
435,0.434198112267997,0.158410531669826,0.195393227873188,0.208116557082828,0.153720720340875,0.161362102255135
160,0.463225147278761,0.140279459933373,0.184568357977156,0.168745733831007,0.14298348025674,0.176522456496951
325,0.502821101328797,0.207376318697083,0.196743303664015,0.226992939983781,0.142147774681471,0.149133866930996
712,0.579418047575081,0.219672052767678,0.225342219919308,0.26336509235663,0.151897993103576,0.165869963138432
883,0.618483198986599,0.279506090033501,0.304834801321944,0.270905253648299,0.160502026996677,0.158822198286243
829,0.626439652176295,0.274713840722163,0.250466494772263,0.229493730258852,0.194724220966719,0.140279459933373
622,0.540896650628897,0.197424363331222,0.203016510694019,0.238904240888872,0.161797245314680,0.177624558944457
759,0.629089586309926,0.245967461561916,0.272806580486754,0.278545025785751,0.174898448025698,0.152982630801945
881,0.623788627185174,0.269956905233921,0.261497815323131,0.235439936165745,0.165869963138432,0.160502026996677
791,0.626439652176295,0.282396577544332,0.261497815323131,0.238033800236652,0.193398287644562,0.145928733232941
719,0.602537880906253,0.253194757033311,0.237166246337142,0.271855157449252,0.177624558944457,0.188884569174318
703,0.615828741507218,0.244185541162083,0.227823271636467,0.250466494772263,0.152618104976752,0.198798498578782
754,0.600763302119727,0.226992939983781,0.240653643199231,0.236301613614802,0.140279459933373,0.160502026996677
770,0.657294084136253,0.260567046745838,0.245075200706715,0.266179795115631,0.158822198286243,0.140279459933373
633,0.556174158820723,0.295029198942614,0.270905253648299,0.283362392853609,0.196066256873814,0.200188610986799
776,0.640560644506718,0.246862287018223,0.259638241659144,0.222081350052879,0.163123316426449,0.140279459933373
714,0.598100289370352,0.292100571713878,0.271855157449252,0.26336509235663,0.175435913518267,0.141602453589765
210,0.400862850180983,0.156008702799071,0.197424363331222,0.179875784505171,0.160930368981928,0.154850743467635
889,0.655534316836593,0.364953752682284,0.362994878061971,0.352194131843378,0.251373586915138,0.182190212262849
573,0.551687808366613,0.261497815323131,0.285297304030371,0.23033379664679,0.210360301592275,0.146862120354825
304,0.423788147113161,0.159655442358187,0.160502026996677,0.226165913043895,0.140279459933373,0.140279459933373
235,0.608744246353995,0.143266847840142,0.151897993103576,0.194724220966719,0.140279459933373,0.153720720340875
822,0.649372161207369,0.275669606701894,0.244185541162083,0.26336509235663,0.164480729737195,0.198109430350217
749,0.639678919993987,0.306802338059224,0.278545025785751,0.288207386188063,0.171754154191287,0.162235816543637
761,0.606085249352797,0.229493730258852,0.206639944148685,0.242414171861771,0.151542367809210,0.140279459933373
443,0.530069290557968,0.185172899926102,0.174364837136968,0.225342219919308,0.205907447843523,0.188255890082703
741,0.642323774366231,0.232872971194181,0.245075200706715,0.255024990396885,0.140279459933373,0.140279459933373
795,0.646729776551258,0.256863984839407,0.241532534498303,0.273759486818862,0.140279459933373,0.196743303664015
288,0.395085382089401,0.168745733831007,0.208860644258667,0.164940248736627,0.140279459933373,0.140539522938054
348,0.423788147113161,0.178742307944130,0.211115838461421,0.151897993103576,0.159237162188545,0.140279459933373
713,0.609630293401202,0.237166246337142,0.213405068833102,0.248659484023583,0.14298348025674,0.170233153496669
147,0.439851241970584,0.140279459933373,0.170233153496669,0.200188610986799,0.14298348025674,0.140279459933373
169,0.475271623239318,0.140539522938054,0.140279459933373,0.225342219919308,0.141602453589765,0.164480729737195
760,0.611401966215199,0.315674182764382,0.337407372460796,0.306802338059224,0.223704949036996,0.164940248736627
832,0.591881082994116,0.245075200706715,0.267121556704060,0.245075200706715,0.158410531669826,0.188255890082703
754,0.640560644506718,0.265239772398733,0.237166246337142,0.216509434133377,0.158410531669826,0.190794809258731
887,0.633503788623644,0.271855157449252,0.262430509724191,0.217294683481912,0.176522456496951,0.191439626593958
782,0.629972659733243,0.238904240888872,0.218876016213984,0.261497815323131,0.181605650010004,0.165869963138432
777,0.585653817185493,0.237166246337142,0.224521889216861,0.218876016213984,0.152618104976752,0.146548361254107
760,0.595435874427052,0.232872971194181,0.233725581744281,0.260567046745838,0.169237834303805,0.161362102255135
751,0.627323083479833,0.245967461561916,0.215727826366646,0.196743303664015,0.140279459933373,0.167772573247934
732,0.616713692539713,0.245967461561916,0.274713840722163,0.228656878414890,0.181025063276694,0.160077057692081
840,0.612287594171303,0.33543232376894,0.291125967010989,0.287236372741756,0.235439936165745,0.209608564537159
705,0.619367756469412,0.220471637257467,0.186394027664835,0.221274744825972,0.142702524367706,0.148471133452426
671,0.565130393380684,0.252283020211930,0.262430509724191,0.235439936165745,0.178742307944130,0.167291481291287
761,0.618483198986599,0.261497815323131,0.287236372741756,0.196066256873814,0.140279459933373,0.140279459933373
682,0.636150937944643,0.275669606701894,0.224521889216861,0.292100571713878,0.161362102255135,0.211115838461421
667,0.570494126543261,0.258711437790672,0.236301613614802,0.199491561253654,0.182190212262849,0.172787005806565
261,0.437968797820157,0.219672052767678,0.178181472416481,0.253194757033311,0.205178843545358,0.203016510694019
766,0.635268667058686,0.233725581744281,0.218876016213984,0.236301613614802,0.154470991130581,0.169733635746363
819,0.631738455286738,0.223704949036996,0.248659484023583,0.278545025785751,0.140279459933373,0.156008702799071
825,0.65201365997105,0.281431899695417,0.262430509724191,0.243298519444439,0.194059239855938,0.172268685450245
822,0.601650667029677,0.311728055196152,0.243298519444439,0.309756707604237,0.168257318749387,0.199491561253654
839,0.629972659733243,0.234581247743386,0.205907447843523,0.261497815323131,0.140279459933373,0.140279459933373
634,0.643205181411445,0.211115838461421,0.232872971194181,0.240653643199231,0.147497624383717,0.140279459933373
807,0.609630293401202,0.225342219919308,0.255943411389996,0.23977753355553,0.179875784505171,0.175977245746161
852,0.635268667058686,0.242414171861771,0.204454144375473,0.260567046745838,0.167772573247934,0.192088479379025
787,0.59454741884471,0.296985336054750,0.294052217151829,0.237166246337142,0.201594638931909,0.140279459933373
804,0.646729776551258,0.245967461561916,0.255024990396885,0.252283020211930,0.174898448025698,0.181025063276694
846,0.646729776551258,0.302869127130412,0.273759486818862,0.241532534498303,0.171754154191287,0.179307075461499
740,0.61494365721071,0.23977753355553,0.23977753355553,0.247759640188542,0.169733635746363,0.194059239855938
716,0.61494365721071,0.23033379664679,0.253194757033311,0.253194757033311,0.172268685450245,0.140279459933373
826,0.647610671197383,0.269956905233921,0.260567046745838,0.232023448734304,0.165869963138432,0.140279459933373
604,0.610516199655431,0.174364837136968,0.184568357977156,0.254108759679802,0.159237162188545,0.161797245314680
653,0.609630293401202,0.225342219919308,0.233725581744281,0.223704949036996,0.156400988328558,0.143840891542185
791,0.629089586309926,0.279506090033501,0.218083551882790,0.238904240888872,0.194724220966719,0.172787005806565
663,0.633503788623644,0.327528205863718,0.296985336054750,0.305818349289740,0.205907447843523,0.165403320798019
704,0.618483198986599,0.242414171861771,0.228656878414890,0.255943411389996,0.141602453589765,0.140279459933373
819,0.598988114480156,0.302869127130412,0.259638241659144,0.262430509724191,0.214949882112267,0.140279459933373
716,0.643205181411445,0.224521889216861,0.232023448734304,0.214949882112267,0.174364837136968,0.210360301592275
683,0.557967132030868,0.296006914761259,0.300905518027404,0.227823271636467,0.205178843545358,0.237166246337142
657,0.586543936638165,0.214175622695954,0.238904240888872,0.227823271636467,0.169733635746363,0.160077057692081
703,0.622020658211421,0.26806502014066,0.272806580486754,0.255024990396885,0.182190212262849,0.144720505822661
161,0.346286080835727,0.145319498566922,0.140279459933373,0.188884569174318,0.140279459933373,0.149133866930996
779,0.63703309779987,0.264301525715948,0.233725581744281,0.23977753355553,0.188884569174318,0.143840891542185
860,0.650252758171119,0.284329312589461,0.259638241659144,0.262430509724191,0.185172899926102,0.176522456496951
327,0.422838791105066,0.16357228121085,0.214949882112267,0.192088479379025,0.174898448025698,0.147497624383717
755,0.639678919993987,0.250466494772263,0.250466494772263,0.249561781327291,0.158822198286243,0.140279459933373
681,0.635268667058686,0.246862287018223,0.23977753355553,0.23033379664679,0.190794809258731,0.206639944148685
790,0.662571212990782,0.247759640188542,0.214949882112267,0.218083551882790,0.183967824035887,0.173309128978783
749,0.598988114480156,0.327528205863718,0.310742219942023,0.343328438016707,0.232872971194181,0.162677834203278
342,0.451106215483896,0.166814026627726,0.160930368981928,0.211875157547888,0.140279459933373,0.170233153496669
713,0.631738455286738,0.202303599215116,0.254108759679802,0.240653643199231,0.140279459933373,0.140539522938054
358,0.455776216619560,0.184568357977156,0.183371292540019,0.231177046607856,0.149807763529887,0.188884569174318
343,0.464154311336516,0.162235816543637,0.194059239855938,0.181025063276694,0.152256565618780,0.140279459933373
766,0.582982412426427,0.220471637257467,0.234581247743386,0.232023448734304,0.174898448025698,0.142423961905656
800,0.626439652176295,0.254108759679802,0.276626749501763,0.255943411389996,0.156400988328558,0.167772573247934
743,0.619367756469412,0.248659484023583,0.206639944148685,0.237166246337142,0.160930368981928,0.160077057692081
781,0.606085249352797,0.330492731245164,0.325551793923222,0.293075998312143,0.196743303664015,0.196743303664015
466,0.447362019176649,0.178181472416481,0.183371292540019,0.183967824035887,0.140279459933373,0.140279459933373
262,0.609630293401202,0.155233599845476,0.195393227873188,0.160502026996677,0.161362102255135,0.162677834203278
362,0.447362019176649,0.170736402643872,0.165403320798019,0.212638240623736,0.148471133452426,0.148143904307162
785,0.615828741507218,0.248659484023583,0.196066256873814,0.252283020211930,0.154470991130581,0.182190212262849
983,0.639678919993987,0.242414171861771,0.190794809258731,0.267121556704060,0.140279459933373,0.140279459933373
943,0.665208590906176,0.274713840722163,0.291125967010989,0.261497815323131,0.146237238572002,0.200188610986799
695,0.583873056414207,0.246862287018223,0.236301613614802,0.226992939983781,0.163123316426449,0.165869963138432
608,0.592770024376564,0.190154027575454,0.152982630801945,0.234581247743386,0.148801114525785,0.178742307944130
774,0.646729776551258,0.218876016213984,0.226165913043895,0.240653643199231,0.152982630801945,0.156400988328558
753,0.642323774366231,0.238904240888872,0.203733362812729,0.266179795115631,0.155619579790919,0.164480729737195
636,0.61494365721071,0.206639944148685,0.216509434133377,0.216509434133377,0.174364837136968,0.154470991130581
731,0.610516199655431,0.224521889216861,0.245967461561916,0.192741366843982,0.184568357977156,0.198109430350217
780,0.608744246353995,0.217294683481912,0.238033800236652,0.207376318697083,0.140279459933373,0.164940248736627
815,0.621136485069615,0.270905253648299,0.282396577544332,0.159237162188545,0.143266847840142,0.152256565618780
647,0.609630293401202,0.286266334773665,0.245075200706715,0.303851718893881,0.140279459933373,0.166814026627726
806,0.620252184825136,0.264301525715948,0.23977753355553,0.292100571713878,0.206639944148685,0.190154027575454
423,0.478041795094857,0.218083551882790,0.215727826366646,0.190154027575454,0.152618104976752,0.170736402643872
872,0.68540437369446,0.274713840722163,0.251373586915138,0.296006914761259,0.180448444205294,0.144424803121843
339,0.434198112267997,0.200188610986799,0.206639944148685,0.208860644258667,0.140279459933373,0.140279459933373
460,0.507381840049532,0.243298519444439,0.277585234113443,0.240653643199231,0.168257318749387,0.193398287644562
161,0.471572446139952,0.140279459933373,0.203016510694019,0.140279459933373,0.156400988328558,0.140279459933373
762,0.635268667058686,0.241532534498303,0.23977753355553,0.245075200706715,0.161362102255135,0.146237238572002
701,0.603424944919196,0.229493730258852,0.200889639762023,0.236301613614802,0.179307075461499,0.152256565618780
278,0.601650667029677,0.156400988328558,0.156008702799071,0.246862287018223,0.140279459933373,0.156400988328558
784,0.621136485069615,0.216509434133377,0.249561781327291,0.279506090033501,0.140279459933373,0.149469410107982
942,0.644967683931748,0.246862287018223,0.23033379664679,0.234581247743386,0.154094323280450,0.206639944148685
958,0.605198627992826,0.296006914761259,0.269010148553487,0.299924552865763,0.152256565618780,0.200188610986799
677,0.629089586309926,0.246862287018223,0.216509434133377,0.247759640188542,0.140279459933373,0.140279459933373
720,0.618483198986599,0.271855157449252,0.267121556704060,0.213405068833102,0.177071557205383,0.16357228121085
662,0.635268667058686,0.245075200706715,0.204454144375473,0.243298519444439,0.148471133452426,0.140279459933373
639,0.608744246353995,0.242414171861771,0.232023448734304,0.242414171861771,0.140279459933373,0.140279459933373
869,0.622904705251892,0.242414171861771,0.248659484023583,0.244185541162083,0.195393227873188,0.140279459933373
868,0.634386284250911,0.249561781327291,0.226992939983781,0.225342219919308,0.145319498566922,0.160930368981928
694,0.606085249352797,0.258711437790672,0.260567046745838,0.246862287018223,0.140279459933373,0.140279459933373
763,0.634386284250911,0.245967461561916,0.233725581744281,0.215727826366646,0.140279459933373,0.182778757451073
647,0.627323083479833,0.255024990396885,0.222891426963376,0.238904240888872,0.185172899926102,0.187631241909896
185,0.549891666487745,0.140279459933373,0.190154027575454,0.189517281185082,0.14298348025674,0.164480729737195
737,0.637915147508898,0.261497815323131,0.259638241659144,0.238033800236652,0.167772573247934,0.175435913518267
634,0.579418047575081,0.219672052767678,0.23977753355553,0.196066256873814,0.160502026996677,0.162677834203278
574,0.59454741884471,0.302869127130412,0.277585234113443,0.261497815323131,0.201594638931909,0.150492979148870
168,0.384446102799712,0.140279459933373,0.164940248736627,0.200188610986799,0.145622826217966,0.140279459933373
766,0.598988114480156,0.249561781327291,0.282396577544332,0.177624558944457,0.215727826366646,0.141873944585676
815,0.643205181411445,0.271855157449252,0.265239772398733,0.143266847840142,0.190154027575454,0.140279459933373
756,0.602537880906253,0.253194757033311,0.243298519444439,0.257786672914962,0.149807763529887,0.147178535004063
700,0.605198627992826,0.235439936165745,0.222891426963376,0.267121556704060,0.180448444205294,0.182190212262849
740,0.636150937944643,0.243298519444439,0.266179795115631,0.270905253648299,0.144424803121843,0.208116557082828
862,0.671359527115958,0.249561781327291,0.237166246337142,0.289179343702615,0.141602453589765,0.140279459933373
791,0.621136485069615,0.253194757033311,0.236301613614802,0.260567046745838,0.185781454960399,0.169733635746363
832,0.676628615387707,0.373747820375976,0.348256569656263,0.388321919900050,0.313700605163659,0.261497815323131
780,0.629972659733243,0.271855157449252,0.245967461561916,0.26336509235663,0.140279459933373,0.156796455796649
717,0.604311860230174,0.270905253648299,0.254108759679802,0.238904240888872,0.173309128978783,0.145319498566922
643,0.613173084606865,0.234581247743386,0.196743303664015,0.238033800236652,0.147497624383717,0.140279459933373
419,0.548094589195255,0.208116557082828,0.198798498578782,0.243298519444439,0.140279459933373,0.140279459933373
845,0.634386284250911,0.259638241659144,0.261497815323131,0.250466494772263,0.155233599845476,0.198798498578782
680,0.635268667058686,0.244185541162083,0.250466494772263,0.232872971194181,0.169237834303805,0.144131604573628
900,0.672237905577799,0.270905253648299,0.262430509724191,0.236301613614802,0.194059239855938,0.162677834203278
763,0.62555609967103,0.226165913043895,0.179307075461499,0.279506090033501,0.140279459933373,0.168257318749387
777,0.632621179272578,0.252283020211930,0.23977753355553,0.221274744825972,0.147819407725247,0.174898448025698
750,0.630855615748439,0.226165913043895,0.158822198286243,0.264301525715948,0.165403320798019,0.174898448025698
735,0.641442262346675,0.228656878414890,0.236301613614802,0.261497815323131,0.140279459933373,0.155619579790919
333,0.432309844864813,0.178181472416481,0.175977245746161,0.202303599215116,0.140279459933373,0.140279459933373
652,0.613173084606865,0.231177046607856,0.192741366843982,0.234581247743386,0.165403320798019,0.186394027664835
720,0.59454741884471,0.257786672914962,0.255024990396885,0.23033379664679,0.190794809258731,0.196743303664015
838,0.631738455286738,0.245075200706715,0.259638241659144,0.234581247743386,0.144720505822661,0.175977245746161
581,0.617598511353537,0.238904240888872,0.222891426963376,0.212638240623736,0.181025063276694,0.16357228121085
648,0.548993245617665,0.288207386188063,0.26806502014066,0.217294683481912,0.169733635746363,0.156400988328558
612,0.564235724377818,0.290152214217331,0.26336509235663,0.250466494772263,0.194059239855938,0.164940248736627
755,0.65201365997105,0.259638241659144,0.243298519444439,0.185172899926102,0.169733635746363,0.167772573247934
807,0.642323774366231,0.260567046745838,0.250466494772263,0.237166246337142,0.144131604573628,0.205907447843523
694,0.600763302119727,0.249561781327291,0.188255890082703,0.226165913043895,0.166814026627726,0.140279459933373
356,0.474347434968947,0.151897993103576,0.168745733831007,0.240653643199231,0.140279459933373,0.16634019279706
306,0.426633199381427,0.173309128978783,0.165869963138432,0.208860644258667,0.16357228121085,0.147819407725247
280,0.453909567952752,0.185172899926102,0.194724220966719,0.205178843545358,0.161797245314680,0.170736402643872
784,0.644086484322101,0.260567046745838,0.269010148553487,0.218083551882790,0.181605650010004,0.16357228121085
884,0.61494365721071,0.237166246337142,0.252283020211930,0.277585234113443,0.140279459933373,0.146862120354825
848,0.634386284250911,0.26336509235663,0.288207386188063,0.23977753355553,0.226165913043895,0.140279459933373
656,0.609630293401202,0.247759640188542,0.261497815323131,0.196066256873814,0.178181472416481,0.193398287644562
792,0.643205181411445,0.235439936165745,0.241532534498303,0.245967461561916,0.175977245746161,0.166814026627726
802,0.613173084606865,0.291125967010989,0.252283020211930,0.26336509235663,0.151897993103576,0.200889639762023
656,0.588323660284695,0.232872971194181,0.211115838461421,0.209608564537159,0.160930368981928,0.147497624383717
171,0.372772455485757,0.185781454960399,0.214175622695954,0.16357228121085,0.190154027575454,0.159237162188545
646,0.611401966215199,0.262430509724191,0.267121556704060,0.223704949036996,0.168745733831007,0.140279459933373
776,0.635268667058686,0.245967461561916,0.252283020211930,0.200188610986799,0.175435913518267,0.182778757451073
712,0.58209159090975,0.323575487390111,0.281431899695417,0.305818349289740,0.179875784505171,0.183967824035887
744,0.600763302119727,0.224521889216861,0.224521889216861,0.255943411389996,0.140279459933373,0.140279459933373
922,0.631738455286738,0.302869127130412,0.277585234113443,0.299924552865763,0.185172899926102,0.178742307944130
163,0.411406907527978,0.145622826217966,0.188884569174318,0.170233153496669,0.162677834203278,0.152256565618780
867,0.591881082994116,0.247759640188542,0.210360301592275,0.26806502014066,0.152256565618780,0.140279459933373
864,0.669602528491819,0.232023448734304,0.260567046745838,0.271855157449252,0.175977245746161,0.152982630801945
920,0.644086484322101,0.285297304030371,0.26336509235663,0.222081350052879,0.212638240623736,0.156400988328558
560,0.58209159090975,0.215727826366646,0.189517281185082,0.235439936165745,0.192741366843982,0.154094323280450
698,0.627323083479833,0.226992939983781,0.198109430350217,0.273759486818862,0.162235816543637,0.158410531669826
758,0.645848781067736,0.250466494772263,0.272806580486754,0.226165913043895,0.190794809258731,0.180448444205294
904,0.611401966215199,0.280468392646033,0.271855157449252,0.23977753355553,0.172787005806565,0.197424363331222
372,0.432309844864813,0.184568357977156,0.141333283747465,0.231177046607856,0.192088479379025,0.141873944585676
914,0.665208590906176,0.258711437790672,0.280468392646033,0.223704949036996,0.181025063276694,0.157597013980819
528,0.537291706764252,0.218876016213984,0.208860644258667,0.255943411389996,0.14298348025674,0.156008702799071
823,0.637915147508898,0.226992939983781,0.241532534498303,0.250466494772263,0.140279459933373,0.165869963138432
781,0.629089586309926,0.246862287018223,0.236301613614802,0.242414171861771,0.159655442358187,0.140279459933373
907,0.660812526368302,0.37179664134119,0.368866547920421,0.349241401529061,0.23977753355553,0.190154027575454
185,0.547195695509664,0.140279459933373,0.206639944148685,0.147819407725247,0.152256565618780,0.140279459933373
334,0.443610401564419,0.172787005806565,0.192088479379025,0.185172899926102,0.140279459933373,0.144424803121843
699,0.576742857104671,0.245075200706715,0.250466494772263,0.226165913043895,0.161362102255135,0.210360301592275
755,0.629972659733243,0.221274744825972,0.257786672914962,0.218876016213984,0.195393227873188,0.142423961905656
603,0.629972659733243,0.267121556704060,0.224521889216861,0.264301525715948,0.150839880430613,0.171243398019944
387,0.462295554374572,0.173835068385563,0.221274744825972,0.158410531669826,0.144720505822661,0.165403320798019
682,0.591881082994116,0.281431899695417,0.23977753355553,0.286266334773665,0.162677834203278,0.142423961905656
791,0.652893966371437,0.252283020211930,0.269956905233921,0.260567046745838,0.164480729737195,0.165403320798019
769,0.65113325749733,0.258711437790672,0.245967461561916,0.233725581744281,0.185172899926102,0.169237834303805
628,0.598100289370352,0.369843682925459,0.341355528691973,0.330492731245164,0.226165913043895,0.182190212262849
778,0.621136485069615,0.246862287018223,0.205907447843523,0.277585234113443,0.140279459933373,0.140279459933373
826,0.598100289370352,0.222891426963376,0.208116557082828,0.232023448734304,0.140279459933373,0.170233153496669
893,0.65113325749733,0.274713840722163,0.264301525715948,0.261497815323131,0.154850743467635,0.142147774681471
242,0.471572446139952,0.167772573247934,0.181025063276694,0.208116557082828,0.140279459933373,0.176522456496951
837,0.610516199655431,0.23977753355553,0.203733362812729,0.246862287018223,0.164940248736627,0.148143904307162
769,0.611401966215199,0.220471637257467,0.203733362812729,0.222081350052879,0.147819407725247,0.140279459933373
592,0.537291706764252,0.255024990396885,0.241532534498303,0.250466494772263,0.179875784505171,0.169733635746363
863,0.638797087949753,0.258711437790672,0.225342219919308,0.251373586915138,0.146237238572002,0.140279459933373
727,0.629972659733243,0.294052217151829,0.282396577544332,0.287236372741756,0.185172899926102,0.192088479379025
753,0.640560644506718,0.256863984839407,0.246862287018223,0.242414171861771,0.171243398019944,0.140539522938054
1005,0.65201365997105,0.316661303992259,0.280468392646033,0.273759486818862,0.194059239855938,0.185781454960399
534,0.615828741507218,0.264301525715948,0.258711437790672,0.271855157449252,0.174898448025698,0.140279459933373
851,0.659053485350326,0.301887051542692,0.292100571713878,0.227823271636467,0.155233599845476,0.144720505822661
880,0.638797087949753,0.238033800236652,0.208860644258667,0.241532534498303,0.150148946700048,0.175977245746161
831,0.635268667058686,0.307786743279463,0.273759486818862,0.279506090033501,0.168745733831007,0.183371292540019
795,0.637915147508898,0.261497815323131,0.211115838461421,0.284329312589461,0.143552645462116,0.179875784505171
284,0.466011361565902,0.181025063276694,0.187010622123131,0.213405068833102,0.149133866930996,0.146237238572002
878,0.652893966371437,0.299924552865763,0.273759486818862,0.280468392646033,0.164480729737195,0.148471133452426
790,0.605198627992826,0.255024990396885,0.221274744825972,0.203733362812729,0.178181472416481,0.140279459933373
679,0.58209159090975,0.318636108753548,0.307786743279463,0.278545025785751,0.212638240623736,0.219672052767678
703,0.643205181411445,0.276626749501763,0.218083551882790,0.257786672914962,0.159237162188545,0.156400988328558
256,0.372772455485757,0.147497624383717,0.154094323280450,0.218083551882790,0.140279459933373,0.172268685450245
792,0.621136485069615,0.214949882112267,0.213405068833102,0.251373586915138,0.154470991130581,0.140279459933373
639,0.601650667029677,0.269010148553487,0.237166246337142,0.26806502014066,0.23033379664679,0.208860644258667
902,0.644967683931748,0.257786672914962,0.254108759679802,0.258711437790672,0.165869963138432,0.171243398019944
848,0.653774177471793,0.233725581744281,0.235439936165745,0.271855157449252,0.154470991130581,0.152618104976752
163,0.475271623239318,0.148801114525785,0.140279459933373,0.211115838461421,0.142147774681471,0.148471133452426
781,0.618483198986599,0.242414171861771,0.266179795115631,0.199491561253654,0.16634019279706,0.154470991130581
533,0.624672424998259,0.282396577544332,0.256863984839407,0.258711437790672,0.140279459933373,0.189517281185082
163,0.479886604427388,0.140279459933373,0.153720720340875,0.226992939983781,0.140279459933373,0.169237834303805
759,0.639678919993987,0.269956905233921,0.216509434133377,0.243298519444439,0.156400988328558,0.179875784505171
776,0.611401966215199,0.228656878414890,0.222891426963376,0.242414171861771,0.140279459933373,0.156400988328558
715,0.615828741507218,0.222891426963376,0.223704949036996,0.248659484023583,0.169733635746363,0.180448444205294
166,0.493674279807102,0.144424803121843,0.16357228121085,0.198109430350217,0.140279459933373,0.159655442358187
874,0.58209159090975,0.261497815323131,0.260567046745838,0.243298519444439,0.200188610986799,0.172787005806565
856,0.637915147508898,0.245075200706715,0.238033800236652,0.277585234113443,0.16634019279706,0.159237162188545
841,0.634386284250911,0.26336509235663,0.226165913043895,0.290152214217331,0.143266847840142,0.143552645462116
720,0.617598511353537,0.216509434133377,0.221274744825972,0.255024990396885,0.140279459933373,0.156008702799071
732,0.626439652176295,0.144424803121843,0.140279459933373,0.666966416344732,0.72131705864272,0.561550463611059
835,0.641442262346675,0.246862287018223,0.242414171861771,0.300905518027404,0.144720505822661,0.177071557205383
785,0.612287594171303,0.254108759679802,0.237166246337142,0.200188610986799,0.156008702799071,0.164024746412181
736,0.589213267095234,0.241532534498303,0.226165913043895,0.259638241659144,0.156796455796649,0.140279459933373
318,0.403744670601839,0.186394027664835,0.158002143279100,0.199491561253654,0.155233599845476,0.158822198286243
767,0.602537880906253,0.216509434133377,0.203733362812729,0.222891426963376,0.154850743467635,0.140279459933373
701,0.610516199655431,0.238904240888872,0.228656878414890,0.247759640188542,0.156400988328558,0.156008702799071
742,0.655534316836593,0.284329312589461,0.254108759679802,0.253194757033311,0.171754154191287,0.173309128978783
882,0.632621179272578,0.280468392646033,0.251373586915138,0.270905253648299,0.173835068385563,0.141066417195949
679,0.628206394540431,0.249561781327291,0.241532534498303,0.242414171861771,0.145018731380577,0.150148946700048
391,0.459504181093247,0.188255890082703,0.161362102255135,0.211875157547888,0.140279459933373,0.140279459933373
850,0.597212308466731,0.247759640188542,0.233725581744281,0.217294683481912,0.176522456496951,0.140279459933373
799,0.606971725447777,0.235439936165745,0.23977753355553,0.23033379664679,0.187010622123131,0.140279459933373
890,0.622904705251892,0.229493730258852,0.243298519444439,0.196066256873814,0.142423961905656,0.160077057692081
713,0.591881082994116,0.259638241659144,0.201594638931909,0.266179795115631,0.165403320798019,0.140279459933373
354,0.442671323317129,0.179875784505171,0.214949882112267,0.222891426963376,0.165869963138432,0.176522456496951
691,0.603424944919196,0.226992939983781,0.207376318697083,0.310742219942023,0.140279459933373,0.150839880430613
887,0.608744246353995,0.281431899695417,0.227823271636467,0.284329312589461,0.174364837136968,0.195393227873188
805,0.644086484322101,0.247759640188542,0.246862287018223,0.220471637257467,0.140279459933373,0.222081350052879
852,0.635268667058686,0.229493730258852,0.182778757451073,0.311728055196152,0.140279459933373,0.140279459933373
818,0.62555609967103,0.258711437790672,0.269956905233921,0.206639944148685,0.205907447843523,0.153720720340875
693,0.600763302119727,0.290152214217331,0.292100571713878,0.26336509235663,0.200188610986799,0.164024746412181
737,0.613173084606865,0.222891426963376,0.204454144375473,0.211875157547888,0.153720720340875,0.140279459933373
668,0.597212308466731,0.215727826366646,0.203733362812729,0.23977753355553,0.172268685450245,0.163123316426449
639,0.554380296765044,0.269010148553487,0.262430509724191,0.280468392646033,0.221274744825972,0.149807763529887
364,0.445487145704544,0.192088479379025,0.200889639762023,0.206639944148685,0.159655442358187,0.148801114525785
728,0.596324170558622,0.26336509235663,0.264301525715948,0.254108759679802,0.169237834303805,0.194724220966719
274,0.695926026550246,0.267121556704060,0.211115838461421,0.337407372460796,0.381534098529382,0.249561781327291
558,0.637915147508898,0.357108931824631,0.339381807952053,0.310742219942023,0.251373586915138,0.179875784505171
821,0.664329550930648,0.262430509724191,0.243298519444439,0.270905253648299,0.168257318749387,0.140279459933373
821,0.646729776551258,0.247759640188542,0.250466494772263,0.250466494772263,0.172268685450245,0.158002143279100
720,0.613173084606865,0.242414171861771,0.231177046607856,0.206639944148685,0.16634019279706,0.162677834203278
730,0.589213267095234,0.271855157449252,0.249561781327291,0.218876016213984,0.206639944148685,0.170233153496669
332,0.410450927071570,0.170233153496669,0.146548361254107,0.196743303664015,0.140279459933373,0.164480729737195
697,0.548993245617665,0.271855157449252,0.296006914761259,0.252283020211930,0.201594638931909,0.140279459933373
854,0.644086484322101,0.276626749501763,0.235439936165745,0.253194757033311,0.168745733831007,0.179307075461499
752,0.613173084606865,0.222891426963376,0.195393227873188,0.238904240888872,0.161362102255135,0.164024746412181
840,0.621136485069615,0.251373586915138,0.225342219919308,0.232872971194181,0.183371292540019,0.197424363331222
846,0.605198627992826,0.256863984839407,0.246862287018223,0.222081350052879,0.170233153496669,0.140279459933373
767,0.613173084606865,0.248659484023583,0.201594638931909,0.267121556704060,0.161797245314680,0.158002143279100
812,0.61405843859737,0.243298519444439,0.242414171861771,0.256863984839407,0.152618104976752,0.191439626593958
915,0.633503788623644,0.308771540986705,0.299924552865763,0.336419918223748,0.180448444205294,0.198798498578782
361,0.439851241970584,0.184568357977156,0.199491561253654,0.214175622695954,0.140279459933373,0.140279459933373
784,0.635268667058686,0.26806502014066,0.229493730258852,0.266179795115631,0.177624558944457,0.198798498578782
327,0.433254223593108,0.162677834203278,0.172787005806565,0.175977245746161,0.146237238572002,0.162677834203278
703,0.619367756469412,0.225342219919308,0.224521889216861,0.235439936165745,0.140279459933373,0.145018731380577
848,0.664329550930648,0.278545025785751,0.265239772398733,0.203733362812729,0.187631241909896,0.156400988328558
815,0.645848781067736,0.255024990396885,0.241532534498303,0.255943411389996,0.174364837136968,0.178181472416481
355,0.418084423539314,0.196066256873814,0.205907447843523,0.181025063276694,0.164480729737195,0.158822198286243
330,0.631738455286738,0.244185541162083,0.221274744825972,0.275669606701894,0.147497624383717,0.167291481291287
865,0.652893966371437,0.251373586915138,0.273759486818862,0.265239772398733,0.173835068385563,0.14298348025674
922,0.642323774366231,0.266179795115631,0.223704949036996,0.279506090033501,0.169237834303805,0.209608564537159
179,0.542697607586951,0.150492979148870,0.205178843545358,0.183967824035887,0.152256565618780,0.156008702799071
751,0.61405843859737,0.224521889216861,0.178742307944130,0.223704949036996,0.149133866930996,0.143840891542185
730,0.616713692539713,0.271855157449252,0.222081350052879,0.26336509235663,0.166814026627726,0.182778757451073
405,0.450170855356869,0.169733635746363,0.197424363331222,0.214175622695954,0.159237162188545,0.183967824035887
672,0.618483198986599,0.243298519444439,0.212638240623736,0.266179795115631,0.140279459933373,0.173309128978783
799,0.637915147508898,0.281431899695417,0.221274744825972,0.236301613614802,0.173835068385563,0.144424803121843
710,0.592770024376564,0.224521889216861,0.245075200706715,0.234581247743386,0.149469410107982,0.157597013980819
713,0.610516199655431,0.234581247743386,0.227823271636467,0.206639944148685,0.141333283747465,0.146237238572002
889,0.647610671197383,0.315674182764382,0.296985336054750,0.299924552865763,0.208116557082828,0.192088479379025
710,0.546296562840502,0.249561781327291,0.252283020211930,0.265239772398733,0.207376318697083,0.168257318749387
962,0.636150937944643,0.271855157449252,0.253194757033311,0.295029198942614,0.194724220966719,0.140279459933373
790,0.649372161207369,0.266179795115631,0.229493730258852,0.265239772398733,0.140279459933373,0.188884569174318
437,0.433254223593108,0.213405068833102,0.242414171861771,0.143266847840142,0.150148946700048,0.140279459933373
765,0.61494365721071,0.292100571713878,0.255024990396885,0.278545025785751,0.140279459933373,0.141602453589765
762,0.629089586309926,0.264301525715948,0.26336509235663,0.202303599215116,0.153720720340875,0.174364837136968
834,0.635268667058686,0.246862287018223,0.269956905233921,0.246862287018223,0.150839880430613,0.142423961905656
697,0.584763524220902,0.220471637257467,0.214949882112267,0.253194757033311,0.140279459933373,0.158002143279100
556,0.626439652176295,0.262430509724191,0.262430509724191,0.248659484023583,0.154094323280450,0.16357228121085
746,0.635268667058686,0.248659484023583,0.211875157547888,0.243298519444439,0.140279459933373,0.164940248736627
696,0.61494365721071,0.214175622695954,0.262430509724191,0.217294683481912,0.16634019279706,0.149469410107982
723,0.628206394540431,0.267121556704060,0.216509434133377,0.238033800236652,0.140279459933373,0.196066256873814
724,0.644086484322101,0.240653643199231,0.238033800236652,0.229493730258852,0.164940248736627,0.197424363331222
752,0.601650667029677,0.215727826366646,0.257786672914962,0.181025063276694,0.140279459933373,0.146862120354825
612,0.61494365721071,0.205178843545358,0.164024746412181,0.231177046607856,0.140279459933373,0.146862120354825
738,0.590102705627282,0.220471637257467,0.243298519444439,0.244185541162083,0.160502026996677,0.152256565618780
701,0.616713692539713,0.212638240623736,0.261497815323131,0.141333283747465,0.212638240623736,0.149469410107982
658,0.613173084606865,0.218876016213984,0.218083551882790,0.257786672914962,0.140279459933373,0.171754154191287
355,0.444549008408857,0.189517281185082,0.158410531669826,0.200188610986799,0.16634019279706,0.173309128978783
790,0.656414246618719,0.272806580486754,0.249561781327291,0.244185541162083,0.16357228121085,0.153720720340875
858,0.613173084606865,0.345300444024283,0.277585234113443,0.269010148553487,0.190154027575454,0.142423961905656
782,0.622904705251892,0.240653643199231,0.250466494772263,0.220471637257467,0.210360301592275,0.172787005806565
795,0.644086484322101,0.261497815323131,0.238033800236652,0.258711437790672,0.148471133452426,0.171243398019944
357,0.448298759169222,0.208116557082828,0.164024746412181,0.196743303664015,0.170233153496669,0.152618104976752
819,0.644086484322101,0.252283020211930,0.208116557082828,0.273759486818862,0.172787005806565,0.196066256873814
260,0.456708871220304,0.220471637257467,0.222081350052879,0.202303599215116,0.199491561253654,0.207376318697083
703,0.581200590507501,0.226165913043895,0.265239772398733,0.150839880430613,0.203016510694019,0.140279459933373
359,0.440791745314472,0.179875784505171,0.189517281185082,0.221274744825972,0.140279459933373,0.150492979148870
857,0.624672424998259,0.271855157449252,0.258711437790672,0.267121556704060,0.194059239855938,0.175435913518267
168,0.471572446139952,0.147819407725247,0.158822198286243,0.194059239855938,0.140279459933373,0.144424803121843
188,0.558863289375474,0.167291481291287,0.198109430350217,0.16634019279706,0.151897993103576,0.140279459933373
176,0.533682626160806,0.164024746412181,0.163123316426449,0.16634019279706,0.140279459933373,0.206639944148685
686,0.587433883900336,0.224521889216861,0.204454144375473,0.212638240623736,0.151897993103576,0.140279459933373
785,0.647610671197383,0.32950458986508,0.249561781327291,0.306802338059224,0.160077057692081,0.206639944148685
746,0.622904705251892,0.311728055196152,0.293075998312143,0.274713840722163,0.199491561253654,0.144424803121843
788,0.644086484322101,0.23977753355553,0.208116557082828,0.203733362812729,0.188255890082703,0.140279459933373
734,0.649372161207369,0.275669606701894,0.237166246337142,0.256863984839407,0.170233153496669,0.149807763529887
663,0.613173084606865,0.241532534498303,0.255943411389996,0.276626749501763,0.147497624383717,0.148471133452426
789,0.644967683931748,0.232023448734304,0.199491561253654,0.275669606701894,0.140279459933373,0.149807763529887
677,0.630855615748439,0.259638241659144,0.255943411389996,0.234581247743386,0.175435913518267,0.158410531669826
790,0.630855615748439,0.282396577544332,0.234581247743386,0.260567046745838,0.162235816543637,0.159237162188545
668,0.621136485069615,0.222081350052879,0.250466494772263,0.192741366843982,0.151542367809210,0.140279459933373
755,0.617598511353537,0.287236372741756,0.296985336054750,0.255943411389996,0.219672052767678,0.202303599215116
753,0.586543936638165,0.301887051542692,0.241532534498303,0.308771540986705,0.171754154191287,0.213405068833102
733,0.616713692539713,0.235439936165745,0.250466494772263,0.227823271636467,0.172787005806565,0.183967824035887
915,0.638797087949753,0.293075998312143,0.250466494772263,0.293075998312143,0.164940248736627,0.157597013980819
389,0.440791745314472,0.182778757451073,0.16634019279706,0.201594638931909,0.171754154191287,0.160077057692081
696,0.596324170558622,0.232023448734304,0.238033800236652,0.232872971194181,0.172268685450245,0.160502026996677
739,0.644967683931748,0.269010148553487,0.269010148553487,0.245075200706715,0.159237162188545,0.159655442358187
691,0.542697607586951,0.280468392646033,0.284329312589461,0.196743303664015,0.188255890082703,0.169237834303805
843,0.616713692539713,0.269956905233921,0.201594638931909,0.208860644258667,0.158410531669826,0.192741366843982
885,0.615828741507218,0.223704949036996,0.185781454960399,0.269010148553487,0.140279459933373,0.192088479379025
664,0.615828741507218,0.232023448734304,0.208116557082828,0.261497815323131,0.140279459933373,0.158822198286243
746,0.635268667058686,0.498252004317859,0.480808424194665,0.4964219650051,0.426633199381427,0.385415796280043
626,0.621136485069615,0.241532534498303,0.252283020211930,0.195393227873188,0.167772573247934,0.176522456496951
769,0.612287594171303,0.219672052767678,0.180448444205294,0.255943411389996,0.140279459933373,0.177624558944457
694,0.59454741884471,0.241532534498303,0.208116557082828,0.226165913043895,0.140279459933373,0.149133866930996
783,0.617598511353537,0.252283020211930,0.262430509724191,0.225342219919308,0.156400988328558,0.158410531669826
768,0.59454741884471,0.232023448734304,0.262430509724191,0.236301613614802,0.185781454960399,0.189517281185082
715,0.603424944919196,0.264301525715948,0.231177046607856,0.260567046745838,0.155619579790919,0.140279459933373
688,0.610516199655431,0.232872971194181,0.223704949036996,0.23977753355553,0.162235816543637,0.156400988328558
570,0.574958463059337,0.364953752682284,0.368866547920421,0.36005360357005,0.246862287018223,0.166814026627726
717,0.578526502286961,0.238904240888872,0.261497815323131,0.178181472416481,0.161797245314680,0.229493730258852
687,0.599875784998553,0.224521889216861,0.211115838461421,0.269010148553487,0.140279459933373,0.140279459933373
653,0.626439652176295,0.222081350052879,0.223704949036996,0.207376318697083,0.185781454960399,0.176522456496951
690,0.606971725447777,0.240653643199231,0.196743303664015,0.208860644258667,0.175435913518267,0.16357228121085
737,0.629972659733243,0.227823271636467,0.215727826366646,0.259638241659144,0.140279459933373,0.163123316426449
603,0.595435874427052,0.276626749501763,0.248659484023583,0.220471637257467,0.208860644258667,0.203733362812729
364,0.408537424783786,0.171243398019944,0.178742307944130,0.144424803121843,0.143552645462116,0.140279459933373
408,0.574065981658382,0.297964434643167,0.267121556704060,0.334444602573969,0.201594638931909,0.174364837136968
618,0.574065981658382,0.213405068833102,0.245967461561916,0.214949882112267,0.172268685450245,0.157195124574254
738,0.61494365721071,0.23977753355553,0.198798498578782,0.233725581744281,0.143552645462116,0.156400988328558
785,0.662571212990782,0.220471637257467,0.226992939983781,0.248659484023583,0.140279459933373,0.200889639762023
656,0.591881082994116,0.247759640188542,0.245075200706715,0.247759640188542,0.183967824035887,0.155233599845476
764,0.619367756469412,0.238904240888872,0.278545025785751,0.242414171861771,0.185172899926102,0.149469410107982
673,0.620252184825136,0.319623752397046,0.322587416871138,0.284329312589461,0.235439936165745,0.190154027575454
750,0.644086484322101,0.234581247743386,0.231177046607856,0.274713840722163,0.153350162717428,0.162235816543637
807,0.599875784998553,0.205178843545358,0.222081350052879,0.252283020211930,0.167772573247934,0.181025063276694
418,0.486331294331022,0.172787005806565,0.192088479379025,0.196066256873814,0.154470991130581,0.140279459933373
641,0.596324170558622,0.222891426963376,0.201594638931909,0.295029198942614,0.140279459933373,0.182190212262849
772,0.644086484322101,0.283362392853609,0.287236372741756,0.226992939983781,0.208860644258667,0.158410531669826
752,0.656414246618719,0.288207386188063,0.247759640188542,0.275669606701894,0.187010622123131,0.198109430350217
685,0.622020658211421,0.251373586915138,0.199491561253654,0.273759486818862,0.154850743467635,0.157195124574254
714,0.620252184825136,0.292100571713878,0.266179795115631,0.221274744825972,0.198109430350217,0.192741366843982
174,0.532779695838002,0.140279459933373,0.160502026996677,0.205907447843523,0.140279459933373,0.175977245746161
779,0.612287594171303,0.224521889216861,0.240653643199231,0.200889639762023,0.14298348025674,0.152618104976752
870,0.645848781067736,0.251373586915138,0.254108759679802,0.252283020211930,0.160502026996677,0.171243398019944
718,0.644967683931748,0.251373586915138,0.247759640188542,0.213405068833102,0.149807763529887,0.194059239855938
777,0.632621179272578,0.229493730258852,0.218083551882790,0.285297304030371,0.147178535004063,0.214175622695954
945,0.630855615748439,0.313700605163659,0.256863984839407,0.292100571713878,0.193398287644562,0.194724220966719
734,0.607858057407542,0.271855157449252,0.256863984839407,0.262430509724191,0.140279459933373,0.155233599845476
964,0.662571212990782,0.272806580486754,0.269010148553487,0.231177046607856,0.194059239855938,0.190154027575454
273,0.446424815327873,0.146237238572002,0.195393227873188,0.165869963138432,0.141333283747465,0.140279459933373
280,0.44923503724365,0.196743303664015,0.140279459933373,0.259638241659144,0.140279459933373,0.159237162188545
836,0.644967683931748,0.211115838461421,0.199491561253654,0.193398287644562,0.173835068385563,0.149807763529887
822,0.628206394540431,0.265239772398733,0.232023448734304,0.265239772398733,0.165403320798019,0.175977245746161
940,0.631738455286738,0.26806502014066,0.241532534498303,0.233725581744281,0.153350162717428,0.208860644258667
628,0.595435874427052,0.227823271636467,0.208116557082828,0.224521889216861,0.145622826217966,0.200889639762023
969,0.62555609967103,0.264301525715948,0.240653643199231,0.222891426963376,0.194724220966719,0.188255890082703
596,0.73792896726203,0.514662297605807,0.499166505254691,0.609630293401202,0.626439652176295,0.477118801080669
342,0.440791745314472,0.173835068385563,0.164480729737195,0.212638240623736,0.140279459933373,0.162235816543637
794,0.615828741507218,0.224521889216861,0.267121556704060,0.226992939983781,0.211875157547888,0.162677834203278
267,0.664329550930648,0.212638240623736,0.190154027575454,0.323575487390111,0.353177756395209,0.210360301592275
646,0.620252184825136,0.245075200706715,0.216509434133377,0.276626749501763,0.157597013980819,0.140801836156987
943,0.59099197716754,0.281431899695417,0.260567046745838,0.240653643199231,0.176522456496951,0.168745733831007
717,0.609630293401202,0.213405068833102,0.231177046607856,0.217294683481912,0.156796455796649,0.149807763529887
893,0.637915147508898,0.279506090033501,0.291125967010989,0.233725581744281,0.213405068833102,0.188255890082703
764,0.644967683931748,0.275669606701894,0.23977753355553,0.250466494772263,0.152618104976752,0.140279459933373
864,0.665208590906176,0.288207386188063,0.242414171861771,0.269956905233921,0.161362102255135,0.152618104976752
710,0.628206394540431,0.253194757033311,0.262430509724191,0.281431899695417,0.148143904307162,0.181605650010004
784,0.639678919993987,0.256863984839407,0.212638240623736,0.290152214217331,0.161797245314680,0.158410531669826
714,0.658173830133798,0.255024990396885,0.237166246337142,0.256863984839407,0.148471133452426,0.174898448025698
856,0.606971725447777,0.294052217151829,0.312714190948075,0.23033379664679,0.172268685450245,0.182778757451073
760,0.635268667058686,0.302869127130412,0.266179795115631,0.325551793923222,0.251373586915138,0.156400988328558
358,0.458572851358513,0.177624558944457,0.200188610986799,0.225342219919308,0.140279459933373,0.140279459933373
219,0.475271623239318,0.169237834303805,0.182778757451073,0.185781454960399,0.153720720340875,0.158410531669826
631,0.634386284250911,0.260567046745838,0.255024990396885,0.242414171861771,0.140279459933373,0.190794809258731
815,0.654654294039608,0.243298519444439,0.222081350052879,0.273759486818862,0.177071557205383,0.172787005806565
777,0.639678919993987,0.306802338059224,0.261497815323131,0.244185541162083,0.211115838461421,0.210360301592275
886,0.630855615748439,0.368866547920421,0.353177756395209,0.344314559496454,0.233725581744281,0.179307075461499
742,0.618483198986599,0.225342219919308,0.197424363331222,0.254108759679802,0.151189670120080,0.153350162717428
998,0.637915147508898,0.312714190948075,0.302869127130412,0.318636108753548,0.185172899926102,0.187631241909896
656,0.619367756469412,0.229493730258852,0.216509434133377,0.23977753355553,0.140279459933373,0.156400988328558
894,0.645848781067736,0.251373586915138,0.232023448734304,0.290152214217331,0.148801114525785,0.140279459933373
474,0.606971725447777,0.233725581744281,0.185172899926102,0.259638241659144,0.168257318749387,0.140279459933373
710,0.622904705251892,0.36005360357005,0.332468835480985,0.352194131843378,0.232872971194181,0.188884569174318
682,0.593658802575914,0.241532534498303,0.234581247743386,0.260567046745838,0.194724220966719,0.203016510694019
690,0.623788627185174,0.237166246337142,0.205178843545358,0.210360301592275,0.178742307944130,0.140279459933373
613,0.58030940985411,0.222081350052879,0.205907447843523,0.242414171861771,0.172787005806565,0.140279459933373
744,0.648491465815105,0.274713840722163,0.241532534498303,0.214175622695954,0.159237162188545,0.140279459933373
874,0.650252758171119,0.275669606701894,0.261497815323131,0.189517281185082,0.178742307944130,0.157597013980819
817,0.644086484322101,0.350225945404854,0.340368763820501,0.327528205863718,0.167772573247934,0.178742307944130
769,0.611401966215199,0.251373586915138,0.23977753355553,0.260567046745838,0.168745733831007,0.144720505822661
769,0.645848781067736,0.273759486818862,0.244185541162083,0.240653643199231,0.171243398019944,0.169237834303805
620,0.565130393380684,0.310742219942023,0.288207386188063,0.289179343702615,0.225342219919308,0.196743303664015
834,0.618483198986599,0.296006914761259,0.293075998312143,0.256863984839407,0.213405068833102,0.177071557205383
597,0.606971725447777,0.26806502014066,0.202303599215116,0.287236372741756,0.156008702799071,0.140279459933373
642,0.597212308466731,0.188255890082703,0.185781454960399,0.290152214217331,0.140279459933373,0.140279459933373
802,0.609630293401202,0.232023448734304,0.231177046607856,0.266179795115631,0.162677834203278,0.198798498578782
917,0.663450425192382,0.284329312589461,0.253194757033311,0.228656878414890,0.140279459933373,0.190154027575454
787,0.638797087949753,0.269010148553487,0.222081350052879,0.255024990396885,0.167291481291287,0.146237238572002
203,0.439851241970584,0.211875157547888,0.179875784505171,0.207376318697083,0.140279459933373,0.140279459933373
930,0.632621179272578,0.274713840722163,0.244185541162083,0.192741366843982,0.196066256873814,0.145018731380577
364,0.440791745314472,0.179875784505171,0.233725581744281,0.16634019279706,0.147819407725247,0.160077057692081
627,0.521016538660012,0.218083551882790,0.193398287644562,0.199491561253654,0.170736402643872,0.222891426963376
298,0.63703309779987,0.357108931824631,0.296985336054750,0.324563618926047,0.237166246337142,0.222081350052879
776,0.629972659733243,0.254108759679802,0.198798498578782,0.261497815323131,0.184568357977156,0.169733635746363
800,0.610516199655431,0.309756707604237,0.284329312589461,0.310742219942023,0.174898448025698,0.165403320798019
787,0.622904705251892,0.275669606701894,0.251373586915138,0.225342219919308,0.174364837136968,0.168745733831007
711,0.636150937944643,0.23033379664679,0.213405068833102,0.254108759679802,0.154850743467635,0.140279459933373
736,0.659053485350326,0.267121556704060,0.215727826366646,0.237166246337142,0.151542367809210,0.140279459933373
773,0.626439652176295,0.327528205863718,0.283362392853609,0.284329312589461,0.196743303664015,0.160502026996677
312,0.440791745314472,0.181025063276694,0.175435913518267,0.164480729737195,0.140279459933373,0.148801114525785
734,0.592770024376564,0.238033800236652,0.160930368981928,0.257786672914962,0.147819407725247,0.154470991130581
595,0.578526502286961,0.221274744825972,0.214949882112267,0.200889639762023,0.140279459933373,0.146548361254107
682,0.613173084606865,0.226165913043895,0.196743303664015,0.231177046607856,0.142147774681471,0.149469410107982
815,0.589213267095234,0.23977753355553,0.232872971194181,0.218083551882790,0.175435913518267,0.198798498578782
599,0.608744246353995,0.226992939983781,0.214175622695954,0.271855157449252,0.156796455796649,0.154470991130581
328,0.424736999725661,0.190154027575454,0.158410531669826,0.190154027575454,0.145018731380577,0.140279459933373
331,0.472497848634527,0.175435913518267,0.200188610986799,0.210360301592275,0.159237162188545,0.140279459933373
746,0.633503788623644,0.256863984839407,0.213405068833102,0.245967461561916,0.157195124574254,0.160930368981928
788,0.640560644506718,0.255943411389996,0.279506090033501,0.231177046607856,0.158822198286243,0.151897993103576
639,0.606085249352797,0.307786743279463,0.272806580486754,0.262430509724191,0.236301613614802,0.181605650010004
818,0.636150937944643,0.261497815323131,0.261497815323131,0.216509434133377,0.179307075461499,0.144720505822661
731,0.631738455286738,0.23033379664679,0.218876016213984,0.277585234113443,0.140279459933373,0.143840891542185
730,0.61494365721071,0.238904240888872,0.218083551882790,0.238033800236652,0.160077057692081,0.14298348025674
899,0.65201365997105,0.322587416871138,0.254108759679802,0.306802338059224,0.174898448025698,0.140279459933373
382,0.569600673082815,0.307786743279463,0.281431899695417,0.252283020211930,0.223704949036996,0.187010622123131
784,0.623788627185174,0.216509434133377,0.248659484023583,0.273759486818862,0.140279459933373,0.165869963138432
664,0.610516199655431,0.275669606701894,0.280468392646033,0.276626749501763,0.148801114525785,0.164480729737195
1010,0.65113325749733,0.278545025785751,0.262430509724191,0.286266334773665,0.170233153496669,0.200889639762023
215,0.595435874427052,0.168257318749387,0.180448444205294,0.179875784505171,0.143266847840142,0.140279459933373
574,0.628206394540431,0.288207386188063,0.258711437790672,0.397013246974146,0.424736999725661,0.269956905233921
809,0.659933050519219,0.260567046745838,0.236301613614802,0.240653643199231,0.161362102255135,0.173835068385563
727,0.610516199655431,0.220471637257467,0.229493730258852,0.219672052767678,0.176522456496951,0.169237834303805
665,0.611401966215199,0.262430509724191,0.272806580486754,0.199491561253654,0.184568357977156,0.169237834303805
784,0.638797087949753,0.253194757033311,0.236301613614802,0.251373586915138,0.162235816543637,0.175977245746161
800,0.618483198986599,0.247759640188542,0.245075200706715,0.256863984839407,0.191439626593958,0.179875784505171
669,0.611401966215199,0.23033379664679,0.219672052767678,0.209608564537159,0.166814026627726,0.148143904307162
341,0.435141512434088,0.169733635746363,0.154470991130581,0.188884569174318,0.140279459933373,0.178181472416481
829,0.65201365997105,0.281431899695417,0.244185541162083,0.258711437790672,0.164940248736627,0.141602453589765
846,0.653774177471793,0.262430509724191,0.208860644258667,0.271855157449252,0.140279459933373,0.187631241909896
633,0.562445761046978,0.303851718893881,0.267121556704060,0.237166246337142,0.172268685450245,0.176522456496951
792,0.628206394540431,0.255024990396885,0.254108759679802,0.276626749501763,0.142702524367706,0.152618104976752
824,0.642323774366231,0.254108759679802,0.269010148553487,0.247759640188542,0.156400988328558,0.140279459933373
852,0.606085249352797,0.242414171861771,0.242414171861771,0.198798498578782,0.170233153496669,0.174898448025698
698,0.616713692539713,0.211875157547888,0.240653643199231,0.218876016213984,0.140801836156987,0.185781454960399
793,0.633503788623644,0.238033800236652,0.206639944148685,0.261497815323131,0.183967824035887,0.140279459933373
710,0.608744246353995,0.212638240623736,0.260567046745838,0.215727826366646,0.155233599845476,0.140279459933373
512,0.613173084606865,0.256863984839407,0.234581247743386,0.237166246337142,0.182190212262849,0.158002143279100
846,0.639678919993987,0.277585234113443,0.254108759679802,0.226992939983781,0.183967824035887,0.190794809258731
203,0.57763477259731,0.147497624383717,0.164024746412181,0.163123316426449,0.140279459933373,0.157195124574254
819,0.637915147508898,0.255943411389996,0.23977753355553,0.209608564537159,0.146237238572002,0.178742307944130
640,0.631738455286738,0.233725581744281,0.255024990396885,0.244185541162083,0.170233153496669,0.150492979148870
745,0.613173084606865,0.249561781327291,0.262430509724191,0.271855157449252,0.141602453589765,0.159655442358187
974,0.652893966371437,0.307786743279463,0.279506090033501,0.296985336054750,0.226992939983781,0.232872971194181
263,0.699431155326687,0.255024990396885,0.245967461561916,0.32159942528535,0.357108931824631,0.221274744825972
757,0.590102705627282,0.218083551882790,0.231177046607856,0.23977753355553,0.152982630801945,0.154850743467635
699,0.643205181411445,0.259638241659144,0.238904240888872,0.222891426963376,0.171243398019944,0.170736402643872
720,0.658173830133798,0.249561781327291,0.222891426963376,0.218876016213984,0.150839880430613,0.146548361254107
802,0.603424944919196,0.220471637257467,0.265239772398733,0.23033379664679,0.174364837136968,0.177624558944457
703,0.622904705251892,0.250466494772263,0.233725581744281,0.220471637257467,0.171754154191287,0.16357228121085
783,0.598100289370352,0.284329312589461,0.282396577544332,0.26806502014066,0.186394027664835,0.140279459933373
997,0.662571212990782,0.288207386188063,0.264301525715948,0.292100571713878,0.187631241909896,0.194724220966719
901,0.608744246353995,0.286266334773665,0.259638241659144,0.324563618926047,0.222891426963376,0.224521889216861
750,0.607858057407542,0.275669606701894,0.235439936165745,0.238033800236652,0.151897993103576,0.156008702799071
804,0.598988114480156,0.228656878414890,0.209608564537159,0.214175622695954,0.173835068385563,0.144131604573628
187,0.507381840049532,0.148471133452426,0.181605650010004,0.194724220966719,0.167291481291287,0.188255890082703
348,0.444549008408857,0.173835068385563,0.202303599215116,0.182190212262849,0.147178535004063,0.167772573247934
764,0.629089586309926,0.242414171861771,0.236301613614802,0.271855157449252,0.143552645462116,0.147497624383717
818,0.62555609967103,0.244185541162083,0.297964434643167,0.168257318749387,0.204454144375473,0.212638240623736
818,0.609630293401202,0.348256569656263,0.296006914761259,0.288207386188063,0.182778757451073,0.180448444205294
586,0.591881082994116,0.261497815323131,0.23977753355553,0.284329312589461,0.184568357977156,0.217294683481912
405,0.440791745314472,0.189517281185082,0.154850743467635,0.200889639762023,0.155619579790919,0.162677834203278
674,0.583873056414207,0.213405068833102,0.222081350052879,0.225342219919308,0.179307075461499,0.140279459933373
419,0.478964395469008,0.178181472416481,0.202303599215116,0.214949882112267,0.140279459933373,0.140279459933373
900,0.622020658211421,0.241532534498303,0.219672052767678,0.262430509724191,0.187631241909896,0.140279459933373
726,0.597212308466731,0.217294683481912,0.169237834303805,0.259638241659144,0.151897993103576,0.194724220966719
700,0.619367756469412,0.254108759679802,0.235439936165745,0.271855157449252,0.156008702799071,0.175977245746161
1022,0.628206394540431,0.231177046607856,0.267121556704060,0.209608564537159,0.177624558944457,0.188884569174318
773,0.620252184825136,0.254108759679802,0.234581247743386,0.233725581744281,0.16634019279706,0.140279459933373
324,0.411406907527978,0.165869963138432,0.192741366843982,0.181605650010004,0.140279459933373,0.159237162188545
737,0.633503788623644,0.232023448734304,0.269956905233921,0.210360301592275,0.140279459933373,0.140279459933373
817,0.632621179272578,0.252283020211930,0.152982630801945,0.276626749501763,0.156008702799071,0.162677834203278
204,0.576742857104671,0.145018731380577,0.140279459933373,0.224521889216861,0.140279459933373,0.144720505822661
835,0.621136485069615,0.257786672914962,0.283362392853609,0.141873944585676,0.189517281185082,0.208116557082828
845,0.632621179272578,0.257786672914962,0.214175622695954,0.276626749501763,0.140279459933373,0.187010622123131
714,0.606085249352797,0.222891426963376,0.210360301592275,0.198109430350217,0.16357228121085,0.149807763529887
877,0.629089586309926,0.246862287018223,0.171754154191287,0.243298519444439,0.187010622123131,0.169733635746363
938,0.679262118185675,0.306802338059224,0.277585234113443,0.305818349289740,0.211115838461421,0.242414171861771
711,0.628206394540431,0.302869127130412,0.296006914761259,0.254108759679802,0.210360301592275,0.168745733831007
944,0.578526502286961,0.350225945404854,0.258711437790672,0.259638241659144,0.204454144375473,0.192088479379025
828,0.604311860230174,0.218876016213984,0.227823271636467,0.232023448734304,0.146237238572002,0.191439626593958
772,0.653774177471793,0.271855157449252,0.223704949036996,0.240653643199231,0.140279459933373,0.181025063276694
826,0.655534316836593,0.257786672914962,0.248659484023583,0.23977753355553,0.140279459933373,0.167291481291287
742,0.62555609967103,0.238904240888872,0.284329312589461,0.228656878414890,0.166814026627726,0.178742307944130
818,0.645848781067736,0.289179343702615,0.222891426963376,0.264301525715948,0.140279459933373,0.203733362812729
725,0.623788627185174,0.231177046607856,0.208860644258667,0.223704949036996,0.140279459933373,0.179307075461499
359,0.513753336846181,0.215727826366646,0.213405068833102,0.222081350052879,0.190154027575454,0.165403320798019
714,0.632621179272578,0.262430509724191,0.232872971194181,0.300905518027404,0.198798498578782,0.140279459933373
286,0.448298759169222,0.177071557205383,0.190794809258731,0.203016510694019,0.155233599845476,0.154470991130581
802,0.660812526368302,0.232872971194181,0.228656878414890,0.266179795115631,0.160502026996677,0.173309128978783
798,0.638797087949753,0.224521889216861,0.247759640188542,0.220471637257467,0.159237162188545,0.164940248736627
861,0.631738455286738,0.245967461561916,0.194724220966719,0.277585234113443,0.140279459933373,0.155233599845476
745,0.624672424998259,0.248659484023583,0.210360301592275,0.289179343702615,0.155233599845476,0.174364837136968
777,0.653774177471793,0.235439936165745,0.226992939983781,0.238904240888872,0.179875784505171,0.153720720340875
799,0.57763477259731,0.326539995183568,0.327528205863718,0.253194757033311,0.196066256873814,0.161362102255135
792,0.62555609967103,0.254108759679802,0.242414171861771,0.205178843545358,0.196743303664015,0.162235816543637
982,0.636150937944643,0.289179343702615,0.270905253648299,0.227823271636467,0.238904240888872,0.163123316426449
796,0.649372161207369,0.238904240888872,0.269010148553487,0.245075200706715,0.158822198286243,0.141873944585676
698,0.605198627992826,0.254108759679802,0.234581247743386,0.231177046607856,0.175435913518267,0.147178535004063
972,0.636150937944643,0.251373586915138,0.244185541162083,0.238033800236652,0.183967824035887,0.196743303664015
751,0.599875784998553,0.238033800236652,0.252283020211930,0.203016510694019,0.164940248736627,0.140279459933373
711,0.596324170558622,0.251373586915138,0.246862287018223,0.186394027664835,0.177071557205383,0.173309128978783
701,0.61405843859737,0.312714190948075,0.286266334773665,0.276626749501763,0.179875784505171,0.161797245314680
216,0.606971725447777,0.184568357977156,0.185172899926102,0.337407372460796,0.350225945404854,0.201594638931909
782,0.656414246618719,0.328516409471957,0.315674182764382,0.307786743279463,0.200188610986799,0.179875784505171
699,0.609630293401202,0.214175622695954,0.218876016213984,0.237166246337142,0.146862120354825,0.168745733831007
437,0.679262118185675,0.286266334773665,0.273759486818862,0.282396577544332,0.205907447843523,0.140279459933373
704,0.618483198986599,0.232872971194181,0.238033800236652,0.255943411389996,0.152618104976752,0.190794809258731
657,0.627323083479833,0.275669606701894,0.216509434133377,0.280468392646033,0.182778757451073,0.140279459933373
827,0.600763302119727,0.241532534498303,0.254108759679802,0.222891426963376,0.146237238572002,0.156008702799071
745,0.640560644506718,0.255024990396885,0.208116557082828,0.244185541162083,0.161362102255135,0.164024746412181
909,0.647610671197383,0.387353706987488,0.375697185802696,0.378617765257579,0.249561781327291,0.186394027664835
722,0.601650667029677,0.205178843545358,0.233725581744281,0.200188610986799,0.169733635746363,0.140279459933373
983,0.623788627185174,0.322587416871138,0.287236372741756,0.322587416871138,0.182190212262849,0.199491561253654
849,0.617598511353537,0.232872971194181,0.250466494772263,0.275669606701894,0.152982630801945,0.148801114525785
712,0.628206394540431,0.248659484023583,0.275669606701894,0.203733362812729,0.157597013980819,0.173835068385563
842,0.668723907006677,0.277585234113443,0.26806502014066,0.173309128978783,0.211875157547888,0.162235816543637
808,0.626439652176295,0.251373586915138,0.241532534498303,0.228656878414890,0.148143904307162,0.156796455796649
730,0.633503788623644,0.301887051542692,0.249561781327291,0.307786743279463,0.145319498566922,0.149133866930996
693,0.615828741507218,0.236301613614802,0.266179795115631,0.173309128978783,0.181605650010004,0.167291481291287
782,0.656414246618719,0.331480818156256,0.285297304030371,0.275669606701894,0.211875157547888,0.160930368981928
822,0.58209159090975,0.226165913043895,0.207376318697083,0.259638241659144,0.196066256873814,0.182778757451073
734,0.621136485069615,0.270905253648299,0.255024990396885,0.266179795115631,0.154470991130581,0.164480729737195
287,0.622904705251892,0.168745733831007,0.140279459933373,0.588323660284695,0.635268667058686,0.481729856995562
684,0.596324170558622,0.215727826366646,0.243298519444439,0.231177046607856,0.156008702799071,0.140279459933373
827,0.622020658211421,0.262430509724191,0.240653643199231,0.196743303664015,0.155233599845476,0.151189670120080
150,0.430419611243593,0.140279459933373,0.173835068385563,0.193398287644562,0.140279459933373,0.152982630801945
394,0.562445761046978,0.203733362812729,0.226165913043895,0.196066256873814,0.200188610986799,0.173309128978783
216,0.466011361565902,0.178181472416481,0.165403320798019,0.211115838461421,0.152618104976752,0.16357228121085
941,0.652893966371437,0.267121556704060,0.224521889216861,0.262430509724191,0.164024746412181,0.173309128978783
869,0.627323083479833,0.256863984839407,0.245075200706715,0.222891426963376,0.165403320798019,0.204454144375473
924,0.643205181411445,0.311728055196152,0.279506090033501,0.269010148553487,0.232872971194181,0.202303599215116
766,0.641442262346675,0.255943411389996,0.211875157547888,0.26336509235663,0.192741366843982,0.156400988328558
775,0.627323083479833,0.26806502014066,0.259638241659144,0.205178843545358,0.187631241909896,0.141333283747465
869,0.644086484322101,0.232023448734304,0.264301525715948,0.254108759679802,0.158410531669826,0.140279459933373
694,0.615828741507218,0.243298519444439,0.234581247743386,0.273759486818862,0.16634019279706,0.140279459933373
728,0.598100289370352,0.250466494772263,0.218876016213984,0.238904240888872,0.149807763529887,0.168745733831007
858,0.604311860230174,0.229493730258852,0.211875157547888,0.258711437790672,0.153350162717428,0.208116557082828
789,0.660812526368302,0.262430509724191,0.266179795115631,0.224521889216861,0.177624558944457,0.142702524367706
778,0.587433883900336,0.208116557082828,0.222891426963376,0.233725581744281,0.159237162188545,0.179307075461499
934,0.627323083479833,0.257786672914962,0.267121556704060,0.222081350052879,0.198109430350217,0.155619579790919
858,0.638797087949753,0.228656878414890,0.225342219919308,0.306802338059224,0.152982630801945,0.140279459933373
725,0.621136485069615,0.237166246337142,0.259638241659144,0.185172899926102,0.149133866930996,0.175977245746161
668,0.596324170558622,0.324563618926047,0.274713840722163,0.336419918223748,0.157195124574254,0.164024746412181
894,0.640560644506718,0.33543232376894,0.322587416871138,0.278545025785751,0.235439936165745,0.203733362812729
740,0.638797087949753,0.211115838461421,0.261497815323131,0.280468392646033,0.140279459933373,0.151542367809210
711,0.638797087949753,0.231177046607856,0.257786672914962,0.148801114525785,0.177624558944457,0.150839880430613
177,0.510114381882143,0.158822198286243,0.188255890082703,0.200889639762023,0.146862120354825,0.159655442358187
750,0.615828741507218,0.253194757033311,0.23033379664679,0.247759640188542,0.150148946700048,0.153720720340875
716,0.615828741507218,0.242414171861771,0.210360301592275,0.255024990396885,0.143840891542185,0.140279459933373
732,0.61494365721071,0.211875157547888,0.267121556704060,0.213405068833102,0.173835068385563,0.179307075461499
463,0.500080663267207,0.206639944148685,0.165869963138432,0.154850743467635,0.150839880430613,0.170736402643872
814,0.622904705251892,0.264301525715948,0.274713840722163,0.226165913043895,0.196743303664015,0.194724220966719
791,0.652893966371437,0.269010148553487,0.238033800236652,0.200889639762023,0.197424363331222,0.156796455796649
318,0.438910260048710,0.145018731380577,0.168257318749387,0.228656878414890,0.140279459933373,0.142423961905656
755,0.652893966371437,0.253194757033311,0.224521889216861,0.297964434643167,0.157597013980819,0.174898448025698
899,0.656414246618719,0.255943411389996,0.261497815323131,0.232872971194181,0.195393227873188,0.168257318749387
792,0.627323083479833,0.242414171861771,0.188884569174318,0.292100571713878,0.169237834303805,0.170233153496669
167,0.507381840049532,0.140279459933373,0.158410531669826,0.198798498578782,0.151189670120080,0.170736402643872
358,0.419036311953547,0.140279459933373,0.208116557082828,0.180448444205294,0.156796455796649,0.140279459933373
609,0.591881082994116,0.281431899695417,0.286266334773665,0.232023448734304,0.208116557082828,0.197424363331222
563,0.66608754581422,0.328516409471957,0.307786743279463,0.284329312589461,0.222891426963376,0.140279459933373
171,0.493674279807102,0.140279459933373,0.196743303664015,0.158410531669826,0.157195124574254,0.140279459933373
691,0.598988114480156,0.241532534498303,0.269010148553487,0.175435913518267,0.159655442358187,0.147497624383717
728,0.629089586309926,0.246862287018223,0.245075200706715,0.200188610986799,0.185781454960399,0.140279459933373
871,0.636150937944643,0.228656878414890,0.245967461561916,0.275669606701894,0.153350162717428,0.149469410107982
804,0.644086484322101,0.226165913043895,0.190794809258731,0.243298519444439,0.140279459933373,0.146862120354825
826,0.604311860230174,0.254108759679802,0.281431899695417,0.159655442358187,0.154850743467635,0.140279459933373
919,0.628206394540431,0.272806580486754,0.241532534498303,0.245967461561916,0.167291481291287,0.178181472416481
151,0.434198112267997,0.140279459933373,0.168745733831007,0.208860644258667,0.140279459933373,0.182190212262849
658,0.574065981658382,0.205907447843523,0.186394027664835,0.215727826366646,0.140279459933373,0.188884569174318
671,0.649372161207369,0.260567046745838,0.258711437790672,0.240653643199231,0.182778757451073,0.159237162188545
814,0.622020658211421,0.269010148553487,0.258711437790672,0.23033379664679,0.151542367809210,0.140279459933373
729,0.619367756469412,0.23033379664679,0.218876016213984,0.207376318697083,0.141602453589765,0.147178535004063
732,0.610516199655431,0.254108759679802,0.222891426963376,0.213405068833102,0.16357228121085,0.199491561253654
791,0.654654294039608,0.247759640188542,0.229493730258852,0.235439936165745,0.16634019279706,0.161362102255135
798,0.62555609967103,0.23033379664679,0.250466494772263,0.187631241909896,0.178181472416481,0.180448444205294
709,0.642323774366231,0.262430509724191,0.238904240888872,0.260567046745838,0.168257318749387,0.164940248736627
346,0.456708871220304,0.175977245746161,0.141333283747465,0.205907447843523,0.146548361254107,0.140279459933373
804,0.63703309779987,0.235439936165745,0.196066256873814,0.281431899695417,0.164480729737195,0.160930368981928
697,0.617598511353537,0.271855157449252,0.254108759679802,0.279506090033501,0.199491561253654,0.149469410107982
753,0.591881082994116,0.225342219919308,0.240653643199231,0.233725581744281,0.197424363331222,0.140279459933373
696,0.593658802575914,0.277585234113443,0.226165913043895,0.280468392646033,0.151189670120080,0.143840891542185
654,0.618483198986599,0.237166246337142,0.255024990396885,0.245967461561916,0.16634019279706,0.148471133452426
739,0.611401966215199,0.216509434133377,0.253194757033311,0.255943411389996,0.177071557205383,0.175977245746161
553,0.645848781067736,0.217294683481912,0.203016510694019,0.232872971194181,0.147497624383717,0.165869963138432
716,0.605198627992826,0.23977753355553,0.235439936165745,0.221274744825972,0.179307075461499,0.179875784505171
766,0.629972659733243,0.258711437790672,0.225342219919308,0.228656878414890,0.176522456496951,0.165869963138432
798,0.633503788623644,0.23033379664679,0.238904240888872,0.222081350052879,0.180448444205294,0.170233153496669
961,0.695926026550246,0.351210191887716,0.327528205863718,0.354161056920203,0.222891426963376,0.200188610986799
855,0.605198627992826,0.246862287018223,0.292100571713878,0.23033379664679,0.204454144375473,0.205178843545358
443,0.715192462883039,0.269010148553487,0.202303599215116,0.410450927071570,0.427580548847338,0.246862287018223
398,0.438910260048710,0.177071557205383,0.213405068833102,0.165403320798019,0.158410531669826,0.140279459933373
749,0.603424944919196,0.248659484023583,0.183371292540019,0.250466494772263,0.193398287644562,0.168257318749387
165,0.476195411202944,0.142147774681471,0.179875784505171,0.163123316426449,0.140279459933373,0.140279459933373
856,0.626439652176295,0.23033379664679,0.23033379664679,0.238033800236652,0.150492979148870,0.159237162188545
354,0.438910260048710,0.185172899926102,0.188884569174318,0.210360301592275,0.152618104976752,0.151189670120080
218,0.428527399760189,0.141602453589765,0.194059239855938,0.174898448025698,0.158002143279100,0.163123316426449
722,0.628206394540431,0.240653643199231,0.23977753355553,0.205178843545358,0.183371292540019,0.166814026627726
772,0.630855615748439,0.245075200706715,0.264301525715948,0.274713840722163,0.158822198286243,0.167291481291287
795,0.654654294039608,0.300905518027404,0.282396577544332,0.291125967010989,0.154850743467635,0.147178535004063
723,0.613173084606865,0.244185541162083,0.198798498578782,0.264301525715948,0.159655442358187,0.162235816543637
931,0.668723907006677,0.469720411442728,0.468793774829766,0.478041795094857,0.388321919900050,0.36005360357005
171,0.489087655334828,0.140279459933373,0.192088479379025,0.162677834203278,0.140279459933373,0.157597013980819
816,0.650252758171119,0.245075200706715,0.254108759679802,0.246862287018223,0.149469410107982,0.189517281185082
723,0.629089586309926,0.297964434643167,0.284329312589461,0.305818349289740,0.169733635746363,0.183967824035887
335,0.426633199381427,0.140279459933373,0.173835068385563,0.197424363331222,0.140279459933373,0.147178535004063
755,0.632621179272578,0.294052217151829,0.243298519444439,0.266179795115631,0.221274744825972,0.211115838461421
804,0.629972659733243,0.262430509724191,0.244185541162083,0.238904240888872,0.177071557205383,0.151189670120080
749,0.635268667058686,0.254108759679802,0.200188610986799,0.232023448734304,0.157195124574254,0.170233153496669
698,0.620252184825136,0.208116557082828,0.199491561253654,0.205178843545358,0.188884569174318,0.151897993103576
821,0.617598511353537,0.242414171861771,0.241532534498303,0.232023448734304,0.16357228121085,0.178742307944130
724,0.623788627185174,0.238033800236652,0.222891426963376,0.223704949036996,0.178742307944130,0.16357228121085
587,0.59099197716754,0.228656878414890,0.232023448734304,0.191439626593958,0.161797245314680,0.146237238572002
917,0.656414246618719,0.277585234113443,0.275669606701894,0.274713840722163,0.161362102255135,0.140279459933373
623,0.573173308757861,0.214175622695954,0.232872971194181,0.195393227873188,0.170736402643872,0.196066256873814
773,0.600763302119727,0.257786672914962,0.210360301592275,0.253194757033311,0.157195124574254,0.154094323280450
999,0.657294084136253,0.285297304030371,0.288207386188063,0.302869127130412,0.150148946700048,0.206639944148685
337,0.455776216619560,0.172787005806565,0.204454144375473,0.187010622123131,0.152256565618780,0.150492979148870
747,0.629972659733243,0.267121556704060,0.257786672914962,0.223704949036996,0.165403320798019,0.150492979148870
171,0.527356424038935,0.164024746412181,0.151542367809210,0.206639944148685,0.172268685450245,0.174364837136968
282,0.440791745314472,0.184568357977156,0.188255890082703,0.223704949036996,0.150148946700048,0.140279459933373
712,0.631738455286738,0.240653643199231,0.209608564537159,0.252283020211930,0.145622826217966,0.169237834303805
157,0.45297556976512,0.140279459933373,0.168257318749387,0.179875784505171,0.158410531669826,0.140279459933373
740,0.639678919993987,0.241532534498303,0.258711437790672,0.278545025785751,0.146237238572002,0.152618104976752
712,0.598100289370352,0.236301613614802,0.232872971194181,0.243298519444439,0.154094323280450,0.140279459933373
980,0.654654294039608,0.276626749501763,0.257786672914962,0.254108759679802,0.140801836156987,0.185172899926102
742,0.639678919993987,0.243298519444439,0.245967461561916,0.286266334773665,0.157195124574254,0.140279459933373
838,0.662571212990782,0.298944182722262,0.269956905233921,0.259638241659144,0.154094323280450,0.16634019279706
947,0.65201365997105,0.258711437790672,0.250466494772263,0.262430509724191,0.183967824035887,0.206639944148685
778,0.63703309779987,0.238904240888872,0.217294683481912,0.279506090033501,0.167291481291287,0.161797245314680
913,0.598100289370352,0.319623752397046,0.255024990396885,0.294052217151829,0.23977753355553,0.186394027664835
764,0.644086484322101,0.23977753355553,0.246862287018223,0.26336509235663,0.161362102255135,0.140279459933373
655,0.615828741507218,0.210360301592275,0.214175622695954,0.226992939983781,0.142423961905656,0.156008702799071
778,0.618483198986599,0.275669606701894,0.245967461561916,0.255024990396885,0.182778757451073,0.214949882112267
848,0.65113325749733,0.284329312589461,0.305818349289740,0.266179795115631,0.180448444205294,0.143840891542185
218,0.588323660284695,0.140279459933373,0.157597013980819,0.198109430350217,0.177071557205383,0.149807763529887
634,0.59454741884471,0.194724220966719,0.215727826366646,0.243298519444439,0.140279459933373,0.154850743467635
686,0.585653817185493,0.348256569656263,0.332468835480985,0.260567046745838,0.201594638931909,0.187010622123131
787,0.641442262346675,0.274713840722163,0.241532534498303,0.242414171861771,0.164940248736627,0.208116557082828
834,0.604311860230174,0.244185541162083,0.231177046607856,0.219672052767678,0.156008702799071,0.200188610986799
846,0.603424944919196,0.349241401529061,0.334444602573969,0.269956905233921,0.224521889216861,0.149807763529887
621,0.626439652176295,0.237166246337142,0.197424363331222,0.259638241659144,0.140279459933373,0.140279459933373
168,0.512844066957349,0.140279459933373,0.197424363331222,0.140279459933373,0.140279459933373,0.182190212262849
770,0.584763524220902,0.255943411389996,0.271855157449252,0.273759486818862,0.218876016213984,0.140279459933373
676,0.590102705627282,0.255024990396885,0.192741366843982,0.294052217151829,0.150839880430613,0.140279459933373
345,0.420938564569721,0.167772573247934,0.156008702799071,0.204454144375473,0.148801114525785,0.140279459933373
147,0.430419611243593,0.140279459933373,0.177071557205383,0.157195124574254,0.145622826217966,0.152618104976752
658,0.585653817185493,0.246862287018223,0.248659484023583,0.227823271636467,0.162677834203278,0.140279459933373
770,0.605198627992826,0.234581247743386,0.200188610986799,0.259638241659144,0.171754154191287,0.162677834203278
766,0.661691913619881,0.269956905233921,0.212638240623736,0.273759486818862,0.171243398019944,0.140279459933373
720,0.63703309779987,0.227823271636467,0.223704949036996,0.23033379664679,0.161797245314680,0.185172899926102
809,0.613173084606865,0.307786743279463,0.303851718893881,0.303851718893881,0.198109430350217,0.145018731380577
806,0.647610671197383,0.256863984839407,0.214175622695954,0.259638241659144,0.157597013980819,0.172787005806565
666,0.589213267095234,0.278545025785751,0.245075200706715,0.276626749501763,0.144720505822661,0.179307075461499
808,0.602537880906253,0.250466494772263,0.224521889216861,0.218876016213984,0.162677834203278,0.140279459933373
393,0.474347434968947,0.173309128978783,0.140279459933373,0.233725581744281,0.140279459933373,0.192741366843982
868,0.629972659733243,0.253194757033311,0.255943411389996,0.245967461561916,0.140279459933373,0.140279459933373
757,0.608744246353995,0.232023448734304,0.244185541162083,0.245967461561916,0.164480729737195,0.147819407725247
1003,0.647610671197383,0.251373586915138,0.231177046607856,0.26806502014066,0.195393227873188,0.153350162717428
754,0.634386284250911,0.233725581744281,0.235439936165745,0.188884569174318,0.140279459933373,0.200188610986799
515,0.557070755717787,0.265239772398733,0.242414171861771,0.269010148553487,0.188884569174318,0.140279459933373
391,0.486331294331022,0.193398287644562,0.199491561253654,0.196066256873814,0.156400988328558,0.201594638931909
155,0.441731771836077,0.140279459933373,0.158002143279100,0.214175622695954,0.140279459933373,0.150839880430613
775,0.636150937944643,0.222891426963376,0.254108759679802,0.224521889216861,0.140279459933373,0.140279459933373
700,0.576742857104671,0.23977753355553,0.194724220966719,0.238033800236652,0.164480729737195,0.169237834303805
806,0.631738455286738,0.23977753355553,0.226165913043895,0.269010148553487,0.168745733831007,0.156400988328558
260,0.636150937944643,0.146548361254107,0.178742307944130,0.211875157547888,0.151542367809210,0.185781454960399
372,0.411406907527978,0.173309128978783,0.140279459933373,0.208860644258667,0.140279459933373,0.155619579790919
405,0.469720411442728,0.183371292540019,0.205907447843523,0.200889639762023,0.163123316426449,0.172787005806565
620,0.613173084606865,0.220471637257467,0.240653643199231,0.205178843545358,0.160930368981928,0.148143904307162
793,0.636150937944643,0.283362392853609,0.23977753355553,0.23033379664679,0.167291481291287,0.171754154191287
160,0.456708871220304,0.142147774681471,0.201594638931909,0.145018731380577,0.140279459933373,0.160930368981928
849,0.628206394540431,0.245967461561916,0.293075998312143,0.200188610986799,0.185172899926102,0.159237162188545
847,0.660812526368302,0.308771540986705,0.273759486818862,0.257786672914962,0.180448444205294,0.160930368981928
722,0.61494365721071,0.245075200706715,0.231177046607856,0.215727826366646,0.156796455796649,0.169733635746363
667,0.622020658211421,0.293075998312143,0.264301525715948,0.260567046745838,0.189517281185082,0.187010622123131
1021,0.677506525321988,0.383475920330798,0.338394673319409,0.307786743279463,0.225342219919308,0.180448444205294
843,0.637915147508898,0.288207386188063,0.259638241659144,0.248659484023583,0.166814026627726,0.185172899926102
670,0.641442262346675,0.235439936165745,0.240653643199231,0.269010148553487,0.152618104976752,0.181605650010004
379,0.453909567952752,0.181605650010004,0.172787005806565,0.189517281185082,0.165403320798019,0.140279459933373
251,0.489087655334828,0.192741366843982,0.181605650010004,0.195393227873188,0.140279459933373,0.144131604573628
723,0.62555609967103,0.23033379664679,0.235439936165745,0.211875157547888,0.140279459933373,0.140279459933373
901,0.617598511353537,0.313700605163659,0.302869127130412,0.260567046745838,0.183967824035887,0.158410531669826
205,0.388321919900050,0.160502026996677,0.169733635746363,0.220471637257467,0.155619579790919,0.160077057692081
456,0.616713692539713,0.313700605163659,0.279506090033501,0.247759640188542,0.212638240623736,0.174898448025698
157,0.462295554374572,0.140279459933373,0.140279459933373,0.247759640188542,0.140279459933373,0.143266847840142
724,0.627323083479833,0.251373586915138,0.231177046607856,0.232023448734304,0.158002143279100,0.176522456496951
755,0.638797087949753,0.274713840722163,0.245075200706715,0.251373586915138,0.192741366843982,0.165869963138432
856,0.597212308466731,0.327528205863718,0.291125967010989,0.285297304030371,0.16357228121085,0.140279459933373
890,0.634386284250911,0.285297304030371,0.283362392853609,0.296985336054750,0.203016510694019,0.195393227873188
698,0.572280442910804,0.318636108753548,0.287236372741756,0.238033800236652,0.156008702799071,0.190794809258731
781,0.618483198986599,0.254108759679802,0.196743303664015,0.289179343702615,0.179307075461499,0.189517281185082
670,0.627323083479833,0.198798498578782,0.259638241659144,0.176522456496951,0.143840891542185,0.140279459933373
742,0.634386284250911,0.235439936165745,0.222081350052879,0.234581247743386,0.169733635746363,0.150492979148870
761,0.634386284250911,0.236301613614802,0.211875157547888,0.241532534498303,0.147497624383717,0.164480729737195
442,0.452041119617036,0.176522456496951,0.173309128978783,0.233725581744281,0.140539522938054,0.156008702799071
317,0.445487145704544,0.169237834303805,0.189517281185082,0.217294683481912,0.144720505822661,0.157195124574254
961,0.686281552185454,0.283362392853609,0.249561781327291,0.222891426963376,0.167291481291287,0.164940248736627
741,0.643205181411445,0.269010148553487,0.245075200706715,0.216509434133377,0.171243398019944,0.174364837136968
306,0.438910260048710,0.174898448025698,0.140279459933373,0.234581247743386,0.157195124574254,0.154470991130581
171,0.623788627185174,0.211115838461421,0.244185541162083,0.188255890082703,0.182190212262849,0.16634019279706
652,0.604311860230174,0.291125967010989,0.224521889216861,0.376671178467619,0.358090854945044,0.233725581744281
684,0.61405843859737,0.244185541162083,0.205907447843523,0.208860644258667,0.149469410107982,0.140279459933373
701,0.628206394540431,0.243298519444439,0.179307075461499,0.270905253648299,0.170736402643872,0.165403320798019
411,0.600763302119727,0.280468392646033,0.300905518027404,0.184568357977156,0.211875157547888,0.186394027664835
706,0.627323083479833,0.236301613614802,0.165869963138432,0.240653643199231,0.140279459933373,0.167291481291287
912,0.589213267095234,0.302869127130412,0.26806502014066,0.254108759679802,0.211115838461421,0.151189670120080
754,0.659933050519219,0.278545025785751,0.280468392646033,0.272806580486754,0.179307075461499,0.140279459933373
395,0.444549008408857,0.177071557205383,0.193398287644562,0.222891426963376,0.145018731380577,0.177071557205383
756,0.650252758171119,0.26336509235663,0.240653643199231,0.275669606701894,0.178742307944130,0.220471637257467
711,0.730062251334779,0.306802338059224,0.294052217151829,0.296985336054750,0.197424363331222,0.147819407725247
789,0.599875784998553,0.274713840722163,0.253194757033311,0.250466494772263,0.187631241909896,0.140279459933373
684,0.606971725447777,0.226165913043895,0.267121556704060,0.193398287644562,0.178181472416481,0.152618104976752
807,0.611401966215199,0.222891426963376,0.241532534498303,0.242414171861771,0.175435913518267,0.140279459933373
898,0.621136485069615,0.251373586915138,0.220471637257467,0.227823271636467,0.158410531669826,0.140801836156987
737,0.616713692539713,0.265239772398733,0.247759640188542,0.23977753355553,0.172787005806565,0.158002143279100
547,0.624672424998259,0.246862287018223,0.247759640188542,0.249561781327291,0.156796455796649,0.140279459933373
819,0.602537880906253,0.26806502014066,0.248659484023583,0.257786672914962,0.140279459933373,0.140279459933373
652,0.621136485069615,0.247759640188542,0.233725581744281,0.205907447843523,0.140279459933373,0.140279459933373
805,0.581200590507501,0.359072414588444,0.310742219942023,0.368866547920421,0.226165913043895,0.225342219919308
744,0.61494365721071,0.258711437790672,0.183967824035887,0.256863984839407,0.169237834303805,0.140279459933373
804,0.644967683931748,0.342342090635241,0.308771540986705,0.314687276192053,0.235439936165745,0.205907447843523
730,0.618483198986599,0.259638241659144,0.179875784505171,0.244185541162083,0.146548361254107,0.182190212262849
325,0.437968797820157,0.170736402643872,0.206639944148685,0.192088479379025,0.140279459933373,0.140279459933373
690,0.602537880906253,0.177624558944457,0.219672052767678,0.237166246337142,0.140279459933373,0.140279459933373
736,0.629089586309926,0.232023448734304,0.188255890082703,0.261497815323131,0.181025063276694,0.170233153496669
1014,0.638797087949753,0.291125967010989,0.262430509724191,0.247759640188542,0.178742307944130,0.178181472416481
972,0.644967683931748,0.308771540986705,0.292100571713878,0.292100571713878,0.160930368981928,0.152256565618780
667,0.608744246353995,0.254108759679802,0.252283020211930,0.229493730258852,0.168745733831007,0.140279459933373
680,0.58209159090975,0.226165913043895,0.214175622695954,0.224521889216861,0.181025063276694,0.154094323280450
437,0.70643848072778,0.272806580486754,0.221274744825972,0.290152214217331,0.203016510694019,0.155619579790919
168,0.485411763012758,0.140279459933373,0.179307075461499,0.200188610986799,0.154470991130581,0.140279459933373
694,0.62555609967103,0.240653643199231,0.200889639762023,0.262430509724191,0.172787005806565,0.152256565618780
648,0.638797087949753,0.269956905233921,0.260567046745838,0.290152214217331,0.198798498578782,0.194059239855938
839,0.610516199655431,0.237166246337142,0.255943411389996,0.216509434133377,0.210360301592275,0.140279459933373
889,0.662571212990782,0.271855157449252,0.290152214217331,0.208860644258667,0.195393227873188,0.154094323280450
227,0.450170855356869,0.168257318749387,0.192741366843982,0.156008702799071,0.143840891542185,0.147178535004063
857,0.622020658211421,0.262430509724191,0.255943411389996,0.249561781327291,0.174364837136968,0.140279459933373
758,0.626439652176295,0.236301613614802,0.213405068833102,0.241532534498303,0.187010622123131,0.167772573247934
786,0.598988114480156,0.259638241659144,0.213405068833102,0.243298519444439,0.188255890082703,0.172787005806565
734,0.622020658211421,0.219672052767678,0.265239772398733,0.23977753355553,0.149807763529887,0.163123316426449
821,0.646729776551258,0.269956905233921,0.255943411389996,0.222891426963376,0.169237834303805,0.146548361254107
729,0.606971725447777,0.232023448734304,0.226992939983781,0.203016510694019,0.165403320798019,0.180448444205294
333,0.455776216619560,0.196743303664015,0.142147774681471,0.236301613614802,0.140279459933373,0.151542367809210
166,0.466939252082330,0.140279459933373,0.179875784505171,0.188884569174318,0.163123316426449,0.140279459933373
772,0.602537880906253,0.218083551882790,0.241532534498303,0.171754154191287,0.171754154191287,0.140279459933373
719,0.618483198986599,0.214175622695954,0.190794809258731,0.297964434643167,0.140279459933373,0.140539522938054
674,0.619367756469412,0.205178843545358,0.238904240888872,0.260567046745838,0.182190212262849,0.166814026627726
701,0.63703309779987,0.276626749501763,0.275669606701894,0.270905253648299,0.190154027575454,0.141333283747465
753,0.622904705251892,0.246862287018223,0.224521889216861,0.271855157449252,0.169733635746363,0.140279459933373
807,0.607858057407542,0.248659484023583,0.255024990396885,0.174898448025698,0.143552645462116,0.160077057692081
821,0.654654294039608,0.242414171861771,0.246862287018223,0.245967461561916,0.160502026996677,0.170233153496669
791,0.631738455286738,0.267121556704060,0.245967461561916,0.238904240888872,0.179307075461499,0.203016510694019
754,0.600763302119727,0.23033379664679,0.193398287644562,0.253194757033311,0.140279459933373,0.145018731380577
922,0.613173084606865,0.222891426963376,0.214175622695954,0.226992939983781,0.146237238572002,0.170736402643872
886,0.652893966371437,0.252283020211930,0.238904240888872,0.245075200706715,0.178742307944130,0.140279459933373
702,0.61405843859737,0.237166246337142,0.255024990396885,0.211115838461421,0.151897993103576,0.155233599845476
788,0.673994424070159,0.241532534498303,0.250466494772263,0.265239772398733,0.148143904307162,0.192088479379025
840,0.648491465815105,0.276626749501763,0.251373586915138,0.269010148553487,0.198109430350217,0.172787005806565
639,0.581200590507501,0.234581247743386,0.164024746412181,0.252283020211930,0.156008702799071,0.153350162717428
631,0.603424944919196,0.218083551882790,0.208116557082828,0.236301613614802,0.140279459933373,0.156008702799071
308,0.432309844864813,0.171243398019944,0.196743303664015,0.211115838461421,0.140279459933373,0.156008702799071
884,0.659933050519219,0.222081350052879,0.237166246337142,0.226992939983781,0.156008702799071,0.185172899926102
170,0.51920253600366,0.140279459933373,0.164480729737195,0.234581247743386,0.144424803121843,0.140279459933373
730,0.587433883900336,0.214175622695954,0.232872971194181,0.183371292540019,0.173835068385563,0.172268685450245
275,0.65201365997105,0.224521889216861,0.178181472416481,0.346286080835727,0.381534098529382,0.242414171861771
976,0.649372161207369,0.26336509235663,0.223704949036996,0.287236372741756,0.186394027664835,0.164480729737195
790,0.629972659733243,0.255024990396885,0.236301613614802,0.254108759679802,0.169237834303805,0.149133866930996
161,0.453909567952752,0.142702524367706,0.197424363331222,0.205907447843523,0.140279459933373,0.140279459933373
717,0.584763524220902,0.280468392646033,0.241532534498303,0.277585234113443,0.186394027664835,0.199491561253654
820,0.638797087949753,0.26806502014066,0.296006914761259,0.237166246337142,0.184568357977156,0.154850743467635
717,0.615828741507218,0.479886604427388,0.460435073421994,0.459504181093247,0.362014841934518,0.337407372460796
628,0.583873056414207,0.258711437790672,0.252283020211930,0.229493730258852,0.168257318749387,0.140279459933373
781,0.622904705251892,0.276626749501763,0.254108759679802,0.215727826366646,0.175435913518267,0.190794809258731
608,0.522829369551227,0.23977753355553,0.269010148553487,0.194724220966719,0.146548361254107,0.152618104976752
687,0.609630293401202,0.245075200706715,0.234581247743386,0.232872971194181,0.154850743467635,0.140279459933373
866,0.656414246618719,0.296006914761259,0.296006914761259,0.302869127130412,0.169733635746363,0.140279459933373
696,0.624672424998259,0.248659484023583,0.243298519444439,0.232872971194181,0.195393227873188,0.170736402643872
283,0.442671323317129,0.164480729737195,0.205178843545358,0.213405068833102,0.157597013980819,0.141873944585676
942,0.63703309779987,0.293075998312143,0.286266334773665,0.240653643199231,0.191439626593958,0.141066417195949
641,0.598100289370352,0.257786672914962,0.222081350052879,0.219672052767678,0.169733635746363,0.149807763529887
837,0.600763302119727,0.254108759679802,0.222891426963376,0.285297304030371,0.140279459933373,0.158002143279100
756,0.637915147508898,0.264301525715948,0.251373586915138,0.196066256873814,0.179875784505171,0.154850743467635
205,0.585653817185493,0.149469410107982,0.186394027664835,0.197424363331222,0.141066417195949,0.140279459933373
732,0.62555609967103,0.209608564537159,0.26336509235663,0.218083551882790,0.147497624383717,0.175435913518267
765,0.653774177471793,0.245075200706715,0.245967461561916,0.223704949036996,0.181025063276694,0.16634019279706
712,0.613173084606865,0.260567046745838,0.193398287644562,0.220471637257467,0.194059239855938,0.140279459933373
372,0.433254223593108,0.165869963138432,0.185781454960399,0.168745733831007,0.170233153496669,0.140539522938054
795,0.6678452031824,0.280468392646033,0.238904240888872,0.269956905233921,0.187631241909896,0.226165913043895
351,0.458572851358513,0.187010622123131,0.219672052767678,0.194059239855938,0.140279459933373,0.156796455796649
236,0.677506525321988,0.244185541162083,0.225342219919308,0.359072414588444,0.37179664134119,0.256863984839407
622,0.643205181411445,0.253194757033311,0.26336509235663,0.222081350052879,0.179307075461499,0.203016510694019
855,0.631738455286738,0.26806502014066,0.250466494772263,0.232872971194181,0.226992939983781,0.240653643199231
847,0.63703309779987,0.262430509724191,0.245075200706715,0.250466494772263,0.161797245314680,0.140279459933373
791,0.641442262346675,0.290152214217331,0.294052217151829,0.227823271636467,0.211875157547888,0.178742307944130
689,0.615828741507218,0.272806580486754,0.269956905233921,0.226992939983781,0.179875784505171,0.195393227873188
812,0.631738455286738,0.236301613614802,0.255943411389996,0.222891426963376,0.158410531669826,0.140539522938054
714,0.598988114480156,0.222081350052879,0.270905253648299,0.189517281185082,0.192741366843982,0.194724220966719
844,0.628206394540431,0.260567046745838,0.228656878414890,0.240653643199231,0.173309128978783,0.208116557082828
754,0.633503788623644,0.237166246337142,0.285297304030371,0.201594638931909,0.140279459933373,0.161362102255135
656,0.591881082994116,0.200188610986799,0.220471637257467,0.187010622123131,0.174364837136968,0.170233153496669
164,0.487250452013843,0.140279459933373,0.150839880430613,0.218876016213984,0.140279459933373,0.146548361254107
720,0.61405843859737,0.259638241659144,0.237166246337142,0.284329312589461,0.177624558944457,0.182778757451073
405,0.444549008408857,0.188884569174318,0.178181472416481,0.204454144375473,0.154850743467635,0.140279459933373
753,0.650252758171119,0.26806502014066,0.261497815323131,0.232023448734304,0.160930368981928,0.140279459933373
375,0.439851241970584,0.177071557205383,0.172268685450245,0.222891426963376,0.160502026996677,0.140279459933373
165,0.499166505254691,0.140279459933373,0.174364837136968,0.218083551882790,0.159237162188545,0.186394027664835
758,0.616713692539713,0.270905253648299,0.226165913043895,0.218876016213984,0.192741366843982,0.142702524367706
782,0.598988114480156,0.253194757033311,0.212638240623736,0.222891426963376,0.170736402643872,0.196066256873814
785,0.618483198986599,0.234581247743386,0.272806580486754,0.144131604573628,0.145018731380577,0.140279459933373
823,0.664329550930648,0.229493730258852,0.256863984839407,0.222081350052879,0.183967824035887,0.140279459933373
822,0.608744246353995,0.255024990396885,0.270905253648299,0.155233599845476,0.165403320798019,0.147178535004063
883,0.611401966215199,0.322587416871138,0.313700605163659,0.301887051542692,0.207376318697083,0.140279459933373
830,0.639678919993987,0.26336509235663,0.204454144375473,0.273759486818862,0.193398287644562,0.140279459933373
639,0.61494365721071,0.228656878414890,0.214949882112267,0.241532534498303,0.167772573247934,0.160077057692081
739,0.630855615748439,0.286266334773665,0.245075200706715,0.310742219942023,0.167291481291287,0.184568357977156
616,0.572280442910804,0.175435913518267,0.211875157547888,0.232872971194181,0.140279459933373,0.174364837136968
908,0.619367756469412,0.255943411389996,0.169237834303805,0.294052217151829,0.140801836156987,0.146237238572002
318,0.431364974573073,0.188255890082703,0.221274744825972,0.179307075461499,0.140279459933373,0.157597013980819
376,0.428527399760189,0.174898448025698,0.179307075461499,0.181605650010004,0.140279459933373,0.182778757451073
898,0.616713692539713,0.264301525715948,0.255943411389996,0.224521889216861,0.191439626593958,0.155619579790919
751,0.644086484322101,0.269010148553487,0.196066256873814,0.261497815323131,0.168257318749387,0.16634019279706
196,0.471572446139952,0.187631241909896,0.153350162717428,0.233725581744281,0.140279459933373,0.143266847840142
833,0.662571212990782,0.283362392853609,0.300905518027404,0.248659484023583,0.198798498578782,0.218876016213984
897,0.665208590906176,0.279506090033501,0.253194757033311,0.257786672914962,0.198798498578782,0.157597013980819
651,0.613173084606865,0.269010148553487,0.255943411389996,0.252283020211930,0.175435913518267,0.162235816543637
917,0.606971725447777,0.26806502014066,0.276626749501763,0.251373586915138,0.183967824035887,0.143266847840142
719,0.619367756469412,0.245967461561916,0.228656878414890,0.249561781327291,0.167291481291287,0.166814026627726
737,0.581200590507501,0.244185541162083,0.198798498578782,0.253194757033311,0.140279459933373,0.145018731380577
772,0.629089586309926,0.214949882112267,0.227823271636467,0.251373586915138,0.140279459933373,0.215727826366646
753,0.601650667029677,0.250466494772263,0.222891426963376,0.245075200706715,0.152618104976752,0.197424363331222
962,0.610516199655431,0.233725581744281,0.219672052767678,0.262430509724191,0.158822198286243,0.150492979148870
700,0.59454741884471,0.229493730258852,0.246862287018223,0.180448444205294,0.160930368981928,0.144131604573628
613,0.598988114480156,0.317648619366148,0.304834801321944,0.280468392646033,0.208116557082828,0.173835068385563
734,0.628206394540431,0.234581247743386,0.209608564537159,0.231177046607856,0.183967824035887,0.140279459933373
323,0.422838791105066,0.167291481291287,0.179307075461499,0.211115838461421,0.140279459933373,0.140279459933373
149,0.403744670601839,0.140279459933373,0.182190212262849,0.178742307944130,0.140279459933373,0.192741366843982
836,0.653774177471793,0.269010148553487,0.233725581744281,0.277585234113443,0.16634019279706,0.147819407725247
749,0.640560644506718,0.266179795115631,0.235439936165745,0.281431899695417,0.16634019279706,0.144720505822661
760,0.628206394540431,0.228656878414890,0.243298519444439,0.222891426963376,0.186394027664835,0.172268685450245
905,0.615828741507218,0.358090854945044,0.353177756395209,0.244185541162083,0.211875157547888,0.197424363331222
753,0.644086484322101,0.219672052767678,0.235439936165745,0.245075200706715,0.140279459933373,0.154470991130581
854,0.58209159090975,0.303851718893881,0.246862287018223,0.298944182722262,0.207376318697083,0.145928733232941
691,0.597212308466731,0.208116557082828,0.218083551882790,0.206639944148685,0.154094323280450,0.160502026996677
340,0.460435073421994,0.188884569174318,0.181025063276694,0.204454144375473,0.160502026996677,0.171243398019944
846,0.636150937944643,0.238033800236652,0.255943411389996,0.257786672914962,0.172268685450245,0.177624558944457
712,0.643205181411445,0.286266334773665,0.253194757033311,0.243298519444439,0.177624558944457,0.142147774681471
910,0.670481068306923,0.296006914761259,0.271855157449252,0.276626749501763,0.184568357977156,0.172787005806565
570,0.572280442910804,0.32159942528535,0.277585234113443,0.262430509724191,0.206639944148685,0.174364837136968
805,0.607858057407542,0.280468392646033,0.245075200706715,0.265239772398733,0.177071557205383,0.158410531669826
760,0.611401966215199,0.280468392646033,0.274713840722163,0.208116557082828,0.189517281185082,0.184568357977156
736,0.600763302119727,0.224521889216861,0.169733635746363,0.218876016213984,0.140279459933373,0.148143904307162
732,0.599875784998553,0.223704949036996,0.226992939983781,0.225342219919308,0.181025063276694,0.159237162188545
713,0.597212308466731,0.227823271636467,0.244185541162083,0.238904240888872,0.178181472416481,0.151897993103576
339,0.416179118323367,0.171243398019944,0.173835068385563,0.195393227873188,0.140279459933373,0.185172899926102
418,0.465083048709257,0.181605650010004,0.181025063276694,0.183967824035887,0.154470991130581,0.167772573247934
758,0.638797087949753,0.257786672914962,0.198798498578782,0.269010148553487,0.142423961905656,0.160930368981928
165,0.473422844172892,0.140279459933373,0.188255890082703,0.153350162717428,0.150839880430613,0.155619579790919
780,0.624672424998259,0.226165913043895,0.265239772398733,0.197424363331222,0.140279459933373,0.141873944585676
347,0.566919113760625,0.207376318697083,0.220471637257467,0.222891426963376,0.157597013980819,0.205907447843523
756,0.61405843859737,0.208860644258667,0.276626749501763,0.140279459933373,0.172268685450245,0.16634019279706
695,0.617598511353537,0.229493730258852,0.248659484023583,0.161797245314680,0.192741366843982,0.156400988328558
721,0.613173084606865,0.265239772398733,0.220471637257467,0.26806502014066,0.189517281185082,0.140801836156987
592,0.637915147508898,0.26336509235663,0.248659484023583,0.255943411389996,0.193398287644562,0.173835068385563
785,0.606971725447777,0.23977753355553,0.238904240888872,0.233725581744281,0.140279459933373,0.147497624383717
718,0.615828741507218,0.235439936165745,0.221274744825972,0.242414171861771,0.163123316426449,0.140279459933373
805,0.61405843859737,0.255024990396885,0.175435913518267,0.287236372741756,0.176522456496951,0.160502026996677
734,0.592770024376564,0.218083551882790,0.208860644258667,0.247759640188542,0.150839880430613,0.149807763529887
1022,0.646729776551258,0.373747820375976,0.308771540986705,0.319623752397046,0.235439936165745,0.156400988328558
819,0.599875784998553,0.241532534498303,0.248659484023583,0.261497815323131,0.173835068385563,0.151189670120080
825,0.647610671197383,0.271855157449252,0.228656878414890,0.253194757033311,0.147819407725247,0.147819407725247
766,0.592770024376564,0.232023448734304,0.208860644258667,0.23977753355553,0.162235816543637,0.167291481291287
820,0.630855615748439,0.326539995183568,0.276626749501763,0.307786743279463,0.208860644258667,0.205178843545358
784,0.632621179272578,0.304834801321944,0.275669606701894,0.322587416871138,0.140539522938054,0.208116557082828
335,0.643205181411445,0.237166246337142,0.200188610986799,0.340368763820501,0.381534098529382,0.266179795115631
785,0.612287594171303,0.237166246337142,0.225342219919308,0.302869127130412,0.140279459933373,0.182778757451073
759,0.609630293401202,0.319623752397046,0.303851718893881,0.294052217151829,0.208116557082828,0.155619579790919
729,0.654654294039608,0.253194757033311,0.240653643199231,0.207376318697083,0.175977245746161,0.172268685450245
697,0.598100289370352,0.232023448734304,0.231177046607856,0.200889639762023,0.174364837136968,0.169237834303805
725,0.617598511353537,0.244185541162083,0.199491561253654,0.252283020211930,0.154470991130581,0.167291481291287
835,0.633503788623644,0.266179795115631,0.246862287018223,0.232872971194181,0.140279459933373,0.157195124574254
508,0.484491855840873,0.357108931824631,0.311728055196152,0.349241401529061,0.222081350052879,0.267121556704060
811,0.621136485069615,0.234581247743386,0.235439936165745,0.259638241659144,0.158410531669826,0.170736402643872
771,0.637915147508898,0.264301525715948,0.253194757033311,0.241532534498303,0.154094323280450,0.194059239855938
848,0.652893966371437,0.276626749501763,0.242414171861771,0.197424363331222,0.183967824035887,0.177624558944457
682,0.600763302119727,0.231177046607856,0.245075200706715,0.225342219919308,0.194724220966719,0.185172899926102
746,0.626439652176295,0.229493730258852,0.234581247743386,0.241532534498303,0.140279459933373,0.159655442358187
704,0.610516199655431,0.200188610986799,0.216509434133377,0.224521889216861,0.177071557205383,0.191439626593958
561,0.568707020795868,0.255024990396885,0.203016510694019,0.262430509724191,0.140279459933373,0.140279459933373
757,0.595435874427052,0.23033379664679,0.241532534498303,0.228656878414890,0.158822198286243,0.145018731380577
577,0.615828741507218,0.211115838461421,0.215727826366646,0.231177046607856,0.152618104976752,0.151189670120080
835,0.61405843859737,0.246862287018223,0.255024990396885,0.261497815323131,0.148143904307162,0.200188610986799
809,0.664329550930648,0.26806502014066,0.248659484023583,0.216509434133377,0.194724220966719,0.140279459933373
386,0.410450927071570,0.166814026627726,0.233725581744281,0.177624558944457,0.140279459933373,0.145928733232941
689,0.61494365721071,0.255024990396885,0.26806502014066,0.270905253648299,0.183371292540019,0.192088479379025
358,0.466011361565902,0.196066256873814,0.156400988328558,0.190794809258731,0.145622826217966,0.168745733831007
728,0.632621179272578,0.261497815323131,0.277585234113443,0.207376318697083,0.190154027575454,0.140279459933373
313,0.457641082102348,0.161797245314680,0.149807763529887,0.185172899926102,0.140279459933373,0.140279459933373
723,0.622904705251892,0.287236372741756,0.266179795115631,0.262430509724191,0.192741366843982,0.170736402643872
858,0.606971725447777,0.279506090033501,0.262430509724191,0.222081350052879,0.192741366843982,0.165869963138432
779,0.629972659733243,0.23977753355553,0.251373586915138,0.212638240623736,0.140279459933373,0.146548361254107
852,0.635268667058686,0.258711437790672,0.255943411389996,0.236301613614802,0.207376318697083,0.140279459933373
852,0.635268667058686,0.275669606701894,0.261497815323131,0.291125967010989,0.172268685450245,0.141333283747465
747,0.606085249352797,0.220471637257467,0.219672052767678,0.219672052767678,0.157597013980819,0.140279459933373
362,0.72219179685515,0.274713840722163,0.147178535004063,0.40566331506169,0.433254223593108,0.231177046607856
359,0.438910260048710,0.185781454960399,0.217294683481912,0.165403320798019,0.142423961905656,0.170736402643872
185,0.564235724377818,0.140279459933373,0.181025063276694,0.187631241909896,0.142147774681471,0.165869963138432
795,0.612287594171303,0.232872971194181,0.205907447843523,0.226992939983781,0.164024746412181,0.162235816543637
787,0.637915147508898,0.23033379664679,0.233725581744281,0.255943411389996,0.152618104976752,0.140279459933373
909,0.656414246618719,0.247759640188542,0.245967461561916,0.291125967010989,0.140279459933373,0.140279459933373
863,0.628206394540431,0.299924552865763,0.286266334773665,0.26336509235663,0.211115838461421,0.145319498566922
390,0.430419611243593,0.165869963138432,0.150839880430613,0.221274744825972,0.146237238572002,0.148801114525785
686,0.624672424998259,0.245967461561916,0.245967461561916,0.249561781327291,0.181605650010004,0.140279459933373
861,0.630855615748439,0.26806502014066,0.292100571713878,0.216509434133377,0.168257318749387,0.152982630801945
397,0.693296511554413,0.247759640188542,0.188884569174318,0.422838791105066,0.450170855356869,0.299924552865763
722,0.600763302119727,0.222891426963376,0.191439626593958,0.236301613614802,0.154094323280450,0.182190212262849
269,0.431364974573073,0.178742307944130,0.166814026627726,0.205178843545358,0.142423961905656,0.147819407725247
180,0.554380296765044,0.145018731380577,0.171754154191287,0.201594638931909,0.140279459933373,0.142423961905656
647,0.650252758171119,0.292100571713878,0.303851718893881,0.241532534498303,0.220471637257467,0.141873944585676
645,0.584763524220902,0.238904240888872,0.190154027575454,0.218876016213984,0.140279459933373,0.216509434133377
686,0.558863289375474,0.270905253648299,0.240653643199231,0.206639944148685,0.169237834303805,0.168745733831007
933,0.659053485350326,0.26336509235663,0.277585234113443,0.245075200706715,0.174898448025698,0.177071557205383
455,0.71606756116802,0.261497815323131,0.227823271636467,0.258711437790672,0.159655442358187,0.177624558944457
804,0.644086484322101,0.224521889216861,0.23033379664679,0.271855157449252,0.140279459933373,0.167291481291287
769,0.610516199655431,0.261497815323131,0.292100571713878,0.156796455796649,0.185172899926102,0.200188610986799
809,0.636150937944643,0.236301613614802,0.271855157449252,0.215727826366646,0.140279459933373,0.145319498566922
776,0.593658802575914,0.213405068833102,0.223704949036996,0.237166246337142,0.183967824035887,0.175435913518267
789,0.606085249352797,0.238033800236652,0.238904240888872,0.180448444205294,0.198109430350217,0.152982630801945
381,0.443610401564419,0.194059239855938,0.208860644258667,0.191439626593958,0.140279459933373,0.182190212262849
770,0.620252184825136,0.267121556704060,0.23033379664679,0.279506090033501,0.219672052767678,0.208116557082828
716,0.599875784998553,0.248659484023583,0.209608564537159,0.232872971194181,0.159237162188545,0.145319498566922
800,0.622020658211421,0.235439936165745,0.242414171861771,0.219672052767678,0.181025063276694,0.140279459933373
369,0.446424815327873,0.170233153496669,0.185172899926102,0.175435913518267,0.140279459933373,0.140279459933373
798,0.626439652176295,0.251373586915138,0.189517281185082,0.251373586915138,0.140279459933373,0.140279459933373
535,0.58209159090975,0.238033800236652,0.201594638931909,0.269956905233921,0.154094323280450,0.152618104976752
732,0.609630293401202,0.257786672914962,0.26336509235663,0.23033379664679,0.189517281185082,0.208860644258667
825,0.629972659733243,0.274713840722163,0.294052217151829,0.301887051542692,0.158410531669826,0.193398287644562
532,0.595435874427052,0.207376318697083,0.232023448734304,0.219672052767678,0.149469410107982,0.163123316426449
634,0.600763302119727,0.227823271636467,0.195393227873188,0.266179795115631,0.152982630801945,0.150148946700048
836,0.665208590906176,0.272806580486754,0.281431899695417,0.237166246337142,0.164024746412181,0.173835068385563
693,0.619367756469412,0.262430509724191,0.227823271636467,0.232872971194181,0.177071557205383,0.208860644258667
232,0.604311860230174,0.156008702799071,0.160502026996677,0.212638240623736,0.140279459933373,0.140279459933373
703,0.623788627185174,0.248659484023583,0.256863984839407,0.225342219919308,0.171754154191287,0.172268685450245
729,0.609630293401202,0.203016510694019,0.210360301592275,0.237166246337142,0.161797245314680,0.142147774681471
713,0.618483198986599,0.214949882112267,0.236301613614802,0.199491561253654,0.152982630801945,0.188884569174318
727,0.639678919993987,0.287236372741756,0.242414171861771,0.282396577544332,0.162235816543637,0.181605650010004
723,0.617598511353537,0.243298519444439,0.274713840722163,0.154850743467635,0.145319498566922,0.141873944585676
859,0.607858057407542,0.255943411389996,0.253194757033311,0.241532534498303,0.172268685450245,0.161362102255135
820,0.628206394540431,0.274713840722163,0.255943411389996,0.241532534498303,0.181025063276694,0.196743303664015
743,0.613173084606865,0.251373586915138,0.23977753355553,0.225342219919308,0.174364837136968,0.141873944585676
797,0.605198627992826,0.269956905233921,0.203733362812729,0.253194757033311,0.143552645462116,0.160077057692081
595,0.566919113760625,0.253194757033311,0.197424363331222,0.280468392646033,0.152618104976752,0.140279459933373
341,0.430419611243593,0.181605650010004,0.200889639762023,0.160930368981928,0.152982630801945,0.173835068385563
264,0.428527399760189,0.178181472416481,0.223704949036996,0.148471133452426,0.142147774681471,0.162235816543637
353,0.465083048709257,0.194059239855938,0.23033379664679,0.204454144375473,0.164480729737195,0.140279459933373
488,0.506470348170507,0.175435913518267,0.214175622695954,0.231177046607856,0.147497624383717,0.153720720340875
725,0.623788627185174,0.232872971194181,0.200188610986799,0.254108759679802,0.141333283747465,0.151542367809210
409,0.448298759169222,0.198109430350217,0.181605650010004,0.206639944148685,0.141333283747465,0.167291481291287
705,0.644086484322101,0.271855157449252,0.200889639762023,0.222891426963376,0.171754154191287,0.140279459933373
766,0.611401966215199,0.218876016213984,0.266179795115631,0.200889639762023,0.147819407725247,0.153720720340875
716,0.645848781067736,0.319623752397046,0.277585234113443,0.307786743279463,0.185781454960399,0.158410531669826
939,0.655534316836593,0.287236372741756,0.264301525715948,0.247759640188542,0.168257318749387,0.158002143279100
763,0.634386284250911,0.245075200706715,0.269956905233921,0.205178843545358,0.140279459933373,0.143552645462116
732,0.591881082994116,0.218876016213984,0.195393227873188,0.222081350052879,0.162677834203278,0.150839880430613
1013,0.640560644506718,0.318636108753548,0.309756707604237,0.280468392646033,0.213405068833102,0.203016510694019
791,0.606971725447777,0.293075998312143,0.287236372741756,0.245967461561916,0.183967824035887,0.190794809258731
696,0.629972659733243,0.26336509235663,0.211115838461421,0.269010148553487,0.163123316426449,0.149469410107982
813,0.67838435938152,0.265239772398733,0.257786672914962,0.224521889216861,0.164024746412181,0.140279459933373
759,0.619367756469412,0.270905253648299,0.278545025785751,0.250466494772263,0.169733635746363,0.140279459933373
852,0.650252758171119,0.280468392646033,0.278545025785751,0.252283020211930,0.168745733831007,0.16634019279706
876,0.655534316836593,0.236301613614802,0.271855157449252,0.211875157547888,0.167291481291287,0.154470991130581
797,0.607858057407542,0.246862287018223,0.238904240888872,0.245967461561916,0.145319498566922,0.166814026627726
675,0.622904705251892,0.208116557082828,0.222891426963376,0.247759640188542,0.159655442358187,0.140279459933373
703,0.645848781067736,0.240653643199231,0.252283020211930,0.232872971194181,0.156796455796649,0.175435913518267
728,0.622904705251892,0.258711437790672,0.196066256873814,0.272806580486754,0.140279459933373,0.147497624383717
737,0.58209159090975,0.238904240888872,0.201594638931909,0.232872971194181,0.163123316426449,0.182778757451073
394,0.461365530470573,0.159237162188545,0.185781454960399,0.189517281185082,0.140279459933373,0.140279459933373
962,0.684527124733494,0.294052217151829,0.282396577544332,0.310742219942023,0.160930368981928,0.181605650010004
621,0.591881082994116,0.251373586915138,0.203733362812729,0.280468392646033,0.164024746412181,0.205178843545358
928,0.608744246353995,0.277585234113443,0.262430509724191,0.361034414931008,0.363974517009122,0.240653643199231
713,0.605198627992826,0.256863984839407,0.201594638931909,0.232023448734304,0.175435913518267,0.169237834303805
934,0.631738455286738,0.254108759679802,0.227823271636467,0.312714190948075,0.238904240888872,0.164480729737195
164,0.467866722440866,0.169733635746363,0.169733635746363,0.190154027575454,0.170736402643872,0.169733635746363
695,0.603424944919196,0.214949882112267,0.198798498578782,0.23977753355553,0.158002143279100,0.140279459933373
883,0.660812526368302,0.284329312589461,0.269956905233921,0.222891426963376,0.211875157547888,0.196066256873814
832,0.610516199655431,0.249561781327291,0.244185541162083,0.238033800236652,0.183371292540019,0.198109430350217
795,0.653774177471793,0.262430509724191,0.26336509235663,0.290152214217331,0.140279459933373,0.175977245746161
281,0.453909567952752,0.180448444205294,0.210360301592275,0.233725581744281,0.158002143279100,0.160502026996677
734,0.598100289370352,0.243298519444439,0.242414171861771,0.194724220966719,0.154850743467635,0.140279459933373
693,0.596324170558622,0.219672052767678,0.198109430350217,0.226992939983781,0.159237162188545,0.157195124574254
724,0.609630293401202,0.228656878414890,0.201594638931909,0.232872971194181,0.169237834303805,0.168257318749387
743,0.581200590507501,0.281431899695417,0.287236372741756,0.258711437790672,0.211115838461421,0.157195124574254
412,0.444549008408857,0.191439626593958,0.168257318749387,0.225342219919308,0.145928733232941,0.16634019279706
737,0.620252184825136,0.355144025044986,0.342342090635241,0.294052217151829,0.232023448734304,0.146548361254107
740,0.61494365721071,0.273759486818862,0.278545025785751,0.229493730258852,0.208860644258667,0.171754154191287
769,0.636150937944643,0.258711437790672,0.235439936165745,0.26336509235663,0.140279459933373,0.167291481291287
803,0.644086484322101,0.237166246337142,0.23033379664679,0.242414171861771,0.156008702799071,0.147497624383717
568,0.640560644506718,0.258711437790672,0.214949882112267,0.218083551882790,0.183967824035887,0.185781454960399
798,0.659933050519219,0.255943411389996,0.294052217151829,0.206639944148685,0.199491561253654,0.201594638931909
750,0.592770024376564,0.250466494772263,0.196743303664015,0.236301613614802,0.191439626593958,0.140279459933373
730,0.597212308466731,0.249561781327291,0.211875157547888,0.180448444205294,0.173835068385563,0.148471133452426
822,0.599875784998553,0.254108759679802,0.198109430350217,0.269956905233921,0.140279459933373,0.162235816543637
414,0.655534316836593,0.338394673319409,0.304834801321944,0.375697185802696,0.32950458986508,0.225342219919308
431,0.450170855356869,0.188255890082703,0.194724220966719,0.220471637257467,0.145319498566922,0.163123316426449
918,0.637915147508898,0.269956905233921,0.247759640188542,0.259638241659144,0.161797245314680,0.144720505822661
618,0.570494126543261,0.275669606701894,0.226165913043895,0.252283020211930,0.140279459933373,0.174364837136968
639,0.585653817185493,0.191439626593958,0.209608564537159,0.227823271636467,0.140279459933373,0.148143904307162
744,0.609630293401202,0.245075200706715,0.220471637257467,0.254108759679802,0.145319498566922,0.140279459933373
636,0.628206394540431,0.238033800236652,0.229493730258852,0.246862287018223,0.146237238572002,0.161797245314680
982,0.591881082994116,0.303851718893881,0.293075998312143,0.23033379664679,0.194724220966719,0.140279459933373
795,0.641442262346675,0.278545025785751,0.23033379664679,0.270905253648299,0.155233599845476,0.179875784505171
854,0.659933050519219,0.313700605163659,0.259638241659144,0.281431899695417,0.185172899926102,0.140279459933373
705,0.622904705251892,0.238904240888872,0.203016510694019,0.23033379664679,0.156796455796649,0.214949882112267
737,0.616713692539713,0.281431899695417,0.203733362812729,0.306802338059224,0.175435913518267,0.145928733232941
401,0.409494432911366,0.196743303664015,0.174364837136968,0.179307075461499,0.173309128978783,0.161797245314680
698,0.602537880906253,0.246862287018223,0.227823271636467,0.222081350052879,0.168745733831007,0.168257318749387
782,0.626439652176295,0.231177046607856,0.224521889216861,0.278545025785751,0.147178535004063,0.161797245314680
754,0.634386284250911,0.301887051542692,0.272806580486754,0.305818349289740,0.169237834303805,0.182190212262849
625,0.587433883900336,0.255024990396885,0.211115838461421,0.245075200706715,0.178742307944130,0.173309128978783
880,0.636150937944643,0.260567046745838,0.192741366843982,0.262430509724191,0.140279459933373,0.154470991130581
704,0.629089586309926,0.246862287018223,0.247759640188542,0.228656878414890,0.148143904307162,0.140801836156987
820,0.624672424998259,0.252283020211930,0.253194757033311,0.261497815323131,0.198798498578782,0.155233599845476
676,0.590102705627282,0.238904240888872,0.23033379664679,0.193398287644562,0.158002143279100,0.167772573247934
881,0.644967683931748,0.295029198942614,0.238904240888872,0.269010148553487,0.180448444205294,0.146237238572002
792,0.643205181411445,0.246862287018223,0.231177046607856,0.246862287018223,0.140279459933373,0.174898448025698
368,0.443610401564419,0.197424363331222,0.180448444205294,0.226165913043895,0.168257318749387,0.167772573247934
794,0.612287594171303,0.215727826366646,0.192741366843982,0.226992939983781,0.152256565618780,0.161362102255135
795,0.62555609967103,0.265239772398733,0.218083551882790,0.243298519444439,0.208116557082828,0.223704949036996
745,0.646729776551258,0.26336509235663,0.266179795115631,0.228656878414890,0.171243398019944,0.142423961905656
651,0.606971725447777,0.222081350052879,0.190794809258731,0.229493730258852,0.142423961905656,0.160077057692081
358,0.451106215483896,0.199491561253654,0.185172899926102,0.188884569174318,0.145018731380577,0.151897993103576
829,0.654654294039608,0.254108759679802,0.260567046745838,0.229493730258852,0.140279459933373,0.169733635746363
703,0.61405843859737,0.220471637257467,0.266179795115631,0.162677834203278,0.16634019279706,0.151189670120080
863,0.644967683931748,0.265239772398733,0.282396577544332,0.246862287018223,0.16357228121085,0.144720505822661
339,0.591881082994116,0.253194757033311,0.261497815323131,0.229493730258852,0.191439626593958,0.194724220966719
765,0.615828741507218,0.238033800236652,0.208860644258667,0.218876016213984,0.140279459933373,0.174364837136968
796,0.626439652176295,0.269010148553487,0.274713840722163,0.23033379664679,0.184568357977156,0.192741366843982
842,0.618483198986599,0.254108759679802,0.223704949036996,0.233725581744281,0.165869963138432,0.140279459933373
653,0.621136485069615,0.23033379664679,0.252283020211930,0.16634019279706,0.178181472416481,0.155233599845476
650,0.504646384858735,0.315674182764382,0.237166246337142,0.42188893060604,0.469720411442728,0.296985336054750
912,0.626439652176295,0.238033800236652,0.256863984839407,0.202303599215116,0.179875784505171,0.141333283747465
709,0.603424944919196,0.232872971194181,0.224521889216861,0.211875157547888,0.148471133452426,0.140279459933373
872,0.632621179272578,0.259638241659144,0.237166246337142,0.275669606701894,0.166814026627726,0.162677834203278
908,0.63703309779987,0.261497815323131,0.226992939983781,0.295029198942614,0.178181472416481,0.186394027664835
705,0.641442262346675,0.245967461561916,0.234581247743386,0.264301525715948,0.140279459933373,0.178742307944130
801,0.633503788623644,0.241532534498303,0.222081350052879,0.238033800236652,0.194059239855938,0.167291481291287
834,0.659053485350326,0.264301525715948,0.236301613614802,0.266179795115631,0.156796455796649,0.140279459933373
773,0.61494365721071,0.244185541162083,0.245967461561916,0.242414171861771,0.165869963138432,0.214175622695954
842,0.620252184825136,0.203016510694019,0.234581247743386,0.269010148553487,0.145319498566922,0.153350162717428
672,0.58030940985411,0.256863984839407,0.242414171861771,0.208860644258667,0.165869963138432,0.147497624383717
612,0.619367756469412,0.274713840722163,0.262430509724191,0.265239772398733,0.167772573247934,0.154470991130581
817,0.635268667058686,0.249561781327291,0.218083551882790,0.258711437790672,0.16357228121085,0.156008702799071
825,0.640560644506718,0.247759640188542,0.236301613614802,0.238033800236652,0.173309128978783,0.191439626593958
787,0.629972659733243,0.281431899695417,0.259638241659144,0.218876016213984,0.174898448025698,0.179875784505171
301,0.674872565393281,0.233725581744281,0.198798498578782,0.320611530912211,0.366910990862085,0.231177046607856
883,0.604311860230174,0.342342090635241,0.308771540986705,0.309756707604237,0.257786672914962,0.205178843545358
166,0.520109684798944,0.153720720340875,0.205178843545358,0.174898448025698,0.166814026627726,0.145622826217966
708,0.63703309779987,0.297964434643167,0.285297304030371,0.213405068833102,0.178742307944130,0.140279459933373
678,0.649372161207369,0.246862287018223,0.203016510694019,0.258711437790672,0.169237834303805,0.169237834303805
804,0.613173084606865,0.208860644258667,0.242414171861771,0.264301525715948,0.160077057692081,0.146548361254107
716,0.606971725447777,0.244185541162083,0.243298519444439,0.221274744825972,0.164480729737195,0.140279459933373
721,0.626439652176295,0.291125967010989,0.258711437790672,0.244185541162083,0.176522456496951,0.206639944148685
729,0.647610671197383,0.266179795115631,0.283362392853609,0.245967461561916,0.140279459933373,0.142147774681471
908,0.643205181411445,0.267121556704060,0.274713840722163,0.221274744825972,0.186394027664835,0.200188610986799
380,0.452041119617036,0.215727826366646,0.203016510694019,0.240653643199231,0.140279459933373,0.155233599845476
834,0.664329550930648,0.305818349289740,0.298944182722262,0.260567046745838,0.216509434133377,0.168745733831007
873,0.629972659733243,0.258711437790672,0.256863984839407,0.265239772398733,0.177071557205383,0.140279459933373
549,0.606085249352797,0.221274744825972,0.210360301592275,0.256863984839407,0.16634019279706,0.170233153496669
717,0.598100289370352,0.243298519444439,0.234581247743386,0.252283020211930,0.157195124574254,0.174898448025698
895,0.63703309779987,0.305818349289740,0.286266334773665,0.261497815323131,0.186394027664835,0.168745733831007
777,0.665208590906176,0.218083551882790,0.220471637257467,0.255943411389996,0.165403320798019,0.181025063276694
754,0.609630293401202,0.252283020211930,0.228656878414890,0.225342219919308,0.179307075461499,0.140279459933373
676,0.61405843859737,0.238904240888872,0.213405068833102,0.23977753355553,0.182190212262849,0.140279459933373
676,0.605198627992826,0.221274744825972,0.269956905233921,0.198798498578782,0.192088479379025,0.188884569174318
660,0.605198627992826,0.288207386188063,0.256863984839407,0.279506090033501,0.160077057692081,0.157597013980819
180,0.555277339714655,0.140279459933373,0.190794809258731,0.182190212262849,0.140279459933373,0.140279459933373
842,0.707314131231881,0.295029198942614,0.294052217151829,0.292100571713878,0.168257318749387,0.140279459933373
419,0.461365530470573,0.198109430350217,0.219672052767678,0.158822198286243,0.164940248736627,0.156796455796649
806,0.637915147508898,0.248659484023583,0.250466494772263,0.255024990396885,0.141333283747465,0.140279459933373
410,0.433254223593108,0.196066256873814,0.187010622123131,0.208116557082828,0.140279459933373,0.140279459933373
787,0.585653817185493,0.235439936165745,0.252283020211930,0.172268685450245,0.181025063276694,0.157597013980819
735,0.63703309779987,0.250466494772263,0.215727826366646,0.226992939983781,0.150148946700048,0.184568357977156
672,0.636150937944643,0.23977753355553,0.26336509235663,0.238033800236652,0.163123316426449,0.165403320798019
715,0.642323774366231,0.238904240888872,0.245967461561916,0.198798498578782,0.164480729737195,0.149133866930996
221,0.674872565393281,0.245075200706715,0.188255890082703,0.348256569656263,0.310742219942023,0.192741366843982
738,0.640560644506718,0.218876016213984,0.23033379664679,0.220471637257467,0.156796455796649,0.140279459933373
332,0.424736999725661,0.178181472416481,0.153350162717428,0.221274744825972,0.140279459933373,0.181025063276694
713,0.621136485069615,0.257786672914962,0.23033379664679,0.301887051542692,0.140279459933373,0.177071557205383
633,0.623788627185174,0.240653643199231,0.186394027664835,0.274713840722163,0.141873944585676,0.149133866930996
678,0.639678919993987,0.293075998312143,0.229493730258852,0.312714190948075,0.174364837136968,0.158822198286243
719,0.615828741507218,0.226165913043895,0.224521889216861,0.266179795115631,0.174364837136968,0.16634019279706
766,0.65201365997105,0.234581247743386,0.236301613614802,0.250466494772263,0.140279459933373,0.143840891542185
781,0.600763302119727,0.255024990396885,0.23033379664679,0.285297304030371,0.213405068833102,0.181025063276694
324,0.439851241970584,0.181025063276694,0.159655442358187,0.218876016213984,0.140279459933373,0.140279459933373
767,0.596324170558622,0.270905253648299,0.23977753355553,0.255024990396885,0.173309128978783,0.145928733232941
683,0.629972659733243,0.253194757033311,0.203733362812729,0.283362392853609,0.140279459933373,0.147819407725247
698,0.610516199655431,0.277585234113443,0.288207386188063,0.232023448734304,0.199491561253654,0.150492979148870
282,0.586543936638165,0.302869127130412,0.277585234113443,0.290152214217331,0.190794809258731,0.211875157547888
777,0.622904705251892,0.242414171861771,0.238033800236652,0.216509434133377,0.199491561253654,0.152618104976752
746,0.618483198986599,0.212638240623736,0.234581247743386,0.269010148553487,0.149469410107982,0.154850743467635
801,0.645848781067736,0.255024990396885,0.198798498578782,0.237166246337142,0.158410531669826,0.169733635746363
748,0.590102705627282,0.287236372741756,0.289179343702615,0.26336509235663,0.164024746412181,0.156796455796649
276,0.42188893060604,0.165869963138432,0.145319498566922,0.224521889216861,0.160077057692081,0.158822198286243
782,0.63703309779987,0.235439936165745,0.232023448734304,0.261497815323131,0.179307075461499,0.140279459933373
480,0.639678919993987,0.240653643199231,0.214175622695954,0.332468835480985,0.315674182764382,0.210360301592275
168,0.45297556976512,0.190794809258731,0.170736402643872,0.212638240623736,0.154470991130581,0.157597013980819
720,0.595435874427052,0.225342219919308,0.212638240623736,0.238904240888872,0.165403320798019,0.140279459933373
748,0.640560644506718,0.251373586915138,0.240653643199231,0.177071557205383,0.173835068385563,0.161797245314680
911,0.644967683931748,0.342342090635241,0.305818349289740,0.26806502014066,0.222891426963376,0.178742307944130
642,0.615828741507218,0.231177046607856,0.231177046607856,0.243298519444439,0.168257318749387,0.168745733831007
256,0.630855615748439,0.147178535004063,0.152256565618780,0.200889639762023,0.140279459933373,0.140279459933373
753,0.61405843859737,0.247759640188542,0.229493730258852,0.261497815323131,0.16634019279706,0.179875784505171
632,0.583873056414207,0.287236372741756,0.261497815323131,0.262430509724191,0.147497624383717,0.140279459933373
986,0.638797087949753,0.32159942528535,0.310742219942023,0.304834801321944,0.194724220966719,0.159237162188545
870,0.634386284250911,0.229493730258852,0.269010148553487,0.276626749501763,0.147497624383717,0.140279459933373
669,0.600763302119727,0.243298519444439,0.238904240888872,0.242414171861771,0.154470991130581,0.145319498566922
692,0.596324170558622,0.232023448734304,0.184568357977156,0.236301613614802,0.140279459933373,0.154470991130581
634,0.62555609967103,0.257786672914962,0.213405068833102,0.241532534498303,0.145928733232941,0.168745733831007
393,0.472497848634527,0.194724220966719,0.214175622695954,0.229493730258852,0.143840891542185,0.140279459933373
740,0.616713692539713,0.328516409471957,0.300905518027404,0.266179795115631,0.185781454960399,0.178742307944130
872,0.633503788623644,0.284329312589461,0.282396577544332,0.287236372741756,0.185781454960399,0.146237238572002
694,0.624672424998259,0.227823271636467,0.242414171861771,0.224521889216861,0.151189670120080,0.156008702799071
664,0.56334084744967,0.269956905233921,0.164024746412181,0.290152214217331,0.162677834203278,0.163123316426449
918,0.630855615748439,0.283362392853609,0.226165913043895,0.267121556704060,0.185172899926102,0.149807763529887
751,0.597212308466731,0.182190212262849,0.213405068833102,0.231177046607856,0.171243398019944,0.146237238572002
778,0.610516199655431,0.343328438016707,0.330492731245164,0.286266334773665,0.209608564537159,0.166814026627726
1013,0.620252184825136,0.384446102799712,0.35612665264182,0.323575487390111,0.185172899926102,0.140279459933373
903,0.628206394540431,0.205907447843523,0.240653643199231,0.200889639762023,0.140279459933373,0.140279459933373
794,0.597212308466731,0.219672052767678,0.215727826366646,0.218083551882790,0.142147774681471,0.145622826217966
372,0.458572851358513,0.184568357977156,0.140279459933373,0.231177046607856,0.152256565618780,0.180448444205294
836,0.632621179272578,0.273759486818862,0.246862287018223,0.262430509724191,0.182190212262849,0.140279459933373
734,0.598100289370352,0.233725581744281,0.228656878414890,0.228656878414890,0.14298348025674,0.140279459933373
849,0.661691913619881,0.345300444024283,0.325551793923222,0.357108931824631,0.232872971194181,0.215727826366646
173,0.430419611243593,0.173309128978783,0.167772573247934,0.193398287644562,0.145319498566922,0.158410531669826
705,0.579418047575081,0.283362392853609,0.253194757033311,0.269010148553487,0.178181472416481,0.225342219919308
873,0.62555609967103,0.289179343702615,0.302869127130412,0.222081350052879,0.185781454960399,0.140279459933373
681,0.582982412426427,0.223704949036996,0.210360301592275,0.234581247743386,0.140279459933373,0.140279459933373
805,0.59099197716754,0.353177756395209,0.332468835480985,0.334444602573969,0.192741366843982,0.158822198286243
165,0.477118801080669,0.140279459933373,0.172268685450245,0.160930368981928,0.160077057692081,0.154094323280450
757,0.621136485069615,0.267121556704060,0.277585234113443,0.255024990396885,0.209608564537159,0.218083551882790
786,0.642323774366231,0.262430509724191,0.219672052767678,0.282396577544332,0.145928733232941,0.140279459933373
702,0.601650667029677,0.240653643199231,0.214949882112267,0.248659484023583,0.161362102255135,0.177071557205383
869,0.639678919993987,0.26806502014066,0.258711437790672,0.217294683481912,0.185172899926102,0.150839880430613
778,0.636150937944643,0.227823271636467,0.237166246337142,0.171754154191287,0.182190212262849,0.167291481291287
818,0.584763524220902,0.232023448734304,0.225342219919308,0.257786672914962,0.175435913518267,0.162677834203278
160,0.461365530470573,0.140279459933373,0.149807763529887,0.177071557205383,0.145018731380577,0.140279459933373
848,0.630855615748439,0.240653643199231,0.252283020211930,0.233725581744281,0.186394027664835,0.140279459933373
741,0.598988114480156,0.225342219919308,0.167772573247934,0.279506090033501,0.142147774681471,0.16634019279706
771,0.576742857104671,0.238904240888872,0.181605650010004,0.227823271636467,0.143840891542185,0.155233599845476
761,0.619367756469412,0.242414171861771,0.261497815323131,0.232872971194181,0.164024746412181,0.16634019279706
792,0.652893966371437,0.262430509724191,0.266179795115631,0.309756707604237,0.16634019279706,0.207376318697083
764,0.658173830133798,0.306802338059224,0.310742219942023,0.238033800236652,0.184568357977156,0.190794809258731
795,0.595435874427052,0.238904240888872,0.218876016213984,0.275669606701894,0.140279459933373,0.160502026996677
715,0.619367756469412,0.190154027575454,0.226165913043895,0.216509434133377,0.150492979148870,0.174364837136968
781,0.643205181411445,0.255943411389996,0.23977753355553,0.236301613614802,0.201594638931909,0.237166246337142
808,0.610516199655431,0.244185541162083,0.203733362812729,0.265239772398733,0.154094323280450,0.152618104976752
712,0.637915147508898,0.277585234113443,0.270905253648299,0.222081350052879,0.14298348025674,0.147178535004063
180,0.550789853506805,0.154850743467635,0.205907447843523,0.226165913043895,0.166814026627726,0.174898448025698
759,0.609630293401202,0.217294683481912,0.208860644258667,0.257786672914962,0.140279459933373,0.143266847840142
777,0.630855615748439,0.251373586915138,0.226165913043895,0.249561781327291,0.146862120354825,0.140279459933373
852,0.640560644506718,0.23977753355553,0.26806502014066,0.183967824035887,0.160502026996677,0.140279459933373
399,0.463225147278761,0.171754154191287,0.217294683481912,0.140279459933373,0.164024746412181,0.140279459933373
622,0.582982412426427,0.210360301592275,0.218876016213984,0.208860644258667,0.165403320798019,0.183967824035887
847,0.650252758171119,0.252283020211930,0.255024990396885,0.247759640188542,0.172268685450245,0.185172899926102
961,0.622020658211421,0.333456768437105,0.301887051542692,0.285297304030371,0.208116557082828,0.217294683481912
730,0.609630293401202,0.214175622695954,0.265239772398733,0.266179795115631,0.193398287644562,0.140279459933373
779,0.62555609967103,0.276626749501763,0.238904240888872,0.247759640188542,0.179307075461499,0.152256565618780
233,0.610516199655431,0.172787005806565,0.165403320798019,0.208860644258667,0.144131604573628,0.183967824035887
819,0.639678919993987,0.255943411389996,0.236301613614802,0.279506090033501,0.148471133452426,0.140279459933373
250,0.622904705251892,0.162235816543637,0.194059239855938,0.191439626593958,0.155619579790919,0.140279459933373
709,0.613173084606865,0.194059239855938,0.194059239855938,0.243298519444439,0.161797245314680,0.197424363331222
708,0.593658802575914,0.249561781327291,0.267121556704060,0.244185541162083,0.159655442358187,0.177071557205383
209,0.584763524220902,0.144720505822661,0.140279459933373,0.232872971194181,0.140279459933373,0.140279459933373
804,0.636150937944643,0.244185541162083,0.214175622695954,0.260567046745838,0.177624558944457,0.147178535004063
882,0.608744246353995,0.300905518027404,0.302869127130412,0.246862287018223,0.208860644258667,0.140279459933373
868,0.642323774366231,0.270905253648299,0.277585234113443,0.271855157449252,0.190794809258731,0.214175622695954
670,0.613173084606865,0.201594638931909,0.205907447843523,0.228656878414890,0.140279459933373,0.140279459933373
163,0.476195411202944,0.159237162188545,0.188884569174318,0.181025063276694,0.173835068385563,0.165869963138432
771,0.608744246353995,0.249561781327291,0.274713840722163,0.241532534498303,0.182778757451073,0.180448444205294
870,0.659933050519219,0.254108759679802,0.235439936165745,0.244185541162083,0.186394027664835,0.182778757451073
691,0.601650667029677,0.217294683481912,0.225342219919308,0.237166246337142,0.166814026627726,0.140279459933373
411,0.470646634478409,0.183967824035887,0.205907447843523,0.185172899926102,0.147178535004063,0.149133866930996
989,0.605198627992826,0.278545025785751,0.281431899695417,0.259638241659144,0.172787005806565,0.162677834203278
605,0.62555609967103,0.249561781327291,0.257786672914962,0.251373586915138,0.188884569174318,0.152256565618780
675,0.631738455286738,0.209608564537159,0.23033379664679,0.212638240623736,0.140279459933373,0.158822198286243
909,0.59454741884471,0.300905518027404,0.252283020211930,0.292100571713878,0.167291481291287,0.189517281185082
256,0.467866722440866,0.16357228121085,0.166814026627726,0.232023448734304,0.141066417195949,0.166814026627726
750,0.607858057407542,0.245075200706715,0.231177046607856,0.270905253648299,0.173309128978783,0.140279459933373
982,0.65113325749733,0.279506090033501,0.262430509724191,0.226165913043895,0.186394027664835,0.16357228121085
629,0.624672424998259,0.244185541162083,0.212638240623736,0.257786672914962,0.148801114525785,0.161362102255135
839,0.588323660284695,0.226165913043895,0.219672052767678,0.234581247743386,0.160930368981928,0.140801836156987
791,0.655534316836593,0.269956905233921,0.238904240888872,0.240653643199231,0.185172899926102,0.140279459933373
739,0.623788627185174,0.222891426963376,0.243298519444439,0.214949882112267,0.171754154191287,0.142702524367706
673,0.618483198986599,0.204454144375473,0.199491561253654,0.223704949036996,0.170736402643872,0.179307075461499
711,0.653774177471793,0.307786743279463,0.309756707604237,0.274713840722163,0.200188610986799,0.195393227873188
726,0.633503788623644,0.260567046745838,0.250466494772263,0.227823271636467,0.156400988328558,0.154850743467635
224,0.438910260048710,0.195393227873188,0.140279459933373,0.243298519444439,0.145018731380577,0.145622826217966
690,0.728313594500009,0.302869127130412,0.265239772398733,0.310742219942023,0.201594638931909,0.196066256873814
784,0.61494365721071,0.236301613614802,0.199491561253654,0.256863984839407,0.176522456496951,0.142147774681471
784,0.643205181411445,0.267121556704060,0.255943411389996,0.232872971194181,0.164024746412181,0.172268685450245
727,0.622020658211421,0.235439936165745,0.257786672914962,0.210360301592275,0.188884569174318,0.179307075461499
608,0.53097302992136,0.334444602573969,0.23977753355553,0.260567046745838,0.202303599215116,0.144424803121843
727,0.583873056414207,0.218876016213984,0.257786672914962,0.211875157547888,0.184568357977156,0.164940248736627
380,0.419036311953547,0.203733362812729,0.162677834203278,0.186394027664835,0.16357228121085,0.141333283747465
784,0.63703309779987,0.261497815323131,0.258711437790672,0.195393227873188,0.181025063276694,0.195393227873188
721,0.652893966371437,0.264301525715948,0.247759640188542,0.255943411389996,0.183967824035887,0.141602453589765
755,0.631738455286738,0.269010148553487,0.262430509724191,0.233725581744281,0.196066256873814,0.203016510694019
688,0.606971725447777,0.200188610986799,0.200889639762023,0.218876016213984,0.170736402643872,0.140279459933373
758,0.630855615748439,0.237166246337142,0.217294683481912,0.191439626593958,0.156400988328558,0.214949882112267
829,0.640560644506718,0.250466494772263,0.235439936165745,0.257786672914962,0.16634019279706,0.194724220966719
767,0.612287594171303,0.23033379664679,0.248659484023583,0.208116557082828,0.150148946700048,0.148471133452426
710,0.576742857104671,0.267121556704060,0.236301613614802,0.237166246337142,0.166814026627726,0.182778757451073
237,0.397013246974146,0.156008702799071,0.223704949036996,0.155233599845476,0.142702524367706,0.141602453589765
861,0.639678919993987,0.259638241659144,0.260567046745838,0.275669606701894,0.164940248736627,0.144131604573628
831,0.629089586309926,0.262430509724191,0.255943411389996,0.246862287018223,0.164940248736627,0.149807763529887
725,0.579418047575081,0.236301613614802,0.247759640188542,0.206639944148685,0.160502026996677,0.140279459933373
838,0.650252758171119,0.242414171861771,0.252283020211930,0.226992939983781,0.174364837136968,0.140801836156987
702,0.598988114480156,0.211115838461421,0.181025063276694,0.249561781327291,0.140279459933373,0.172268685450245
835,0.648491465815105,0.254108759679802,0.256863984839407,0.261497815323131,0.170736402643872,0.196066256873814
687,0.613173084606865,0.235439936165745,0.238904240888872,0.229493730258852,0.171243398019944,0.140279459933373
854,0.643205181411445,0.274713840722163,0.235439936165745,0.252283020211930,0.143840891542185,0.169237834303805
825,0.63703309779987,0.259638241659144,0.218876016213984,0.250466494772263,0.181605650010004,0.155619579790919
832,0.640560644506718,0.277585234113443,0.249561781327291,0.232023448734304,0.16357228121085,0.212638240623736
808,0.640560644506718,0.290152214217331,0.288207386188063,0.262430509724191,0.190794809258731,0.16634019279706
820,0.635268667058686,0.240653643199231,0.218876016213984,0.299924552865763,0.147178535004063,0.165403320798019
828,0.63703309779987,0.254108759679802,0.244185541162083,0.232023448734304,0.188884569174318,0.172787005806565
691,0.617598511353537,0.26336509235663,0.167772573247934,0.273759486818862,0.157195124574254,0.16357228121085
731,0.604311860230174,0.248659484023583,0.259638241659144,0.267121556704060,0.191439626593958,0.179307075461499
790,0.659933050519219,0.299924552865763,0.274713840722163,0.279506090033501,0.161362102255135,0.142423961905656
749,0.654654294039608,0.276626749501763,0.254108759679802,0.272806580486754,0.183967824035887,0.198798498578782
699,0.673994424070159,0.272806580486754,0.236301613614802,0.187010622123131,0.159655442358187,0.177624558944457
799,0.589213267095234,0.226165913043895,0.195393227873188,0.198109430350217,0.145319498566922,0.170233153496669
647,0.593658802575914,0.333456768437105,0.32950458986508,0.313700605163659,0.252283020211930,0.186394027664835
848,0.619367756469412,0.256863984839407,0.23033379664679,0.290152214217331,0.144424803121843,0.157195124574254
654,0.582982412426427,0.294052217151829,0.299924552865763,0.197424363331222,0.220471637257467,0.208116557082828
855,0.642323774366231,0.264301525715948,0.287236372741756,0.196743303664015,0.185172899926102,0.162235816543637
707,0.617598511353537,0.222891426963376,0.232872971194181,0.238904240888872,0.183371292540019,0.146237238572002
927,0.660812526368302,0.280468392646033,0.275669606701894,0.281431899695417,0.231177046607856,0.229493730258852
682,0.59454741884471,0.243298519444439,0.256863984839407,0.210360301592275,0.178742307944130,0.188884569174318
782,0.59099197716754,0.240653643199231,0.234581247743386,0.207376318697083,0.154470991130581,0.167772573247934
624,0.567813168189284,0.213405068833102,0.226165913043895,0.208860644258667,0.171243398019944,0.155619579790919
765,0.631738455286738,0.247759640188542,0.226165913043895,0.219672052767678,0.140279459933373,0.153720720340875
752,0.606085249352797,0.296006914761259,0.315674182764382,0.336419918223748,0.243298519444439,0.188255890082703
446,0.63703309779987,0.264301525715948,0.252283020211930,0.253194757033311,0.203016510694019,0.191439626593958
828,0.63703309779987,0.271855157449252,0.238904240888872,0.234581247743386,0.183967824035887,0.190794809258731
855,0.617598511353537,0.225342219919308,0.226165913043895,0.238904240888872,0.140279459933373,0.151897993103576
709,0.544497573622266,0.281431899695417,0.241532534498303,0.204454144375473,0.203016510694019,0.171243398019944
777,0.656414246618719,0.258711437790672,0.222081350052879,0.277585234113443,0.140279459933373,0.147819407725247
169,0.4964219650051,0.140279459933373,0.167772573247934,0.192088479379025,0.147497624383717,0.140279459933373
713,0.622020658211421,0.313700605163659,0.293075998312143,0.273759486818862,0.227823271636467,0.199491561253654
799,0.622020658211421,0.245967461561916,0.278545025785751,0.201594638931909,0.190794809258731,0.193398287644562
793,0.626439652176295,0.260567046745838,0.222081350052879,0.245075200706715,0.159237162188545,0.170736402643872
661,0.621136485069615,0.189517281185082,0.203016510694019,0.250466494772263,0.142423961905656,0.140279459933373
733,0.688035700062894,0.296985336054750,0.282396577544332,0.254108759679802,0.159655442358187,0.170233153496669
796,0.629972659733243,0.228656878414890,0.236301613614802,0.223704949036996,0.167291481291287,0.148143904307162
848,0.640560644506718,0.257786672914962,0.23033379664679,0.255024990396885,0.165869963138432,0.140279459933373
763,0.640560644506718,0.252283020211930,0.23977753355553,0.23033379664679,0.185781454960399,0.158410531669826
899,0.622904705251892,0.225342219919308,0.219672052767678,0.251373586915138,0.158822198286243,0.199491561253654
778,0.622020658211421,0.241532534498303,0.252283020211930,0.215727826366646,0.154094323280450,0.140279459933373
834,0.646729776551258,0.273759486818862,0.297964434643167,0.249561781327291,0.177624558944457,0.187010622123131
740,0.642323774366231,0.243298519444439,0.261497815323131,0.212638240623736,0.174898448025698,0.189517281185082
858,0.632621179272578,0.253194757033311,0.240653643199231,0.267121556704060,0.195393227873188,0.214949882112267
897,0.65113325749733,0.284329312589461,0.291125967010989,0.213405068833102,0.201594638931909,0.167291481291287
781,0.653774177471793,0.292100571713878,0.228656878414890,0.235439936165745,0.169733635746363,0.188255890082703
763,0.613173084606865,0.320611530912211,0.293075998312143,0.272806580486754,0.196066256873814,0.140279459933373
690,0.629972659733243,0.243298519444439,0.208116557082828,0.26806502014066,0.140279459933373,0.160930368981928
686,0.61494365721071,0.265239772398733,0.232023448734304,0.214949882112267,0.149133866930996,0.181025063276694
714,0.558863289375474,0.296006914761259,0.247759640188542,0.229493730258852,0.197424363331222,0.185781454960399
661,0.61494365721071,0.266179795115631,0.261497815323131,0.245967461561916,0.164940248736627,0.162677834203278
676,0.618483198986599,0.224521889216861,0.240653643199231,0.216509434133377,0.140279459933373,0.164480729737195
724,0.622904705251892,0.211115838461421,0.233725581744281,0.250466494772263,0.149807763529887,0.172787005806565
858,0.613173084606865,0.23977753355553,0.235439936165745,0.228656878414890,0.165869963138432,0.177071557205383
816,0.609630293401202,0.232023448734304,0.219672052767678,0.242414171861771,0.156400988328558,0.169237834303805
163,0.478041795094857,0.140279459933373,0.140279459933373,0.214175622695954,0.140279459933373,0.140279459933373
741,0.632621179272578,0.26336509235663,0.260567046745838,0.233725581744281,0.169733635746363,0.170233153496669
172,0.623788627185174,0.344314559496454,0.296006914761259,0.295029198942614,0.187631241909896,0.194059239855938
835,0.612287594171303,0.261497815323131,0.204454144375473,0.260567046745838,0.173835068385563,0.140279459933373
334,0.459504181093247,0.205178843545358,0.190794809258731,0.197424363331222,0.173835068385563,0.165403320798019
360,0.447362019176649,0.195393227873188,0.175435913518267,0.221274744825972,0.158410531669826,0.140279459933373
499,0.598100289370352,0.242414171861771,0.224521889216861,0.212638240623736,0.167291481291287,0.153720720340875
662,0.58209159090975,0.182190212262849,0.23977753355553,0.205178843545358,0.140279459933373,0.140279459933373
334,0.40182397040703,0.151542367809210,0.201594638931909,0.180448444205294,0.148801114525785,0.179307075461499
731,0.616713692539713,0.231177046607856,0.231177046607856,0.245967461561916,0.157597013980819,0.140279459933373
848,0.609630293401202,0.258711437790672,0.216509434133377,0.261497815323131,0.140279459933373,0.163123316426449
903,0.629089586309926,0.318636108753548,0.297964434643167,0.246862287018223,0.205178843545358,0.161362102255135
354,0.652893966371437,0.207376318697083,0.203016510694019,0.285297304030371,0.178742307944130,0.140279459933373
676,0.615828741507218,0.233725581744281,0.220471637257467,0.252283020211930,0.147819407725247,0.140279459933373
807,0.606085249352797,0.261497815323131,0.275669606701894,0.194059239855938,0.197424363331222,0.160502026996677
744,0.656414246618719,0.252283020211930,0.23977753355553,0.270905253648299,0.184568357977156,0.148471133452426
408,0.438910260048710,0.171243398019944,0.207376318697083,0.207376318697083,0.140279459933373,0.162677834203278
377,0.442671323317129,0.188884569174318,0.184568357977156,0.192741366843982,0.164480729737195,0.141602453589765
688,0.61494365721071,0.236301613614802,0.219672052767678,0.212638240623736,0.141602453589765,0.182778757451073
787,0.604311860230174,0.232872971194181,0.251373586915138,0.216509434133377,0.188255890082703,0.145622826217966
661,0.607858057407542,0.208116557082828,0.195393227873188,0.228656878414890,0.182190212262849,0.181605650010004
647,0.603424944919196,0.256863984839407,0.247759640188542,0.215727826366646,0.16634019279706,0.162677834203278
509,0.616713692539713,0.243298519444439,0.231177046607856,0.229493730258852,0.163123316426449,0.140279459933373
379,0.466011361565902,0.204454144375473,0.161797245314680,0.248659484023583,0.160077057692081,0.156008702799071
705,0.611401966215199,0.243298519444439,0.233725581744281,0.155619579790919,0.172268685450245,0.140279459933373
699,0.58030940985411,0.203016510694019,0.245967461561916,0.200889639762023,0.160077057692081,0.172268685450245
828,0.61405843859737,0.232872971194181,0.264301525715948,0.194724220966719,0.190794809258731,0.150839880430613
518,0.601650667029677,0.319623752397046,0.302869127130412,0.315674182764382,0.168745733831007,0.172787005806565
737,0.603424944919196,0.271855157449252,0.265239772398733,0.240653643199231,0.172268685450245,0.175435913518267
782,0.604311860230174,0.255024990396885,0.226165913043895,0.259638241659144,0.151897993103576,0.140279459933373
846,0.616713692539713,0.296006914761259,0.279506090033501,0.273759486818862,0.192088479379025,0.161797245314680
803,0.607858057407542,0.228656878414890,0.23033379664679,0.231177046607856,0.147819407725247,0.150148946700048
390,0.549891666487745,0.23977753355553,0.222081350052879,0.226165913043895,0.194724220966719,0.148801114525785
169,0.483571570595327,0.140279459933373,0.204454144375473,0.175977245746161,0.140801836156987,0.140279459933373
699,0.596324170558622,0.232872971194181,0.211875157547888,0.258711437790672,0.151189670120080,0.148471133452426
776,0.632621179272578,0.282396577544332,0.248659484023583,0.278545025785751,0.16357228121085,0.182190212262849
514,0.459504181093247,0.205907447843523,0.141873944585676,0.259638241659144,0.147819407725247,0.171754154191287
666,0.615828741507218,0.233725581744281,0.193398287644562,0.222891426963376,0.181605650010004,0.140279459933373
751,0.646729776551258,0.258711437790672,0.288207386188063,0.238904240888872,0.218083551882790,0.158410531669826
759,0.59099197716754,0.253194757033311,0.214949882112267,0.251373586915138,0.156400988328558,0.182190212262849
167,0.501907959152939,0.148471133452426,0.140279459933373,0.232023448734304,0.140279459933373,0.160502026996677
787,0.642323774366231,0.265239772398733,0.274713840722163,0.221274744825972,0.199491561253654,0.161362102255135
730,0.659053485350326,0.262430509724191,0.271855157449252,0.232023448734304,0.182190212262849,0.203016510694019
441,0.679262118185675,0.192741366843982,0.226992939983781,0.201594638931909,0.154850743467635,0.193398287644562
746,0.620252184825136,0.235439936165745,0.23033379664679,0.208860644258667,0.157195124574254,0.140279459933373
774,0.620252184825136,0.255024990396885,0.227823271636467,0.272806580486754,0.167772573247934,0.188255890082703
846,0.655534316836593,0.231177046607856,0.265239772398733,0.232872971194181,0.140279459933373,0.140539522938054
739,0.639678919993987,0.240653643199231,0.185172899926102,0.234581247743386,0.190794809258731,0.140279459933373
426,0.472497848634527,0.193398287644562,0.177624558944457,0.222891426963376,0.140279459933373,0.171243398019944
359,0.427580548847338,0.159237162188545,0.209608564537159,0.160077057692081,0.140279459933373,0.140279459933373
682,0.623788627185174,0.229493730258852,0.161362102255135,0.255943411389996,0.167291481291287,0.172787005806565
155,0.456708871220304,0.144424803121843,0.16357228121085,0.245075200706715,0.152618104976752,0.149133866930996
243,0.672237905577799,0.300905518027404,0.290152214217331,0.377644706128292,0.349241401529061,0.245075200706715
738,0.585653817185493,0.232872971194181,0.215727826366646,0.211115838461421,0.16634019279706,0.175977245746161
760,0.632621179272578,0.267121556704060,0.252283020211930,0.234581247743386,0.140279459933373,0.158410531669826
701,0.627323083479833,0.203016510694019,0.229493730258852,0.256863984839407,0.140279459933373,0.159655442358187
166,0.39604956908159,0.140279459933373,0.140279459933373,0.608744246353995,0.669602528491819,0.507381840049532
736,0.608744246353995,0.234581247743386,0.292100571713878,0.181025063276694,0.142702524367706,0.156400988328558
828,0.665208590906176,0.287236372741756,0.262430509724191,0.251373586915138,0.176522456496951,0.162235816543637
771,0.655534316836593,0.26806502014066,0.261497815323131,0.235439936165745,0.188255890082703,0.140279459933373
688,0.627323083479833,0.308771540986705,0.253194757033311,0.287236372741756,0.204454144375473,0.212638240623736
169,0.500080663267207,0.140279459933373,0.201594638931909,0.191439626593958,0.150148946700048,0.146237238572002
575,0.621136485069615,0.279506090033501,0.259638241659144,0.247759640188542,0.183371292540019,0.158822198286243
696,0.628206394540431,0.251373586915138,0.238033800236652,0.210360301592275,0.152618104976752,0.16357228121085
836,0.657294084136253,0.257786672914962,0.237166246337142,0.272806580486754,0.16357228121085,0.158822198286243
630,0.620252184825136,0.293075998312143,0.261497815323131,0.235439936165745,0.256863984839407,0.245075200706715
780,0.610516199655431,0.273759486818862,0.208116557082828,0.278545025785751,0.203016510694019,0.16357228121085
826,0.601650667029677,0.238904240888872,0.226165913043895,0.23033379664679,0.183967824035887,0.143840891542185
680,0.61494365721071,0.223704949036996,0.214949882112267,0.238904240888872,0.160930368981928,0.140279459933373
733,0.670481068306923,0.307786743279463,0.288207386188063,0.281431899695417,0.189517281185082,0.188884569174318
713,0.597212308466731,0.264301525715948,0.247759640188542,0.219672052767678,0.160930368981928,0.173309128978783
718,0.608744246353995,0.240653643199231,0.248659484023583,0.197424363331222,0.157597013980819,0.155619579790919
905,0.641442262346675,0.262430509724191,0.237166246337142,0.273759486818862,0.154850743467635,0.205907447843523
821,0.67838435938152,0.270905253648299,0.26336509235663,0.205907447843523,0.155619579790919,0.147819407725247
770,0.648491465815105,0.228656878414890,0.218876016213984,0.243298519444439,0.157597013980819,0.197424363331222
740,0.627323083479833,0.224521889216861,0.201594638931909,0.271855157449252,0.142702524367706,0.140279459933373
950,0.664329550930648,0.293075998312143,0.293075998312143,0.250466494772263,0.154470991130581,0.146862120354825
742,0.617598511353537,0.287236372741756,0.296985336054750,0.271855157449252,0.153720720340875,0.140279459933373
766,0.626439652176295,0.238033800236652,0.236301613614802,0.262430509724191,0.257786672914962,0.209608564537159
759,0.643205181411445,0.255024990396885,0.198109430350217,0.292100571713878,0.140279459933373,0.155233599845476
758,0.647610671197383,0.250466494772263,0.196066256873814,0.242414171861771,0.161362102255135,0.162677834203278
882,0.660812526368302,0.255024990396885,0.273759486818862,0.218876016213984,0.171754154191287,0.148471133452426
745,0.619367756469412,0.221274744825972,0.251373586915138,0.196743303664015,0.155233599845476,0.140279459933373
806,0.630855615748439,0.241532534498303,0.203016510694019,0.245075200706715,0.145018731380577,0.179307075461499
841,0.633503788623644,0.256863984839407,0.226165913043895,0.283362392853609,0.174898448025698,0.167772573247934
678,0.627323083479833,0.241532534498303,0.241532534498303,0.300905518027404,0.140279459933373,0.171243398019944
879,0.656414246618719,0.266179795115631,0.26336509235663,0.214175622695954,0.175977245746161,0.179875784505171
673,0.61405843859737,0.231177046607856,0.222891426963376,0.190794809258731,0.191439626593958,0.183371292540019
753,0.645848781067736,0.256863984839407,0.220471637257467,0.269956905233921,0.146548361254107,0.140279459933373
789,0.657294084136253,0.256863984839407,0.249561781327291,0.291125967010989,0.147497624383717,0.140279459933373
669,0.624672424998259,0.251373586915138,0.224521889216861,0.245967461561916,0.173309128978783,0.152982630801945
858,0.62555609967103,0.281431899695417,0.282396577544332,0.242414171861771,0.197424363331222,0.140279459933373
964,0.605198627992826,0.271855157449252,0.26336509235663,0.216509434133377,0.174898448025698,0.172787005806565
350,0.440791745314472,0.177624558944457,0.162677834203278,0.203733362812729,0.140279459933373,0.167772573247934
774,0.617598511353537,0.244185541162083,0.229493730258852,0.257786672914962,0.162235816543637,0.150148946700048
712,0.627323083479833,0.224521889216861,0.23977753355553,0.169733635746363,0.178181472416481,0.148143904307162
193,0.502821101328797,0.244185541162083,0.264301525715948,0.273759486818862,0.16357228121085,0.140279459933373
339,0.444549008408857,0.192741366843982,0.182778757451073,0.182190212262849,0.147497624383717,0.144424803121843
728,0.648491465815105,0.250466494772263,0.206639944148685,0.222891426963376,0.162677834203278,0.153350162717428
326,0.437968797820157,0.173835068385563,0.177071557205383,0.203016510694019,0.140279459933373,0.182190212262849
820,0.631738455286738,0.234581247743386,0.229493730258852,0.255024990396885,0.157195124574254,0.183967824035887
350,0.435141512434088,0.153720720340875,0.150839880430613,0.206639944148685,0.140279459933373,0.171754154191287
148,0.443610401564419,0.140279459933373,0.184568357977156,0.187631241909896,0.140279459933373,0.154850743467635
767,0.61494365721071,0.4964219650051,0.444549008408857,0.384446102799712,0.249561781327291,0.220471637257467
759,0.627323083479833,0.294052217151829,0.265239772398733,0.232872971194181,0.195393227873188,0.140279459933373
762,0.636150937944643,0.269010148553487,0.261497815323131,0.237166246337142,0.200889639762023,0.140279459933373
905,0.650252758171119,0.278545025785751,0.244185541162083,0.243298519444439,0.178181472416481,0.140279459933373
807,0.642323774366231,0.269010148553487,0.303851718893881,0.178742307944130,0.198109430350217,0.150839880430613
571,0.543597713584787,0.386384998416716,0.352194131843378,0.338394673319409,0.232872971194181,0.194724220966719
740,0.602537880906253,0.211115838461421,0.211115838461421,0.233725581744281,0.140279459933373,0.186394027664835
846,0.638797087949753,0.269956905233921,0.274713840722163,0.273759486818862,0.183371292540019,0.198109430350217
774,0.623788627185174,0.232023448734304,0.247759640188542,0.192088479379025,0.189517281185082,0.144424803121843
976,0.598988114480156,0.309756707604237,0.285297304030371,0.258711437790672,0.183371292540019,0.202303599215116
270,0.471572446139952,0.177071557205383,0.174898448025698,0.204454144375473,0.140279459933373,0.140279459933373
740,0.640560644506718,0.276626749501763,0.269010148553487,0.279506090033501,0.191439626593958,0.150839880430613
699,0.606085249352797,0.238904240888872,0.236301613614802,0.200889639762023,0.160930368981928,0.140279459933373
669,0.610516199655431,0.200889639762023,0.252283020211930,0.216509434133377,0.175435913518267,0.153350162717428
874,0.648491465815105,0.255943411389996,0.269956905233921,0.273759486818862,0.160502026996677,0.211115838461421
352,0.564235724377818,0.290152214217331,0.290152214217331,0.266179795115631,0.231177046607856,0.203733362812729
337,0.440791745314472,0.188255890082703,0.185172899926102,0.208116557082828,0.157597013980819,0.167772573247934
340,0.427580548847338,0.165869963138432,0.187631241909896,0.196066256873814,0.140279459933373,0.140279459933373
159,0.410450927071570,0.149469410107982,0.192088479379025,0.140279459933373,0.171754154191287,0.158002143279100
750,0.598988114480156,0.238904240888872,0.206639944148685,0.206639944148685,0.140279459933373,0.158410531669826
807,0.620252184825136,0.293075998312143,0.26336509235663,0.266179795115631,0.202303599215116,0.196066256873814
1010,0.649372161207369,0.265239772398733,0.270905253648299,0.255024990396885,0.140279459933373,0.161797245314680
702,0.63703309779987,0.248659484023583,0.267121556704060,0.23977753355553,0.167291481291287,0.140279459933373
924,0.643205181411445,0.279506090033501,0.241532534498303,0.305818349289740,0.194724220966719,0.154470991130581
712,0.621136485069615,0.286266334773665,0.251373586915138,0.226992939983781,0.173835068385563,0.150839880430613
630,0.624672424998259,0.241532534498303,0.233725581744281,0.250466494772263,0.146548361254107,0.140279459933373
761,0.631738455286738,0.249561781327291,0.224521889216861,0.26336509235663,0.147497624383717,0.186394027664835
883,0.65113325749733,0.294052217151829,0.254108759679802,0.245967461561916,0.157195124574254,0.160930368981928
822,0.653774177471793,0.279506090033501,0.276626749501763,0.232023448734304,0.175977245746161,0.177624558944457
713,0.612287594171303,0.236301613614802,0.196743303664015,0.223704949036996,0.179875784505171,0.161362102255135
757,0.609630293401202,0.228656878414890,0.253194757033311,0.222081350052879,0.150492979148870,0.140279459933373
722,0.626439652176295,0.233725581744281,0.229493730258852,0.231177046607856,0.168257318749387,0.167291481291287
738,0.617598511353537,0.221274744825972,0.203016510694019,0.226992939983781,0.141602453589765,0.179875784505171
769,0.604311860230174,0.203016510694019,0.219672052767678,0.222081350052879,0.178181472416481,0.188884569174318
807,0.564235724377818,0.261497815323131,0.228656878414890,0.23033379664679,0.160502026996677,0.156400988328558
837,0.608744246353995,0.232023448734304,0.258711437790672,0.226165913043895,0.185172899926102,0.182190212262849
832,0.640560644506718,0.264301525715948,0.267121556704060,0.275669606701894,0.145622826217966,0.179875784505171
173,0.5390946884908,0.140279459933373,0.186394027664835,0.188255890082703,0.140279459933373,0.169237834303805
791,0.61494365721071,0.231177046607856,0.259638241659144,0.217294683481912,0.175435913518267,0.156796455796649
351,0.445487145704544,0.183967824035887,0.188255890082703,0.173309128978783,0.141066417195949,0.161797245314680
998,0.673116204346268,0.312714190948075,0.236301613614802,0.365932579194558,0.296985336054750,0.237166246337142
570,0.59454741884471,0.281431899695417,0.211875157547888,0.275669606701894,0.142423961905656,0.147178535004063
803,0.644967683931748,0.265239772398733,0.269956905233921,0.228656878414890,0.155233599845476,0.159237162188545
265,0.554380296765044,0.229493730258852,0.255943411389996,0.241532534498303,0.198109430350217,0.175435913518267
791,0.639678919993987,0.237166246337142,0.232023448734304,0.235439936165745,0.192088479379025,0.156400988328558
837,0.634386284250911,0.250466494772263,0.240653643199231,0.266179795115631,0.153350162717428,0.162235816543637
395,0.426633199381427,0.157597013980819,0.196743303664015,0.194059239855938,0.140279459933373,0.140279459933373
754,0.62555609967103,0.254108759679802,0.26336509235663,0.226165913043895,0.185172899926102,0.178742307944130
760,0.632621179272578,0.240653643199231,0.255024990396885,0.146862120354825,0.166814026627726,0.177071557205383
709,0.612287594171303,0.240653643199231,0.245075200706715,0.267121556704060,0.152982630801945,0.150492979148870
777,0.609630293401202,0.216509434133377,0.207376318697083,0.23033379664679,0.159655442358187,0.181605650010004
658,0.606085249352797,0.236301613614802,0.195393227873188,0.227823271636467,0.170736402643872,0.140279459933373
655,0.589213267095234,0.227823271636467,0.247759640188542,0.200889639762023,0.179875784505171,0.164024746412181
717,0.642323774366231,0.229493730258852,0.202303599215116,0.254108759679802,0.145928733232941,0.141066417195949
578,0.573173308757861,0.279506090033501,0.280468392646033,0.271855157449252,0.187010622123131,0.161362102255135
751,0.609630293401202,0.246862287018223,0.232023448734304,0.260567046745838,0.147819407725247,0.140279459933373
387,0.438910260048710,0.179875784505171,0.175435913518267,0.210360301592275,0.175435913518267,0.140279459933373
416,0.450170855356869,0.196743303664015,0.202303599215116,0.228656878414890,0.177071557205383,0.175977245746161
774,0.640560644506718,0.280468392646033,0.284329312589461,0.26336509235663,0.193398287644562,0.191439626593958
768,0.626439652176295,0.238904240888872,0.255943411389996,0.227823271636467,0.205907447843523,0.140279459933373
793,0.644086484322101,0.267121556704060,0.255024990396885,0.251373586915138,0.166814026627726,0.162235816543637
653,0.561550463611059,0.295029198942614,0.26806502014066,0.280468392646033,0.203016510694019,0.174364837136968
304,0.476195411202944,0.169733635746363,0.184568357977156,0.198109430350217,0.140279459933373,0.140279459933373
651,0.621136485069615,0.222081350052879,0.248659484023583,0.191439626593958,0.171243398019944,0.140279459933373
729,0.59454741884471,0.220471637257467,0.198109430350217,0.237166246337142,0.167291481291287,0.181605650010004
737,0.642323774366231,0.327528205863718,0.260567046745838,0.278545025785751,0.181025063276694,0.182190212262849
734,0.640560644506718,0.259638241659144,0.279506090033501,0.245967461561916,0.172268685450245,0.152618104976752
613,0.628206394540431,0.245075200706715,0.215727826366646,0.221274744825972,0.150839880430613,0.174364837136968
845,0.618483198986599,0.258711437790672,0.255943411389996,0.26806502014066,0.177071557205383,0.148471133452426
675,0.588323660284695,0.273759486818862,0.197424363331222,0.258711437790672,0.200188610986799,0.150839880430613
945,0.662571212990782,0.277585234113443,0.255024990396885,0.246862287018223,0.191439626593958,0.204454144375473
814,0.629089586309926,0.248659484023583,0.280468392646033,0.206639944148685,0.153720720340875,0.171243398019944
742,0.604311860230174,0.216509434133377,0.246862287018223,0.140279459933373,0.179875784505171,0.140279459933373
725,0.582982412426427,0.249561781327291,0.23033379664679,0.226992939983781,0.205178843545358,0.164480729737195
375,0.446424815327873,0.211875157547888,0.208860644258667,0.186394027664835,0.165403320798019,0.140279459933373
763,0.606085249352797,0.227823271636467,0.196743303664015,0.273759486818862,0.159237162188545,0.175435913518267
781,0.631738455286738,0.238033800236652,0.187631241909896,0.223704949036996,0.155619579790919,0.140279459933373
654,0.628206394540431,0.247759640188542,0.220471637257467,0.271855157449252,0.179307075461499,0.149469410107982
220,0.429473753439024,0.143266847840142,0.160077057692081,0.188255890082703,0.140279459933373,0.158822198286243
670,0.582982412426427,0.258711437790672,0.229493730258852,0.236301613614802,0.166814026627726,0.183371292540019
213,0.638797087949753,0.173309128978783,0.202303599215116,0.338394673319409,0.362994878061971,0.248659484023583
835,0.639678919993987,0.245967461561916,0.234581247743386,0.251373586915138,0.193398287644562,0.165869963138432
311,0.469720411442728,0.167772573247934,0.194059239855938,0.183967824035887,0.161362102255135,0.140279459933373
763,0.609630293401202,0.232023448734304,0.233725581744281,0.154850743467635,0.140279459933373,0.16634019279706
784,0.635268667058686,0.337407372460796,0.300905518027404,0.304834801321944,0.197424363331222,0.170736402643872
705,0.606971725447777,0.221274744825972,0.218876016213984,0.254108759679802,0.183967824035887,0.177624558944457
158,0.462295554374572,0.146862120354825,0.183967824035887,0.184568357977156,0.141066417195949,0.140279459933373
392,0.66608754581422,0.244185541162083,0.187010622123131,0.346286080835727,0.336419918223748,0.223704949036996
345,0.439851241970584,0.170736402643872,0.188884569174318,0.168745733831007,0.140279459933373,0.151189670120080
662,0.566024855998128,0.204454144375473,0.220471637257467,0.245075200706715,0.140279459933373,0.143552645462116
315,0.485411763012758,0.194059239855938,0.220471637257467,0.158002143279100,0.165403320798019,0.157597013980819
804,0.626439652176295,0.275669606701894,0.235439936165745,0.235439936165745,0.194724220966719,0.161362102255135
674,0.61405843859737,0.240653643199231,0.212638240623736,0.226992939983781,0.148801114525785,0.140279459933373
810,0.599875784998553,0.233725581744281,0.274713840722163,0.234581247743386,0.203733362812729,0.171243398019944
724,0.648491465815105,0.256863984839407,0.247759640188542,0.292100571713878,0.141066417195949,0.172787005806565
680,0.622020658211421,0.233725581744281,0.184568357977156,0.272806580486754,0.147178535004063,0.172268685450245
616,0.627323083479833,0.232023448734304,0.212638240623736,0.244185541162083,0.140279459933373,0.172268685450245
334,0.461365530470573,0.206639944148685,0.178181472416481,0.178181472416481,0.140279459933373,0.157597013980819
733,0.626439652176295,0.247759640188542,0.259638241659144,0.209608564537159,0.141602453589765,0.198798498578782
732,0.646729776551258,0.253194757033311,0.226992939983781,0.261497815323131,0.177624558944457,0.140279459933373
167,0.409494432911366,0.140279459933373,0.160077057692081,0.165869963138432,0.158410531669826,0.140279459933373
783,0.63703309779987,0.242414171861771,0.226992939983781,0.232872971194181,0.168257318749387,0.148471133452426
356,0.410450927071570,0.154094323280450,0.212638240623736,0.183967824035887,0.140279459933373,0.140279459933373
332,0.455776216619560,0.169733635746363,0.199491561253654,0.172268685450245,0.168257318749387,0.142423961905656
770,0.622020658211421,0.248659484023583,0.237166246337142,0.232872971194181,0.157195124574254,0.146237238572002
603,0.615828741507218,0.233725581744281,0.224521889216861,0.238033800236652,0.154094323280450,0.140279459933373
849,0.63703309779987,0.272806580486754,0.201594638931909,0.280468392646033,0.140279459933373,0.160077057692081
163,0.486331294331022,0.140279459933373,0.140279459933373,0.193398287644562,0.140279459933373,0.177624558944457
727,0.631738455286738,0.240653643199231,0.198798498578782,0.262430509724191,0.158410531669826,0.154850743467635
179,0.553483028327823,0.216509434133377,0.208860644258667,0.264301525715948,0.192088479379025,0.192741366843982
834,0.597212308466731,0.254108759679802,0.249561781327291,0.224521889216861,0.196743303664015,0.188884569174318
821,0.619367756469412,0.275669606701894,0.260567046745838,0.253194757033311,0.196743303664015,0.168257318749387
374,0.646729776551258,0.232023448734304,0.173835068385563,0.375697185802696,0.348256569656263,0.232872971194181
725,0.644086484322101,0.231177046607856,0.248659484023583,0.227823271636467,0.147497624383717,0.165869963138432
385,0.459504181093247,0.177624558944457,0.210360301592275,0.221274744825972,0.157195124574254,0.152982630801945
689,0.615828741507218,0.23977753355553,0.196066256873814,0.282396577544332,0.159655442358187,0.156008702799071
719,0.606971725447777,0.233725581744281,0.222081350052879,0.26336509235663,0.140279459933373,0.157597013980819
764,0.611401966215199,0.244185541162083,0.233725581744281,0.190794809258731,0.162235816543637,0.155233599845476
696,0.607858057407542,0.277585234113443,0.232872971194181,0.284329312589461,0.150839880430613,0.156400988328558
928,0.642323774366231,0.267121556704060,0.266179795115631,0.275669606701894,0.140279459933373,0.177624558944457
165,0.491840713366392,0.140279459933373,0.188884569174318,0.154850743467635,0.140279459933373,0.140279459933373
753,0.634386284250911,0.257786672914962,0.233725581744281,0.304834801321944,0.140279459933373,0.169733635746363
795,0.608744246353995,0.227823271636467,0.192741366843982,0.220471637257467,0.158822198286243,0.152618104976752
703,0.622904705251892,0.269010148553487,0.247759640188542,0.160930368981928,0.188884569174318,0.181025063276694
1009,0.674872565393281,0.174898448025698,0.140279459933373,0.659053485350326,0.71606756116802,0.548993245617665
163,0.483571570595327,0.140279459933373,0.168257318749387,0.221274744825972,0.150492979148870,0.140279459933373
849,0.636150937944643,0.252283020211930,0.226165913043895,0.265239772398733,0.171754154191287,0.175977245746161
387,0.458572851358513,0.169733635746363,0.177624558944457,0.236301613614802,0.156796455796649,0.146548361254107
765,0.620252184825136,0.242414171861771,0.255024990396885,0.258711437790672,0.164480729737195,0.151189670120080
406,0.426633199381427,0.176522456496951,0.156400988328558,0.185781454960399,0.169237834303805,0.154094323280450
700,0.601650667029677,0.261497815323131,0.233725581744281,0.242414171861771,0.238033800236652,0.187631241909896
726,0.615828741507218,0.226992939983781,0.234581247743386,0.246862287018223,0.172787005806565,0.143552645462116
370,0.602537880906253,0.311728055196152,0.273759486818862,0.295029198942614,0.222081350052879,0.172787005806565
788,0.600763302119727,0.215727826366646,0.173835068385563,0.272806580486754,0.159655442358187,0.147497624383717
557,0.556174158820723,0.272806580486754,0.226165913043895,0.238033800236652,0.171754154191287,0.140279459933373
822,0.606971725447777,0.297964434643167,0.252283020211930,0.256863984839407,0.196066256873814,0.159237162188545
672,0.602537880906253,0.23033379664679,0.167772573247934,0.242414171861771,0.160502026996677,0.179307075461499
846,0.626439652176295,0.260567046745838,0.273759486818862,0.26806502014066,0.158410531669826,0.155233599845476
938,0.645848781067736,0.260567046745838,0.282396577544332,0.157195124574254,0.199491561253654,0.199491561253654
817,0.644086484322101,0.254108759679802,0.241532534498303,0.274713840722163,0.177071557205383,0.167291481291287
228,0.549891666487745,0.264301525715948,0.246862287018223,0.222081350052879,0.174364837136968,0.151542367809210
762,0.662571212990782,0.255024990396885,0.242414171861771,0.232023448734304,0.140279459933373,0.140279459933373
709,0.61405843859737,0.23977753355553,0.196743303664015,0.241532534498303,0.169733635746363,0.140279459933373
845,0.638797087949753,0.289179343702615,0.23033379664679,0.277585234113443,0.140279459933373,0.161797245314680
768,0.623788627185174,0.248659484023583,0.243298519444439,0.235439936165745,0.187631241909896,0.16357228121085
851,0.652893966371437,0.255943411389996,0.238033800236652,0.279506090033501,0.181605650010004,0.140279459933373
706,0.611401966215199,0.199491561253654,0.174364837136968,0.215727826366646,0.160930368981928,0.168257318749387
835,0.600763302119727,0.221274744825972,0.219672052767678,0.213405068833102,0.140279459933373,0.175435913518267
824,0.635268667058686,0.235439936165745,0.222891426963376,0.221274744825972,0.149807763529887,0.165403320798019
616,0.601650667029677,0.222081350052879,0.204454144375473,0.233725581744281,0.158410531669826,0.154850743467635
854,0.59454741884471,0.319623752397046,0.234581247743386,0.309756707604237,0.222081350052879,0.190154027575454
803,0.607858057407542,0.247759640188542,0.264301525715948,0.200188610986799,0.190794809258731,0.140279459933373
880,0.650252758171119,0.291125967010989,0.252283020211930,0.281431899695417,0.189517281185082,0.169237834303805
345,0.457641082102348,0.159237162188545,0.195393227873188,0.200188610986799,0.140279459933373,0.148471133452426
690,0.629972659733243,0.252283020211930,0.260567046745838,0.216509434133377,0.174364837136968,0.155619579790919
684,0.621136485069615,0.248659484023583,0.238904240888872,0.208860644258667,0.165403320798019,0.178742307944130
799,0.644967683931748,0.249561781327291,0.257786672914962,0.246862287018223,0.162677834203278,0.140279459933373
837,0.644086484322101,0.248659484023583,0.231177046607856,0.182778757451073,0.168745733831007,0.198798498578782
689,0.600763302119727,0.226165913043895,0.169237834303805,0.26806502014066,0.140279459933373,0.178742307944130
1005,0.661691913619881,0.276626749501763,0.261497815323131,0.222081350052879,0.208860644258667,0.174898448025698
961,0.673116204346268,0.26806502014066,0.255024990396885,0.251373586915138,0.155619579790919,0.153350162717428
874,0.615828741507218,0.225342219919308,0.227823271636467,0.242414171861771,0.153350162717428,0.213405068833102
817,0.627323083479833,0.323575487390111,0.287236372741756,0.307786743279463,0.174898448025698,0.140279459933373
728,0.620252184825136,0.210360301592275,0.241532534498303,0.240653643199231,0.151897993103576,0.143266847840142
313,0.619367756469412,0.241532534498303,0.195393227873188,0.288207386188063,0.205178843545358,0.156796455796649
741,0.609630293401202,0.275669606701894,0.249561781327291,0.161362102255135,0.185172899926102,0.169733635746363
672,0.603424944919196,0.232023448734304,0.224521889216861,0.225342219919308,0.144131604573628,0.177624558944457
824,0.632621179272578,0.243298519444439,0.247759640188542,0.238904240888872,0.152256565618780,0.140279459933373
726,0.635268667058686,0.267121556704060,0.213405068833102,0.226992939983781,0.140801836156987,0.155233599845476
897,0.633503788623644,0.271855157449252,0.208116557082828,0.257786672914962,0.172787005806565,0.188884569174318
296,0.474347434968947,0.179875784505171,0.164024746412181,0.233725581744281,0.140279459933373,0.201594638931909
639,0.59454741884471,0.245075200706715,0.249561781327291,0.252283020211930,0.151189670120080,0.141873944585676
772,0.638797087949753,0.259638241659144,0.251373586915138,0.269010148553487,0.147178535004063,0.140279459933373
806,0.622904705251892,0.258711437790672,0.218083551882790,0.220471637257467,0.164480729737195,0.156796455796649
379,0.452041119617036,0.170736402643872,0.170736402643872,0.217294683481912,0.140279459933373,0.140279459933373
838,0.610516199655431,0.255024990396885,0.245967461561916,0.244185541162083,0.144131604573628,0.190154027575454
783,0.631738455286738,0.258711437790672,0.273759486818862,0.203733362812729,0.168257318749387,0.183967824035887
208,0.43702685358426,0.200188610986799,0.216509434133377,0.208860644258667,0.178181472416481,0.188255890082703
825,0.638797087949753,0.257786672914962,0.223704949036996,0.269956905233921,0.147819407725247,0.154850743467635
668,0.613173084606865,0.219672052767678,0.248659484023583,0.191439626593958,0.156008702799071,0.147178535004063
689,0.606971725447777,0.26806502014066,0.272806580486754,0.208860644258667,0.182190212262849,0.140279459933373
176,0.451106215483896,0.140279459933373,0.140279459933373,0.599875784998553,0.653774177471793,0.483571570595327
952,0.642323774366231,0.254108759679802,0.227823271636467,0.278545025785751,0.150148946700048,0.180448444205294
793,0.65113325749733,0.281431899695417,0.286266334773665,0.211875157547888,0.187631241909896,0.175977245746161
201,0.566919113760625,0.150492979148870,0.181605650010004,0.217294683481912,0.140279459933373,0.173309128978783
671,0.581200590507501,0.276626749501763,0.300905518027404,0.272806580486754,0.205907447843523,0.175435913518267
182,0.490005705397473,0.188255890082703,0.156008702799071,0.185172899926102,0.161362102255135,0.197424363331222
668,0.602537880906253,0.23033379664679,0.242414171861771,0.238904240888872,0.161362102255135,0.149807763529887
739,0.61494365721071,0.224521889216861,0.228656878414890,0.242414171861771,0.148143904307162,0.140279459933373
314,0.407579902497849,0.148801114525785,0.150148946700048,0.201594638931909,0.140279459933373,0.140801836156987
722,0.610516199655431,0.218876016213984,0.255024990396885,0.280468392646033,0.140279459933373,0.140279459933373
815,0.640560644506718,0.26336509235663,0.233725581744281,0.274713840722163,0.175435913518267,0.140279459933373
662,0.590102705627282,0.269956905233921,0.255943411389996,0.274713840722163,0.151542367809210,0.156008702799071
574,0.569600673082815,0.232023448734304,0.191439626593958,0.238904240888872,0.172787005806565,0.148801114525785
804,0.622904705251892,0.218876016213984,0.251373586915138,0.217294683481912,0.172268685450245,0.165869963138432
701,0.608744246353995,0.223704949036996,0.222891426963376,0.241532534498303,0.187631241909896,0.172268685450245
724,0.598100289370352,0.220471637257467,0.241532534498303,0.168745733831007,0.149469410107982,0.140279459933373
785,0.621136485069615,0.247759640188542,0.237166246337142,0.222891426963376,0.167291481291287,0.185172899926102
623,0.574065981658382,0.190154027575454,0.222891426963376,0.192741366843982,0.154850743467635,0.140279459933373
867,0.653774177471793,0.26806502014066,0.286266334773665,0.277585234113443,0.170736402643872,0.156008702799071
608,0.623788627185174,0.23033379664679,0.222891426963376,0.266179795115631,0.161362102255135,0.147497624383717
791,0.656414246618719,0.255024990396885,0.242414171861771,0.249561781327291,0.150839880430613,0.142423961905656
835,0.638797087949753,0.249561781327291,0.267121556704060,0.235439936165745,0.186394027664835,0.171243398019944
743,0.610516199655431,0.253194757033311,0.234581247743386,0.282396577544332,0.167291481291287,0.180448444205294
697,0.613173084606865,0.224521889216861,0.179307075461499,0.254108759679802,0.172787005806565,0.140279459933373
463,0.426633199381427,0.184568357977156,0.197424363331222,0.155619579790919,0.154470991130581,0.140279459933373
714,0.597212308466731,0.241532534498303,0.257786672914962,0.259638241659144,0.157195124574254,0.165403320798019
729,0.654654294039608,0.253194757033311,0.249561781327291,0.202303599215116,0.156796455796649,0.197424363331222
732,0.603424944919196,0.222891426963376,0.23977753355553,0.234581247743386,0.140279459933373,0.140279459933373
886,0.695049586089508,0.299924552865763,0.303851718893881,0.255943411389996,0.184568357977156,0.178742307944130
665,0.616713692539713,0.205907447843523,0.211115838461421,0.252283020211930,0.151897993103576,0.177624558944457
732,0.624672424998259,0.242414171861771,0.232872971194181,0.258711437790672,0.140279459933373,0.151542367809210
767,0.639678919993987,0.256863984839407,0.266179795115631,0.214175622695954,0.191439626593958,0.229493730258852
708,0.600763302119727,0.224521889216861,0.212638240623736,0.23977753355553,0.144131604573628,0.154470991130581
704,0.618483198986599,0.226165913043895,0.226165913043895,0.218083551882790,0.167291481291287,0.142147774681471
878,0.628206394540431,0.221274744825972,0.222081350052879,0.222891426963376,0.140279459933373,0.168745733831007
580,0.635268667058686,0.33543232376894,0.308771540986705,0.323575487390111,0.240653643199231,0.158002143279100
739,0.613173084606865,0.224521889216861,0.214949882112267,0.260567046745838,0.140279459933373,0.140279459933373
614,0.586543936638165,0.225342219919308,0.214175622695954,0.254108759679802,0.140279459933373,0.152982630801945
804,0.634386284250911,0.226992939983781,0.271855157449252,0.209608564537159,0.167291481291287,0.140279459933373
620,0.621136485069615,0.240653643199231,0.212638240623736,0.220471637257467,0.169237834303805,0.154470991130581
828,0.640560644506718,0.224521889216861,0.257786672914962,0.228656878414890,0.143266847840142,0.140279459933373
884,0.589213267095234,0.246862287018223,0.251373586915138,0.199491561253654,0.193398287644562,0.169733635746363
696,0.610516199655431,0.205178843545358,0.190794809258731,0.224521889216861,0.175435913518267,0.165403320798019
730,0.628206394540431,0.241532534498303,0.272806580486754,0.175435913518267,0.179875784505171,0.177624558944457
755,0.610516199655431,0.217294683481912,0.248659484023583,0.215727826366646,0.155233599845476,0.162235816543637
704,0.596324170558622,0.255943411389996,0.217294683481912,0.269956905233921,0.140279459933373,0.168257318749387
858,0.649372161207369,0.232023448734304,0.257786672914962,0.208860644258667,0.151897993103576,0.140279459933373
806,0.638797087949753,0.251373586915138,0.196066256873814,0.256863984839407,0.140279459933373,0.169733635746363
707,0.645848781067736,0.245967461561916,0.234581247743386,0.190794809258731,0.181605650010004,0.170736402643872
384,0.428527399760189,0.147497624383717,0.155233599845476,0.223704949036996,0.140279459933373,0.174898448025698
872,0.632621179272578,0.209608564537159,0.191439626593958,0.288207386188063,0.161797245314680,0.140279459933373
512,0.526451579334568,0.232872971194181,0.23033379664679,0.261497815323131,0.177071557205383,0.145018731380577
783,0.622904705251892,0.256863984839407,0.213405068833102,0.283362392853609,0.146862120354825,0.176522456496951
712,0.608744246353995,0.283362392853609,0.269956905233921,0.261497815323131,0.173835068385563,0.180448444205294
724,0.617598511353537,0.238033800236652,0.219672052767678,0.267121556704060,0.157195124574254,0.147178535004063
695,0.618483198986599,0.232872971194181,0.227823271636467,0.219672052767678,0.157195124574254,0.140279459933373
719,0.569600673082815,0.301887051542692,0.242414171861771,0.265239772398733,0.160502026996677,0.204454144375473
704,0.608744246353995,0.237166246337142,0.231177046607856,0.247759640188542,0.186394027664835,0.159237162188545
781,0.579418047575081,0.216509434133377,0.141333283747465,0.247759640188542,0.161797245314680,0.143552645462116
943,0.598988114480156,0.248659484023583,0.221274744825972,0.232872971194181,0.140279459933373,0.140279459933373
587,0.604311860230174,0.218876016213984,0.205907447843523,0.254108759679802,0.157597013980819,0.181605650010004
713,0.61405843859737,0.232023448734304,0.223704949036996,0.228656878414890,0.164940248736627,0.165403320798019
714,0.604311860230174,0.201594638931909,0.255943411389996,0.198798498578782,0.140279459933373,0.144424803121843
882,0.636150937944643,0.247759640188542,0.269010148553487,0.216509434133377,0.16634019279706,0.152618104976752
855,0.606971725447777,0.223704949036996,0.23033379664679,0.244185541162083,0.161797245314680,0.194059239855938
753,0.630855615748439,0.244185541162083,0.245075200706715,0.232872971194181,0.177071557205383,0.176522456496951
191,0.545397189457851,0.149469410107982,0.141066417195949,0.215727826366646,0.140279459933373,0.140279459933373
175,0.527356424038935,0.140279459933373,0.166814026627726,0.157195124574254,0.172268685450245,0.187631241909896
667,0.630855615748439,0.202303599215116,0.198798498578782,0.227823271636467,0.156008702799071,0.154094323280450
797,0.633503788623644,0.273759486818862,0.257786672914962,0.257786672914962,0.198109430350217,0.188884569174318
770,0.633503788623644,0.255943411389996,0.232023448734304,0.257786672914962,0.140279459933373,0.146237238572002
725,0.608744246353995,0.226165913043895,0.257786672914962,0.175435913518267,0.181025063276694,0.174364837136968
786,0.617598511353537,0.220471637257467,0.264301525715948,0.184568357977156,0.154470991130581,0.140279459933373
784,0.652893966371437,0.292100571713878,0.281431899695417,0.257786672914962,0.174898448025698,0.177071557205383
666,0.59099197716754,0.245967461561916,0.224521889216861,0.273759486818862,0.140279459933373,0.149469410107982
858,0.621136485069615,0.222891426963376,0.218083551882790,0.225342219919308,0.172268685450245,0.140279459933373
744,0.629972659733243,0.229493730258852,0.214175622695954,0.262430509724191,0.146862120354825,0.215727826366646
386,0.434198112267997,0.161797245314680,0.176522456496951,0.177624558944457,0.140279459933373,0.140279459933373
784,0.606085249352797,0.237166246337142,0.251373586915138,0.238904240888872,0.146862120354825,0.144131604573628
822,0.628206394540431,0.240653643199231,0.245075200706715,0.260567046745838,0.152256565618780,0.140279459933373
171,0.482650905054512,0.159237162188545,0.140279459933373,0.218083551882790,0.169733635746363,0.140279459933373
741,0.648491465815105,0.260567046745838,0.205907447843523,0.236301613614802,0.147497624383717,0.177624558944457
783,0.613173084606865,0.244185541162083,0.181605650010004,0.250466494772263,0.170233153496669,0.182778757451073
805,0.638797087949753,0.296006914761259,0.305818349289740,0.222891426963376,0.226992939983781,0.140279459933373
850,0.654654294039608,0.267121556704060,0.240653643199231,0.238904240888872,0.195393227873188,0.159655442358187
815,0.634386284250911,0.250466494772263,0.229493730258852,0.252283020211930,0.160502026996677,0.170736402643872
884,0.652893966371437,0.291125967010989,0.214175622695954,0.274713840722163,0.160502026996677,0.187010622123131
347,0.407579902497849,0.140279459933373,0.165403320798019,0.172268685450245,0.150492979148870,0.171754154191287
761,0.604311860230174,0.235439936165745,0.218083551882790,0.217294683481912,0.143840891542185,0.176522456496951
767,0.653774177471793,0.287236372741756,0.274713840722163,0.287236372741756,0.165869963138432,0.140279459933373
765,0.598100289370352,0.255024990396885,0.249561781327291,0.259638241659144,0.149133866930996,0.171754154191287
366,0.477118801080669,0.173309128978783,0.222081350052879,0.196066256873814,0.140279459933373,0.140279459933373
689,0.596324170558622,0.207376318697083,0.234581247743386,0.183371292540019,0.160930368981928,0.147819407725247
823,0.619367756469412,0.299924552865763,0.267121556704060,0.302869127130412,0.16634019279706,0.189517281185082
809,0.606971725447777,0.267121556704060,0.232872971194181,0.251373586915138,0.158822198286243,0.181025063276694
759,0.642323774366231,0.231177046607856,0.278545025785751,0.177071557205383,0.178742307944130,0.145928733232941
793,0.604311860230174,0.249561781327291,0.182778757451073,0.271855157449252,0.164940248736627,0.192088479379025
689,0.653774177471793,0.255943411389996,0.219672052767678,0.246862287018223,0.149469410107982,0.154850743467635
751,0.65113325749733,0.222081350052879,0.232023448734304,0.245075200706715,0.155233599845476,0.140279459933373
804,0.638797087949753,0.259638241659144,0.295029198942614,0.240653643199231,0.177071557205383,0.141873944585676
343,0.611401966215199,0.204454144375473,0.211875157547888,0.287236372741756,0.279506090033501,0.203733362812729
380,0.442671323317129,0.156008702799071,0.165869963138432,0.211115838461421,0.145018731380577,0.145018731380577
700,0.599875784998553,0.218876016213984,0.223704949036996,0.262430509724191,0.146237238572002,0.209608564537159
821,0.638797087949753,0.242414171861771,0.216509434133377,0.23033379664679,0.170736402643872,0.144131604573628
757,0.620252184825136,0.213405068833102,0.253194757033311,0.220471637257467,0.170233153496669,0.183371292540019
890,0.630855615748439,0.260567046745838,0.220471637257467,0.254108759679802,0.192088479379025,0.160502026996677
684,0.648491465815105,0.258711437790672,0.251373586915138,0.234581247743386,0.144720505822661,0.140279459933373
780,0.645848781067736,0.258711437790672,0.232872971194181,0.23033379664679,0.192088479379025,0.156008702799071
674,0.595435874427052,0.218083551882790,0.220471637257467,0.250466494772263,0.140279459933373,0.150492979148870
761,0.620252184825136,0.255943411389996,0.218876016213984,0.257786672914962,0.158822198286243,0.145018731380577
820,0.641442262346675,0.262430509724191,0.245967461561916,0.275669606701894,0.147497624383717,0.194724220966719
766,0.611401966215199,0.259638241659144,0.246862287018223,0.278545025785751,0.185781454960399,0.218083551882790
701,0.634386284250911,0.23033379664679,0.222081350052879,0.207376318697083,0.147497624383717,0.154850743467635
569,0.571387382661058,0.224521889216861,0.229493730258852,0.231177046607856,0.187631241909896,0.152618104976752
819,0.622020658211421,0.227823271636467,0.238904240888872,0.214949882112267,0.178181472416481,0.145319498566922
734,0.622020658211421,0.242414171861771,0.218876016213984,0.247759640188542,0.211115838461421,0.231177046607856
779,0.613173084606865,0.247759640188542,0.218083551882790,0.248659484023583,0.194724220966719,0.140279459933373
524,0.511024591546248,0.255024990396885,0.23033379664679,0.203733362812729,0.141333283747465,0.167772573247934
193,0.363974517009122,0.197424363331222,0.194059239855938,0.237166246337142,0.147178535004063,0.196743303664015
698,0.597212308466731,0.236301613614802,0.188884569174318,0.203733362812729,0.162677834203278,0.165403320798019
166,0.453909567952752,0.140279459933373,0.140279459933373,0.628206394540431,0.679262118185675,0.506470348170507
713,0.604311860230174,0.217294683481912,0.222891426963376,0.243298519444439,0.140279459933373,0.157195124574254
833,0.669602528491819,0.277585234113443,0.249561781327291,0.296985336054750,0.170736402643872,0.225342219919308
812,0.656414246618719,0.332468835480985,0.302869127130412,0.247759640188542,0.210360301592275,0.173309128978783
330,0.423788147113161,0.205178843545358,0.205907447843523,0.154470991130581,0.154094323280450,0.170736402643872
873,0.615828741507218,0.255943411389996,0.252283020211930,0.183371292540019,0.197424363331222,0.202303599215116
791,0.599875784998553,0.290152214217331,0.236301613614802,0.271855157449252,0.176522456496951,0.143552645462116
439,0.418084423539314,0.148801114525785,0.198798498578782,0.203733362812729,0.144424803121843,0.140279459933373
846,0.606085249352797,0.244185541162083,0.249561781327291,0.188255890082703,0.188255890082703,0.172268685450245
632,0.592770024376564,0.197424363331222,0.194724220966719,0.242414171861771,0.156400988328558,0.152982630801945
798,0.632621179272578,0.253194757033311,0.224521889216861,0.173835068385563,0.164480729737195,0.156796455796649
651,0.596324170558622,0.222081350052879,0.23033379664679,0.23033379664679,0.189517281185082,0.150148946700048
775,0.644967683931748,0.240653643199231,0.261497815323131,0.205907447843523,0.160077057692081,0.194059239855938
811,0.604311860230174,0.219672052767678,0.251373586915138,0.235439936165745,0.159237162188545,0.177071557205383
204,0.591881082994116,0.140279459933373,0.188255890082703,0.221274744825972,0.145622826217966,0.153720720340875
648,0.591881082994116,0.235439936165745,0.218876016213984,0.278545025785751,0.197424363331222,0.169733635746363
723,0.601650667029677,0.232023448734304,0.253194757033311,0.199491561253654,0.141873944585676,0.192088479379025
803,0.65201365997105,0.295029198942614,0.255943411389996,0.32159942528535,0.212638240623736,0.185781454960399
336,0.453909567952752,0.172268685450245,0.198109430350217,0.205907447843523,0.161362102255135,0.140279459933373
641,0.566024855998128,0.287236372741756,0.265239772398733,0.171243398019944,0.200188610986799,0.163123316426449
773,0.613173084606865,0.238033800236652,0.189517281185082,0.245967461561916,0.155233599845476,0.197424363331222
772,0.622020658211421,0.244185541162083,0.242414171861771,0.255024990396885,0.171243398019944,0.148471133452426
186,0.547195695509664,0.156796455796649,0.140279459933373,0.193398287644562,0.140279459933373,0.156008702799071
905,0.63703309779987,0.288207386188063,0.287236372741756,0.258711437790672,0.153350162717428,0.160502026996677
957,0.641442262346675,0.241532534498303,0.269010148553487,0.284329312589461,0.160077057692081,0.149807763529887
936,0.66608754581422,0.381534098529382,0.366910990862085,0.36005360357005,0.211115838461421,0.153720720340875
312,0.375697185802696,0.145018731380577,0.192088479379025,0.166814026627726,0.140279459933373,0.145928733232941
701,0.591881082994116,0.229493730258852,0.227823271636467,0.202303599215116,0.164024746412181,0.140279459933373
740,0.593658802575914,0.266179795115631,0.207376318697083,0.253194757033311,0.149807763529887,0.171754154191287
660,0.589213267095234,0.215727826366646,0.154850743467635,0.251373586915138,0.175435913518267,0.155619579790919
706,0.595435874427052,0.292100571713878,0.26336509235663,0.294052217151829,0.218876016213984,0.162235816543637
792,0.646729776551258,0.299924552865763,0.296006914761259,0.262430509724191,0.183967824035887,0.146237238572002
840,0.636150937944643,0.249561781327291,0.283362392853609,0.168257318749387,0.159655442358187,0.196743303664015
580,0.628206394540431,0.236301613614802,0.174364837136968,0.255943411389996,0.208860644258667,0.161362102255135
764,0.606971725447777,0.232872971194181,0.226165913043895,0.26806502014066,0.171754154191287,0.140279459933373
850,0.636150937944643,0.244185541162083,0.234581247743386,0.202303599215116,0.171754154191287,0.189517281185082
778,0.624672424998259,0.238033800236652,0.158822198286243,0.287236372741756,0.140279459933373,0.158822198286243
243,0.459504181093247,0.178742307944130,0.184568357977156,0.165869963138432,0.175435913518267,0.179307075461499
659,0.639678919993987,0.266179795115631,0.222081350052879,0.305818349289740,0.140279459933373,0.163123316426449
806,0.647610671197383,0.23977753355553,0.222891426963376,0.277585234113443,0.177071557205383,0.14298348025674
750,0.609630293401202,0.242414171861771,0.238033800236652,0.241532534498303,0.155233599845476,0.157195124574254
759,0.622904705251892,0.240653643199231,0.245075200706715,0.247759640188542,0.179875784505171,0.185172899926102
304,0.428527399760189,0.180448444205294,0.190794809258731,0.181025063276694,0.140279459933373,0.140279459933373
636,0.524641044535778,0.313700605163659,0.286266334773665,0.252283020211930,0.206639944148685,0.146548361254107
495,0.448298759169222,0.182190212262849,0.193398287644562,0.175977245746161,0.170736402643872,0.159655442358187
698,0.608744246353995,0.242414171861771,0.199491561253654,0.252283020211930,0.196743303664015,0.150148946700048
552,0.57585075439854,0.217294683481912,0.205178843545358,0.228656878414890,0.167291481291287,0.171243398019944
707,0.59454741884471,0.253194757033311,0.224521889216861,0.202303599215116,0.185172899926102,0.140279459933373
856,0.635268667058686,0.260567046745838,0.247759640188542,0.231177046607856,0.174898448025698,0.162235816543637
229,0.440791745314472,0.303851718893881,0.279506090033501,0.362994878061971,0.33543232376894,0.244185541162083
652,0.619367756469412,0.212638240623736,0.252283020211930,0.23033379664679,0.145928733232941,0.165869963138432
823,0.627323083479833,0.235439936165745,0.255943411389996,0.232023448734304,0.141873944585676,0.173835068385563
849,0.639678919993987,0.276626749501763,0.259638241659144,0.253194757033311,0.173309128978783,0.151189670120080
787,0.596324170558622,0.245075200706715,0.224521889216861,0.232872971194181,0.198798498578782,0.151189670120080
720,0.628206394540431,0.243298519444439,0.222891426963376,0.227823271636467,0.173309128978783,0.178742307944130
836,0.622020658211421,0.279506090033501,0.265239772398733,0.254108759679802,0.221274744825972,0.208860644258667
165,0.464154311336516,0.170736402643872,0.16357228121085,0.203733362812729,0.158822198286243,0.156008702799071
652,0.645848781067736,0.278545025785751,0.243298519444439,0.272806580486754,0.172787005806565,0.163123316426449
778,0.61494365721071,0.186394027664835,0.237166246337142,0.208860644258667,0.151542367809210,0.153350162717428
218,0.644086484322101,0.169733635746363,0.198798498578782,0.333456768437105,0.328516409471957,0.205178843545358
829,0.659053485350326,0.282396577544332,0.278545025785751,0.246862287018223,0.190154027575454,0.140279459933373
173,0.524641044535778,0.147497624383717,0.140279459933373,0.197424363331222,0.140279459933373,0.140279459933373
176,0.607858057407542,0.365932579194558,0.32950458986508,0.289179343702615,0.176522456496951,0.168745733831007
771,0.617598511353537,0.232023448734304,0.26336509235663,0.214949882112267,0.179307075461499,0.162677834203278
654,0.598988114480156,0.218083551882790,0.201594638931909,0.256863984839407,0.140279459933373,0.165869963138432
917,0.68715866078394,0.285297304030371,0.302869127130412,0.363974517009122,0.245967461561916,0.205178843545358
818,0.620252184825136,0.269010148553487,0.187010622123131,0.255943411389996,0.188884569174318,0.165403320798019
207,0.581200590507501,0.175977245746161,0.203016510694019,0.222891426963376,0.185172899926102,0.187010622123131
706,0.653774177471793,0.258711437790672,0.229493730258852,0.282396577544332,0.148143904307162,0.152256565618780
717,0.606971725447777,0.223704949036996,0.215727826366646,0.253194757033311,0.196066256873814,0.173309128978783
718,0.624672424998259,0.220471637257467,0.238033800236652,0.255943411389996,0.180448444205294,0.150839880430613
750,0.630855615748439,0.289179343702615,0.26336509235663,0.228656878414890,0.165403320798019,0.168257318749387
765,0.607858057407542,0.248659484023583,0.237166246337142,0.274713840722163,0.177071557205383,0.16634019279706
341,0.588323660284695,0.318636108753548,0.269956905233921,0.338394673319409,0.211875157547888,0.185172899926102
862,0.645848781067736,0.248659484023583,0.227823271636467,0.284329312589461,0.148801114525785,0.144720505822661
912,0.631738455286738,0.259638241659144,0.279506090033501,0.255024990396885,0.192088479379025,0.200188610986799
716,0.622904705251892,0.256863984839407,0.236301613614802,0.235439936165745,0.140539522938054,0.162235816543637
688,0.590102705627282,0.307786743279463,0.306802338059224,0.269956905233921,0.231177046607856,0.168745733831007
651,0.613173084606865,0.307786743279463,0.308771540986705,0.304834801321944,0.189517281185082,0.157597013980819
159,0.457641082102348,0.16357228121085,0.140279459933373,0.218083551882790,0.150839880430613,0.185781454960399
875,0.621136485069615,0.243298519444439,0.216509434133377,0.265239772398733,0.165403320798019,0.147819407725247
398,0.429473753439024,0.182778757451073,0.198798498578782,0.219672052767678,0.140279459933373,0.140279459933373
678,0.61405843859737,0.237166246337142,0.206639944148685,0.270905253648299,0.157597013980819,0.188884569174318
800,0.611401966215199,0.249561781327291,0.240653643199231,0.240653643199231,0.160930368981928,0.171243398019944
774,0.653774177471793,0.248659484023583,0.229493730258852,0.232872971194181,0.188255890082703,0.161362102255135
853,0.662571212990782,0.273759486818862,0.258711437790672,0.273759486818862,0.167772573247934,0.196066256873814
695,0.592770024376564,0.297964434643167,0.293075998312143,0.233725581744281,0.176522456496951,0.185781454960399
327,0.668723907006677,0.233725581744281,0.140279459933373,0.596324170558622,0.65201365997105,0.481729856995562
407,0.603424944919196,0.362014841934518,0.348256569656263,0.327528205863718,0.231177046607856,0.195393227873188
757,0.61405843859737,0.225342219919308,0.193398287644562,0.241532534498303,0.169237834303805,0.150839880430613
819,0.646729776551258,0.256863984839407,0.226165913043895,0.265239772398733,0.182778757451073,0.202303599215116
731,0.599875784998553,0.248659484023583,0.190154027575454,0.26336509235663,0.140279459933373,0.160502026996677
802,0.624672424998259,0.264301525715948,0.247759640188542,0.238904240888872,0.175435913518267,0.171243398019944
752,0.660812526368302,0.281431899695417,0.202303599215116,0.279506090033501,0.151542367809210,0.168257318749387
760,0.621136485069615,0.246862287018223,0.190154027575454,0.281431899695417,0.149469410107982,0.167291481291287
805,0.664329550930648,0.26806502014066,0.221274744825972,0.259638241659144,0.180448444205294,0.142147774681471
732,0.629089586309926,0.249561781327291,0.207376318697083,0.221274744825972,0.184568357977156,0.198109430350217
843,0.666966416344732,0.241532534498303,0.267121556704060,0.278545025785751,0.174364837136968,0.174364837136968
746,0.645848781067736,0.250466494772263,0.259638241659144,0.260567046745838,0.164024746412181,0.187631241909896
279,0.589213267095234,0.196066256873814,0.189517281185082,0.240653643199231,0.154094323280450,0.182778757451073
724,0.61405843859737,0.253194757033311,0.208860644258667,0.259638241659144,0.165403320798019,0.153350162717428
189,0.551687808366613,0.151189670120080,0.140279459933373,0.203016510694019,0.140279459933373,0.188255890082703
416,0.486331294331022,0.195393227873188,0.215727826366646,0.156796455796649,0.166814026627726,0.149133866930996
906,0.640560644506718,0.342342090635241,0.314687276192053,0.317648619366148,0.246862287018223,0.188884569174318
701,0.606971725447777,0.242414171861771,0.219672052767678,0.225342219919308,0.175977245746161,0.150148946700048
901,0.584763524220902,0.296985336054750,0.266179795115631,0.238904240888872,0.180448444205294,0.183371292540019
777,0.617598511353537,0.259638241659144,0.223704949036996,0.309756707604237,0.154470991130581,0.211115838461421
708,0.610516199655431,0.234581247743386,0.23977753355553,0.210360301592275,0.150148946700048,0.173309128978783
873,0.641442262346675,0.236301613614802,0.262430509724191,0.287236372741756,0.144424803121843,0.200188610986799
723,0.604311860230174,0.211115838461421,0.255943411389996,0.23033379664679,0.176522456496951,0.168745733831007
770,0.639678919993987,0.271855157449252,0.261497815323131,0.265239772398733,0.172787005806565,0.142702524367706
772,0.622020658211421,0.262430509724191,0.271855157449252,0.23033379664679,0.210360301592275,0.201594638931909
803,0.647610671197383,0.283362392853609,0.281431899695417,0.198798498578782,0.199491561253654,0.159237162188545
321,0.436084425669404,0.198798498578782,0.194724220966719,0.199491561253654,0.159237162188545,0.173835068385563
729,0.601650667029677,0.236301613614802,0.193398287644562,0.253194757033311,0.178181472416481,0.151542367809210
884,0.646729776551258,0.269956905233921,0.274713840722163,0.189517281185082,0.224521889216861,0.168745733831007
542,0.566919113760625,0.261497815323131,0.267121556704060,0.223704949036996,0.170233153496669,0.151189670120080
309,0.6678452031824,0.252283020211930,0.172787005806565,0.36005360357005,0.37179664134119,0.205907447843523
599,0.702059351675758,0.221274744825972,0.189517281185082,0.261497815323131,0.200188610986799,0.220471637257467
696,0.589213267095234,0.202303599215116,0.197424363331222,0.218876016213984,0.161797245314680,0.157597013980819
863,0.634386284250911,0.290152214217331,0.209608564537159,0.278545025785751,0.183371292540019,0.211875157547888
603,0.654654294039608,0.265239772398733,0.198798498578782,0.283362392853609,0.173309128978783,0.185781454960399
766,0.622904705251892,0.254108759679802,0.254108759679802,0.196743303664015,0.141602453589765,0.208116557082828
809,0.62555609967103,0.372772455485757,0.346286080835727,0.346286080835727,0.243298519444439,0.140279459933373
892,0.600763302119727,0.333456768437105,0.308771540986705,0.311728055196152,0.273759486818862,0.212638240623736
715,0.610516199655431,0.231177046607856,0.191439626593958,0.244185541162083,0.144131604573628,0.147819407725247
728,0.59099197716754,0.257786672914962,0.245967461561916,0.226992939983781,0.172268685450245,0.140279459933373
652,0.597212308466731,0.203733362812729,0.226992939983781,0.223704949036996,0.164024746412181,0.218083551882790
803,0.619367756469412,0.274713840722163,0.275669606701894,0.251373586915138,0.192741366843982,0.149133866930996
877,0.627323083479833,0.251373586915138,0.229493730258852,0.237166246337142,0.16357228121085,0.201594638931909
592,0.605198627992826,0.198798498578782,0.182190212262849,0.221274744825972,0.188255890082703,0.208116557082828
716,0.598100289370352,0.194059239855938,0.203733362812729,0.236301613614802,0.145319498566922,0.178181472416481
599,0.600763302119727,0.248659484023583,0.191439626593958,0.251373586915138,0.157195124574254,0.145018731380577
639,0.601650667029677,0.244185541162083,0.211875157547888,0.206639944148685,0.145928733232941,0.159655442358187
369,0.443610401564419,0.164480729737195,0.14298348025674,0.208860644258667,0.140279459933373,0.140279459933373
806,0.58209159090975,0.234581247743386,0.269010148553487,0.238904240888872,0.167772573247934,0.140279459933373
163,0.342342090635241,0.162677834203278,0.198798498578782,0.163123316426449,0.164480729737195,0.140279459933373
760,0.593658802575914,0.234581247743386,0.214175622695954,0.264301525715948,0.145928733232941,0.149469410107982
864,0.63703309779987,0.264301525715948,0.264301525715948,0.264301525715948,0.141602453589765,0.164940248736627
760,0.648491465815105,0.261497815323131,0.249561781327291,0.202303599215116,0.167772573247934,0.167772573247934
666,0.588323660284695,0.234581247743386,0.214175622695954,0.23977753355553,0.156796455796649,0.169237834303805
817,0.617598511353537,0.250466494772263,0.203016510694019,0.274713840722163,0.156008702799071,0.140279459933373
832,0.616713692539713,0.393155485097713,0.361034414931008,0.381534098529382,0.331480818156256,0.352194131843378
723,0.61494365721071,0.226992939983781,0.247759640188542,0.200889639762023,0.193398287644562,0.163123316426449
866,0.662571212990782,0.269956905233921,0.276626749501763,0.224521889216861,0.212638240623736,0.205907447843523
779,0.620252184825136,0.245075200706715,0.272806580486754,0.196066256873814,0.178742307944130,0.140279459933373
678,0.622904705251892,0.235439936165745,0.246862287018223,0.173835068385563,0.172268685450245,0.178742307944130
881,0.646729776551258,0.254108759679802,0.232023448734304,0.269010148553487,0.140279459933373,0.177624558944457
368,0.465083048709257,0.152618104976752,0.192741366843982,0.194724220966719,0.140279459933373,0.173835068385563
748,0.579418047575081,0.221274744825972,0.215727826366646,0.266179795115631,0.151897993103576,0.164940248736627
818,0.604311860230174,0.215727826366646,0.241532534498303,0.235439936165745,0.164024746412181,0.168257318749387
665,0.588323660284695,0.218083551882790,0.221274744825972,0.202303599215116,0.177071557205383,0.140279459933373
803,0.663450425192382,0.276626749501763,0.232023448734304,0.286266334773665,0.147178535004063,0.148801114525785
549,0.590102705627282,0.212638240623736,0.215727826366646,0.231177046607856,0.159655442358187,0.140279459933373
776,0.608744246353995,0.246862287018223,0.214175622695954,0.234581247743386,0.140279459933373,0.140279459933373
703,0.622020658211421,0.241532534498303,0.247759640188542,0.257786672914962,0.140279459933373,0.140279459933373
673,0.621136485069615,0.238904240888872,0.184568357977156,0.255024990396885,0.174898448025698,0.198798498578782
874,0.656414246618719,0.231177046607856,0.267121556704060,0.233725581744281,0.140279459933373,0.152256565618780
587,0.566024855998128,0.297964434643167,0.258711437790672,0.225342219919308,0.201594638931909,0.225342219919308
485,0.522829369551227,0.218083551882790,0.210360301592275,0.23033379664679,0.140279459933373,0.167291481291287
658,0.606971725447777,0.272806580486754,0.256863984839407,0.232023448734304,0.188255890082703,0.152256565618780
720,0.570494126543261,0.212638240623736,0.219672052767678,0.213405068833102,0.178181472416481,0.187631241909896
694,0.608744246353995,0.234581247743386,0.222081350052879,0.211875157547888,0.193398287644562,0.178181472416481
739,0.622904705251892,0.281431899695417,0.265239772398733,0.235439936165745,0.198798498578782,0.179307075461499
773,0.636150937944643,0.258711437790672,0.281431899695417,0.152618104976752,0.158002143279100,0.140279459933373
682,0.576742857104671,0.223704949036996,0.207376318697083,0.212638240623736,0.170736402643872,0.170736402643872
822,0.584763524220902,0.211875157547888,0.187010622123131,0.232872971194181,0.152982630801945,0.140279459933373
705,0.602537880906253,0.222891426963376,0.213405068833102,0.256863984839407,0.150839880430613,0.158822198286243
699,0.637915147508898,0.33543232376894,0.32159942528535,0.304834801321944,0.200889639762023,0.189517281185082
366,0.451106215483896,0.168745733831007,0.158822198286243,0.173835068385563,0.154094323280450,0.140279459933373
712,0.581200590507501,0.23033379664679,0.238904240888872,0.237166246337142,0.169237834303805,0.153350162717428
336,0.450170855356869,0.171243398019944,0.140801836156987,0.243298519444439,0.140279459933373,0.173835068385563
279,0.469720411442728,0.209608564537159,0.254108759679802,0.152618104976752,0.206639944148685,0.174898448025698
844,0.62555609967103,0.252283020211930,0.254108759679802,0.237166246337142,0.170233153496669,0.147497624383717
609,0.59454741884471,0.214175622695954,0.205907447843523,0.23977753355553,0.145319498566922,0.146548361254107
876,0.61405843859737,0.243298519444439,0.252283020211930,0.270905253648299,0.192088479379025,0.176522456496951
800,0.624672424998259,0.262430509724191,0.262430509724191,0.233725581744281,0.158822198286243,0.189517281185082
926,0.639678919993987,0.309756707604237,0.289179343702615,0.310742219942023,0.145319498566922,0.237166246337142
684,0.612287594171303,0.198109430350217,0.238904240888872,0.231177046607856,0.192088479379025,0.144720505822661
204,0.550789853506805,0.144131604573628,0.184568357977156,0.218083551882790,0.158002143279100,0.166814026627726
710,0.655534316836593,0.265239772398733,0.232872971194181,0.258711437790672,0.147178535004063,0.172787005806565
804,0.645848781067736,0.247759640188542,0.262430509724191,0.23977753355553,0.169237834303805,0.142147774681471
709,0.629089586309926,0.234581247743386,0.227823271636467,0.247759640188542,0.198798498578782,0.189517281185082
817,0.654654294039608,0.252283020211930,0.262430509724191,0.238033800236652,0.168257318749387,0.16357228121085
816,0.655534316836593,0.248659484023583,0.260567046745838,0.242414171861771,0.214949882112267,0.168745733831007
634,0.666966416344732,0.251373586915138,0.240653643199231,0.222891426963376,0.179875784505171,0.140279459933373
773,0.613173084606865,0.198798498578782,0.205178843545358,0.247759640188542,0.158410531669826,0.157195124574254
886,0.62555609967103,0.256863984839407,0.255024990396885,0.226992939983781,0.214175622695954,0.177624558944457
764,0.666966416344732,0.256863984839407,0.270905253648299,0.248659484023583,0.161797245314680,0.181605650010004
351,0.437968797820157,0.194059239855938,0.194059239855938,0.228656878414890,0.149807763529887,0.140279459933373
745,0.609630293401202,0.226165913043895,0.205178843545358,0.292100571713878,0.140279459933373,0.149469410107982
796,0.637915147508898,0.267121556704060,0.272806580486754,0.235439936165745,0.222081350052879,0.155619579790919
586,0.567813168189284,0.214175622695954,0.226992939983781,0.196066256873814,0.187010622123131,0.149133866930996
729,0.585653817185493,0.252283020211930,0.232023448734304,0.207376318697083,0.158822198286243,0.159655442358187
755,0.619367756469412,0.250466494772263,0.211875157547888,0.299924552865763,0.168257318749387,0.140279459933373
851,0.627323083479833,0.280468392646033,0.247759640188542,0.298944182722262,0.175977245746161,0.167772573247934
772,0.592770024376564,0.264301525715948,0.228656878414890,0.221274744825972,0.146862120354825,0.189517281185082
748,0.62555609967103,0.241532534498303,0.255943411389996,0.199491561253654,0.155619579790919,0.156796455796649
847,0.650252758171119,0.233725581744281,0.234581247743386,0.178181472416481,0.169237834303805,0.16357228121085
705,0.590102705627282,0.26806502014066,0.252283020211930,0.287236372741756,0.153350162717428,0.140279459933373
743,0.62555609967103,0.248659484023583,0.189517281185082,0.259638241659144,0.193398287644562,0.152618104976752
752,0.604311860230174,0.247759640188542,0.249561781327291,0.278545025785751,0.231177046607856,0.203733362812729
594,0.586543936638165,0.254108759679802,0.257786672914962,0.249561781327291,0.167291481291287,0.140279459933373
785,0.618483198986599,0.260567046745838,0.264301525715948,0.217294683481912,0.172268685450245,0.162235816543637
853,0.617598511353537,0.237166246337142,0.200889639762023,0.233725581744281,0.199491561253654,0.151897993103576
758,0.58030940985411,0.218083551882790,0.240653643199231,0.203733362812729,0.168257318749387,0.181025063276694
180,0.5417972538608,0.140279459933373,0.159655442358187,0.146862120354825,0.140801836156987,0.156796455796649
714,0.621136485069615,0.225342219919308,0.226165913043895,0.233725581744281,0.150839880430613,0.146862120354825
765,0.605198627992826,0.214175622695954,0.204454144375473,0.261497815323131,0.152982630801945,0.183371292540019
690,0.645848781067736,0.254108759679802,0.232023448734304,0.255943411389996,0.173835068385563,0.146237238572002
176,0.532779695838002,0.150148946700048,0.177624558944457,0.186394027664835,0.140279459933373,0.179307075461499
275,0.480808424194665,0.142423961905656,0.169237834303805,0.226992939983781,0.140279459933373,0.150492979148870
721,0.617598511353537,0.209608564537159,0.201594638931909,0.260567046745838,0.140801836156987,0.165869963138432
843,0.609630293401202,0.302869127130412,0.297964434643167,0.286266334773665,0.207376318697083,0.192741366843982
828,0.629972659733243,0.257786672914962,0.269010148553487,0.174898448025698,0.175977245746161,0.140279459933373
432,0.450170855356869,0.190794809258731,0.174364837136968,0.226992939983781,0.178742307944130,0.198798498578782
468,0.67838435938152,0.185781454960399,0.159655442358187,0.212638240623736,0.144131604573628,0.140279459933373
772,0.657294084136253,0.309756707604237,0.313700605163659,0.195393227873188,0.237166246337142,0.140801836156987
875,0.65113325749733,0.247759640188542,0.173835068385563,0.261497815323131,0.140279459933373,0.152982630801945
719,0.63703309779987,0.269010148553487,0.236301613614802,0.247759640188542,0.190154027575454,0.198109430350217
402,0.447362019176649,0.179875784505171,0.190154027575454,0.196066256873814,0.162235816543637,0.189517281185082
617,0.602537880906253,0.284329312589461,0.275669606701894,0.275669606701894,0.192088479379025,0.160930368981928
781,0.579418047575081,0.224521889216861,0.181025063276694,0.278545025785751,0.152256565618780,0.140279459933373
365,0.430419611243593,0.140279459933373,0.162677834203278,0.204454144375473,0.140279459933373,0.169237834303805
747,0.578526502286961,0.283362392853609,0.307786743279463,0.202303599215116,0.196743303664015,0.176522456496951
284,0.433254223593108,0.197424363331222,0.167291481291287,0.218083551882790,0.140279459933373,0.172268685450245
689,0.603424944919196,0.235439936165745,0.23977753355553,0.208860644258667,0.164940248736627,0.152982630801945
768,0.644086484322101,0.237166246337142,0.229493730258852,0.212638240623736,0.171243398019944,0.140279459933373
748,0.634386284250911,0.238033800236652,0.236301613614802,0.227823271636467,0.169733635746363,0.209608564537159
525,0.644967683931748,0.300905518027404,0.250466494772263,0.244185541162083,0.201594638931909,0.182778757451073
740,0.636150937944643,0.272806580486754,0.203733362812729,0.310742219942023,0.152982630801945,0.171754154191287
680,0.609630293401202,0.238033800236652,0.240653643199231,0.188884569174318,0.170233153496669,0.162235816543637
309,0.644086484322101,0.209608564537159,0.198798498578782,0.334444602573969,0.327528205863718,0.188884569174318
765,0.606971725447777,0.241532534498303,0.271855157449252,0.249561781327291,0.183967824035887,0.158002143279100
758,0.609630293401202,0.219672052767678,0.186394027664835,0.271855157449252,0.154470991130581,0.181605650010004
420,0.460435073421994,0.196066256873814,0.213405068833102,0.164480729737195,0.150839880430613,0.164940248736627
790,0.636150937944643,0.234581247743386,0.271855157449252,0.185781454960399,0.196066256873814,0.140279459933373
952,0.648491465815105,0.278545025785751,0.26336509235663,0.260567046745838,0.177624558944457,0.143266847840142
889,0.660812526368302,0.292100571713878,0.293075998312143,0.245075200706715,0.203016510694019,0.16634019279706
154,0.469720411442728,0.181025063276694,0.149807763529887,0.223704949036996,0.140279459933373,0.171243398019944
655,0.568707020795868,0.280468392646033,0.238033800236652,0.242414171861771,0.165403320798019,0.186394027664835
817,0.648491465815105,0.296985336054750,0.267121556704060,0.247759640188542,0.172268685450245,0.176522456496951
749,0.668723907006677,0.311728055196152,0.292100571713878,0.270905253648299,0.204454144375473,0.190154027575454
692,0.590102705627282,0.235439936165745,0.232023448734304,0.214949882112267,0.168745733831007,0.140279459933373
780,0.639678919993987,0.247759640188542,0.214175622695954,0.233725581744281,0.169237834303805,0.160077057692081
792,0.657294084136253,0.251373586915138,0.270905253648299,0.223704949036996,0.175435913518267,0.212638240623736
803,0.617598511353537,0.232872971194181,0.233725581744281,0.256863984839407,0.158002143279100,0.171243398019944
972,0.627323083479833,0.244185541162083,0.258711437790672,0.221274744825972,0.174364837136968,0.158002143279100
828,0.629972659733243,0.255024990396885,0.231177046607856,0.237166246337142,0.177071557205383,0.189517281185082
729,0.647610671197383,0.251373586915138,0.255943411389996,0.255024990396885,0.158410531669826,0.159237162188545
732,0.604311860230174,0.237166246337142,0.218876016213984,0.177624558944457,0.162235816543637,0.140279459933373
890,0.666966416344732,0.278545025785751,0.252283020211930,0.241532534498303,0.198798498578782,0.140279459933373
703,0.592770024376564,0.214949882112267,0.192741366843982,0.206639944148685,0.144424803121843,0.16634019279706
398,0.445487145704544,0.181605650010004,0.227823271636467,0.160077057692081,0.151897993103576,0.165869963138432
679,0.585653817185493,0.214175622695954,0.223704949036996,0.208860644258667,0.140279459933373,0.140279459933373
702,0.61494365721071,0.23977753355553,0.234581247743386,0.264301525715948,0.177071557205383,0.147178535004063
805,0.609630293401202,0.236301613614802,0.238904240888872,0.226165913043895,0.165869963138432,0.140279459933373
869,0.624672424998259,0.281431899695417,0.238033800236652,0.283362392853609,0.175435913518267,0.211875157547888
692,0.587433883900336,0.218876016213984,0.232872971194181,0.193398287644562,0.179875784505171,0.140279459933373
858,0.633503788623644,0.272806580486754,0.176522456496951,0.261497815323131,0.153350162717428,0.188884569174318
786,0.660812526368302,0.256863984839407,0.245075200706715,0.274713840722163,0.151189670120080,0.179875784505171
845,0.634386284250911,0.252283020211930,0.233725581744281,0.302869127130412,0.245075200706715,0.228656878414890
277,0.450170855356869,0.185781454960399,0.165869963138432,0.214949882112267,0.140279459933373,0.143840891542185
350,0.44923503724365,0.185172899926102,0.191439626593958,0.200889639762023,0.140279459933373,0.173835068385563
356,0.448298759169222,0.198798498578782,0.158822198286243,0.244185541162083,0.189517281185082,0.150839880430613
677,0.638797087949753,0.254108759679802,0.260567046745838,0.227823271636467,0.154850743467635,0.193398287644562
745,0.622904705251892,0.33543232376894,0.293075998312143,0.272806580486754,0.207376318697083,0.180448444205294
866,0.633503788623644,0.319623752397046,0.331480818156256,0.301887051542692,0.206639944148685,0.188255890082703
793,0.650252758171119,0.281431899695417,0.243298519444439,0.270905253648299,0.170736402643872,0.140279459933373
451,0.604311860230174,0.212638240623736,0.189517281185082,0.23033379664679,0.154850743467635,0.188884569174318
328,0.419036311953547,0.204454144375473,0.176522456496951,0.250466494772263,0.140279459933373,0.174364837136968
373,0.452041119617036,0.181025063276694,0.180448444205294,0.164024746412181,0.155233599845476,0.140279459933373
651,0.61405843859737,0.237166246337142,0.234581247743386,0.200889639762023,0.160930368981928,0.146548361254107
794,0.658173830133798,0.259638241659144,0.246862287018223,0.255943411389996,0.156400988328558,0.160502026996677
928,0.638797087949753,0.279506090033501,0.284329312589461,0.221274744825972,0.181605650010004,0.178181472416481
761,0.61494365721071,0.267121556704060,0.251373586915138,0.259638241659144,0.176522456496951,0.157195124574254
624,0.604311860230174,0.212638240623736,0.228656878414890,0.247759640188542,0.152256565618780,0.140279459933373
733,0.61494365721071,0.225342219919308,0.237166246337142,0.279506090033501,0.140279459933373,0.140279459933373
758,0.633503788623644,0.246862287018223,0.274713840722163,0.225342219919308,0.180448444205294,0.149807763529887
889,0.627323083479833,0.386384998416716,0.32950458986508,0.296006914761259,0.246862287018223,0.140279459933373
834,0.630855615748439,0.258711437790672,0.264301525715948,0.235439936165745,0.201594638931909,0.162677834203278
695,0.597212308466731,0.231177046607856,0.174898448025698,0.265239772398733,0.150492979148870,0.158410531669826
687,0.616713692539713,0.247759640188542,0.255024990396885,0.224521889216861,0.194059239855938,0.155619579790919
322,0.446424815327873,0.171243398019944,0.205178843545358,0.186394027664835,0.140279459933373,0.140279459933373
711,0.606971725447777,0.23977753355553,0.26336509235663,0.214175622695954,0.195393227873188,0.226992939983781
692,0.616713692539713,0.225342219919308,0.246862287018223,0.195393227873188,0.179307075461499,0.148143904307162
804,0.607858057407542,0.232872971194181,0.200889639762023,0.207376318697083,0.197424363331222,0.180448444205294
783,0.61494365721071,0.271855157449252,0.265239772398733,0.250466494772263,0.187010622123131,0.147178535004063
605,0.602537880906253,0.331480818156256,0.315674182764382,0.328516409471957,0.203016510694019,0.164480729737195
670,0.620252184825136,0.214175622695954,0.250466494772263,0.218876016213984,0.157195124574254,0.140279459933373
790,0.605198627992826,0.231177046607856,0.245967461561916,0.205178843545358,0.182778757451073,0.206639944148685
789,0.58209159090975,0.319623752397046,0.249561781327291,0.284329312589461,0.220471637257467,0.170736402643872
762,0.61494365721071,0.210360301592275,0.197424363331222,0.242414171861771,0.150839880430613,0.190794809258731
681,0.629089586309926,0.233725581744281,0.245967461561916,0.260567046745838,0.140279459933373,0.180448444205294
726,0.601650667029677,0.246862287018223,0.196066256873814,0.286266334773665,0.140279459933373,0.140279459933373
385,0.467866722440866,0.179307075461499,0.172268685450245,0.255943411389996,0.140279459933373,0.140279459933373
679,0.602537880906253,0.240653643199231,0.211115838461421,0.231177046607856,0.140279459933373,0.162677834203278
155,0.454843116219575,0.140279459933373,0.160930368981928,0.216509434133377,0.155619579790919,0.140279459933373
721,0.643205181411445,0.290152214217331,0.201594638931909,0.269010148553487,0.171754154191287,0.182190212262849
876,0.628206394540431,0.244185541162083,0.23977753355553,0.208860644258667,0.185781454960399,0.159237162188545
730,0.652893966371437,0.237166246337142,0.234581247743386,0.267121556704060,0.177071557205383,0.192741366843982
639,0.599875784998553,0.212638240623736,0.204454144375473,0.228656878414890,0.154470991130581,0.140279459933373
759,0.601650667029677,0.232872971194181,0.213405068833102,0.251373586915138,0.169237834303805,0.164480729737195
750,0.626439652176295,0.218876016213984,0.178181472416481,0.269010148553487,0.140279459933373,0.155233599845476
266,0.412362374614871,0.170736402643872,0.209608564537159,0.159655442358187,0.173309128978783,0.157195124574254
923,0.629089586309926,0.234581247743386,0.259638241659144,0.200188610986799,0.172268685450245,0.181025063276694
632,0.574065981658382,0.190154027575454,0.211875157547888,0.236301613614802,0.142423961905656,0.179875784505171
709,0.632621179272578,0.249561781327291,0.232023448734304,0.291125967010989,0.140279459933373,0.140279459933373
630,0.633503788623644,0.234581247743386,0.261497815323131,0.231177046607856,0.169733635746363,0.140279459933373
747,0.668723907006677,0.255943411389996,0.282396577544332,0.205178843545358,0.187010622123131,0.140279459933373
429,0.436084425669404,0.167291481291287,0.205907447843523,0.16634019279706,0.175435913518267,0.166814026627726
689,0.610516199655431,0.255943411389996,0.225342219919308,0.210360301592275,0.183967824035887,0.161797245314680
714,0.644967683931748,0.243298519444439,0.237166246337142,0.185781454960399,0.16357228121085,0.145018731380577
685,0.61494365721071,0.291125967010989,0.281431899695417,0.261497815323131,0.164940248736627,0.140279459933373
152,0.452041119617036,0.140279459933373,0.212638240623736,0.14298348025674,0.152256565618780,0.168257318749387
718,0.58209159090975,0.316661303992259,0.282396577544332,0.270905253648299,0.175977245746161,0.216509434133377
746,0.650252758171119,0.227823271636467,0.233725581744281,0.267121556704060,0.140279459933373,0.156400988328558
556,0.606971725447777,0.276626749501763,0.249561781327291,0.281431899695417,0.181605650010004,0.185781454960399
711,0.606085249352797,0.253194757033311,0.213405068833102,0.269010148553487,0.159655442358187,0.140279459933373
744,0.617598511353537,0.256863984839407,0.251373586915138,0.222891426963376,0.151189670120080,0.169733635746363
844,0.600763302119727,0.226165913043895,0.267121556704060,0.233725581744281,0.161362102255135,0.140279459933373
778,0.641442262346675,0.242414171861771,0.271855157449252,0.211115838461421,0.162235816543637,0.158822198286243
146,0.431364974573073,0.140279459933373,0.194724220966719,0.153720720340875,0.14298348025674,0.160502026996677
823,0.644967683931748,0.252283020211930,0.237166246337142,0.218083551882790,0.184568357977156,0.149469410107982
947,0.61494365721071,0.328516409471957,0.269956905233921,0.308771540986705,0.208860644258667,0.181605650010004
924,0.666966416344732,0.284329312589461,0.334444602573969,0.397976414823837,0.257786672914962,0.188884569174318
873,0.652893966371437,0.259638241659144,0.266179795115631,0.259638241659144,0.145319498566922,0.140279459933373
458,0.655534316836593,0.346286080835727,0.291125967010989,0.390256851013871,0.386384998416716,0.242414171861771
770,0.640560644506718,0.238904240888872,0.196743303664015,0.271855157449252,0.140279459933373,0.204454144375473
798,0.65113325749733,0.293075998312143,0.217294683481912,0.283362392853609,0.142147774681471,0.148471133452426
875,0.642323774366231,0.271855157449252,0.270905253648299,0.247759640188542,0.185172899926102,0.163123316426449
420,0.43702685358426,0.181605650010004,0.196743303664015,0.151897993103576,0.162235816543637,0.162235816543637
659,0.58030940985411,0.290152214217331,0.257786672914962,0.327528205863718,0.187010622123131,0.169237834303805
784,0.644086484322101,0.338394673319409,0.303851718893881,0.285297304030371,0.231177046607856,0.202303599215116
261,0.642323774366231,0.226992939983781,0.212638240623736,0.225342219919308,0.164480729737195,0.156796455796649
684,0.612287594171303,0.235439936165745,0.213405068833102,0.217294683481912,0.167772573247934,0.176522456496951
733,0.59454741884471,0.238033800236652,0.172268685450245,0.228656878414890,0.168745733831007,0.142702524367706
839,0.629972659733243,0.309756707604237,0.287236372741756,0.253194757033311,0.201594638931909,0.156400988328558
611,0.598988114480156,0.226165913043895,0.196066256873814,0.185172899926102,0.161797245314680,0.168257318749387
796,0.597212308466731,0.238904240888872,0.202303599215116,0.241532534498303,0.140279459933373,0.146548361254107
153,0.448298759169222,0.140279459933373,0.165403320798019,0.200188610986799,0.140279459933373,0.152618104976752
316,0.412362374614871,0.170736402643872,0.196066256873814,0.188884569174318,0.140279459933373,0.142423961905656
620,0.608744246353995,0.293075998312143,0.273759486818862,0.281431899695417,0.171754154191287,0.189517281185082
357,0.439851241970584,0.162677834203278,0.140539522938054,0.212638240623736,0.149133866930996,0.140279459933373
784,0.639678919993987,0.221274744825972,0.238033800236652,0.220471637257467,0.150839880430613,0.151189670120080
811,0.632621179272578,0.238904240888872,0.257786672914962,0.246862287018223,0.148471133452426,0.148471133452426
834,0.620252184825136,0.246862287018223,0.226165913043895,0.191439626593958,0.180448444205294,0.156796455796649
351,0.426633199381427,0.161362102255135,0.218083551882790,0.175435913518267,0.149133866930996,0.193398287644562
856,0.649372161207369,0.232023448734304,0.245075200706715,0.217294683481912,0.159237162188545,0.140279459933373
749,0.629972659733243,0.311728055196152,0.306802338059224,0.315674182764382,0.161362102255135,0.161797245314680
660,0.595435874427052,0.220471637257467,0.227823271636467,0.232872971194181,0.181605650010004,0.140279459933373
719,0.644086484322101,0.254108759679802,0.238904240888872,0.225342219919308,0.159237162188545,0.181605650010004
822,0.644086484322101,0.298944182722262,0.264301525715948,0.255943411389996,0.188884569174318,0.186394027664835
775,0.61405843859737,0.255943411389996,0.222081350052879,0.248659484023583,0.165869963138432,0.144424803121843
337,0.454843116219575,0.196743303664015,0.188884569174318,0.158410531669826,0.142423961905656,0.142423961905656
896,0.645848781067736,0.259638241659144,0.233725581744281,0.231177046607856,0.210360301592275,0.198109430350217
936,0.644086484322101,0.247759640188542,0.262430509724191,0.238033800236652,0.214949882112267,0.149133866930996
840,0.660812526368302,0.267121556704060,0.269956905233921,0.201594638931909,0.187631241909896,0.217294683481912
675,0.587433883900336,0.246862287018223,0.265239772398733,0.218083551882790,0.183967824035887,0.140279459933373
702,0.601650667029677,0.228656878414890,0.203733362812729,0.238033800236652,0.140279459933373,0.140279459933373
152,0.445487145704544,0.140279459933373,0.140279459933373,0.198798498578782,0.140279459933373,0.140279459933373
711,0.595435874427052,0.227823271636467,0.232872971194181,0.184568357977156,0.174364837136968,0.144720505822661
370,0.469720411442728,0.218083551882790,0.171243398019944,0.217294683481912,0.144720505822661,0.180448444205294
828,0.620252184825136,0.249561781327291,0.238904240888872,0.221274744825972,0.166814026627726,0.175977245746161
642,0.624672424998259,0.233725581744281,0.246862287018223,0.219672052767678,0.175435913518267,0.151542367809210
880,0.62555609967103,0.278545025785751,0.248659484023583,0.284329312589461,0.152982630801945,0.177624558944457
829,0.620252184825136,0.255024990396885,0.278545025785751,0.237166246337142,0.190794809258731,0.140279459933373
308,0.434198112267997,0.171754154191287,0.171754154191287,0.208860644258667,0.140279459933373,0.158410531669826
744,0.631738455286738,0.274713840722163,0.195393227873188,0.285297304030371,0.142702524367706,0.140279459933373
961,0.634386284250911,0.298944182722262,0.297964434643167,0.281431899695417,0.168745733831007,0.158822198286243
842,0.631738455286738,0.221274744825972,0.244185541162083,0.215727826366646,0.142147774681471,0.192088479379025
173,0.531876497718254,0.158002143279100,0.181605650010004,0.200889639762023,0.153350162717428,0.161797245314680
171,0.51193448587976,0.149133866930996,0.173835068385563,0.187010622123131,0.159655442358187,0.140279459933373
716,0.584763524220902,0.259638241659144,0.237166246337142,0.209608564537159,0.196743303664015,0.170233153496669
777,0.654654294039608,0.240653643199231,0.240653643199231,0.269010148553487,0.160930368981928,0.167291481291287
727,0.629089586309926,0.297964434643167,0.246862287018223,0.294052217151829,0.168745733831007,0.140279459933373
771,0.638797087949753,0.242414171861771,0.249561781327291,0.23033379664679,0.175977245746161,0.186394027664835
674,0.623788627185174,0.283362392853609,0.205907447843523,0.264301525715948,0.169237834303805,0.158002143279100
380,0.666966416344732,0.269956905233921,0.223704949036996,0.292100571713878,0.274713840722163,0.256863984839407
818,0.630855615748439,0.245967461561916,0.248659484023583,0.183967824035887,0.180448444205294,0.167291481291287
811,0.624672424998259,0.250466494772263,0.226992939983781,0.200889639762023,0.196066256873814,0.160930368981928
740,0.626439652176295,0.258711437790672,0.238033800236652,0.283362392853609,0.172787005806565,0.177624558944457
798,0.61405843859737,0.238904240888872,0.265239772398733,0.242414171861771,0.140279459933373,0.160930368981928
644,0.626439652176295,0.238033800236652,0.225342219919308,0.238904240888872,0.179307075461499,0.194059239855938
850,0.603424944919196,0.260567046745838,0.257786672914962,0.253194757033311,0.140279459933373,0.150839880430613
687,0.643205181411445,0.238904240888872,0.244185541162083,0.213405068833102,0.164940248736627,0.179307075461499
341,0.419987692000204,0.157195124574254,0.140279459933373,0.191439626593958,0.140279459933373,0.164940248736627
787,0.609630293401202,0.251373586915138,0.190794809258731,0.257786672914962,0.140279459933373,0.175977245746161
776,0.637915147508898,0.264301525715948,0.240653643199231,0.267121556704060,0.158410531669826,0.180448444205294
745,0.597212308466731,0.245075200706715,0.216509434133377,0.255024990396885,0.152256565618780,0.140279459933373
223,0.403744670601839,0.140279459933373,0.140279459933373,0.214175622695954,0.140279459933373,0.167772573247934
193,0.440791745314472,0.155233599845476,0.227823271636467,0.147178535004063,0.144424803121843,0.158410531669826
894,0.620252184825136,0.258711437790672,0.243298519444439,0.267121556704060,0.164940248736627,0.166814026627726
811,0.641442262346675,0.261497815323131,0.223704949036996,0.227823271636467,0.187010622123131,0.188884569174318
757,0.65113325749733,0.235439936165745,0.223704949036996,0.261497815323131,0.147497624383717,0.161362102255135
379,0.437968797820157,0.171754154191287,0.168745733831007,0.228656878414890,0.140279459933373,0.140279459933373
928,0.642323774366231,0.290152214217331,0.298944182722262,0.238033800236652,0.151542367809210,0.147497624383717
386,0.446424815327873,0.181605650010004,0.180448444205294,0.222891426963376,0.167772573247934,0.140279459933373
324,0.433254223593108,0.205178843545358,0.182778757451073,0.216509434133377,0.140279459933373,0.140279459933373
732,0.588323660284695,0.209608564537159,0.262430509724191,0.184568357977156,0.146548361254107,0.180448444205294
668,0.657294084136253,0.264301525715948,0.241532534498303,0.252283020211930,0.164940248736627,0.158002143279100
695,0.603424944919196,0.245075200706715,0.221274744825972,0.221274744825972,0.167772573247934,0.158822198286243
788,0.610516199655431,0.23977753355553,0.218876016213984,0.23033379664679,0.164480729737195,0.183371292540019
720,0.624672424998259,0.234581247743386,0.223704949036996,0.241532534498303,0.142423961905656,0.140279459933373
894,0.666966416344732,0.285297304030371,0.23977753355553,0.228656878414890,0.184568357977156,0.155233599845476
777,0.590102705627282,0.278545025785751,0.264301525715948,0.237166246337142,0.168257318749387,0.140279459933373
866,0.664329550930648,0.222891426963376,0.159655442358187,0.285297304030371,0.140279459933373,0.164480729737195
918,0.661691913619881,0.305818349289740,0.277585234113443,0.257786672914962,0.203733362812729,0.179875784505171
717,0.631738455286738,0.252283020211930,0.234581247743386,0.245967461561916,0.150839880430613,0.149807763529887
744,0.618483198986599,0.248659484023583,0.205178843545358,0.272806580486754,0.160077057692081,0.149807763529887
692,0.599875784998553,0.198109430350217,0.235439936165745,0.171754154191287,0.162677834203278,0.169733635746363
910,0.659053485350326,0.289179343702615,0.244185541162083,0.301887051542692,0.140279459933373,0.23033379664679
700,0.630855615748439,0.248659484023583,0.264301525715948,0.188255890082703,0.158410531669826,0.171754154191287
726,0.633503788623644,0.234581247743386,0.221274744825972,0.232023448734304,0.158002143279100,0.140279459933373
687,0.61494365721071,0.216509434133377,0.232023448734304,0.211875157547888,0.164940248736627,0.140279459933373
167,0.491840713366392,0.140279459933373,0.188884569174318,0.216509434133377,0.140279459933373,0.142147774681471
867,0.649372161207369,0.260567046745838,0.206639944148685,0.290152214217331,0.191439626593958,0.144131604573628
716,0.613173084606865,0.224521889216861,0.203016510694019,0.213405068833102,0.148471133452426,0.150492979148870
880,0.624672424998259,0.240653643199231,0.256863984839407,0.218083551882790,0.188884569174318,0.148143904307162
690,0.629972659733243,0.254108759679802,0.232023448734304,0.270905253648299,0.155619579790919,0.140279459933373
176,0.45297556976512,0.150148946700048,0.195393227873188,0.197424363331222,0.154094323280450,0.140279459933373
749,0.613173084606865,0.260567046745838,0.236301613614802,0.259638241659144,0.145928733232941,0.152982630801945
727,0.623788627185174,0.214949882112267,0.202303599215116,0.264301525715948,0.167772573247934,0.140279459933373
309,0.643205181411445,0.173835068385563,0.187010622123131,0.158822198286243,0.140279459933373,0.140279459933373
673,0.600763302119727,0.232023448734304,0.221274744825972,0.227823271636467,0.159655442358187,0.164940248736627
803,0.610516199655431,0.219672052767678,0.213405068833102,0.225342219919308,0.142423961905656,0.161362102255135
802,0.673994424070159,0.293075998312143,0.255943411389996,0.267121556704060,0.162235816543637,0.174364837136968
778,0.629972659733243,0.261497815323131,0.218083551882790,0.261497815323131,0.171754154191287,0.140279459933373
604,0.610516199655431,0.213405068833102,0.172787005806565,0.229493730258852,0.152618104976752,0.154094323280450
734,0.607858057407542,0.250466494772263,0.226165913043895,0.247759640188542,0.147178535004063,0.161362102255135
158,0.465083048709257,0.140279459933373,0.206639944148685,0.145928733232941,0.155619579790919,0.140279459933373
743,0.617598511353537,0.231177046607856,0.232872971194181,0.234581247743386,0.144424803121843,0.162677834203278
617,0.569600673082815,0.269956905233921,0.272806580486754,0.261497815323131,0.202303599215116,0.184568357977156
808,0.643205181411445,0.314687276192053,0.255943411389996,0.288207386188063,0.258711437790672,0.187010622123131
736,0.587433883900336,0.235439936165745,0.216509434133377,0.214949882112267,0.145319498566922,0.140279459933373
670,0.641442262346675,0.255943411389996,0.255024990396885,0.207376318697083,0.167291481291287,0.154470991130581
726,0.612287594171303,0.269010148553487,0.293075998312143,0.214949882112267,0.175435913518267,0.158002143279100
727,0.65201365997105,0.264301525715948,0.241532534498303,0.255943411389996,0.184568357977156,0.180448444205294
627,0.620252184825136,0.264301525715948,0.242414171861771,0.269010148553487,0.181605650010004,0.148801114525785
277,0.447362019176649,0.183967824035887,0.140279459933373,0.235439936165745,0.157195124574254,0.171754154191287
881,0.690666407645512,0.267121556704060,0.294052217151829,0.145018731380577,0.199491561253654,0.220471637257467
695,0.622904705251892,0.255024990396885,0.229493730258852,0.253194757033311,0.140279459933373,0.154094323280450
168,0.205907447843523,0.140279459933373,0.184568357977156,0.157597013980819,0.140279459933373,0.147497624383717
731,0.629089586309926,0.267121556704060,0.244185541162083,0.243298519444439,0.160502026996677,0.203733362812729
883,0.631738455286738,0.282396577544332,0.243298519444439,0.26806502014066,0.171243398019944,0.186394027664835
710,0.629972659733243,0.298944182722262,0.281431899695417,0.293075998312143,0.171754154191287,0.157195124574254
740,0.609630293401202,0.256863984839407,0.221274744825972,0.261497815323131,0.162677834203278,0.178742307944130
178,0.5417972538608,0.140279459933373,0.140279459933373,0.163123316426449,0.140279459933373,0.174364837136968
713,0.584763524220902,0.221274744825972,0.250466494772263,0.248659484023583,0.181605650010004,0.140279459933373
740,0.611401966215199,0.255943411389996,0.227823271636467,0.197424363331222,0.174898448025698,0.173835068385563
717,0.573173308757861,0.213405068833102,0.208860644258667,0.208116557082828,0.140279459933373,0.142702524367706
844,0.633503788623644,0.26806502014066,0.26806502014066,0.211875157547888,0.192088479379025,0.146862120354825
728,0.584763524220902,0.332468835480985,0.306802338059224,0.299924552865763,0.175977245746161,0.140279459933373
771,0.612287594171303,0.211115838461421,0.23977753355553,0.255024990396885,0.154850743467635,0.184568357977156
798,0.632621179272578,0.253194757033311,0.222891426963376,0.234581247743386,0.170233153496669,0.180448444205294
777,0.663450425192382,0.261497815323131,0.232872971194181,0.243298519444439,0.154470991130581,0.140279459933373
748,0.598100289370352,0.214175622695954,0.214175622695954,0.222081350052879,0.164024746412181,0.140279459933373
831,0.604311860230174,0.39604956908159,0.343328438016707,0.327528205863718,0.225342219919308,0.158410531669826
727,0.622020658211421,0.232023448734304,0.238904240888872,0.223704949036996,0.184568357977156,0.150492979148870
824,0.608744246353995,0.253194757033311,0.274713840722163,0.260567046745838,0.174364837136968,0.151897993103576
256,0.62555609967103,0.152256565618780,0.140279459933373,0.174898448025698,0.140279459933373,0.140801836156987
752,0.617598511353537,0.26336509235663,0.215727826366646,0.271855157449252,0.151189670120080,0.140279459933373
883,0.601650667029677,0.251373586915138,0.232023448734304,0.227823271636467,0.176522456496951,0.140279459933373
737,0.635268667058686,0.26336509235663,0.254108759679802,0.271855157449252,0.145928733232941,0.153350162717428
346,0.431364974573073,0.174364837136968,0.147497624383717,0.228656878414890,0.140279459933373,0.146548361254107
815,0.612287594171303,0.272806580486754,0.214175622695954,0.238904240888872,0.188884569174318,0.198798498578782
932,0.658173830133798,0.292100571713878,0.281431899695417,0.26336509235663,0.141066417195949,0.179875784505171
952,0.62555609967103,0.248659484023583,0.26806502014066,0.243298519444439,0.155619579790919,0.191439626593958
706,0.621136485069615,0.267121556704060,0.23977753355553,0.274713840722163,0.145018731380577,0.153350162717428
788,0.613173084606865,0.241532534498303,0.254108759679802,0.159237162188545,0.171243398019944,0.143552645462116
708,0.604311860230174,0.337407372460796,0.314687276192053,0.26336509235663,0.203733362812729,0.212638240623736
250,0.624672424998259,0.140279459933373,0.192741366843982,0.223704949036996,0.146237238572002,0.140279459933373
840,0.653774177471793,0.245967461561916,0.244185541162083,0.291125967010989,0.171243398019944,0.188884569174318
795,0.656414246618719,0.265239772398733,0.222081350052879,0.257786672914962,0.150839880430613,0.140279459933373
260,0.426633199381427,0.155233599845476,0.171754154191287,0.201594638931909,0.140279459933373,0.140279459933373
555,0.646729776551258,0.244185541162083,0.255024990396885,0.217294683481912,0.190154027575454,0.141333283747465
940,0.670481068306923,0.291125967010989,0.248659484023583,0.26336509235663,0.197424363331222,0.172268685450245
323,0.430419611243593,0.159655442358187,0.187631241909896,0.202303599215116,0.160930368981928,0.140279459933373
975,0.649372161207369,0.483571570595327,0.474347434968947,0.51193448587976,0.444549008408857,0.419036311953547
567,0.593658802575914,0.281431899695417,0.295029198942614,0.227823271636467,0.226165913043895,0.140279459933373
774,0.589213267095234,0.309756707604237,0.267121556704060,0.269956905233921,0.216509434133377,0.203733362812729
726,0.586543936638165,0.23033379664679,0.23033379664679,0.240653643199231,0.16357228121085,0.181025063276694
770,0.623788627185174,0.261497815323131,0.281431899695417,0.258711437790672,0.177071557205383,0.144424803121843
295,0.427580548847338,0.188884569174318,0.180448444205294,0.196066256873814,0.140279459933373,0.159655442358187
360,0.6678452031824,0.196066256873814,0.194724220966719,0.225342219919308,0.168257318749387,0.140279459933373
774,0.602537880906253,0.245967461561916,0.211875157547888,0.266179795115631,0.178742307944130,0.155233599845476
690,0.597212308466731,0.269010148553487,0.262430509724191,0.207376318697083,0.170233153496669,0.198109430350217
818,0.650252758171119,0.241532534498303,0.196743303664015,0.247759640188542,0.140279459933373,0.150148946700048
620,0.576742857104671,0.294052217151829,0.227823271636467,0.309756707604237,0.156400988328558,0.181605650010004
828,0.670481068306923,0.257786672914962,0.273759486818862,0.222081350052879,0.170233153496669,0.164024746412181
771,0.640560644506718,0.244185541162083,0.270905253648299,0.236301613614802,0.150839880430613,0.152982630801945
601,0.628206394540431,0.275669606701894,0.257786672914962,0.251373586915138,0.182190212262849,0.16357228121085
813,0.610516199655431,0.229493730258852,0.182190212262849,0.284329312589461,0.176522456496951,0.148471133452426
561,0.602537880906253,0.289179343702615,0.284329312589461,0.270905253648299,0.214949882112267,0.180448444205294
874,0.645848781067736,0.304834801321944,0.260567046745838,0.270905253648299,0.226165913043895,0.224521889216861
830,0.590102705627282,0.277585234113443,0.226992939983781,0.255943411389996,0.177071557205383,0.188255890082703
692,0.608744246353995,0.200188610986799,0.242414171861771,0.224521889216861,0.156400988328558,0.187010622123131
659,0.583873056414207,0.216509434133377,0.243298519444439,0.211115838461421,0.168257318749387,0.174364837136968
780,0.602537880906253,0.26806502014066,0.207376318697083,0.210360301592275,0.177071557205383,0.140279459933373
583,0.619367756469412,0.283362392853609,0.227823271636467,0.269010148553487,0.199491561253654,0.175977245746161
620,0.539995796104345,0.267121556704060,0.264301525715948,0.241532534498303,0.198109430350217,0.140279459933373
717,0.591881082994116,0.219672052767678,0.213405068833102,0.191439626593958,0.163123316426449,0.179875784505171
750,0.598100289370352,0.257786672914962,0.246862287018223,0.221274744825972,0.181025063276694,0.140279459933373
411,0.45297556976512,0.165403320798019,0.179875784505171,0.187010622123131,0.185172899926102,0.155233599845476
851,0.702059351675758,0.273759486818862,0.261497815323131,0.271855157449252,0.200889639762023,0.216509434133377
1010,0.673116204346268,0.309756707604237,0.267121556704060,0.286266334773665,0.182778757451073,0.160930368981928
192,0.562445761046978,0.190154027575454,0.195393227873188,0.248659484023583,0.198109430350217,0.148471133452426
823,0.635268667058686,0.269010148553487,0.262430509724191,0.211875157547888,0.188884569174318,0.160502026996677
718,0.61494365721071,0.241532534498303,0.237166246337142,0.242414171861771,0.140279459933373,0.172787005806565
721,0.586543936638165,0.226992939983781,0.231177046607856,0.204454144375473,0.153350162717428,0.174364837136968
974,0.641442262346675,0.231177046607856,0.200889639762023,0.255943411389996,0.161797245314680,0.140279459933373
688,0.5390946884908,0.266179795115631,0.211875157547888,0.257786672914962,0.190154027575454,0.190794809258731
749,0.629089586309926,0.245967461561916,0.232023448734304,0.283362392853609,0.166814026627726,0.185172899926102
669,0.608744246353995,0.216509434133377,0.199491561253654,0.261497815323131,0.154850743467635,0.154094323280450
728,0.591881082994116,0.229493730258852,0.257786672914962,0.183371292540019,0.179875784505171,0.157195124574254
860,0.612287594171303,0.246862287018223,0.228656878414890,0.241532534498303,0.158410531669826,0.140279459933373
914,0.663450425192382,0.322587416871138,0.316661303992259,0.279506090033501,0.232023448734304,0.200889639762023
988,0.65201365997105,0.283362392853609,0.256863984839407,0.308771540986705,0.181025063276694,0.164940248736627
990,0.652893966371437,0.296006914761259,0.277585234113443,0.306802338059224,0.206639944148685,0.200188610986799
769,0.61405843859737,0.249561781327291,0.23977753355553,0.23033379664679,0.146862120354825,0.140279459933373
218,0.465083048709257,0.160930368981928,0.190154027575454,0.183967824035887,0.154850743467635,0.16357228121085
840,0.644967683931748,0.285297304030371,0.26336509235663,0.238033800236652,0.181025063276694,0.140279459933373
164,0.441731771836077,0.140279459933373,0.175435913518267,0.181605650010004,0.140279459933373,0.140279459933373
190,0.281431899695417,0.140279459933373,0.184568357977156,0.172268685450245,0.146237238572002,0.140279459933373
798,0.637915147508898,0.285297304030371,0.258711437790672,0.271855157449252,0.200889639762023,0.149807763529887
714,0.659933050519219,0.286266334773665,0.271855157449252,0.283362392853609,0.175977245746161,0.23033379664679
522,0.592770024376564,0.247759640188542,0.225342219919308,0.194724220966719,0.148471133452426,0.179307075461499
777,0.643205181411445,0.279506090033501,0.26806502014066,0.232872971194181,0.169237834303805,0.140279459933373
686,0.640560644506718,0.370820382306947,0.346286080835727,0.325551793923222,0.193398287644562,0.147178535004063
721,0.586543936638165,0.214949882112267,0.214949882112267,0.224521889216861,0.140279459933373,0.140279459933373
706,0.622904705251892,0.213405068833102,0.173309128978783,0.249561781327291,0.152256565618780,0.140279459933373
618,0.590102705627282,0.243298519444439,0.23977753355553,0.218083551882790,0.182190212262849,0.165403320798019
710,0.591881082994116,0.26336509235663,0.208116557082828,0.250466494772263,0.182190212262849,0.188255890082703
779,0.647610671197383,0.291125967010989,0.222891426963376,0.229493730258852,0.16634019279706,0.161797245314680
711,0.622904705251892,0.23977753355553,0.212638240623736,0.219672052767678,0.180448444205294,0.229493730258852
817,0.642323774366231,0.261497815323131,0.255024990396885,0.258711437790672,0.140279459933373,0.178181472416481
206,0.567813168189284,0.214175622695954,0.164940248736627,0.362994878061971,0.380562464597876,0.218083551882790
386,0.433254223593108,0.188255890082703,0.215727826366646,0.150148946700048,0.145622826217966,0.162235816543637
851,0.616713692539713,0.218083551882790,0.209608564537159,0.223704949036996,0.149133866930996,0.140279459933373
862,0.606971725447777,0.255943411389996,0.23033379664679,0.296985336054750,0.142702524367706,0.158410531669826
821,0.624672424998259,0.284329312589461,0.235439936165745,0.235439936165745,0.167772573247934,0.140279459933373
820,0.599875784998553,0.273759486818862,0.212638240623736,0.303851718893881,0.151542367809210,0.170736402643872
796,0.645848781067736,0.244185541162083,0.219672052767678,0.238904240888872,0.152618104976752,0.174364837136968
707,0.626439652176295,0.243298519444439,0.232023448734304,0.219672052767678,0.170736402643872,0.156008702799071
678,0.631738455286738,0.244185541162083,0.246862287018223,0.223704949036996,0.167291481291287,0.182778757451073
828,0.612287594171303,0.314687276192053,0.275669606701894,0.334444602573969,0.157597013980819,0.225342219919308
843,0.644086484322101,0.277585234113443,0.208116557082828,0.279506090033501,0.178742307944130,0.168745733831007
786,0.609630293401202,0.207376318697083,0.164480729737195,0.269010148553487,0.140279459933373,0.196066256873814
695,0.627323083479833,0.232872971194181,0.245075200706715,0.174364837136968,0.158410531669826,0.144424803121843
214,0.419036311953547,0.140279459933373,0.178742307944130,0.177624558944457,0.140279459933373,0.140279459933373
684,0.596324170558622,0.213405068833102,0.23033379664679,0.207376318697083,0.143840891542185,0.140279459933373
180,0.550789853506805,0.154094323280450,0.142423961905656,0.221274744825972,0.140279459933373,0.176522456496951
678,0.627323083479833,0.262430509724191,0.282396577544332,0.247759640188542,0.185172899926102,0.149133866930996
783,0.603424944919196,0.258711437790672,0.220471637257467,0.269956905233921,0.153720720340875,0.176522456496951
1022,0.647610671197383,0.250466494772263,0.229493730258852,0.267121556704060,0.198798498578782,0.167772573247934
363,0.420938564569721,0.174898448025698,0.195393227873188,0.196743303664015,0.151542367809210,0.16634019279706
659,0.585653817185493,0.306802338059224,0.271855157449252,0.304834801321944,0.185172899926102,0.140279459933373
285,0.450170855356869,0.167291481291287,0.185172899926102,0.211875157547888,0.140279459933373,0.180448444205294
943,0.671359527115958,0.292100571713878,0.295029198942614,0.26806502014066,0.177624558944457,0.185172899926102
153,0.450170855356869,0.144131604573628,0.197424363331222,0.156400988328558,0.161362102255135,0.140279459933373
800,0.644967683931748,0.285297304030371,0.269956905233921,0.218083551882790,0.194724220966719,0.155619579790919
783,0.645848781067736,0.281431899695417,0.26806502014066,0.235439936165745,0.172268685450245,0.210360301592275
897,0.670481068306923,0.276626749501763,0.258711437790672,0.231177046607856,0.172268685450245,0.140279459933373
857,0.630855615748439,0.261497815323131,0.245075200706715,0.249561781327291,0.141066417195949,0.175435913518267
699,0.615828741507218,0.241532534498303,0.261497815323131,0.249561781327291,0.177624558944457,0.140279459933373
958,0.669602528491819,0.346286080835727,0.309756707604237,0.271855157449252,0.200188610986799,0.140279459933373
183,0.391223565654671,0.140279459933373,0.166814026627726,0.206639944148685,0.172268685450245,0.144424803121843
800,0.626439652176295,0.207376318697083,0.189517281185082,0.240653643199231,0.160502026996677,0.140279459933373
777,0.655534316836593,0.231177046607856,0.189517281185082,0.291125967010989,0.147819407725247,0.149133866930996
172,0.480808424194665,0.140279459933373,0.154470991130581,0.205907447843523,0.142147774681471,0.140279459933373
780,0.644086484322101,0.259638241659144,0.246862287018223,0.253194757033311,0.166814026627726,0.150492979148870
672,0.574958463059337,0.252283020211930,0.228656878414890,0.231177046607856,0.140801836156987,0.151897993103576
380,0.444549008408857,0.211115838461421,0.196066256873814,0.187631241909896,0.165403320798019,0.16357228121085
168,0.510114381882143,0.140279459933373,0.190794809258731,0.190154027575454,0.150148946700048,0.140279459933373
720,0.640560644506718,0.218083551882790,0.234581247743386,0.218876016213984,0.141602453589765,0.178181472416481
409,0.443610401564419,0.184568357977156,0.177624558944457,0.210360301592275,0.16634019279706,0.146548361254107
402,0.427580548847338,0.147819407725247,0.16634019279706,0.181025063276694,0.164940248736627,0.140279459933373
694,0.620252184825136,0.255943411389996,0.243298519444439,0.248659484023583,0.205907447843523,0.157195124574254
835,0.616713692539713,0.232023448734304,0.273759486818862,0.198109430350217,0.153350162717428,0.177071557205383
357,0.422838791105066,0.160077057692081,0.238033800236652,0.140279459933373,0.156008702799071,0.171754154191287
181,0.380562464597876,0.140279459933373,0.140279459933373,0.62555609967103,0.677506525321988,0.513753336846181
876,0.643205181411445,0.229493730258852,0.253194757033311,0.256863984839407,0.194059239855938,0.143266847840142
745,0.629089586309926,0.315674182764382,0.283362392853609,0.304834801321944,0.206639944148685,0.23033379664679
973,0.636150937944643,0.368866547920421,0.259638241659144,0.224521889216861,0.192741366843982,0.176522456496951
711,0.624672424998259,0.249561781327291,0.265239772398733,0.215727826366646,0.16634019279706,0.164940248736627
593,0.668723907006677,0.346286080835727,0.342342090635241,0.313700605163659,0.217294683481912,0.184568357977156
856,0.674872565393281,0.36005360357005,0.32950458986508,0.339381807952053,0.23977753355553,0.175977245746161
690,0.568707020795868,0.222891426963376,0.219672052767678,0.244185541162083,0.187010622123131,0.160930368981928
301,0.428527399760189,0.196066256873814,0.181025063276694,0.191439626593958,0.140279459933373,0.143552645462116
726,0.652893966371437,0.256863984839407,0.205907447843523,0.280468392646033,0.170736402643872,0.140279459933373
713,0.618483198986599,0.23033379664679,0.236301613614802,0.250466494772263,0.178742307944130,0.161362102255135
892,0.634386284250911,0.270905253648299,0.209608564537159,0.211115838461421,0.151189670120080,0.187631241909896
752,0.633503788623644,0.247759640188542,0.226992939983781,0.255024990396885,0.162235816543637,0.189517281185082
740,0.57763477259731,0.236301613614802,0.190794809258731,0.243298519444439,0.159655442358187,0.197424363331222
792,0.607858057407542,0.261497815323131,0.253194757033311,0.249561781327291,0.170736402643872,0.213405068833102
712,0.630855615748439,0.235439936165745,0.203733362812729,0.264301525715948,0.151897993103576,0.140279459933373
844,0.648491465815105,0.251373586915138,0.244185541162083,0.262430509724191,0.140279459933373,0.140279459933373
679,0.620252184825136,0.269956905233921,0.259638241659144,0.254108759679802,0.144720505822661,0.166814026627726
193,0.554380296765044,0.165403320798019,0.187631241909896,0.198798498578782,0.150148946700048,0.148801114525785
687,0.655534316836593,0.357108931824631,0.344314559496454,0.304834801321944,0.205907447843523,0.198109430350217
800,0.598100289370352,0.184568357977156,0.198798498578782,0.255943411389996,0.141873944585676,0.141066417195949
659,0.599875784998553,0.238033800236652,0.269010148553487,0.232872971194181,0.153350162717428,0.167291481291287
901,0.663450425192382,0.262430509724191,0.266179795115631,0.26806502014066,0.185172899926102,0.140279459933373
665,0.617598511353537,0.223704949036996,0.207376318697083,0.249561781327291,0.177624558944457,0.175435913518267
796,0.646729776551258,0.234581247743386,0.221274744825972,0.223704949036996,0.140279459933373,0.140279459933373
709,0.630855615748439,0.235439936165745,0.225342219919308,0.200889639762023,0.142423961905656,0.159655442358187
705,0.603424944919196,0.214175622695954,0.234581247743386,0.188884569174318,0.171754154191287,0.184568357977156
786,0.629972659733243,0.223704949036996,0.269956905233921,0.161362102255135,0.173835068385563,0.154470991130581
787,0.588323660284695,0.264301525715948,0.247759640188542,0.177071557205383,0.158822198286243,0.16634019279706
734,0.632621179272578,0.252283020211930,0.26806502014066,0.234581247743386,0.160077057692081,0.175977245746161
950,0.661691913619881,0.276626749501763,0.222891426963376,0.350225945404854,0.350225945404854,0.210360301592275
707,0.626439652176295,0.246862287018223,0.250466494772263,0.245075200706715,0.186394027664835,0.169733635746363
739,0.617598511353537,0.240653643199231,0.243298519444439,0.222891426963376,0.153350162717428,0.140539522938054
163,0.498252004317859,0.146548361254107,0.208116557082828,0.191439626593958,0.140279459933373,0.164480729737195
662,0.583873056414207,0.316661303992259,0.288207386188063,0.287236372741756,0.188884569174318,0.178742307944130
361,0.438910260048710,0.141602453589765,0.173835068385563,0.192088479379025,0.148801114525785,0.140279459933373
192,0.571387382661058,0.148471133452426,0.199491561253654,0.174364837136968,0.140279459933373,0.140279459933373
719,0.598988114480156,0.245075200706715,0.262430509724191,0.233725581744281,0.158002143279100,0.147178535004063
770,0.62555609967103,0.244185541162083,0.226165913043895,0.231177046607856,0.141873944585676,0.205178843545358
766,0.629089586309926,0.272806580486754,0.240653643199231,0.237166246337142,0.180448444205294,0.174898448025698
773,0.631738455286738,0.232872971194181,0.249561781327291,0.215727826366646,0.159655442358187,0.177071557205383
723,0.62555609967103,0.281431899695417,0.262430509724191,0.203016510694019,0.184568357977156,0.171243398019944
714,0.609630293401202,0.236301613614802,0.183967824035887,0.243298519444439,0.158410531669826,0.140279459933373
717,0.589213267095234,0.221274744825972,0.235439936165745,0.194724220966719,0.143552645462116,0.185172899926102
705,0.611401966215199,0.243298519444439,0.218876016213984,0.243298519444439,0.144424803121843,0.140279459933373
748,0.608744246353995,0.269956905233921,0.267121556704060,0.226992939983781,0.178181472416481,0.173309128978783
202,0.557070755717787,0.172787005806565,0.190794809258731,0.185172899926102,0.14298348025674,0.182190212262849
778,0.659053485350326,0.257786672914962,0.283362392853609,0.212638240623736,0.195393227873188,0.185172899926102
251,0.620252184825136,0.160502026996677,0.158822198286243,0.220471637257467,0.140279459933373,0.157195124574254
694,0.629972659733243,0.238904240888872,0.233725581744281,0.233725581744281,0.157195124574254,0.180448444205294
848,0.617598511353537,0.257786672914962,0.233725581744281,0.192088479379025,0.181025063276694,0.179307075461499
854,0.592770024376564,0.226165913043895,0.245967461561916,0.203016510694019,0.169237834303805,0.198109430350217
789,0.642323774366231,0.224521889216861,0.252283020211930,0.248659484023583,0.147178535004063,0.235439936165745
721,0.61494365721071,0.211115838461421,0.233725581744281,0.26336509235663,0.151189670120080,0.142147774681471
828,0.630855615748439,0.266179795115631,0.219672052767678,0.260567046745838,0.204454144375473,0.155619579790919
834,0.635268667058686,0.259638241659144,0.207376318697083,0.248659484023583,0.185781454960399,0.140279459933373
187,0.547195695509664,0.140279459933373,0.150492979148870,0.212638240623736,0.140279459933373,0.141602453589765
774,0.631738455286738,0.238904240888872,0.190154027575454,0.245967461561916,0.167772573247934,0.174898448025698
714,0.564235724377818,0.247759640188542,0.224521889216861,0.259638241659144,0.147819407725247,0.148801114525785
741,0.620252184825136,0.237166246337142,0.26336509235663,0.213405068833102,0.174364837136968,0.170233153496669
836,0.632621179272578,0.211875157547888,0.208860644258667,0.238904240888872,0.164480729737195,0.145319498566922
315,0.420938564569721,0.140279459933373,0.217294683481912,0.164024746412181,0.140279459933373,0.174898448025698
254,0.529165277729617,0.180448444205294,0.208116557082828,0.185172899926102,0.160930368981928,0.140279459933373
829,0.637915147508898,0.237166246337142,0.256863984839407,0.208116557082828,0.160930368981928,0.159237162188545
863,0.617598511353537,0.23977753355553,0.292100571713878,0.208860644258667,0.150839880430613,0.161362102255135
725,0.621136485069615,0.218876016213984,0.269010148553487,0.224521889216861,0.140279459933373,0.170233153496669
732,0.638797087949753,0.26336509235663,0.262430509724191,0.222081350052879,0.182778757451073,0.184568357977156
258,0.440791745314472,0.151897993103576,0.208116557082828,0.174364837136968,0.167291481291287,0.172787005806565
401,0.6678452031824,0.164480729737195,0.213405068833102,0.217294683481912,0.140279459933373,0.140279459933373
188,0.558863289375474,0.145018731380577,0.143266847840142,0.213405068833102,0.171243398019944,0.162235816543637
348,0.444549008408857,0.160502026996677,0.187010622123131,0.195393227873188,0.140279459933373,0.140279459933373
716,0.59454741884471,0.236301613614802,0.253194757033311,0.180448444205294,0.172787005806565,0.152618104976752
768,0.600763302119727,0.250466494772263,0.250466494772263,0.194724220966719,0.213405068833102,0.154470991130581
244,0.470646634478409,0.173835068385563,0.221274744825972,0.146237238572002,0.152982630801945,0.140279459933373
733,0.587433883900336,0.221274744825972,0.209608564537159,0.203733362812729,0.150839880430613,0.196743303664015
172,0.332468835480985,0.140279459933373,0.140279459933373,0.608744246353995,0.665208590906176,0.504646384858735
793,0.641442262346675,0.255024990396885,0.257786672914962,0.245075200706715,0.205907447843523,0.140279459933373
868,0.660812526368302,0.276626749501763,0.258711437790672,0.199491561253654,0.174898448025698,0.161362102255135
671,0.574958463059337,0.304834801321944,0.261497815323131,0.305818349289740,0.206639944148685,0.190154027575454
788,0.63703309779987,0.212638240623736,0.261497815323131,0.26806502014066,0.140279459933373,0.179307075461499
189,0.564235724377818,0.153720720340875,0.179307075461499,0.142423961905656,0.145622826217966,0.140279459933373
661,0.598100289370352,0.227823271636467,0.222081350052879,0.244185541162083,0.158410531669826,0.140279459933373
830,0.656414246618719,0.276626749501763,0.234581247743386,0.242414171861771,0.188255890082703,0.183371292540019
766,0.620252184825136,0.175977245746161,0.232872971194181,0.240653643199231,0.185172899926102,0.200889639762023
718,0.602537880906253,0.214949882112267,0.200188610986799,0.194724220966719,0.172268685450245,0.140279459933373
353,0.444549008408857,0.198109430350217,0.158410531669826,0.219672052767678,0.152256565618780,0.140279459933373
802,0.598100289370352,0.26336509235663,0.185172899926102,0.256863984839407,0.192088479379025,0.192741366843982
772,0.572280442910804,0.222081350052879,0.155233599845476,0.275669606701894,0.169237834303805,0.152618104976752
762,0.635268667058686,0.244185541162083,0.248659484023583,0.271855157449252,0.140279459933373,0.181025063276694
804,0.640560644506718,0.285297304030371,0.289179343702615,0.181025063276694,0.170736402643872,0.140279459933373
148,0.440791745314472,0.140279459933373,0.152982630801945,0.23977753355553,0.140279459933373,0.140279459933373
647,0.714317311421552,0.36005360357005,0.314687276192053,0.464154311336516,0.489087655334828,0.330492731245164
380,0.454843116219575,0.159655442358187,0.171243398019944,0.222891426963376,0.140279459933373,0.165403320798019
671,0.615828741507218,0.192088479379025,0.23033379664679,0.229493730258852,0.140279459933373,0.157597013980819
630,0.59454741884471,0.237166246337142,0.185172899926102,0.265239772398733,0.140279459933373,0.140279459933373
828,0.650252758171119,0.333456768437105,0.318636108753548,0.307786743279463,0.211875157547888,0.159655442358187
720,0.640560644506718,0.247759640188542,0.237166246337142,0.208116557082828,0.195393227873188,0.151897993103576
882,0.615828741507218,0.272806580486754,0.251373586915138,0.236301613614802,0.16634019279706,0.149469410107982
789,0.610516199655431,0.23977753355553,0.214175622695954,0.242414171861771,0.198798498578782,0.178181472416481
824,0.616713692539713,0.243298519444439,0.227823271636467,0.197424363331222,0.156400988328558,0.16634019279706
851,0.65113325749733,0.256863984839407,0.259638241659144,0.245967461561916,0.185172899926102,0.204454144375473
391,0.448298759169222,0.182778757451073,0.187010622123131,0.182190212262849,0.141066417195949,0.161797245314680
799,0.633503788623644,0.244185541162083,0.207376318697083,0.26336509235663,0.140279459933373,0.140279459933373
782,0.636150937944643,0.257786672914962,0.226992939983781,0.271855157449252,0.176522456496951,0.145622826217966
880,0.631738455286738,0.278545025785751,0.23033379664679,0.302869127130412,0.145622826217966,0.180448444205294
327,0.49459052794554,0.172787005806565,0.152618104976752,0.247759640188542,0.140539522938054,0.140279459933373
368,0.438910260048710,0.184568357977156,0.201594638931909,0.203733362812729,0.152618104976752,0.153720720340875
696,0.638797087949753,0.250466494772263,0.26806502014066,0.262430509724191,0.152256565618780,0.184568357977156
620,0.523735350546028,0.291125967010989,0.226992939983781,0.288207386188063,0.173309128978783,0.179875784505171
384,0.424736999725661,0.156008702799071,0.186394027664835,0.171243398019944,0.149133866930996,0.163123316426449
791,0.646729776551258,0.291125967010989,0.236301613614802,0.287236372741756,0.164480729737195,0.149469410107982
670,0.607858057407542,0.245967461561916,0.258711437790672,0.178181472416481,0.197424363331222,0.160502026996677
679,0.619367756469412,0.245075200706715,0.223704949036996,0.229493730258852,0.167772573247934,0.169237834303805
774,0.615828741507218,0.208116557082828,0.231177046607856,0.180448444205294,0.174898448025698,0.176522456496951
804,0.61405843859737,0.23977753355553,0.270905253648299,0.199491561253654,0.207376318697083,0.171754154191287
964,0.675750628954486,0.373747820375976,0.338394673319409,0.323575487390111,0.232023448734304,0.150839880430613
711,0.606085249352797,0.211115838461421,0.240653643199231,0.212638240623736,0.160077057692081,0.164024746412181
876,0.659933050519219,0.26806502014066,0.274713840722163,0.237166246337142,0.152618104976752,0.140279459933373
723,0.612287594171303,0.240653643199231,0.235439936165745,0.181605650010004,0.176522456496951,0.174364837136968
891,0.640560644506718,0.330492731245164,0.32950458986508,0.323575487390111,0.249561781327291,0.199491561253654
446,0.555277339714655,0.219672052767678,0.198798498578782,0.178742307944130,0.179307075461499,0.140279459933373
725,0.621136485069615,0.236301613614802,0.232872971194181,0.228656878414890,0.203016510694019,0.140279459933373
670,0.602537880906253,0.262430509724191,0.213405068833102,0.296006914761259,0.169237834303805,0.197424363331222
735,0.608744246353995,0.226165913043895,0.197424363331222,0.248659484023583,0.153720720340875,0.175977245746161
914,0.647610671197383,0.308771540986705,0.297964434643167,0.255024990396885,0.217294683481912,0.141873944585676
166,0.478041795094857,0.140279459933373,0.196743303664015,0.169237834303805,0.145622826217966,0.156008702799071
777,0.604311860230174,0.235439936165745,0.214949882112267,0.253194757033311,0.158822198286243,0.143552645462116
830,0.634386284250911,0.261497815323131,0.275669606701894,0.214949882112267,0.195393227873188,0.146237238572002
410,0.453909567952752,0.193398287644562,0.180448444205294,0.208116557082828,0.168257318749387,0.145928733232941
991,0.649372161207369,0.265239772398733,0.245967461561916,0.269956905233921,0.151542367809210,0.190154027575454
838,0.642323774366231,0.275669606701894,0.256863984839407,0.283362392853609,0.160930368981928,0.153720720340875
765,0.639678919993987,0.247759640188542,0.205178843545358,0.259638241659144,0.147178535004063,0.170736402643872
984,0.621136485069615,0.251373586915138,0.233725581744281,0.188884569174318,0.174364837136968,0.201594638931909
907,0.632621179272578,0.32159942528535,0.293075998312143,0.310742219942023,0.203733362812729,0.149133866930996
788,0.622904705251892,0.272806580486754,0.269010148553487,0.241532534498303,0.159237162188545,0.179875784505171
699,0.633503788623644,0.278545025785751,0.253194757033311,0.313700605163659,0.169237834303805,0.175977245746161
748,0.620252184825136,0.233725581744281,0.200889639762023,0.245075200706715,0.140279459933373,0.150148946700048
795,0.602537880906253,0.23977753355553,0.241532534498303,0.249561781327291,0.155619579790919,0.188884569174318
764,0.629089586309926,0.238904240888872,0.225342219919308,0.248659484023583,0.175435913518267,0.154094323280450
860,0.655534316836593,0.255024990396885,0.229493730258852,0.253194757033311,0.167291481291287,0.140279459933373
643,0.596324170558622,0.225342219919308,0.23033379664679,0.224521889216861,0.151542367809210,0.140279459933373
248,0.627323083479833,0.218876016213984,0.173309128978783,0.297964434643167,0.328516409471957,0.266179795115631
843,0.622020658211421,0.243298519444439,0.244185541162083,0.232023448734304,0.155619579790919,0.187010622123131
788,0.604311860230174,0.235439936165745,0.214949882112267,0.23033379664679,0.155619579790919,0.175977245746161
757,0.617598511353537,0.213405068833102,0.203733362812729,0.232023448734304,0.140279459933373,0.140279459933373
786,0.610516199655431,0.269956905233921,0.254108759679802,0.26336509235663,0.150839880430613,0.150839880430613
703,0.599875784998553,0.274713840722163,0.253194757033311,0.254108759679802,0.173835068385563,0.140279459933373
957,0.601650667029677,0.232023448734304,0.245967461561916,0.184568357977156,0.166814026627726,0.168257318749387
770,0.616713692539713,0.191439626593958,0.211115838461421,0.255943411389996,0.145018731380577,0.164024746412181
684,0.590102705627282,0.286266334773665,0.280468392646033,0.283362392853609,0.204454144375473,0.140279459933373
798,0.613173084606865,0.265239772398733,0.231177046607856,0.297964434643167,0.165403320798019,0.140279459933373
302,0.450170855356869,0.170736402643872,0.167772573247934,0.174364837136968,0.172268685450245,0.140279459933373
497,0.589213267095234,0.216509434133377,0.23033379664679,0.238033800236652,0.199491561253654,0.169237834303805
698,0.605198627992826,0.228656878414890,0.251373586915138,0.213405068833102,0.147178535004063,0.177071557205383
527,0.5417972538608,0.216509434133377,0.233725581744281,0.211875157547888,0.198109430350217,0.169237834303805
715,0.641442262346675,0.224521889216861,0.259638241659144,0.202303599215116,0.181605650010004,0.164024746412181
719,0.589213267095234,0.222891426963376,0.211875157547888,0.216509434133377,0.16357228121085,0.170736402643872
699,0.600763302119727,0.244185541162083,0.247759640188542,0.218083551882790,0.147178535004063,0.140279459933373
350,0.43702685358426,0.182190212262849,0.164940248736627,0.197424363331222,0.145622826217966,0.149469410107982
660,0.598100289370352,0.243298519444439,0.234581247743386,0.172268685450245,0.156008702799071,0.140279459933373
148,0.43702685358426,0.151189670120080,0.197424363331222,0.182190212262849,0.140279459933373,0.140279459933373
879,0.656414246618719,0.269010148553487,0.261497815323131,0.232023448734304,0.197424363331222,0.170736402643872
826,0.644967683931748,0.26336509235663,0.241532534498303,0.26336509235663,0.168257318749387,0.205907447843523
798,0.629972659733243,0.270905253648299,0.215727826366646,0.275669606701894,0.178742307944130,0.199491561253654
319,0.652893966371437,0.319623752397046,0.300905518027404,0.375697185802696,0.379590352485876,0.251373586915138
797,0.636150937944643,0.254108759679802,0.232023448734304,0.238904240888872,0.193398287644562,0.158822198286243
687,0.615828741507218,0.241532534498303,0.23033379664679,0.266179795115631,0.162235816543637,0.170233153496669
741,0.589213267095234,0.266179795115631,0.226165913043895,0.244185541162083,0.172787005806565,0.164480729737195
794,0.574958463059337,0.225342219919308,0.201594638931909,0.206639944148685,0.164024746412181,0.155233599845476
864,0.641442262346675,0.269010148553487,0.277585234113443,0.272806580486754,0.191439626593958,0.217294683481912
881,0.632621179272578,0.267121556704060,0.212638240623736,0.26806502014066,0.151897993103576,0.140279459933373
384,0.68540437369446,0.192741366843982,0.242414171861771,0.279506090033501,0.269956905233921,0.171243398019944
673,0.61494365721071,0.221274744825972,0.218876016213984,0.250466494772263,0.163123316426449,0.140279459933373
743,0.655534316836593,0.240653643199231,0.253194757033311,0.198798498578782,0.175977245746161,0.192088479379025
879,0.638797087949753,0.336419918223748,0.315674182764382,0.332468835480985,0.208860644258667,0.187010622123131
741,0.638797087949753,0.26336509235663,0.242414171861771,0.245967461561916,0.179307075461499,0.140279459933373
816,0.649372161207369,0.238904240888872,0.238033800236652,0.257786672914962,0.145018731380577,0.159237162188545
712,0.622904705251892,0.238904240888872,0.257786672914962,0.211875157547888,0.196066256873814,0.152256565618780
725,0.61405843859737,0.238904240888872,0.189517281185082,0.248659484023583,0.153720720340875,0.170233153496669
731,0.596324170558622,0.235439936165745,0.218083551882790,0.218083551882790,0.182778757451073,0.158002143279100
681,0.596324170558622,0.236301613614802,0.269010148553487,0.180448444205294,0.171754154191287,0.140279459933373
733,0.616713692539713,0.240653643199231,0.244185541162083,0.265239772398733,0.167291481291287,0.180448444205294
662,0.626439652176295,0.216509434133377,0.252283020211930,0.254108759679802,0.165403320798019,0.140279459933373
407,0.603424944919196,0.282396577544332,0.244185541162083,0.286266334773665,0.188255890082703,0.167772573247934
168,0.484491855840873,0.140279459933373,0.154470991130581,0.16634019279706,0.140279459933373,0.140279459933373
761,0.646729776551258,0.258711437790672,0.226992939983781,0.248659484023583,0.161362102255135,0.149133866930996
701,0.606085249352797,0.238904240888872,0.255943411389996,0.185781454960399,0.158822198286243,0.140279459933373
765,0.600763302119727,0.182190212262849,0.219672052767678,0.209608564537159,0.186394027664835,0.163123316426449
803,0.658173830133798,0.288207386188063,0.255943411389996,0.265239772398733,0.209608564537159,0.254108759679802
837,0.620252184825136,0.237166246337142,0.231177046607856,0.240653643199231,0.160077057692081,0.181025063276694
897,0.65113325749733,0.269956905233921,0.273759486818862,0.244185541162083,0.176522456496951,0.175977245746161
597,0.671359527115958,0.265239772398733,0.232872971194181,0.271855157449252,0.155619579790919,0.144131604573628
674,0.605198627992826,0.207376318697083,0.226165913043895,0.191439626593958,0.140279459933373,0.14298348025674
761,0.635268667058686,0.236301613614802,0.208116557082828,0.246862287018223,0.154094323280450,0.140279459933373
615,0.606085249352797,0.244185541162083,0.234581247743386,0.256863984839407,0.140279459933373,0.165403320798019
321,0.435141512434088,0.170233153496669,0.211115838461421,0.208860644258667,0.147178535004063,0.151897993103576
310,0.426633199381427,0.164480729737195,0.214175622695954,0.161362102255135,0.146862120354825,0.189517281185082
817,0.616713692539713,0.265239772398733,0.255024990396885,0.257786672914962,0.185781454960399,0.145622826217966
688,0.61494365721071,0.205178843545358,0.236301613614802,0.248659484023583,0.140279459933373,0.140279459933373
863,0.630855615748439,0.241532534498303,0.221274744825972,0.213405068833102,0.16357228121085,0.146237238572002
771,0.660812526368302,0.250466494772263,0.253194757033311,0.207376318697083,0.172787005806565,0.168257318749387
905,0.640560644506718,0.309756707604237,0.296985336054750,0.292100571713878,0.235439936165745,0.226165913043895
394,0.433254223593108,0.172787005806565,0.179875784505171,0.222081350052879,0.141333283747465,0.140279459933373
164,0.458572851358513,0.146862120354825,0.194724220966719,0.145319498566922,0.140279459933373,0.166814026627726
713,0.606085249352797,0.252283020211930,0.215727826366646,0.23033379664679,0.171754154191287,0.140279459933373
821,0.61405843859737,0.238033800236652,0.235439936165745,0.248659484023583,0.158002143279100,0.145928733232941
853,0.634386284250911,0.249561781327291,0.233725581744281,0.255024990396885,0.141066417195949,0.154850743467635
870,0.602537880906253,0.248659484023583,0.186394027664835,0.247759640188542,0.187010622123131,0.180448444205294
836,0.641442262346675,0.224521889216861,0.229493730258852,0.232023448734304,0.175977245746161,0.162235816543637
848,0.650252758171119,0.245967461561916,0.241532534498303,0.264301525715948,0.145319498566922,0.142147774681471
714,0.659053485350326,0.279506090033501,0.226992939983781,0.240653643199231,0.169237834303805,0.164024746412181
573,0.510114381882143,0.187631241909896,0.150839880430613,0.26806502014066,0.156796455796649,0.152256565618780
805,0.627323083479833,0.246862287018223,0.172268685450245,0.285297304030371,0.160930368981928,0.171243398019944
560,0.649372161207369,0.304834801321944,0.272806580486754,0.334444602573969,0.340368763820501,0.23033379664679
791,0.61405843859737,0.231177046607856,0.207376318697083,0.269010148553487,0.142423961905656,0.141066417195949
401,0.466939252082330,0.168257318749387,0.23033379664679,0.190794809258731,0.188255890082703,0.140279459933373
206,0.393155485097713,0.140279459933373,0.140279459933373,0.622020658211421,0.675750628954486,0.508293008226672
811,0.653774177471793,0.261497815323131,0.244185541162083,0.231177046607856,0.172268685450245,0.158002143279100
792,0.628206394540431,0.228656878414890,0.223704949036996,0.203733362812729,0.164024746412181,0.140279459933373
410,0.459504181093247,0.187631241909896,0.238904240888872,0.140279459933373,0.177071557205383,0.140279459933373
788,0.609630293401202,0.210360301592275,0.207376318697083,0.225342219919308,0.149807763529887,0.161797245314680
788,0.568707020795868,0.296985336054750,0.192088479379025,0.303851718893881,0.181025063276694,0.169237834303805
175,0.551687808366613,0.150492979148870,0.183371292540019,0.246862287018223,0.156008702799071,0.182778757451073
745,0.634386284250911,0.259638241659144,0.196066256873814,0.298944182722262,0.175977245746161,0.186394027664835
754,0.639678919993987,0.242414171861771,0.213405068833102,0.259638241659144,0.140279459933373,0.154470991130581
797,0.647610671197383,0.302869127130412,0.259638241659144,0.304834801321944,0.222891426963376,0.141873944585676
812,0.632621179272578,0.234581247743386,0.272806580486754,0.175977245746161,0.165869963138432,0.196743303664015
877,0.641442262346675,0.236301613614802,0.274713840722163,0.199491561253654,0.170233153496669,0.140279459933373
880,0.675750628954486,0.298944182722262,0.297964434643167,0.274713840722163,0.187010622123131,0.167772573247934
880,0.640560644506718,0.280468392646033,0.269956905233921,0.252283020211930,0.237166246337142,0.140279459933373
755,0.626439652176295,0.251373586915138,0.238904240888872,0.228656878414890,0.198109430350217,0.157195124574254
715,0.61405843859737,0.223704949036996,0.238904240888872,0.183967824035887,0.154470991130581,0.140279459933373
807,0.624672424998259,0.32950458986508,0.317648619366148,0.280468392646033,0.205907447843523,0.174364837136968
408,0.435141512434088,0.188255890082703,0.165403320798019,0.23033379664679,0.151897993103576,0.147497624383717
877,0.620252184825136,0.254108759679802,0.273759486818862,0.208860644258667,0.164940248736627,0.195393227873188
834,0.633503788623644,0.247759640188542,0.245075200706715,0.246862287018223,0.174898448025698,0.154094323280450
683,0.616713692539713,0.228656878414890,0.217294683481912,0.205178843545358,0.189517281185082,0.168745733831007
732,0.588323660284695,0.255943411389996,0.167291481291287,0.295029198942614,0.155233599845476,0.156400988328558
673,0.618483198986599,0.205907447843523,0.253194757033311,0.190794809258731,0.162677834203278,0.140279459933373
776,0.615828741507218,0.206639944148685,0.198109430350217,0.214949882112267,0.157597013980819,0.156796455796649
758,0.613173084606865,0.222081350052879,0.226992939983781,0.228656878414890,0.170233153496669,0.163123316426449
798,0.606085249352797,0.23977753355553,0.236301613614802,0.177071557205383,0.151542367809210,0.164480729737195
734,0.621136485069615,0.23033379664679,0.247759640188542,0.248659484023583,0.148143904307162,0.161797245314680
779,0.63703309779987,0.222081350052879,0.244185541162083,0.199491561253654,0.167772573247934,0.196066256873814
169,0.506470348170507,0.140279459933373,0.241532534498303,0.151542367809210,0.140279459933373,0.173835068385563
699,0.609630293401202,0.255943411389996,0.238033800236652,0.208860644258667,0.172268685450245,0.192741366843982
891,0.652893966371437,0.253194757033311,0.245967461561916,0.260567046745838,0.204454144375473,0.170736402643872
708,0.603424944919196,0.231177046607856,0.197424363331222,0.258711437790672,0.162235816543637,0.176522456496951
825,0.641442262346675,0.243298519444439,0.241532534498303,0.232872971194181,0.140279459933373,0.188255890082703
250,0.447362019176649,0.191439626593958,0.156400988328558,0.218083551882790,0.160930368981928,0.161362102255135
842,0.650252758171119,0.297964434643167,0.248659484023583,0.269010148553487,0.190154027575454,0.146237238572002
994,0.644967683931748,0.275669606701894,0.250466494772263,0.242414171861771,0.187010622123131,0.200188610986799
702,0.621136485069615,0.23033379664679,0.235439936165745,0.257786672914962,0.140279459933373,0.140279459933373
829,0.635268667058686,0.287236372741756,0.261497815323131,0.241532534498303,0.188884569174318,0.140279459933373
723,0.604311860230174,0.285297304030371,0.217294683481912,0.278545025785751,0.158822198286243,0.160077057692081
619,0.573173308757861,0.227823271636467,0.259638241659144,0.232023448734304,0.188255890082703,0.180448444205294
748,0.632621179272578,0.279506090033501,0.275669606701894,0.251373586915138,0.172787005806565,0.140279459933373
829,0.62555609967103,0.260567046745838,0.290152214217331,0.219672052767678,0.198798498578782,0.171243398019944
903,0.658173830133798,0.283362392853609,0.279506090033501,0.258711437790672,0.192741366843982,0.188255890082703
714,0.61494365721071,0.246862287018223,0.242414171861771,0.154094323280450,0.175435913518267,0.166814026627726
742,0.599875784998553,0.243298519444439,0.232023448734304,0.219672052767678,0.172268685450245,0.140279459933373
976,0.679262118185675,0.276626749501763,0.232872971194181,0.238033800236652,0.146237238572002,0.140279459933373
684,0.638797087949753,0.260567046745838,0.211875157547888,0.251373586915138,0.181605650010004,0.155233599845476
598,0.61405843859737,0.228656878414890,0.207376318697083,0.235439936165745,0.154094323280450,0.181025063276694
773,0.630855615748439,0.233725581744281,0.264301525715948,0.234581247743386,0.149133866930996,0.194059239855938
727,0.621136485069615,0.238033800236652,0.198798498578782,0.260567046745838,0.143552645462116,0.167291481291287
228,0.460435073421994,0.168745733831007,0.177624558944457,0.197424363331222,0.140279459933373,0.140279459933373
766,0.641442262346675,0.235439936165745,0.190154027575454,0.26806502014066,0.140279459933373,0.204454144375473
819,0.616713692539713,0.255943411389996,0.228656878414890,0.229493730258852,0.165869963138432,0.154094323280450
792,0.661691913619881,0.273759486818862,0.259638241659144,0.242414171861771,0.198109430350217,0.198798498578782
584,0.615828741507218,0.226165913043895,0.232023448734304,0.200889639762023,0.151897993103576,0.149807763529887
166,0.493674279807102,0.140279459933373,0.140279459933373,0.236301613614802,0.140279459933373,0.173309128978783
818,0.593658802575914,0.278545025785751,0.280468392646033,0.260567046745838,0.188884569174318,0.183967824035887
684,0.611401966215199,0.248659484023583,0.242414171861771,0.243298519444439,0.158410531669826,0.200889639762023
843,0.647610671197383,0.262430509724191,0.252283020211930,0.246862287018223,0.190794809258731,0.140279459933373
786,0.626439652176295,0.212638240623736,0.254108759679802,0.173309128978783,0.175977245746161,0.161797245314680
781,0.636150937944643,0.236301613614802,0.252283020211930,0.200889639762023,0.206639944148685,0.140279459933373
730,0.606971725447777,0.245075200706715,0.232023448734304,0.224521889216861,0.161362102255135,0.140279459933373
716,0.624672424998259,0.238904240888872,0.23977753355553,0.209608564537159,0.170736402643872,0.147497624383717
936,0.634386284250911,0.298944182722262,0.140279459933373,0.5390946884908,0.590102705627282,0.419987692000204
681,0.554380296765044,0.280468392646033,0.26336509235663,0.250466494772263,0.203733362812729,0.181605650010004
731,0.606085249352797,0.23977753355553,0.269010148553487,0.204454144375473,0.184568357977156,0.158822198286243
814,0.623788627185174,0.231177046607856,0.218083551882790,0.257786672914962,0.166814026627726,0.171754154191287
842,0.659053485350326,0.266179795115631,0.242414171861771,0.245075200706715,0.187631241909896,0.161797245314680
635,0.565130393380684,0.245075200706715,0.229493730258852,0.255024990396885,0.152618104976752,0.149133866930996
679,0.62555609967103,0.244185541162083,0.219672052767678,0.266179795115631,0.151189670120080,0.191439626593958
657,0.61405843859737,0.235439936165745,0.236301613614802,0.243298519444439,0.161362102255135,0.161797245314680
795,0.598988114480156,0.238033800236652,0.238904240888872,0.257786672914962,0.140279459933373,0.159655442358187
896,0.624672424998259,0.234581247743386,0.273759486818862,0.169237834303805,0.141333283747465,0.192741366843982
773,0.639678919993987,0.246862287018223,0.240653643199231,0.236301613614802,0.183967824035887,0.144720505822661
697,0.628206394540431,0.262430509724191,0.232872971194181,0.269010148553487,0.168745733831007,0.144720505822661
824,0.588323660284695,0.232023448734304,0.232023448734304,0.283362392853609,0.150148946700048,0.140279459933373
241,0.59454741884471,0.159655442358187,0.214949882112267,0.181605650010004,0.172268685450245,0.172787005806565
168,0.487250452013843,0.157597013980819,0.189517281185082,0.199491561253654,0.154850743467635,0.165869963138432
871,0.629972659733243,0.275669606701894,0.273759486818862,0.241532534498303,0.177624558944457,0.140279459933373
761,0.630855615748439,0.253194757033311,0.246862287018223,0.225342219919308,0.165403320798019,0.143840891542185
153,0.444549008408857,0.140279459933373,0.175977245746161,0.179307075461499,0.140279459933373,0.169237834303805
182,0.548993245617665,0.155233599845476,0.145928733232941,0.23033379664679,0.140279459933373,0.159237162188545
850,0.636150937944643,0.249561781327291,0.224521889216861,0.236301613614802,0.182778757451073,0.172268685450245
735,0.623788627185174,0.37179664134119,0.304834801321944,0.248659484023583,0.205907447843523,0.181025063276694
852,0.650252758171119,0.286266334773665,0.23977753355553,0.300905518027404,0.221274744825972,0.208116557082828
732,0.617598511353537,0.221274744825972,0.242414171861771,0.249561781327291,0.152618104976752,0.140279459933373
797,0.618483198986599,0.270905253648299,0.280468392646033,0.183371292540019,0.146548361254107,0.182778757451073
796,0.629089586309926,0.219672052767678,0.212638240623736,0.298944182722262,0.152982630801945,0.140279459933373
747,0.664329550930648,0.275669606701894,0.284329312589461,0.264301525715948,0.185781454960399,0.167772573247934
672,0.619367756469412,0.234581247743386,0.233725581744281,0.232023448734304,0.157597013980819,0.162677834203278
630,0.586543936638165,0.245967461561916,0.209608564537159,0.254108759679802,0.243298519444439,0.171754154191287
874,0.647610671197383,0.265239772398733,0.245967461561916,0.221274744825972,0.169237834303805,0.190794809258731
678,0.58030940985411,0.196743303664015,0.194059239855938,0.212638240623736,0.175977245746161,0.159237162188545
369,0.44923503724365,0.184568357977156,0.195393227873188,0.194724220966719,0.141602453589765,0.161362102255135
719,0.649372161207369,0.326539995183568,0.277585234113443,0.248659484023583,0.200188610986799,0.140279459933373
775,0.665208590906176,0.241532534498303,0.211875157547888,0.303851718893881,0.142702524367706,0.207376318697083
697,0.63703309779987,0.281431899695417,0.262430509724191,0.274713840722163,0.173309128978783,0.140279459933373
714,0.606971725447777,0.251373586915138,0.269010148553487,0.188884569174318,0.158410531669826,0.140279459933373
813,0.655534316836593,0.26336509235663,0.23977753355553,0.260567046745838,0.170233153496669,0.177624558944457
700,0.628206394540431,0.208116557082828,0.214175622695954,0.214949882112267,0.155619579790919,0.160502026996677
373,0.446424815327873,0.196743303664015,0.152256565618780,0.206639944148685,0.201594638931909,0.167291481291287
776,0.629089586309926,0.275669606701894,0.244185541162083,0.214949882112267,0.203733362812729,0.145928733232941
794,0.615828741507218,0.231177046607856,0.192741366843982,0.272806580486754,0.140279459933373,0.167772573247934
681,0.608744246353995,0.212638240623736,0.205178843545358,0.269956905233921,0.140279459933373,0.151542367809210
340,0.433254223593108,0.174898448025698,0.166814026627726,0.165403320798019,0.144424803121843,0.140279459933373
598,0.607858057407542,0.287236372741756,0.269010148553487,0.208860644258667,0.235439936165745,0.186394027664835
877,0.660812526368302,0.273759486818862,0.262430509724191,0.275669606701894,0.170233153496669,0.162677834203278
851,0.648491465815105,0.261497815323131,0.267121556704060,0.217294683481912,0.154094323280450,0.182190212262849
870,0.645848781067736,0.227823271636467,0.167291481291287,0.275669606701894,0.146548361254107,0.165869963138432
683,0.58030940985411,0.242414171861771,0.254108759679802,0.23977753355553,0.170233153496669,0.229493730258852
661,0.591881082994116,0.252283020211930,0.193398287644562,0.238904240888872,0.178181472416481,0.152618104976752
748,0.620252184825136,0.231177046607856,0.250466494772263,0.140539522938054,0.162677834203278,0.16634019279706
166,0.485411763012758,0.140279459933373,0.214949882112267,0.140279459933373,0.140279459933373,0.149807763529887
152,0.442671323317129,0.140279459933373,0.150148946700048,0.194724220966719,0.140279459933373,0.205178843545358
569,0.59454741884471,0.286266334773665,0.265239772398733,0.281431899695417,0.216509434133377,0.211875157547888
853,0.637915147508898,0.255943411389996,0.260567046745838,0.236301613614802,0.214949882112267,0.193398287644562
582,0.707314131231881,0.258711437790672,0.238904240888872,0.344314559496454,0.372772455485757,0.23977753355553
621,0.567813168189284,0.237166246337142,0.253194757033311,0.222081350052879,0.164940248736627,0.181025063276694
660,0.629972659733243,0.236301613614802,0.208116557082828,0.225342219919308,0.141066417195949,0.232023448734304
184,0.546296562840502,0.165869963138432,0.177071557205383,0.205907447843523,0.156400988328558,0.140279459933373
543,0.582982412426427,0.218083551882790,0.200188610986799,0.218876016213984,0.140279459933373,0.201594638931909
914,0.638797087949753,0.297964434643167,0.292100571713878,0.294052217151829,0.144424803121843,0.140279459933373
739,0.573173308757861,0.205178843545358,0.234581247743386,0.180448444205294,0.154094323280450,0.141066417195949
336,0.385415796280043,0.165869963138432,0.189517281185082,0.177071557205383,0.140279459933373,0.140279459933373
711,0.623788627185174,0.23977753355553,0.248659484023583,0.159655442358187,0.171243398019944,0.140279459933373
796,0.646729776551258,0.259638241659144,0.26806502014066,0.195393227873188,0.200889639762023,0.147178535004063
850,0.642323774366231,0.243298519444439,0.222891426963376,0.251373586915138,0.188255890082703,0.146862120354825
595,0.635268667058686,0.237166246337142,0.205178843545358,0.287236372741756,0.168257318749387,0.187631241909896
397,0.427580548847338,0.171754154191287,0.206639944148685,0.185172899926102,0.192088479379025,0.162235816543637
170,0.49459052794554,0.156796455796649,0.140279459933373,0.243298519444439,0.140279459933373,0.178742307944130
343,0.476195411202944,0.185172899926102,0.194724220966719,0.253194757033311,0.150148946700048,0.14298348025674
756,0.609630293401202,0.238033800236652,0.226165913043895,0.218083551882790,0.16634019279706,0.140279459933373
832,0.659933050519219,0.278545025785751,0.294052217151829,0.187010622123131,0.198798498578782,0.196743303664015
868,0.658173830133798,0.229493730258852,0.258711437790672,0.215727826366646,0.141066417195949,0.154094323280450
777,0.598988114480156,0.325551793923222,0.247759640188542,0.325551793923222,0.160930368981928,0.203733362812729
817,0.629089586309926,0.301887051542692,0.289179343702615,0.291125967010989,0.191439626593958,0.209608564537159
689,0.611401966215199,0.241532534498303,0.218876016213984,0.226992939983781,0.175435913518267,0.153720720340875
648,0.618483198986599,0.226992939983781,0.221274744825972,0.208860644258667,0.145928733232941,0.150492979148870
753,0.597212308466731,0.23977753355553,0.252283020211930,0.236301613614802,0.182778757451073,0.163123316426449
756,0.641442262346675,0.258711437790672,0.252283020211930,0.248659484023583,0.150148946700048,0.165403320798019
800,0.634386284250911,0.246862287018223,0.171243398019944,0.269956905233921,0.148143904307162,0.140279459933373
196,0.427580548847338,0.193398287644562,0.210360301592275,0.177071557205383,0.169237834303805,0.149807763529887
855,0.629972659733243,0.259638241659144,0.274713840722163,0.269010148553487,0.207376318697083,0.214949882112267
174,0.523735350546028,0.168257318749387,0.202303599215116,0.177624558944457,0.147178535004063,0.140279459933373
175,0.534585290557682,0.146548361254107,0.140279459933373,0.236301613614802,0.140279459933373,0.140279459933373
650,0.633503788623644,0.244185541162083,0.224521889216861,0.23033379664679,0.174898448025698,0.151542367809210
662,0.616713692539713,0.237166246337142,0.177071557205383,0.245967461561916,0.145622826217966,0.140279459933373
592,0.657294084136253,0.33543232376894,0.327528205863718,0.351210191887716,0.243298519444439,0.168257318749387
770,0.603424944919196,0.222081350052879,0.235439936165745,0.187010622123131,0.175977245746161,0.140279459933373
385,0.463225147278761,0.193398287644562,0.177071557205383,0.195393227873188,0.140279459933373,0.140279459933373
169,0.511024591546248,0.140279459933373,0.194724220966719,0.175435913518267,0.157195124574254,0.179875784505171
457,0.524641044535778,0.269010148553487,0.26806502014066,0.195393227873188,0.214949882112267,0.168745733831007
721,0.598988114480156,0.202303599215116,0.240653643199231,0.156400988328558,0.143552645462116,0.140801836156987
786,0.61405843859737,0.310742219942023,0.271855157449252,0.316661303992259,0.174364837136968,0.150148946700048
874,0.643205181411445,0.278545025785751,0.226992939983781,0.259638241659144,0.187631241909896,0.170736402643872
816,0.638797087949753,0.347271459448055,0.336419918223748,0.32950458986508,0.235439936165745,0.181025063276694
845,0.648491465815105,0.23977753355553,0.202303599215116,0.296985336054750,0.140279459933373,0.14298348025674
773,0.623788627185174,0.217294683481912,0.182778757451073,0.275669606701894,0.171754154191287,0.156400988328558
754,0.609630293401202,0.257786672914962,0.210360301592275,0.258711437790672,0.168745733831007,0.162235816543637
710,0.618483198986599,0.279506090033501,0.26806502014066,0.274713840722163,0.173835068385563,0.142423961905656
744,0.585653817185493,0.233725581744281,0.151542367809210,0.235439936165745,0.166814026627726,0.140279459933373
850,0.606085249352797,0.269010148553487,0.253194757033311,0.198109430350217,0.140279459933373,0.170233153496669
548,0.570494126543261,0.234581247743386,0.225342219919308,0.203733362812729,0.179875784505171,0.14298348025674
818,0.619367756469412,0.248659484023583,0.226992939983781,0.238033800236652,0.205907447843523,0.140279459933373
693,0.606971725447777,0.211115838461421,0.173835068385563,0.257786672914962,0.167772573247934,0.164480729737195
733,0.598100289370352,0.203016510694019,0.206639944148685,0.264301525715948,0.173309128978783,0.145319498566922
870,0.61494365721071,0.293075998312143,0.282396577544332,0.269010148553487,0.204454144375473,0.140279459933373
296,0.459504181093247,0.196066256873814,0.140279459933373,0.205907447843523,0.141066417195949,0.140279459933373
763,0.621136485069615,0.285297304030371,0.311728055196152,0.260567046745838,0.167772573247934,0.150839880430613
891,0.629972659733243,0.254108759679802,0.234581247743386,0.252283020211930,0.149133866930996,0.175977245746161
679,0.604311860230174,0.247759640188542,0.203733362812729,0.267121556704060,0.179875784505171,0.16634019279706
790,0.627323083479833,0.258711437790672,0.275669606701894,0.152256565618780,0.180448444205294,0.171243398019944
797,0.632621179272578,0.257786672914962,0.249561781327291,0.238904240888872,0.147819407725247,0.16634019279706
837,0.598100289370352,0.218876016213984,0.203016510694019,0.255943411389996,0.140279459933373,0.211875157547888
721,0.627323083479833,0.26806502014066,0.242414171861771,0.236301613614802,0.157597013980819,0.169237834303805
649,0.562445761046978,0.235439936165745,0.212638240623736,0.238904240888872,0.185781454960399,0.187631241909896
875,0.610516199655431,0.277585234113443,0.225342219919308,0.258711437790672,0.191439626593958,0.183967824035887
746,0.633503788623644,0.217294683481912,0.218083551882790,0.236301613614802,0.169237834303805,0.14298348025674
819,0.644086484322101,0.257786672914962,0.258711437790672,0.204454144375473,0.175977245746161,0.185172899926102
223,0.605198627992826,0.146548361254107,0.181025063276694,0.199491561253654,0.140279459933373,0.149469410107982
785,0.612287594171303,0.236301613614802,0.241532534498303,0.260567046745838,0.158822198286243,0.147178535004063
605,0.59454741884471,0.178181472416481,0.203733362812729,0.253194757033311,0.142702524367706,0.151542367809210
706,0.624672424998259,0.255943411389996,0.192088479379025,0.214949882112267,0.166814026627726,0.162677834203278
841,0.669602528491819,0.291125967010989,0.293075998312143,0.242414171861771,0.140539522938054,0.16634019279706
355,0.43702685358426,0.175977245746161,0.185781454960399,0.226992939983781,0.149133866930996,0.140279459933373
546,0.548993245617665,0.292100571713878,0.270905253648299,0.279506090033501,0.193398287644562,0.196066256873814
739,0.61494365721071,0.237166246337142,0.238904240888872,0.235439936165745,0.164480729737195,0.214949882112267
756,0.607858057407542,0.246862287018223,0.247759640188542,0.219672052767678,0.154470991130581,0.156400988328558
729,0.653774177471793,0.262430509724191,0.255943411389996,0.254108759679802,0.167291481291287,0.154470991130581
154,0.445487145704544,0.140279459933373,0.187631241909896,0.203733362812729,0.140279459933373,0.151897993103576
810,0.642323774366231,0.253194757033311,0.258711437790672,0.247759640188542,0.145018731380577,0.177624558944457
651,0.612287594171303,0.322587416871138,0.284329312589461,0.272806580486754,0.190794809258731,0.190794809258731
376,0.652893966371437,0.222891426963376,0.211875157547888,0.318636108753548,0.351210191887716,0.262430509724191
743,0.61405843859737,0.233725581744281,0.259638241659144,0.193398287644562,0.181025063276694,0.176522456496951
199,0.583873056414207,0.182778757451073,0.140279459933373,0.507381840049532,0.555277339714655,0.419987692000204
731,0.638797087949753,0.237166246337142,0.246862287018223,0.267121556704060,0.155233599845476,0.213405068833102
410,0.412362374614871,0.159655442358187,0.188255890082703,0.16357228121085,0.167291481291287,0.140279459933373
165,0.492757675678563,0.140279459933373,0.194724220966719,0.187010622123131,0.142702524367706,0.140279459933373
795,0.635268667058686,0.299924552865763,0.272806580486754,0.287236372741756,0.182190212262849,0.140279459933373
225,0.613173084606865,0.184568357977156,0.190794809258731,0.205907447843523,0.162677834203278,0.147178535004063
509,0.578526502286961,0.246862287018223,0.269956905233921,0.257786672914962,0.156008702799071,0.16634019279706
841,0.617598511353537,0.242414171861771,0.222891426963376,0.242414171861771,0.146862120354825,0.178742307944130
828,0.633503788623644,0.231177046607856,0.226992939983781,0.269010148553487,0.151542367809210,0.188255890082703
646,0.617598511353537,0.214175622695954,0.219672052767678,0.198109430350217,0.176522456496951,0.140279459933373
793,0.633503788623644,0.270905253648299,0.214949882112267,0.289179343702615,0.151542367809210,0.185172899926102
763,0.628206394540431,0.252283020211930,0.259638241659144,0.258711437790672,0.145018731380577,0.162677834203278
676,0.620252184825136,0.300905518027404,0.269956905233921,0.267121556704060,0.183967824035887,0.168257318749387
316,0.653774177471793,0.174898448025698,0.214175622695954,0.181025063276694,0.140279459933373,0.153350162717428
788,0.583873056414207,0.222081350052879,0.232023448734304,0.255024990396885,0.149807763529887,0.16357228121085
180,0.551687808366613,0.149469410107982,0.187631241909896,0.206639944148685,0.140279459933373,0.164024746412181
159,0.445487145704544,0.144720505822661,0.175435913518267,0.152618104976752,0.151542367809210,0.165869963138432
764,0.623788627185174,0.274713840722163,0.218876016213984,0.296985336054750,0.241532534498303,0.207376318697083
755,0.635268667058686,0.296985336054750,0.261497815323131,0.23033379664679,0.140279459933373,0.140279459933373
364,0.432309844864813,0.155233599845476,0.208116557082828,0.180448444205294,0.150492979148870,0.156796455796649
664,0.584763524220902,0.211875157547888,0.213405068833102,0.210360301592275,0.159655442358187,0.140279459933373
621,0.591881082994116,0.181605650010004,0.216509434133377,0.226165913043895,0.152982630801945,0.151897993103576
800,0.61405843859737,0.229493730258852,0.243298519444439,0.224521889216861,0.155619579790919,0.140279459933373
836,0.631738455286738,0.251373586915138,0.269956905233921,0.283362392853609,0.176522456496951,0.175977245746161
971,0.636150937944643,0.275669606701894,0.248659484023583,0.273759486818862,0.170736402643872,0.164940248736627
816,0.608744246353995,0.245967461561916,0.255943411389996,0.241532534498303,0.161362102255135,0.154094323280450
888,0.597212308466731,0.235439936165745,0.178742307944130,0.273759486818862,0.151897993103576,0.146862120354825
722,0.605198627992826,0.191439626593958,0.211875157547888,0.260567046745838,0.151897993103576,0.167291481291287
647,0.600763302119727,0.228656878414890,0.237166246337142,0.222891426963376,0.140279459933373,0.140279459933373
749,0.639678919993987,0.245075200706715,0.200889639762023,0.269010148553487,0.146862120354825,0.165403320798019
856,0.623788627185174,0.254108759679802,0.231177046607856,0.296985336054750,0.16357228121085,0.207376318697083
648,0.555277339714655,0.210360301592275,0.207376318697083,0.172268685450245,0.172268685450245,0.140279459933373
358,0.439851241970584,0.174898448025698,0.192088479379025,0.232872971194181,0.140279459933373,0.140279459933373
741,0.600763302119727,0.235439936165745,0.215727826366646,0.251373586915138,0.197424363331222,0.140279459933373
596,0.58030940985411,0.242414171861771,0.23977753355553,0.240653643199231,0.178181472416481,0.154470991130581
826,0.62555609967103,0.232023448734304,0.196743303664015,0.258711437790672,0.170736402643872,0.140279459933373
707,0.617598511353537,0.216509434133377,0.211115838461421,0.285297304030371,0.152618104976752,0.184568357977156
902,0.637915147508898,0.216509434133377,0.245075200706715,0.229493730258852,0.175435913518267,0.175977245746161
256,0.63703309779987,0.180448444205294,0.162677834203278,0.231177046607856,0.140279459933373,0.140279459933373
718,0.610516199655431,0.240653643199231,0.194059239855938,0.23977753355553,0.158002143279100,0.165403320798019
882,0.653774177471793,0.267121556704060,0.246862287018223,0.258711437790672,0.160077057692081,0.170233153496669
618,0.623788627185174,0.315674182764382,0.258711437790672,0.298944182722262,0.254108759679802,0.167772573247934
718,0.600763302119727,0.222081350052879,0.229493730258852,0.215727826366646,0.153350162717428,0.140279459933373
689,0.617598511353537,0.213405068833102,0.198798498578782,0.210360301592275,0.16357228121085,0.169237834303805
686,0.621136485069615,0.237166246337142,0.218876016213984,0.206639944148685,0.146548361254107,0.145928733232941
761,0.626439652176295,0.234581247743386,0.245967461561916,0.225342219919308,0.183371292540019,0.188884569174318
968,0.661691913619881,0.270905253648299,0.237166246337142,0.258711437790672,0.140279459933373,0.169237834303805
792,0.647610671197383,0.26806502014066,0.242414171861771,0.255943411389996,0.168257318749387,0.165869963138432
901,0.62555609967103,0.264301525715948,0.249561781327291,0.196743303664015,0.148471133452426,0.198798498578782
791,0.623788627185174,0.236301613614802,0.203016510694019,0.26336509235663,0.141602453589765,0.161797245314680
678,0.604311860230174,0.285297304030371,0.260567046745838,0.246862287018223,0.156796455796649,0.171754154191287
799,0.629089586309926,0.255943411389996,0.249561781327291,0.265239772398733,0.192088479379025,0.172268685450245
709,0.602537880906253,0.229493730258852,0.154470991130581,0.269010148553487,0.143266847840142,0.171243398019944
851,0.629089586309926,0.256863984839407,0.200188610986799,0.272806580486754,0.153350162717428,0.171243398019944
708,0.63703309779987,0.250466494772263,0.290152214217331,0.185781454960399,0.147497624383717,0.158822198286243
903,0.645848781067736,0.291125967010989,0.267121556704060,0.303851718893881,0.197424363331222,0.177071557205383
738,0.592770024376564,0.276626749501763,0.264301525715948,0.226165913043895,0.232872971194181,0.160077057692081
651,0.562445761046978,0.264301525715948,0.254108759679802,0.226992939983781,0.201594638931909,0.16357228121085
707,0.621136485069615,0.247759640188542,0.204454144375473,0.279506090033501,0.156796455796649,0.192088479379025
759,0.606971725447777,0.203733362812729,0.187010622123131,0.26806502014066,0.140279459933373,0.209608564537159
960,0.627323083479833,0.265239772398733,0.236301613614802,0.248659484023583,0.158822198286243,0.177071557205383
935,0.58209159090975,0.290152214217331,0.266179795115631,0.293075998312143,0.173835068385563,0.140279459933373
664,0.605198627992826,0.221274744825972,0.218083551882790,0.211875157547888,0.155619579790919,0.149807763529887
743,0.587433883900336,0.241532534498303,0.229493730258852,0.257786672914962,0.161797245314680,0.142702524367706
755,0.638797087949753,0.276626749501763,0.278545025785751,0.235439936165745,0.140279459933373,0.162677834203278
790,0.598988114480156,0.264301525715948,0.274713840722163,0.262430509724191,0.189517281185082,0.170233153496669
165,0.477118801080669,0.140279459933373,0.210360301592275,0.175435913518267,0.144720505822661,0.151189670120080
734,0.620252184825136,0.299924552865763,0.267121556704060,0.235439936165745,0.210360301592275,0.158822198286243
413,0.442671323317129,0.217294683481912,0.178181472416481,0.208860644258667,0.161362102255135,0.159237162188545
583,0.598988114480156,0.246862287018223,0.227823271636467,0.213405068833102,0.140279459933373,0.145018731380577
783,0.631738455286738,0.255024990396885,0.220471637257467,0.204454144375473,0.178742307944130,0.140279459933373
396,0.443610401564419,0.194059239855938,0.197424363331222,0.175435913518267,0.167772573247934,0.140279459933373
779,0.641442262346675,0.265239772398733,0.306802338059224,0.23977753355553,0.154470991130581,0.207376318697083
203,0.43702685358426,0.143840891542185,0.140279459933373,0.201594638931909,0.140279459933373,0.186394027664835
674,0.633503788623644,0.337407372460796,0.325551793923222,0.310742219942023,0.212638240623736,0.213405068833102
204,0.578526502286961,0.141602453589765,0.146862120354825,0.178742307944130,0.140279459933373,0.140279459933373
791,0.630855615748439,0.238904240888872,0.189517281185082,0.265239772398733,0.140279459933373,0.180448444205294
649,0.569600673082815,0.226165913043895,0.244185541162083,0.23977753355553,0.141602453589765,0.198109430350217
724,0.615828741507218,0.228656878414890,0.220471637257467,0.219672052767678,0.156008702799071,0.178181472416481
673,0.623788627185174,0.245075200706715,0.211115838461421,0.280468392646033,0.142147774681471,0.140279459933373
873,0.606085249352797,0.227823271636467,0.218876016213984,0.222891426963376,0.144424803121843,0.197424363331222
751,0.608744246353995,0.250466494772263,0.258711437790672,0.232872971194181,0.158822198286243,0.142702524367706
246,0.643205181411445,0.208116557082828,0.200188610986799,0.354161056920203,0.336419918223748,0.257786672914962
804,0.641442262346675,0.241532534498303,0.271855157449252,0.224521889216861,0.161797245314680,0.173835068385563
761,0.616713692539713,0.252283020211930,0.218876016213984,0.195393227873188,0.16357228121085,0.164024746412181
687,0.62555609967103,0.259638241659144,0.248659484023583,0.220471637257467,0.181025063276694,0.212638240623736
511,0.61405843859737,0.245967461561916,0.233725581744281,0.236301613614802,0.158822198286243,0.181025063276694
384,0.475271623239318,0.185781454960399,0.169733635746363,0.216509434133377,0.140279459933373,0.140539522938054
585,0.622904705251892,0.260567046745838,0.219672052767678,0.320611530912211,0.140279459933373,0.140279459933373
800,0.617598511353537,0.232023448734304,0.246862287018223,0.222891426963376,0.162235816543637,0.157597013980819
903,0.624672424998259,0.266179795115631,0.283362392853609,0.218876016213984,0.190154027575454,0.140279459933373
713,0.600763302119727,0.253194757033311,0.231177046607856,0.273759486818862,0.140279459933373,0.170233153496669
761,0.643205181411445,0.260567046745838,0.26806502014066,0.225342219919308,0.174898448025698,0.161797245314680
902,0.629972659733243,0.271855157449252,0.288207386188063,0.242414171861771,0.150148946700048,0.194059239855938
756,0.634386284250911,0.241532534498303,0.262430509724191,0.235439936165745,0.156796455796649,0.152982630801945
345,0.42188893060604,0.191439626593958,0.160930368981928,0.222081350052879,0.178742307944130,0.157597013980819
648,0.613173084606865,0.224521889216861,0.274713840722163,0.161362102255135,0.149133866930996,0.204454144375473
713,0.618483198986599,0.247759640188542,0.254108759679802,0.218083551882790,0.159655442358187,0.140279459933373
796,0.627323083479833,0.205178843545358,0.237166246337142,0.227823271636467,0.177624558944457,0.192741366843982
766,0.630855615748439,0.246862287018223,0.255024990396885,0.227823271636467,0.167772573247934,0.140279459933373
651,0.578526502286961,0.317648619366148,0.258711437790672,0.269956905233921,0.164480729737195,0.168257318749387
818,0.624672424998259,0.26806502014066,0.266179795115631,0.208860644258667,0.169237834303805,0.190154027575454
840,0.63703309779987,0.222081350052879,0.231177046607856,0.254108759679802,0.183967824035887,0.166814026627726
832,0.644967683931748,0.264301525715948,0.258711437790672,0.198798498578782,0.188884569174318,0.153720720340875
477,0.443610401564419,0.170736402643872,0.146237238572002,0.235439936165745,0.140279459933373,0.145928733232941
773,0.61405843859737,0.255024990396885,0.246862287018223,0.186394027664835,0.188255890082703,0.158410531669826
194,0.58030940985411,0.161797245314680,0.171243398019944,0.184568357977156,0.170233153496669,0.145319498566922
772,0.598988114480156,0.366910990862085,0.337407372460796,0.341355528691973,0.203733362812729,0.16357228121085
697,0.622904705251892,0.23977753355553,0.226165913043895,0.257786672914962,0.152982630801945,0.185172899926102
627,0.595435874427052,0.275669606701894,0.291125967010989,0.251373586915138,0.178742307944130,0.140279459933373
835,0.618483198986599,0.203733362812729,0.179307075461499,0.26336509235663,0.167291481291287,0.140279459933373
803,0.699431155326687,0.303851718893881,0.305818349289740,0.304834801321944,0.191439626593958,0.140279459933373
779,0.637915147508898,0.255943411389996,0.245967461561916,0.231177046607856,0.140279459933373,0.161362102255135
890,0.619367756469412,0.254108759679802,0.235439936165745,0.229493730258852,0.200889639762023,0.140279459933373
914,0.674872565393281,0.272806580486754,0.269956905233921,0.278545025785751,0.158822198286243,0.194724220966719
692,0.597212308466731,0.233725581744281,0.177071557205383,0.260567046745838,0.140279459933373,0.140279459933373
681,0.632621179272578,0.248659484023583,0.198798498578782,0.270905253648299,0.156400988328558,0.164480729737195
622,0.59099197716754,0.240653643199231,0.214175622695954,0.248659484023583,0.145928733232941,0.164940248736627
317,0.455776216619560,0.152256565618780,0.215727826366646,0.169237834303805,0.150492979148870,0.140279459933373
728,0.608744246353995,0.222081350052879,0.16357228121085,0.249561781327291,0.192741366843982,0.143552645462116
879,0.644086484322101,0.272806580486754,0.300905518027404,0.261497815323131,0.180448444205294,0.143840891542185
790,0.600763302119727,0.212638240623736,0.276626749501763,0.161362102255135,0.183371292540019,0.140279459933373
797,0.61405843859737,0.235439936165745,0.235439936165745,0.23033379664679,0.146548361254107,0.203016510694019
395,0.434198112267997,0.153350162717428,0.158002143279100,0.226165913043895,0.144424803121843,0.147497624383717
159,0.466011361565902,0.140279459933373,0.152618104976752,0.182778757451073,0.170736402643872,0.154470991130581
370,0.42188893060604,0.146862120354825,0.163123316426449,0.224521889216861,0.182190212262849,0.140279459933373
783,0.622020658211421,0.247759640188542,0.235439936165745,0.216509434133377,0.161797245314680,0.168745733831007
630,0.58209159090975,0.300905518027404,0.280468392646033,0.271855157449252,0.178742307944130,0.167291481291287
696,0.59454741884471,0.222891426963376,0.229493730258852,0.203016510694019,0.167772573247934,0.171754154191287
553,0.599875784998553,0.229493730258852,0.246862287018223,0.204454144375473,0.176522456496951,0.181025063276694
373,0.453909567952752,0.196743303664015,0.195393227873188,0.211115838461421,0.149807763529887,0.165869963138432
167,0.477118801080669,0.153350162717428,0.140279459933373,0.195393227873188,0.140279459933373,0.156008702799071
624,0.599875784998553,0.244185541162083,0.242414171861771,0.278545025785751,0.158822198286243,0.187631241909896
694,0.602537880906253,0.23033379664679,0.245967461561916,0.191439626593958,0.173309128978783,0.140279459933373
730,0.604311860230174,0.23033379664679,0.189517281185082,0.188255890082703,0.168745733831007,0.140279459933373
817,0.617598511353537,0.251373586915138,0.23977753355553,0.240653643199231,0.187631241909896,0.148801114525785
678,0.58209159090975,0.220471637257467,0.206639944148685,0.258711437790672,0.173835068385563,0.149133866930996
777,0.619367756469412,0.254108759679802,0.222081350052879,0.249561781327291,0.176522456496951,0.140279459933373
357,0.442671323317129,0.220471637257467,0.184568357977156,0.240653643199231,0.203016510694019,0.191439626593958
660,0.480808424194665,0.282396577544332,0.232023448734304,0.345300444024283,0.375697185802696,0.222081350052879
310,0.423788147113161,0.187010622123131,0.152256565618780,0.236301613614802,0.14298348025674,0.170736402643872
724,0.639678919993987,0.300905518027404,0.299924552865763,0.340368763820501,0.203733362812729,0.223704949036996
758,0.62555609967103,0.255943411389996,0.242414171861771,0.252283020211930,0.156400988328558,0.173835068385563
736,0.573173308757861,0.254108759679802,0.265239772398733,0.183967824035887,0.170233153496669,0.173835068385563
795,0.592770024376564,0.236301613614802,0.191439626593958,0.257786672914962,0.140279459933373,0.159237162188545
718,0.631738455286738,0.26336509235663,0.177624558944457,0.269010148553487,0.140279459933373,0.140279459933373
802,0.631738455286738,0.221274744825972,0.218083551882790,0.246862287018223,0.156400988328558,0.170736402643872
177,0.536389829011528,0.148143904307162,0.207376318697083,0.175977245746161,0.141333283747465,0.162235816543637
869,0.664329550930648,0.262430509724191,0.265239772398733,0.276626749501763,0.207376318697083,0.161362102255135
825,0.644086484322101,0.247759640188542,0.238904240888872,0.216509434133377,0.171243398019944,0.155619579790919
779,0.637915147508898,0.26336509235663,0.255024990396885,0.231177046607856,0.152618104976752,0.179875784505171
249,0.566024855998128,0.140279459933373,0.192741366843982,0.174898448025698,0.163123316426449,0.183967824035887
761,0.61405843859737,0.234581247743386,0.216509434133377,0.290152214217331,0.140279459933373,0.16357228121085
907,0.61405843859737,0.252283020211930,0.23977753355553,0.296985336054750,0.185781454960399,0.140279459933373
796,0.65201365997105,0.26336509235663,0.232872971194181,0.269010148553487,0.171754154191287,0.160502026996677
743,0.647610671197383,0.229493730258852,0.269956905233921,0.173309128978783,0.174364837136968,0.155619579790919
346,0.429473753439024,0.178742307944130,0.171243398019944,0.245075200706715,0.173835068385563,0.171243398019944
412,0.443610401564419,0.167291481291287,0.162235816543637,0.181605650010004,0.140279459933373,0.149469410107982
711,0.579418047575081,0.278545025785751,0.287236372741756,0.266179795115631,0.177071557205383,0.23033379664679
697,0.590102705627282,0.233725581744281,0.183967824035887,0.208116557082828,0.156400988328558,0.154850743467635
858,0.637915147508898,0.278545025785751,0.281431899695417,0.232023448734304,0.187631241909896,0.163123316426449
760,0.648491465815105,0.280468392646033,0.244185541162083,0.282396577544332,0.166814026627726,0.173309128978783
791,0.641442262346675,0.261497815323131,0.269010148553487,0.248659484023583,0.148471133452426,0.140279459933373
755,0.570494126543261,0.300905518027404,0.264301525715948,0.236301613614802,0.167291481291287,0.148471133452426
801,0.647610671197383,0.260567046745838,0.240653643199231,0.256863984839407,0.175435913518267,0.158822198286243
842,0.61405843859737,0.266179795115631,0.264301525715948,0.250466494772263,0.185172899926102,0.149807763529887
628,0.618483198986599,0.205178843545358,0.235439936165745,0.224521889216861,0.153720720340875,0.163123316426449
657,0.609630293401202,0.254108759679802,0.278545025785751,0.285297304030371,0.140539522938054,0.157195124574254
358,0.654654294039608,0.267121556704060,0.206639944148685,0.385415796280043,0.416179118323367,0.255024990396885
824,0.62555609967103,0.255943411389996,0.245075200706715,0.269956905233921,0.146237238572002,0.145018731380577
647,0.564235724377818,0.302869127130412,0.258711437790672,0.191439626593958,0.194724220966719,0.174364837136968
762,0.641442262346675,0.256863984839407,0.234581247743386,0.286266334773665,0.144720505822661,0.140279459933373
650,0.595435874427052,0.237166246337142,0.261497815323131,0.280468392646033,0.185172899926102,0.140279459933373
654,0.620252184825136,0.262430509724191,0.271855157449252,0.215727826366646,0.157597013980819,0.167772573247934
406,0.466939252082330,0.171243398019944,0.183967824035887,0.222891426963376,0.184568357977156,0.149469410107982
891,0.622020658211421,0.282396577544332,0.235439936165745,0.312714190948075,0.190154027575454,0.165403320798019
659,0.591881082994116,0.288207386188063,0.247759640188542,0.240653643199231,0.214949882112267,0.16357228121085
769,0.598100289370352,0.256863984839407,0.254108759679802,0.199491561253654,0.156008702799071,0.180448444205294
589,0.598100289370352,0.211875157547888,0.252283020211930,0.211875157547888,0.173835068385563,0.187010622123131
744,0.618483198986599,0.246862287018223,0.237166246337142,0.289179343702615,0.140279459933373,0.166814026627726
640,0.603424944919196,0.297964434643167,0.288207386188063,0.219672052767678,0.273759486818862,0.242414171861771
785,0.62555609967103,0.241532534498303,0.256863984839407,0.240653643199231,0.198109430350217,0.140279459933373
714,0.59099197716754,0.205907447843523,0.215727826366646,0.218876016213984,0.161362102255135,0.140279459933373
726,0.642323774366231,0.202303599215116,0.218083551882790,0.232872971194181,0.156400988328558,0.151897993103576
692,0.606085249352797,0.272806580486754,0.192741366843982,0.283362392853609,0.164940248736627,0.195393227873188
846,0.638797087949753,0.23977753355553,0.245967461561916,0.23977753355553,0.196066256873814,0.140279459933373
360,0.472497848634527,0.179875784505171,0.157597013980819,0.168745733831007,0.154850743467635,0.177071557205383
674,0.596324170558622,0.209608564537159,0.205178843545358,0.249561781327291,0.149469410107982,0.141066417195949
688,0.621136485069615,0.257786672914962,0.235439936165745,0.288207386188063,0.152982630801945,0.152982630801945
752,0.601650667029677,0.273759486818862,0.246862287018223,0.253194757033311,0.217294683481912,0.196743303664015
804,0.595435874427052,0.23977753355553,0.220471637257467,0.211875157547888,0.172787005806565,0.188884569174318
152,0.440791745314472,0.142702524367706,0.140279459933373,0.202303599215116,0.140279459933373,0.180448444205294
850,0.668723907006677,0.259638241659144,0.286266334773665,0.168745733831007,0.154850743467635,0.151897993103576
883,0.665208590906176,0.275669606701894,0.241532534498303,0.262430509724191,0.174898448025698,0.183967824035887
799,0.629089586309926,0.245967461561916,0.254108759679802,0.215727826366646,0.140279459933373,0.175435913518267
744,0.632621179272578,0.255024990396885,0.240653643199231,0.260567046745838,0.161797245314680,0.160930368981928
832,0.605198627992826,0.271855157449252,0.215727826366646,0.262430509724191,0.140279459933373,0.157195124574254
832,0.634386284250911,0.271855157449252,0.244185541162083,0.248659484023583,0.199491561253654,0.218876016213984
839,0.557070755717787,0.327528205863718,0.269956905233921,0.307786743279463,0.174364837136968,0.145928733232941
802,0.600763302119727,0.243298519444439,0.265239772398733,0.26806502014066,0.179875784505171,0.159655442358187
765,0.624672424998259,0.244185541162083,0.236301613614802,0.257786672914962,0.171243398019944,0.174364837136968
760,0.585653817185493,0.248659484023583,0.208860644258667,0.261497815323131,0.140279459933373,0.187631241909896
721,0.620252184825136,0.240653643199231,0.250466494772263,0.228656878414890,0.160930368981928,0.158410531669826
345,0.453909567952752,0.178181472416481,0.140279459933373,0.221274744825972,0.140279459933373,0.192741366843982
930,0.672237905577799,0.266179795115631,0.238904240888872,0.26806502014066,0.154470991130581,0.140279459933373
785,0.61405843859737,0.259638241659144,0.267121556704060,0.222891426963376,0.183967824035887,0.162235816543637
824,0.633503788623644,0.249561781327291,0.255943411389996,0.198109430350217,0.16357228121085,0.188884569174318
503,0.557967132030868,0.35612665264182,0.294052217151829,0.283362392853609,0.172787005806565,0.214949882112267
764,0.62555609967103,0.220471637257467,0.170233153496669,0.244185541162083,0.164024746412181,0.140279459933373
744,0.599875784998553,0.234581247743386,0.252283020211930,0.222891426963376,0.153350162717428,0.147497624383717
769,0.641442262346675,0.265239772398733,0.245075200706715,0.223704949036996,0.162677834203278,0.166814026627726
818,0.653774177471793,0.241532534498303,0.226165913043895,0.241532534498303,0.161362102255135,0.153720720340875
166,0.488169238277247,0.140279459933373,0.174364837136968,0.243298519444439,0.140801836156987,0.150839880430613
744,0.637915147508898,0.333456768437105,0.277585234113443,0.258711437790672,0.217294683481912,0.165403320798019
584,0.590102705627282,0.260567046745838,0.200188610986799,0.269010148553487,0.149133866930996,0.148801114525785
181,0.545397189457851,0.140279459933373,0.167291481291287,0.185172899926102,0.140279459933373,0.160930368981928
645,0.656414246618719,0.238904240888872,0.290152214217331,0.250466494772263,0.160502026996677,0.140279459933373
647,0.607858057407542,0.232872971194181,0.234581247743386,0.233725581744281,0.198798498578782,0.140279459933373
801,0.605198627992826,0.252283020211930,0.223704949036996,0.298944182722262,0.140279459933373,0.160077057692081
647,0.610516199655431,0.240653643199231,0.245075200706715,0.224521889216861,0.16357228121085,0.140279459933373
165,0.393155485097713,0.140279459933373,0.140279459933373,0.223704949036996,0.140279459933373,0.180448444205294
802,0.628206394540431,0.260567046745838,0.249561781327291,0.279506090033501,0.154094323280450,0.151542367809210
704,0.635268667058686,0.250466494772263,0.233725581744281,0.220471637257467,0.178181472416481,0.171243398019944
644,0.604311860230174,0.252283020211930,0.221274744825972,0.248659484023583,0.157195124574254,0.164024746412181
587,0.573173308757861,0.293075998312143,0.250466494772263,0.290152214217331,0.175977245746161,0.140279459933373
881,0.636150937944643,0.244185541162083,0.248659484023583,0.240653643199231,0.156796455796649,0.183967824035887
811,0.607858057407542,0.247759640188542,0.219672052767678,0.251373586915138,0.153350162717428,0.169237834303805
749,0.616713692539713,0.245075200706715,0.187010622123131,0.292100571713878,0.179307075461499,0.174364837136968
651,0.629089586309926,0.234581247743386,0.245075200706715,0.203016510694019,0.150492979148870,0.168257318749387
397,0.426633199381427,0.175435913518267,0.140279459933373,0.251373586915138,0.140279459933373,0.140279459933373
850,0.615828741507218,0.243298519444439,0.259638241659144,0.195393227873188,0.170736402643872,0.178742307944130
614,0.652893966371437,0.254108759679802,0.214949882112267,0.272806580486754,0.197424363331222,0.16357228121085
363,0.419987692000204,0.168257318749387,0.198109430350217,0.169237834303805,0.145622826217966,0.140279459933373
711,0.600763302119727,0.243298519444439,0.201594638931909,0.211875157547888,0.206639944148685,0.171754154191287
729,0.623788627185174,0.288207386188063,0.243298519444439,0.256863984839407,0.167291481291287,0.183967824035887
625,0.592770024376564,0.216509434133377,0.226992939983781,0.200889639762023,0.157195124574254,0.168745733831007
960,0.629972659733243,0.244185541162083,0.255024990396885,0.195393227873188,0.165403320798019,0.170233153496669
685,0.576742857104671,0.226165913043895,0.245075200706715,0.199491561253654,0.154470991130581,0.141333283747465
848,0.603424944919196,0.23033379664679,0.235439936165745,0.182190212262849,0.16357228121085,0.172787005806565
710,0.606085249352797,0.283362392853609,0.272806580486754,0.255024990396885,0.146862120354825,0.182190212262849
631,0.615828741507218,0.255943411389996,0.224521889216861,0.211875157547888,0.192741366843982,0.143840891542185
717,0.591881082994116,0.23033379664679,0.233725581744281,0.23033379664679,0.145622826217966,0.200188610986799
230,0.469720411442728,0.171754154191287,0.148471133452426,0.225342219919308,0.140279459933373,0.169237834303805
684,0.571387382661058,0.309756707604237,0.312714190948075,0.310742219942023,0.253194757033311,0.196066256873814
873,0.626439652176295,0.279506090033501,0.247759640188542,0.232023448734304,0.182190212262849,0.162677834203278
355,0.68540437369446,0.223704949036996,0.197424363331222,0.410450927071570,0.418084423539314,0.247759640188542
822,0.65113325749733,0.286266334773665,0.26336509235663,0.265239772398733,0.140279459933373,0.140279459933373
175,0.566919113760625,0.211115838461421,0.250466494772263,0.240653643199231,0.188255890082703,0.148801114525785
745,0.606085249352797,0.214175622695954,0.219672052767678,0.150839880430613,0.167772573247934,0.171754154191287
183,0.463225147278761,0.143840891542185,0.192741366843982,0.233725581744281,0.140279459933373,0.140279459933373
770,0.627323083479833,0.26336509235663,0.267121556704060,0.242414171861771,0.171243398019944,0.219672052767678
825,0.639678919993987,0.243298519444439,0.208860644258667,0.229493730258852,0.140279459933373,0.140279459933373
897,0.612287594171303,0.237166246337142,0.259638241659144,0.194059239855938,0.145018731380577,0.140279459933373
237,0.665208590906176,0.198109430350217,0.23033379664679,0.36005360357005,0.40566331506169,0.261497815323131
693,0.591881082994116,0.220471637257467,0.240653643199231,0.237166246337142,0.140279459933373,0.153350162717428
754,0.57585075439854,0.218876016213984,0.257786672914962,0.203016510694019,0.151189670120080,0.187631241909896
777,0.61405843859737,0.231177046607856,0.220471637257467,0.237166246337142,0.161362102255135,0.168257318749387
571,0.5417972538608,0.296006914761259,0.269956905233921,0.275669606701894,0.177624558944457,0.144131604573628
669,0.649372161207369,0.236301613614802,0.169733635746363,0.232872971194181,0.203016510694019,0.170233153496669
173,0.525546453481271,0.146548361254107,0.151189670120080,0.172268685450245,0.165403320798019,0.151897993103576
800,0.663450425192382,0.266179795115631,0.226165913043895,0.291125967010989,0.143552645462116,0.203733362812729
898,0.626439652176295,0.243298519444439,0.256863984839407,0.251373586915138,0.140279459933373,0.170233153496669
917,0.680139802349038,0.304834801321944,0.288207386188063,0.273759486818862,0.166814026627726,0.182778757451073
342,0.451106215483896,0.192741366843982,0.187010622123131,0.236301613614802,0.140279459933373,0.186394027664835
772,0.629972659733243,0.261497815323131,0.243298519444439,0.227823271636467,0.190154027575454,0.170736402643872
796,0.647610671197383,0.250466494772263,0.208860644258667,0.262430509724191,0.154094323280450,0.200188610986799
792,0.634386284250911,0.222891426963376,0.200889639762023,0.270905253648299,0.143552645462116,0.168257318749387
716,0.598988114480156,0.227823271636467,0.226992939983781,0.248659484023583,0.165869963138432,0.166814026627726
824,0.67838435938152,0.300905518027404,0.256863984839407,0.284329312589461,0.192741366843982,0.141873944585676
619,0.593658802575914,0.221274744825972,0.207376318697083,0.251373586915138,0.140279459933373,0.163123316426449
771,0.643205181411445,0.256863984839407,0.260567046745838,0.23977753355553,0.168257318749387,0.161797245314680
716,0.58209159090975,0.202303599215116,0.233725581744281,0.208116557082828,0.169733635746363,0.140279459933373
883,0.658173830133798,0.309756707604237,0.267121556704060,0.294052217151829,0.171754154191287,0.182778757451073
720,0.602537880906253,0.258711437790672,0.240653643199231,0.197424363331222,0.192741366843982,0.140279459933373
650,0.56334084744967,0.194724220966719,0.200889639762023,0.210360301592275,0.165869963138432,0.198798498578782
781,0.636150937944643,0.237166246337142,0.269956905233921,0.262430509724191,0.150839880430613,0.192088479379025
723,0.589213267095234,0.213405068833102,0.191439626593958,0.255024990396885,0.161362102255135,0.155233599845476
308,0.461365530470573,0.174898448025698,0.16634019279706,0.200889639762023,0.172268685450245,0.140279459933373
390,0.447362019176649,0.169733635746363,0.199491561253654,0.185781454960399,0.140279459933373,0.156008702799071
163,0.457641082102348,0.140279459933373,0.171243398019944,0.219672052767678,0.140279459933373,0.140279459933373
736,0.616713692539713,0.272806580486754,0.202303599215116,0.224521889216861,0.172787005806565,0.160077057692081
797,0.632621179272578,0.261497815323131,0.26336509235663,0.222081350052879,0.185781454960399,0.154850743467635
880,0.653774177471793,0.255943411389996,0.275669606701894,0.225342219919308,0.149807763529887,0.188884569174318
729,0.615828741507218,0.231177046607856,0.245075200706715,0.215727826366646,0.151542367809210,0.175435913518267
357,0.589213267095234,0.368866547920421,0.345300444024283,0.323575487390111,0.249561781327291,0.227823271636467
783,0.636150937944643,0.260567046745838,0.252283020211930,0.23033379664679,0.169733635746363,0.140279459933373
608,0.570494126543261,0.293075998312143,0.266179795115631,0.238904240888872,0.170736402643872,0.193398287644562
980,0.608744246353995,0.236301613614802,0.269956905233921,0.214175622695954,0.153350162717428,0.168257318749387
753,0.602537880906253,0.218876016213984,0.214949882112267,0.255024990396885,0.175977245746161,0.148143904307162
951,0.66608754581422,0.32159942528535,0.276626749501763,0.308771540986705,0.196743303664015,0.192088479379025
844,0.61494365721071,0.23977753355553,0.226992939983781,0.246862287018223,0.162235816543637,0.219672052767678
952,0.620252184825136,0.254108759679802,0.243298519444439,0.252283020211930,0.190794809258731,0.212638240623736
366,0.593658802575914,0.255024990396885,0.244185541162083,0.269010148553487,0.165403320798019,0.147178535004063
271,0.483571570595327,0.160077057692081,0.173309128978783,0.242414171861771,0.140279459933373,0.171754154191287
656,0.587433883900336,0.246862287018223,0.226165913043895,0.255943411389996,0.171243398019944,0.163123316426449
889,0.647610671197383,0.267121556704060,0.227823271636467,0.288207386188063,0.140279459933373,0.158410531669826
660,0.634386284250911,0.232023448734304,0.23033379664679,0.272806580486754,0.150148946700048,0.198109430350217
771,0.61405843859737,0.214949882112267,0.252283020211930,0.213405068833102,0.180448444205294,0.142423961905656
747,0.622020658211421,0.244185541162083,0.198109430350217,0.261497815323131,0.146548361254107,0.16357228121085
916,0.665208590906176,0.262430509724191,0.303851718893881,0.271855157449252,0.187010622123131,0.167772573247934
173,0.438910260048710,0.140279459933373,0.172787005806565,0.215727826366646,0.140279459933373,0.140279459933373
1009,0.623788627185174,0.318636108753548,0.296006914761259,0.265239772398733,0.204454144375473,0.146237238572002
714,0.629089586309926,0.262430509724191,0.237166246337142,0.180448444205294,0.203733362812729,0.160077057692081
319,0.587433883900336,0.33543232376894,0.326539995183568,0.376671178467619,0.400862850180983,0.271855157449252
556,0.645848781067736,0.258711437790672,0.250466494772263,0.251373586915138,0.170233153496669,0.173309128978783
972,0.654654294039608,0.317648619366148,0.294052217151829,0.26806502014066,0.200188610986799,0.213405068833102
770,0.634386284250911,0.226992939983781,0.256863984839407,0.266179795115631,0.179307075461499,0.140279459933373
746,0.606971725447777,0.250466494772263,0.245075200706715,0.226165913043895,0.161797245314680,0.174898448025698
767,0.612287594171303,0.232023448734304,0.248659484023583,0.232023448734304,0.179307075461499,0.167291481291287
647,0.602537880906253,0.288207386188063,0.245075200706715,0.294052217151829,0.165869963138432,0.145319498566922
703,0.59454741884471,0.235439936165745,0.218083551882790,0.232023448734304,0.141066417195949,0.143266847840142
765,0.647610671197383,0.249561781327291,0.269010148553487,0.23033379664679,0.163123316426449,0.143266847840142
751,0.61494365721071,0.251373586915138,0.238033800236652,0.234581247743386,0.140279459933373,0.203733362812729
829,0.605198627992826,0.231177046607856,0.209608564537159,0.238033800236652,0.173309128978783,0.140279459933373
745,0.59454741884471,0.252283020211930,0.236301613614802,0.228656878414890,0.169733635746363,0.140279459933373
730,0.609630293401202,0.214175622695954,0.245075200706715,0.211875157547888,0.181025063276694,0.167772573247934
370,0.682772413069105,0.223704949036996,0.184568357977156,0.45297556976512,0.493674279807102,0.333456768437105
821,0.630855615748439,0.276626749501763,0.233725581744281,0.291125967010989,0.144131604573628,0.159237162188545
668,0.629089586309926,0.232023448734304,0.200188610986799,0.218083551882790,0.164024746412181,0.178742307944130
747,0.643205181411445,0.247759640188542,0.259638241659144,0.226165913043895,0.140279459933373,0.160502026996677
862,0.659053485350326,0.245967461561916,0.233725581744281,0.248659484023583,0.150148946700048,0.166814026627726
786,0.611401966215199,0.226992939983781,0.179875784505171,0.273759486818862,0.143552645462116,0.172787005806565
707,0.608744246353995,0.213405068833102,0.200188610986799,0.260567046745838,0.140279459933373,0.148471133452426
828,0.609630293401202,0.259638241659144,0.265239772398733,0.229493730258852,0.16357228121085,0.177071557205383
315,0.412362374614871,0.167772573247934,0.149133866930996,0.162235816543637,0.187631241909896,0.158822198286243
693,0.589213267095234,0.227823271636467,0.242414171861771,0.215727826366646,0.183967824035887,0.159237162188545
672,0.583873056414207,0.249561781327291,0.272806580486754,0.262430509724191,0.196743303664015,0.165403320798019
715,0.583873056414207,0.223704949036996,0.200889639762023,0.233725581744281,0.175435913518267,0.171243398019944
664,0.621136485069615,0.226992939983781,0.175977245746161,0.267121556704060,0.145018731380577,0.155619579790919
931,0.660812526368302,0.312714190948075,0.256863984839407,0.299924552865763,0.198109430350217,0.194724220966719
749,0.65201365997105,0.291125967010989,0.289179343702615,0.273759486818862,0.213405068833102,0.140279459933373
766,0.644086484322101,0.248659484023583,0.232023448734304,0.258711437790672,0.140279459933373,0.164940248736627
902,0.644086484322101,0.299924552865763,0.245967461561916,0.323575487390111,0.208860644258667,0.140279459933373
989,0.636150937944643,0.269010148553487,0.211115838461421,0.235439936165745,0.185172899926102,0.190154027575454
360,0.452041119617036,0.206639944148685,0.190794809258731,0.208116557082828,0.140279459933373,0.172787005806565
817,0.627323083479833,0.252283020211930,0.245967461561916,0.283362392853609,0.153350162717428,0.140279459933373
929,0.657294084136253,0.314687276192053,0.291125967010989,0.330492731245164,0.233725581744281,0.200889639762023
154,0.537291706764252,0.271855157449252,0.248659484023583,0.226165913043895,0.151189670120080,0.149469410107982
328,0.68364980472056,0.220471637257467,0.198798498578782,0.280468392646033,0.161797245314680,0.140279459933373
721,0.591881082994116,0.214949882112267,0.249561781327291,0.188255890082703,0.154470991130581,0.168257318749387
852,0.626439652176295,0.23977753355553,0.252283020211930,0.296006914761259,0.140279459933373,0.172787005806565
359,0.451106215483896,0.183371292540019,0.153350162717428,0.206639944148685,0.146237238572002,0.172787005806565
852,0.631738455286738,0.326539995183568,0.277585234113443,0.313700605163659,0.182778757451073,0.183371292540019
820,0.629089586309926,0.246862287018223,0.228656878414890,0.23033379664679,0.140279459933373,0.172787005806565
832,0.650252758171119,0.252283020211930,0.200889639762023,0.292100571713878,0.150492979148870,0.224521889216861
781,0.679262118185675,0.350225945404854,0.286266334773665,0.324563618926047,0.242414171861771,0.193398287644562
922,0.61494365721071,0.269956905233921,0.187631241909896,0.289179343702615,0.183371292540019,0.151189670120080
839,0.630855615748439,0.247759640188542,0.167291481291287,0.285297304030371,0.183371292540019,0.161362102255135
861,0.652893966371437,0.280468392646033,0.245967461561916,0.276626749501763,0.183967824035887,0.200188610986799
673,0.609630293401202,0.212638240623736,0.211875157547888,0.208116557082828,0.140279459933373,0.16634019279706
864,0.630855615748439,0.235439936165745,0.203733362812729,0.256863984839407,0.196743303664015,0.165869963138432
768,0.61494365721071,0.271855157449252,0.275669606701894,0.176522456496951,0.165403320798019,0.196743303664015
698,0.564235724377818,0.243298519444439,0.225342219919308,0.217294683481912,0.140279459933373,0.191439626593958
160,0.544497573622266,0.298944182722262,0.246862287018223,0.280468392646033,0.182190212262849,0.162235816543637
723,0.617598511353537,0.232872971194181,0.23977753355553,0.232872971194181,0.160077057692081,0.142423961905656
825,0.602537880906253,0.315674182764382,0.310742219942023,0.276626749501763,0.204454144375473,0.222891426963376
813,0.639678919993987,0.233725581744281,0.232872971194181,0.245967461561916,0.140279459933373,0.203016510694019
813,0.611401966215199,0.267121556704060,0.243298519444439,0.327528205863718,0.237166246337142,0.181025063276694
285,0.419036311953547,0.168257318749387,0.159655442358187,0.214175622695954,0.167291481291287,0.140279459933373
835,0.643205181411445,0.248659484023583,0.222891426963376,0.262430509724191,0.156796455796649,0.140279459933373
711,0.616713692539713,0.255024990396885,0.208116557082828,0.215727826366646,0.190794809258731,0.157195124574254
640,0.632621179272578,0.265239772398733,0.232872971194181,0.224521889216861,0.144131604573628,0.181605650010004
159,0.431364974573073,0.162235816543637,0.169733635746363,0.188884569174318,0.155233599845476,0.170736402643872
602,0.632621179272578,0.291125967010989,0.261497815323131,0.286266334773665,0.181605650010004,0.173835068385563
712,0.613173084606865,0.226992939983781,0.226165913043895,0.271855157449252,0.140279459933373,0.140279459933373
615,0.630855615748439,0.281431899695417,0.236301613614802,0.257786672914962,0.140279459933373,0.160930368981928
753,0.615828741507218,0.246862287018223,0.203733362812729,0.240653643199231,0.165869963138432,0.140279459933373
306,0.463225147278761,0.171754154191287,0.170233153496669,0.23977753355553,0.140279459933373,0.140279459933373
746,0.587433883900336,0.234581247743386,0.254108759679802,0.231177046607856,0.160502026996677,0.140279459933373
761,0.620252184825136,0.234581247743386,0.276626749501763,0.204454144375473,0.182778757451073,0.200889639762023
869,0.644086484322101,0.253194757033311,0.229493730258852,0.296985336054750,0.140279459933373,0.170736402643872
163,0.468793774829766,0.147178535004063,0.150839880430613,0.200188610986799,0.145018731380577,0.140279459933373
180,0.546296562840502,0.16357228121085,0.149469410107982,0.216509434133377,0.140279459933373,0.167772573247934
308,0.399901217123282,0.183967824035887,0.175435913518267,0.224521889216861,0.156400988328558,0.173835068385563
868,0.658173830133798,0.254108759679802,0.26336509235663,0.200188610986799,0.192741366843982,0.149469410107982
799,0.629089586309926,0.265239772398733,0.257786672914962,0.274713840722163,0.145928733232941,0.204454144375473
720,0.632621179272578,0.226992939983781,0.222081350052879,0.244185541162083,0.145319498566922,0.140279459933373
734,0.61494365721071,0.251373586915138,0.217294683481912,0.259638241659144,0.147178535004063,0.151897993103576
732,0.596324170558622,0.252283020211930,0.223704949036996,0.23977753355553,0.166814026627726,0.140279459933373
766,0.626439652176295,0.234581247743386,0.233725581744281,0.247759640188542,0.140279459933373,0.184568357977156
852,0.624672424998259,0.223704949036996,0.248659484023583,0.208116557082828,0.140279459933373,0.140279459933373
722,0.621136485069615,0.226992939983781,0.205178843545358,0.248659484023583,0.156796455796649,0.158822198286243
322,0.43702685358426,0.185172899926102,0.167772573247934,0.224521889216861,0.140279459933373,0.146237238572002
768,0.638797087949753,0.257786672914962,0.246862287018223,0.243298519444439,0.203733362812729,0.140279459933373
903,0.596324170558622,0.301887051542692,0.277585234113443,0.273759486818862,0.192741366843982,0.150492979148870
955,0.626439652176295,0.244185541162083,0.23977753355553,0.269956905233921,0.158002143279100,0.147819407725247
354,0.429473753439024,0.177071557205383,0.184568357977156,0.177071557205383,0.179875784505171,0.140279459933373
985,0.670481068306923,0.264301525715948,0.232023448734304,0.264301525715948,0.167291481291287,0.164940248736627
364,0.455776216619560,0.163123316426449,0.190154027575454,0.170233153496669,0.158822198286243,0.140279459933373
944,0.646729776551258,0.271855157449252,0.196743303664015,0.260567046745838,0.16357228121085,0.160077057692081
706,0.599875784998553,0.271855157449252,0.207376318697083,0.277585234113443,0.154850743467635,0.140279459933373
652,0.590102705627282,0.224521889216861,0.225342219919308,0.244185541162083,0.160502026996677,0.16357228121085
756,0.628206394540431,0.240653643199231,0.211115838461421,0.255024990396885,0.151542367809210,0.194724220966719
720,0.629089586309926,0.260567046745838,0.245075200706715,0.196066256873814,0.173835068385563,0.175977245746161
735,0.598988114480156,0.225342219919308,0.207376318697083,0.233725581744281,0.140279459933373,0.152982630801945
731,0.633503788623644,0.231177046607856,0.204454144375473,0.269010148553487,0.140279459933373,0.157597013980819
271,0.447362019176649,0.159237162188545,0.213405068833102,0.162235816543637,0.140279459933373,0.160077057692081
701,0.590102705627282,0.247759640188542,0.211875157547888,0.232023448734304,0.158410531669826,0.192088479379025
633,0.615828741507218,0.262430509724191,0.262430509724191,0.245967461561916,0.190794809258731,0.142423961905656
493,0.602537880906253,0.289179343702615,0.229493730258852,0.297964434643167,0.216509434133377,0.182190212262849
865,0.681017412481438,0.253194757033311,0.216509434133377,0.248659484023583,0.190794809258731,0.195393227873188
834,0.598988114480156,0.225342219919308,0.240653643199231,0.202303599215116,0.188884569174318,0.155619579790919
760,0.585653817185493,0.307786743279463,0.274713840722163,0.308771540986705,0.204454144375473,0.206639944148685
278,0.611401966215199,0.250466494772263,0.218876016213984,0.221274744825972,0.154470991130581,0.140279459933373
697,0.617598511353537,0.211115838461421,0.181605650010004,0.269010148553487,0.141602453589765,0.165869963138432
697,0.583873056414207,0.205178843545358,0.194059239855938,0.236301613614802,0.140279459933373,0.151542367809210
833,0.657294084136253,0.286266334773665,0.278545025785751,0.255943411389996,0.140279459933373,0.148143904307162
926,0.647610671197383,0.238033800236652,0.253194757033311,0.254108759679802,0.175977245746161,0.150148946700048
817,0.633503788623644,0.287236372741756,0.254108759679802,0.293075998312143,0.227823271636467,0.140279459933373
765,0.616713692539713,0.257786672914962,0.221274744825972,0.232023448734304,0.174364837136968,0.163123316426449
732,0.61405843859737,0.206639944148685,0.210360301592275,0.233725581744281,0.170233153496669,0.170736402643872
744,0.607858057407542,0.232872971194181,0.208116557082828,0.224521889216861,0.161362102255135,0.191439626593958
476,0.703811180549243,0.246862287018223,0.262430509724191,0.216509434133377,0.174898448025698,0.168745733831007
750,0.636150937944643,0.232023448734304,0.274713840722163,0.248659484023583,0.165869963138432,0.140279459933373
201,0.528260989528785,0.149807763529887,0.140279459933373,0.220471637257467,0.140279459933373,0.153350162717428
673,0.584763524220902,0.266179795115631,0.258711437790672,0.257786672914962,0.178742307944130,0.145622826217966
825,0.604311860230174,0.299924552865763,0.278545025785751,0.252283020211930,0.191439626593958,0.194059239855938
751,0.679262118185675,0.288207386188063,0.286266334773665,0.272806580486754,0.182778757451073,0.205907447843523
880,0.643205181411445,0.242414171861771,0.243298519444439,0.208116557082828,0.194724220966719,0.202303599215116
365,0.459504181093247,0.226992939983781,0.169733635746363,0.223704949036996,0.193398287644562,0.150839880430613
748,0.656414246618719,0.238904240888872,0.247759640188542,0.240653643199231,0.140279459933373,0.180448444205294
315,0.503733909185275,0.177624558944457,0.140279459933373,0.245967461561916,0.140279459933373,0.140279459933373
749,0.610516199655431,0.235439936165745,0.229493730258852,0.254108759679802,0.157195124574254,0.152256565618780
729,0.61494365721071,0.218876016213984,0.203016510694019,0.209608564537159,0.141333283747465,0.180448444205294
676,0.619367756469412,0.225342219919308,0.232023448734304,0.210360301592275,0.140539522938054,0.159655442358187
365,0.590102705627282,0.165869963138432,0.140279459933373,0.536389829011528,0.586543936638165,0.410450927071570
795,0.626439652176295,0.255024990396885,0.216509434133377,0.288207386188063,0.174898448025698,0.160502026996677
689,0.611401966215199,0.220471637257467,0.244185541162083,0.185781454960399,0.160077057692081,0.144131604573628
532,0.648491465815105,0.232872971194181,0.215727826366646,0.286266334773665,0.301887051542692,0.235439936165745
670,0.606085249352797,0.246862287018223,0.200889639762023,0.245967461561916,0.156400988328558,0.192088479379025
822,0.628206394540431,0.274713840722163,0.266179795115631,0.226165913043895,0.187010622123131,0.140279459933373
845,0.622020658211421,0.23977753355553,0.254108759679802,0.250466494772263,0.170233153496669,0.140279459933373
599,0.601650667029677,0.218876016213984,0.232023448734304,0.198109430350217,0.140279459933373,0.209608564537159
705,0.598988114480156,0.227823271636467,0.221274744825972,0.210360301592275,0.192741366843982,0.144424803121843
758,0.622904705251892,0.229493730258852,0.220471637257467,0.247759640188542,0.141066417195949,0.142423961905656
789,0.630855615748439,0.251373586915138,0.222891426963376,0.202303599215116,0.191439626593958,0.173309128978783
695,0.619367756469412,0.256863984839407,0.245075200706715,0.250466494772263,0.151189670120080,0.181025063276694
729,0.63703309779987,0.249561781327291,0.238904240888872,0.215727826366646,0.143552645462116,0.140279459933373
722,0.635268667058686,0.311728055196152,0.278545025785751,0.295029198942614,0.196743303664015,0.156796455796649
806,0.566919113760625,0.242414171861771,0.228656878414890,0.226165913043895,0.173309128978783,0.140279459933373
331,0.486331294331022,0.233725581744281,0.227823271636467,0.23977753355553,0.140279459933373,0.150839880430613
848,0.619367756469412,0.245967461561916,0.247759640188542,0.277585234113443,0.141602453589765,0.140279459933373
228,0.427580548847338,0.188884569174318,0.14298348025674,0.236301613614802,0.148471133452426,0.158822198286243
688,0.601650667029677,0.243298519444439,0.235439936165745,0.190794809258731,0.149469410107982,0.16634019279706
992,0.657294084136253,0.297964434643167,0.267121556704060,0.271855157449252,0.187631241909896,0.176522456496951
744,0.598988114480156,0.208860644258667,0.221274744825972,0.267121556704060,0.172268685450245,0.171754154191287
255,0.416179118323367,0.162677834203278,0.167772573247934,0.201594638931909,0.155619579790919,0.140279459933373
390,0.456708871220304,0.187631241909896,0.196743303664015,0.205178843545358,0.169237834303805,0.155233599845476
847,0.642323774366231,0.257786672914962,0.286266334773665,0.236301613614802,0.198798498578782,0.140279459933373
807,0.682772413069105,0.348256569656263,0.305818349289740,0.327528205863718,0.249561781327291,0.189517281185082
827,0.604311860230174,0.224521889216861,0.173309128978783,0.243298519444439,0.178742307944130,0.152256565618780
290,0.425685350085428,0.175435913518267,0.208116557082828,0.182778757451073,0.179307075461499,0.140279459933373
499,0.655534316836593,0.213405068833102,0.205178843545358,0.288207386188063,0.235439936165745,0.140279459933373
765,0.62555609967103,0.272806580486754,0.258711437790672,0.245967461561916,0.188884569174318,0.145319498566922
733,0.639678919993987,0.227823271636467,0.225342219919308,0.258711437790672,0.159237162188545,0.140279459933373
789,0.638797087949753,0.23977753355553,0.261497815323131,0.173835068385563,0.152618104976752,0.205178843545358
291,0.604311860230174,0.310742219942023,0.260567046745838,0.388321919900050,0.420938564569721,0.26806502014066
674,0.629972659733243,0.232872971194181,0.238033800236652,0.213405068833102,0.143552645462116,0.200188610986799
919,0.655534316836593,0.303851718893881,0.244185541162083,0.295029198942614,0.175435913518267,0.152982630801945
697,0.620252184825136,0.218876016213984,0.235439936165745,0.195393227873188,0.166814026627726,0.147497624383717
780,0.612287594171303,0.215727826366646,0.23033379664679,0.248659484023583,0.171243398019944,0.173309128978783
775,0.602537880906253,0.251373586915138,0.266179795115631,0.23977753355553,0.140279459933373,0.140279459933373
727,0.629972659733243,0.275669606701894,0.242414171861771,0.271855157449252,0.174364837136968,0.184568357977156
768,0.606971725447777,0.240653643199231,0.205907447843523,0.255943411389996,0.158822198286243,0.211115838461421
324,0.555277339714655,0.262430509724191,0.200188610986799,0.287236372741756,0.212638240623736,0.182778757451073
749,0.621136485069615,0.26806502014066,0.218083551882790,0.234581247743386,0.154470991130581,0.180448444205294
468,0.490923390673098,0.224521889216861,0.183967824035887,0.232872971194181,0.177071557205383,0.181605650010004
721,0.604311860230174,0.220471637257467,0.171754154191287,0.197424363331222,0.151189670120080,0.140279459933373
765,0.627323083479833,0.253194757033311,0.245967461561916,0.190794809258731,0.169733635746363,0.145928733232941
773,0.618483198986599,0.247759640188542,0.269010148553487,0.181605650010004,0.194724220966719,0.141873944585676
402,0.452041119617036,0.164940248736627,0.198798498578782,0.164024746412181,0.140279459933373,0.16357228121085
264,0.512844066957349,0.185781454960399,0.160077057692081,0.226992939983781,0.140279459933373,0.153720720340875
661,0.615828741507218,0.255943411389996,0.241532534498303,0.23033379664679,0.167772573247934,0.16634019279706
740,0.605198627992826,0.205178843545358,0.201594638931909,0.245967461561916,0.159655442358187,0.170736402643872
401,0.450170855356869,0.167291481291287,0.195393227873188,0.238033800236652,0.152256565618780,0.155619579790919
672,0.56334084744967,0.242414171861771,0.213405068833102,0.247759640188542,0.186394027664835,0.158410531669826
732,0.622904705251892,0.233725581744281,0.232872971194181,0.269010148553487,0.172787005806565,0.140279459933373
925,0.637915147508898,0.280468392646033,0.282396577544332,0.210360301592275,0.184568357977156,0.200188610986799
752,0.633503788623644,0.219672052767678,0.220471637257467,0.227823271636467,0.169237834303805,0.145319498566922
768,0.645848781067736,0.259638241659144,0.205907447843523,0.272806580486754,0.140279459933373,0.192088479379025
850,0.63703309779987,0.276626749501763,0.206639944148685,0.264301525715948,0.178181472416481,0.140279459933373
788,0.631738455286738,0.244185541162083,0.248659484023583,0.269010148553487,0.174364837136968,0.206639944148685
819,0.633503788623644,0.246862287018223,0.254108759679802,0.291125967010989,0.179307075461499,0.160930368981928
786,0.595435874427052,0.273759486818862,0.258711437790672,0.185172899926102,0.150839880430613,0.194059239855938
347,0.448298759169222,0.177624558944457,0.173835068385563,0.221274744825972,0.140279459933373,0.155233599845476
667,0.593658802575914,0.244185541162083,0.228656878414890,0.255943411389996,0.162235816543637,0.140279459933373
774,0.617598511353537,0.241532534498303,0.172787005806565,0.269010148553487,0.179307075461499,0.170736402643872
846,0.629972659733243,0.261497815323131,0.246862287018223,0.279506090033501,0.192741366843982,0.140279459933373
783,0.650252758171119,0.256863984839407,0.245075200706715,0.188884569174318,0.159237162188545,0.153350162717428
778,0.627323083479833,0.23977753355553,0.241532534498303,0.222081350052879,0.166814026627726,0.170233153496669
705,0.629972659733243,0.232872971194181,0.226165913043895,0.235439936165745,0.152618104976752,0.153720720340875
743,0.600763302119727,0.213405068833102,0.197424363331222,0.236301613614802,0.171243398019944,0.140279459933373
833,0.636150937944643,0.26806502014066,0.264301525715948,0.265239772398733,0.16634019279706,0.154470991130581
725,0.620252184825136,0.261497815323131,0.233725581744281,0.254108759679802,0.179875784505171,0.168745733831007
679,0.59099197716754,0.237166246337142,0.202303599215116,0.252283020211930,0.203733362812729,0.140279459933373
651,0.623788627185174,0.23977753355553,0.256863984839407,0.174898448025698,0.165403320798019,0.166814026627726
164,0.466939252082330,0.140801836156987,0.201594638931909,0.188884569174318,0.143266847840142,0.140279459933373
742,0.619367756469412,0.245075200706715,0.225342219919308,0.264301525715948,0.155619579790919,0.181025063276694
552,0.578526502286961,0.244185541162083,0.23033379664679,0.171754154191287,0.187631241909896,0.147497624383717
750,0.648491465815105,0.23977753355553,0.200188610986799,0.285297304030371,0.14298348025674,0.208116557082828
715,0.621136485069615,0.261497815323131,0.267121556704060,0.188255890082703,0.181605650010004,0.151897993103576
362,0.442671323317129,0.171754154191287,0.201594638931909,0.174364837136968,0.158002143279100,0.168257318749387
860,0.621136485069615,0.245967461561916,0.157597013980819,0.266179795115631,0.140279459933373,0.162235816543637
754,0.615828741507218,0.214175622695954,0.215727826366646,0.245967461561916,0.145928733232941,0.178181472416481
726,0.619367756469412,0.254108759679802,0.194724220966719,0.250466494772263,0.140279459933373,0.171754154191287
783,0.633503788623644,0.255024990396885,0.256863984839407,0.207376318697083,0.167772573247934,0.145319498566922
810,0.592770024376564,0.249561781327291,0.219672052767678,0.191439626593958,0.16357228121085,0.145018731380577
855,0.610516199655431,0.232872971194181,0.218083551882790,0.245967461561916,0.143552645462116,0.177624558944457
741,0.61405843859737,0.245967461561916,0.232872971194181,0.238904240888872,0.179307075461499,0.140279459933373
390,0.458572851358513,0.181605650010004,0.158822198286243,0.189517281185082,0.141873944585676,0.144131604573628
833,0.636150937944643,0.299924552865763,0.269010148553487,0.294052217151829,0.227823271636467,0.245967461561916
175,0.525546453481271,0.149469410107982,0.140279459933373,0.212638240623736,0.147819407725247,0.140279459933373
169,0.505558530479263,0.16357228121085,0.140279459933373,0.231177046607856,0.151542367809210,0.140279459933373
677,0.599875784998553,0.247759640188542,0.224521889216861,0.258711437790672,0.155233599845476,0.140279459933373
751,0.617598511353537,0.262430509724191,0.246862287018223,0.217294683481912,0.185172899926102,0.192088479379025
759,0.630855615748439,0.226992939983781,0.189517281185082,0.266179795115631,0.160930368981928,0.140279459933373
235,0.453909567952752,0.184568357977156,0.199491561253654,0.200188610986799,0.140279459933373,0.150492979148870
836,0.621136485069615,0.300905518027404,0.285297304030371,0.252283020211930,0.207376318697083,0.158822198286243
803,0.657294084136253,0.298944182722262,0.273759486818862,0.262430509724191,0.194724220966719,0.148471133452426
925,0.684527124733494,0.300905518027404,0.293075998312143,0.271855157449252,0.167772573247934,0.168257318749387
805,0.638797087949753,0.280468392646033,0.248659484023583,0.211115838461421,0.195393227873188,0.140279459933373
423,0.466939252082330,0.194724220966719,0.190154027575454,0.206639944148685,0.141873944585676,0.140279459933373
308,0.654654294039608,0.169733635746363,0.154850743467635,0.229493730258852,0.169237834303805,0.168257318749387
734,0.633503788623644,0.258711437790672,0.221274744825972,0.275669606701894,0.162677834203278,0.213405068833102
783,0.642323774366231,0.244185541162083,0.235439936165745,0.258711437790672,0.144424803121843,0.16357228121085
749,0.627323083479833,0.256863984839407,0.257786672914962,0.173309128978783,0.140279459933373,0.140279459933373
410,0.43702685358426,0.175977245746161,0.182190212262849,0.225342219919308,0.160077057692081,0.168257318749387
283,0.622020658211421,0.206639944148685,0.219672052767678,0.224521889216861,0.205907447843523,0.181605650010004
994,0.704687005870158,0.32950458986508,0.286266334773665,0.309756707604237,0.210360301592275,0.224521889216861
339,0.419987692000204,0.195393227873188,0.172268685450245,0.222891426963376,0.140279459933373,0.159237162188545
727,0.650252758171119,0.269956905233921,0.247759640188542,0.228656878414890,0.200188610986799,0.174364837136968
698,0.627323083479833,0.254108759679802,0.260567046745838,0.226992939983781,0.210360301592275,0.149133866930996
799,0.62555609967103,0.255024990396885,0.281431899695417,0.204454144375473,0.179307075461499,0.159655442358187
751,0.616713692539713,0.273759486818862,0.199491561253654,0.295029198942614,0.182190212262849,0.170233153496669
783,0.627323083479833,0.249561781327291,0.228656878414890,0.244185541162083,0.158410531669826,0.160077057692081
756,0.615828741507218,0.256863984839407,0.217294683481912,0.248659484023583,0.188884569174318,0.160077057692081
667,0.582982412426427,0.256863984839407,0.231177046607856,0.270905253648299,0.154470991130581,0.153720720340875
831,0.626439652176295,0.359072414588444,0.340368763820501,0.307786743279463,0.191439626593958,0.146237238572002
864,0.634386284250911,0.238904240888872,0.248659484023583,0.222081350052879,0.167291481291287,0.144424803121843
168,0.480808424194665,0.140279459933373,0.214175622695954,0.178742307944130,0.150492979148870,0.140279459933373
388,0.429473753439024,0.158002143279100,0.191439626593958,0.164940248736627,0.143840891542185,0.140279459933373
787,0.605198627992826,0.253194757033311,0.26806502014066,0.226165913043895,0.163123316426449,0.183967824035887
727,0.631738455286738,0.227823271636467,0.216509434133377,0.252283020211930,0.171243398019944,0.154850743467635
752,0.648491465815105,0.261497815323131,0.270905253648299,0.285297304030371,0.170736402643872,0.145319498566922
328,0.466011361565902,0.160930368981928,0.169733635746363,0.219672052767678,0.16357228121085,0.165403320798019
702,0.606971725447777,0.229493730258852,0.279506090033501,0.163123316426449,0.168745733831007,0.148143904307162
357,0.461365530470573,0.172787005806565,0.167291481291287,0.224521889216861,0.161362102255135,0.140279459933373
723,0.611401966215199,0.234581247743386,0.255024990396885,0.211115838461421,0.164940248736627,0.168257318749387
937,0.652893966371437,0.389289635189169,0.362014841934518,0.332468835480985,0.245967461561916,0.221274744825972
367,0.459504181093247,0.188255890082703,0.215727826366646,0.198109430350217,0.187010622123131,0.169237834303805
904,0.650252758171119,0.293075998312143,0.270905253648299,0.258711437790672,0.174898448025698,0.190154027575454
719,0.588323660284695,0.326539995183568,0.290152214217331,0.357108931824631,0.243298519444439,0.256863984839407
700,0.627323083479833,0.23977753355553,0.183371292540019,0.275669606701894,0.140279459933373,0.170233153496669
781,0.632621179272578,0.226992939983781,0.232023448734304,0.245075200706715,0.146862120354825,0.168745733831007
815,0.606971725447777,0.242414171861771,0.257786672914962,0.237166246337142,0.210360301592275,0.158822198286243
815,0.642323774366231,0.264301525715948,0.221274744825972,0.238033800236652,0.164024746412181,0.162677834203278
850,0.632621179272578,0.302869127130412,0.257786672914962,0.256863984839407,0.169237834303805,0.155233599845476
823,0.601650667029677,0.260567046745838,0.218876016213984,0.288207386188063,0.151897993103576,0.175977245746161
773,0.622904705251892,0.243298519444439,0.181025063276694,0.245075200706715,0.140279459933373,0.190794809258731
737,0.636150937944643,0.232872971194181,0.205907447843523,0.281431899695417,0.140279459933373,0.176522456496951
790,0.624672424998259,0.281431899695417,0.306802338059224,0.361034414931008,0.221274744825972,0.180448444205294
888,0.637915147508898,0.267121556704060,0.218083551882790,0.240653643199231,0.163123316426449,0.168257318749387
786,0.61405843859737,0.267121556704060,0.202303599215116,0.254108759679802,0.177624558944457,0.200889639762023
903,0.62555609967103,0.221274744825972,0.241532534498303,0.26806502014066,0.16634019279706,0.149807763529887
851,0.655534316836593,0.255024990396885,0.277585234113443,0.214949882112267,0.187010622123131,0.155619579790919
831,0.62555609967103,0.250466494772263,0.234581247743386,0.225342219919308,0.140279459933373,0.152618104976752
700,0.613173084606865,0.249561781327291,0.210360301592275,0.296985336054750,0.163123316426449,0.140279459933373
648,0.61494365721071,0.206639944148685,0.210360301592275,0.240653643199231,0.155233599845476,0.158002143279100
293,0.448298759169222,0.144424803121843,0.167772573247934,0.188255890082703,0.140279459933373,0.160930368981928
850,0.630855615748439,0.278545025785751,0.309756707604237,0.232872971194181,0.210360301592275,0.153350162717428
697,0.609630293401202,0.210360301592275,0.196743303664015,0.243298519444439,0.150839880430613,0.162235816543637
659,0.636150937944643,0.257786672914962,0.211875157547888,0.245075200706715,0.167772573247934,0.154094323280450
718,0.607858057407542,0.212638240623736,0.216509434133377,0.247759640188542,0.151542367809210,0.182778757451073
653,0.606085249352797,0.228656878414890,0.218876016213984,0.23033379664679,0.160502026996677,0.140279459933373
811,0.639678919993987,0.252283020211930,0.257786672914962,0.243298519444439,0.203016510694019,0.140279459933373
749,0.628206394540431,0.251373586915138,0.237166246337142,0.275669606701894,0.188884569174318,0.207376318697083
780,0.661691913619881,0.272806580486754,0.277585234113443,0.232872971194181,0.205178843545358,0.140279459933373
360,0.437968797820157,0.175435913518267,0.217294683481912,0.202303599215116,0.146237238572002,0.143840891542185
736,0.606085249352797,0.232023448734304,0.232872971194181,0.197424363331222,0.180448444205294,0.146237238572002
554,0.646729776551258,0.277585234113443,0.224521889216861,0.283362392853609,0.182778757451073,0.177624558944457
775,0.62555609967103,0.213405068833102,0.231177046607856,0.226165913043895,0.175977245746161,0.149133866930996
800,0.615828741507218,0.26336509235663,0.260567046745838,0.216509434133377,0.183371292540019,0.162677834203278
626,0.619367756469412,0.226165913043895,0.220471637257467,0.243298519444439,0.140279459933373,0.158002143279100
808,0.605198627992826,0.228656878414890,0.196743303664015,0.250466494772263,0.140279459933373,0.182190212262849
363,0.451106215483896,0.184568357977156,0.194724220966719,0.224521889216861,0.140279459933373,0.140279459933373
614,0.591881082994116,0.221274744825972,0.240653643199231,0.253194757033311,0.151542367809210,0.152256565618780
892,0.617598511353537,0.332468835480985,0.32950458986508,0.299924552865763,0.209608564537159,0.188884569174318
647,0.622020658211421,0.246862287018223,0.252283020211930,0.226992939983781,0.184568357977156,0.142702524367706
789,0.624672424998259,0.266179795115631,0.266179795115631,0.300905518027404,0.194059239855938,0.206639944148685
420,0.435141512434088,0.179307075461499,0.186394027664835,0.169733635746363,0.140279459933373,0.140279459933373
815,0.610516199655431,0.269956905233921,0.295029198942614,0.155619579790919,0.174898448025698,0.175435913518267
728,0.629089586309926,0.228656878414890,0.260567046745838,0.238904240888872,0.156796455796649,0.140279459933373
782,0.61405843859737,0.232023448734304,0.214175622695954,0.167291481291287,0.159655442358187,0.140279459933373
712,0.602537880906253,0.236301613614802,0.210360301592275,0.257786672914962,0.140279459933373,0.154850743467635
883,0.632621179272578,0.241532534498303,0.255943411389996,0.247759640188542,0.142702524367706,0.163123316426449
738,0.607858057407542,0.272806580486754,0.238904240888872,0.242414171861771,0.237166246337142,0.182190212262849
762,0.634386284250911,0.254108759679802,0.227823271636467,0.276626749501763,0.140279459933373,0.218083551882790
880,0.655534316836593,0.32159942528535,0.255943411389996,0.269010148553487,0.181605650010004,0.140279459933373
627,0.589213267095234,0.243298519444439,0.199491561253654,0.226165913043895,0.167291481291287,0.153720720340875
762,0.584763524220902,0.238904240888872,0.231177046607856,0.231177046607856,0.164024746412181,0.165869963138432
384,0.463225147278761,0.194059239855938,0.140279459933373,0.222891426963376,0.154470991130581,0.171754154191287
334,0.462295554374572,0.178181472416481,0.187010622123131,0.205907447843523,0.145319498566922,0.171243398019944
736,0.582982412426427,0.264301525715948,0.226992939983781,0.283362392853609,0.140279459933373,0.170736402643872
766,0.641442262346675,0.248659484023583,0.275669606701894,0.140279459933373,0.201594638931909,0.140279459933373
898,0.638797087949753,0.255943411389996,0.205178843545358,0.265239772398733,0.178181472416481,0.216509434133377
779,0.603424944919196,0.232872971194181,0.229493730258852,0.203733362812729,0.159237162188545,0.144131604573628
630,0.576742857104671,0.207376318697083,0.201594638931909,0.235439936165745,0.204454144375473,0.159655442358187
794,0.622020658211421,0.23977753355553,0.214175622695954,0.244185541162083,0.179875784505171,0.152256565618780
896,0.659053485350326,0.300905518027404,0.267121556704060,0.292100571713878,0.149469410107982,0.140279459933373
871,0.636150937944643,0.26806502014066,0.234581247743386,0.234581247743386,0.164024746412181,0.190154027575454
371,0.434198112267997,0.204454144375473,0.159237162188545,0.214949882112267,0.152982630801945,0.140279459933373
782,0.636150937944643,0.255943411389996,0.271855157449252,0.226992939983781,0.153720720340875,0.173309128978783
618,0.632621179272578,0.234581247743386,0.212638240623736,0.206639944148685,0.194724220966719,0.143266847840142
653,0.668723907006677,0.290152214217331,0.256863984839407,0.26336509235663,0.188884569174318,0.185172899926102
695,0.598988114480156,0.225342219919308,0.175977245746161,0.264301525715948,0.154850743467635,0.141602453589765
856,0.622020658211421,0.229493730258852,0.214175622695954,0.245075200706715,0.140801836156987,0.147178535004063
905,0.593658802575914,0.290152214217331,0.293075998312143,0.169733635746363,0.208116557082828,0.188884569174318
585,0.560654953573793,0.277585234113443,0.271855157449252,0.215727826366646,0.140279459933373,0.157195124574254
832,0.618483198986599,0.255024990396885,0.232023448734304,0.248659484023583,0.203733362812729,0.152618104976752
878,0.647610671197383,0.269010148553487,0.264301525715948,0.232872971194181,0.191439626593958,0.228656878414890
636,0.597212308466731,0.221274744825972,0.193398287644562,0.289179343702615,0.244185541162083,0.172787005806565
394,0.459504181093247,0.162677834203278,0.198109430350217,0.194059239855938,0.155619579790919,0.140279459933373
705,0.62555609967103,0.210360301592275,0.171243398019944,0.262430509724191,0.16634019279706,0.177624558944457
364,0.450170855356869,0.184568357977156,0.196066256873814,0.174898448025698,0.140279459933373,0.182190212262849
952,0.637915147508898,0.245075200706715,0.23033379664679,0.274713840722163,0.156400988328558,0.140279459933373
836,0.633503788623644,0.256863984839407,0.272806580486754,0.221274744825972,0.156008702799071,0.16634019279706
712,0.654654294039608,0.227823271636467,0.250466494772263,0.241532534498303,0.166814026627726,0.165869963138432
442,0.633503788623644,0.238904240888872,0.243298519444439,0.269956905233921,0.264301525715948,0.148143904307162
727,0.603424944919196,0.231177046607856,0.220471637257467,0.26806502014066,0.165869963138432,0.140279459933373
826,0.642323774366231,0.257786672914962,0.286266334773665,0.231177046607856,0.171243398019944,0.143266847840142
650,0.612287594171303,0.221274744825972,0.217294683481912,0.23033379664679,0.158822198286243,0.142702524367706
692,0.574958463059337,0.300905518027404,0.289179343702615,0.269010148553487,0.190794809258731,0.183967824035887
177,0.530069290557968,0.140279459933373,0.159655442358187,0.195393227873188,0.140279459933373,0.140279459933373
641,0.629089586309926,0.251373586915138,0.235439936165745,0.243298519444439,0.168257318749387,0.140279459933373
827,0.61494365721071,0.240653643199231,0.274713840722163,0.180448444205294,0.168745733831007,0.140279459933373
747,0.61405843859737,0.231177046607856,0.245075200706715,0.229493730258852,0.159237162188545,0.152618104976752
758,0.606971725447777,0.270905253648299,0.252283020211930,0.255943411389996,0.161797245314680,0.178742307944130
163,0.475271623239318,0.140279459933373,0.168257318749387,0.188884569174318,0.140279459933373,0.140279459933373
762,0.632621179272578,0.276626749501763,0.232872971194181,0.269956905233921,0.176522456496951,0.161797245314680
806,0.617598511353537,0.252283020211930,0.228656878414890,0.221274744825972,0.178742307944130,0.198798498578782
792,0.62555609967103,0.245967461561916,0.235439936165745,0.200889639762023,0.182190212262849,0.140279459933373
406,0.68540437369446,0.260567046745838,0.215727826366646,0.305818349289740,0.312714190948075,0.228656878414890
764,0.629972659733243,0.26336509235663,0.255943411389996,0.234581247743386,0.149133866930996,0.164024746412181
731,0.598988114480156,0.241532534498303,0.219672052767678,0.244185541162083,0.165869963138432,0.172787005806565
848,0.630855615748439,0.297964434643167,0.283362392853609,0.287236372741756,0.229493730258852,0.198798498578782
765,0.605198627992826,0.222081350052879,0.218083551882790,0.213405068833102,0.174364837136968,0.140279459933373
171,0.490923390673098,0.164024746412181,0.167291481291287,0.172268685450245,0.159655442358187,0.144424803121843
721,0.61405843859737,0.222891426963376,0.232872971194181,0.188255890082703,0.152982630801945,0.140279459933373
157,0.460435073421994,0.140279459933373,0.140279459933373,0.219672052767678,0.170233153496669,0.178742307944130
788,0.655534316836593,0.278545025785751,0.224521889216861,0.291125967010989,0.177624558944457,0.160502026996677
342,0.445487145704544,0.168745733831007,0.159655442358187,0.208116557082828,0.140279459933373,0.140279459933373
822,0.586543936638165,0.218083551882790,0.203733362812729,0.236301613614802,0.158002143279100,0.167772573247934
629,0.627323083479833,0.244185541162083,0.212638240623736,0.248659484023583,0.146862120354825,0.174364837136968
758,0.639678919993987,0.250466494772263,0.223704949036996,0.278545025785751,0.145018731380577,0.208116557082828
862,0.653774177471793,0.259638241659144,0.255943411389996,0.234581247743386,0.178742307944130,0.170736402643872
781,0.640560644506718,0.258711437790672,0.234581247743386,0.226992939983781,0.152256565618780,0.159655442358187
757,0.627323083479833,0.244185541162083,0.259638241659144,0.275669606701894,0.234581247743386,0.23033379664679
679,0.608744246353995,0.291125967010989,0.265239772398733,0.232872971194181,0.203733362812729,0.200188610986799
753,0.627323083479833,0.231177046607856,0.198798498578782,0.222891426963376,0.169237834303805,0.166814026627726
820,0.634386284250911,0.255943411389996,0.243298519444439,0.208116557082828,0.149133866930996,0.184568357977156
675,0.634386284250911,0.257786672914962,0.257786672914962,0.277585234113443,0.181605650010004,0.141333283747465
849,0.652893966371437,0.254108759679802,0.245967461561916,0.192088479379025,0.165403320798019,0.191439626593958
749,0.65201365997105,0.26806502014066,0.235439936165745,0.272806580486754,0.173309128978783,0.158410531669826
734,0.574958463059337,0.248659484023583,0.152618104976752,0.244185541162083,0.154470991130581,0.149807763529887
462,0.472497848634527,0.190154027575454,0.205178843545358,0.215727826366646,0.140279459933373,0.140279459933373
703,0.617598511353537,0.226992939983781,0.224521889216861,0.203733362812729,0.174898448025698,0.140279459933373
736,0.627323083479833,0.223704949036996,0.241532534498303,0.232872971194181,0.140279459933373,0.140279459933373
171,0.524641044535778,0.164480729737195,0.148471133452426,0.206639944148685,0.140279459933373,0.140279459933373
838,0.640560644506718,0.269956905233921,0.256863984839407,0.177624558944457,0.174898448025698,0.178742307944130
747,0.623788627185174,0.259638241659144,0.26336509235663,0.216509434133377,0.236301613614802,0.222891426963376
747,0.630855615748439,0.249561781327291,0.262430509724191,0.221274744825972,0.16357228121085,0.175435913518267
164,0.474347434968947,0.140279459933373,0.174364837136968,0.197424363331222,0.140279459933373,0.140279459933373
753,0.654654294039608,0.243298519444439,0.167772573247934,0.26806502014066,0.173835068385563,0.151897993103576
725,0.633503788623644,0.274713840722163,0.243298519444439,0.243298519444439,0.140279459933373,0.142147774681471
795,0.650252758171119,0.275669606701894,0.262430509724191,0.245967461561916,0.177624558944457,0.165403320798019
844,0.596324170558622,0.271855157449252,0.259638241659144,0.179875784505171,0.215727826366646,0.166814026627726
700,0.608744246353995,0.231177046607856,0.211875157547888,0.249561781327291,0.160077057692081,0.140279459933373
673,0.624672424998259,0.231177046607856,0.211875157547888,0.237166246337142,0.168257318749387,0.140279459933373
765,0.611401966215199,0.286266334773665,0.272806580486754,0.235439936165745,0.156400988328558,0.141333283747465
719,0.629089586309926,0.240653643199231,0.232872971194181,0.221274744825972,0.174364837136968,0.165869963138432
746,0.602537880906253,0.252283020211930,0.214949882112267,0.272806580486754,0.149469410107982,0.157597013980819
965,0.619367756469412,0.318636108753548,0.295029198942614,0.287236372741756,0.200188610986799,0.214949882112267
753,0.623788627185174,0.242414171861771,0.213405068833102,0.216509434133377,0.140279459933373,0.146548361254107
817,0.644967683931748,0.238904240888872,0.246862287018223,0.249561781327291,0.167291481291287,0.140279459933373
788,0.649372161207369,0.264301525715948,0.233725581744281,0.284329312589461,0.151897993103576,0.207376318697083
321,0.457641082102348,0.189517281185082,0.205907447843523,0.168257318749387,0.140279459933373,0.140279459933373
768,0.618483198986599,0.254108759679802,0.255024990396885,0.211115838461421,0.170736402643872,0.172787005806565
896,0.636150937944643,0.270905253648299,0.243298519444439,0.291125967010989,0.185781454960399,0.152982630801945
175,0.491840713366392,0.161362102255135,0.190154027575454,0.233725581744281,0.140279459933373,0.140279459933373
449,0.589213267095234,0.322587416871138,0.310742219942023,0.241532534498303,0.200889639762023,0.186394027664835
812,0.643205181411445,0.261497815323131,0.265239772398733,0.232023448734304,0.152256565618780,0.140279459933373
375,0.455776216619560,0.157195124574254,0.170736402643872,0.155233599845476,0.159237162188545,0.168745733831007
675,0.617598511353537,0.235439936165745,0.180448444205294,0.26336509235663,0.140279459933373,0.164480729737195
882,0.618483198986599,0.255024990396885,0.242414171861771,0.305818349289740,0.172268685450245,0.202303599215116
768,0.640560644506718,0.253194757033311,0.26806502014066,0.23033379664679,0.167291481291287,0.151542367809210
729,0.646729776551258,0.282396577544332,0.257786672914962,0.264301525715948,0.140279459933373,0.186394027664835
730,0.617598511353537,0.235439936165745,0.211115838461421,0.280468392646033,0.146548361254107,0.167772573247934
823,0.642323774366231,0.246862287018223,0.276626749501763,0.208116557082828,0.163123316426449,0.140279459933373
870,0.645848781067736,0.284329312589461,0.200889639762023,0.289179343702615,0.181025063276694,0.210360301592275
712,0.587433883900336,0.201594638931909,0.245075200706715,0.182778757451073,0.177624558944457,0.169237834303805
709,0.606971725447777,0.231177046607856,0.294052217151829,0.232023448734304,0.165403320798019,0.171754154191287
837,0.637915147508898,0.269010148553487,0.175977245746161,0.245075200706715,0.175977245746161,0.154850743467635
572,0.62555609967103,0.269010148553487,0.278545025785751,0.177624558944457,0.183371292540019,0.140279459933373
702,0.567813168189284,0.306802338059224,0.285297304030371,0.282396577544332,0.190794809258731,0.200889639762023
839,0.611401966215199,0.261497815323131,0.272806580486754,0.243298519444439,0.177624558944457,0.207376318697083
811,0.612287594171303,0.228656878414890,0.259638241659144,0.191439626593958,0.180448444205294,0.209608564537159
768,0.623788627185174,0.252283020211930,0.253194757033311,0.232023448734304,0.140279459933373,0.145018731380577
695,0.601650667029677,0.236301613614802,0.196066256873814,0.202303599215116,0.148143904307162,0.168257318749387
360,0.450170855356869,0.171754154191287,0.190154027575454,0.182778757451073,0.168257318749387,0.140279459933373
357,0.465083048709257,0.150492979148870,0.156008702799071,0.209608564537159,0.151897993103576,0.151189670120080
833,0.643205181411445,0.261497815323131,0.285297304030371,0.238904240888872,0.191439626593958,0.171243398019944
752,0.61494365721071,0.243298519444439,0.218083551882790,0.267121556704060,0.149807763529887,0.142702524367706
436,0.481729856995562,0.177071557205383,0.151542367809210,0.169733635746363,0.158002143279100,0.156400988328558
761,0.654654294039608,0.248659484023583,0.232023448734304,0.276626749501763,0.185172899926102,0.146862120354825
849,0.655534316836593,0.242414171861771,0.213405068833102,0.255024990396885,0.140279459933373,0.146548361254107
828,0.639678919993987,0.261497815323131,0.254108759679802,0.288207386188063,0.184568357977156,0.210360301592275
768,0.628206394540431,0.254108759679802,0.290152214217331,0.183371292540019,0.190154027575454,0.140279459933373
737,0.610516199655431,0.214175622695954,0.211115838461421,0.26336509235663,0.150492979148870,0.174898448025698
846,0.634386284250911,0.247759640188542,0.225342219919308,0.205178843545358,0.182190212262849,0.140279459933373
749,0.61494365721071,0.226165913043895,0.219672052767678,0.261497815323131,0.140279459933373,0.161362102255135
725,0.596324170558622,0.23033379664679,0.23977753355553,0.233725581744281,0.165869963138432,0.145622826217966
641,0.592770024376564,0.234581247743386,0.193398287644562,0.232023448734304,0.145928733232941,0.181605650010004
856,0.659053485350326,0.290152214217331,0.244185541162083,0.298944182722262,0.171754154191287,0.158410531669826
841,0.627323083479833,0.229493730258852,0.220471637257467,0.211875157547888,0.148471133452426,0.153720720340875
824,0.589213267095234,0.254108759679802,0.235439936165745,0.219672052767678,0.158002143279100,0.142702524367706
797,0.640560644506718,0.243298519444439,0.229493730258852,0.259638241659144,0.140279459933373,0.172787005806565
689,0.589213267095234,0.237166246337142,0.223704949036996,0.235439936165745,0.158822198286243,0.173309128978783
856,0.633503788623644,0.260567046745838,0.277585234113443,0.262430509724191,0.190154027575454,0.169237834303805
871,0.655534316836593,0.257786672914962,0.257786672914962,0.274713840722163,0.168745733831007,0.170233153496669
693,0.617598511353537,0.236301613614802,0.249561781327291,0.229493730258852,0.152618104976752,0.140279459933373
820,0.639678919993987,0.300905518027404,0.308771540986705,0.287236372741756,0.199491561253654,0.174898448025698
774,0.616713692539713,0.304834801321944,0.303851718893881,0.297964434643167,0.214175622695954,0.192088479379025
196,0.58030940985411,0.145622826217966,0.16357228121085,0.208860644258667,0.140279459933373,0.171243398019944
685,0.610516199655431,0.237166246337142,0.272806580486754,0.237166246337142,0.162677834203278,0.141873944585676
668,0.627323083479833,0.208116557082828,0.16357228121085,0.241532534498303,0.145622826217966,0.169237834303805
755,0.628206394540431,0.247759640188542,0.221274744825972,0.261497815323131,0.167772573247934,0.185781454960399
201,0.582982412426427,0.140539522938054,0.140279459933373,0.241532534498303,0.140279459933373,0.197424363331222
535,0.58209159090975,0.439851241970584,0.422838791105066,0.411406907527978,0.292100571713878,0.258711437790672
734,0.630855615748439,0.241532534498303,0.236301613614802,0.212638240623736,0.168745733831007,0.140279459933373
660,0.57763477259731,0.240653643199231,0.214175622695954,0.325551793923222,0.314687276192053,0.251373586915138
617,0.613173084606865,0.262430509724191,0.232872971194181,0.254108759679802,0.164024746412181,0.168257318749387
773,0.617598511353537,0.241532534498303,0.275669606701894,0.205178843545358,0.190794809258731,0.158002143279100
842,0.629972659733243,0.250466494772263,0.214175622695954,0.280468392646033,0.161797245314680,0.203733362812729
819,0.637915147508898,0.256863984839407,0.256863984839407,0.194724220966719,0.173309128978783,0.140279459933373
764,0.636150937944643,0.260567046745838,0.226992939983781,0.265239772398733,0.147178535004063,0.190794809258731
719,0.55975922935761,0.26336509235663,0.234581247743386,0.269010148553487,0.144131604573628,0.140279459933373
774,0.638797087949753,0.285297304030371,0.245075200706715,0.265239772398733,0.158410531669826,0.196066256873814
834,0.608744246353995,0.280468392646033,0.249561781327291,0.284329312589461,0.165869963138432,0.140279459933373
807,0.619367756469412,0.276626749501763,0.242414171861771,0.226992939983781,0.197424363331222,0.140279459933373
722,0.598100289370352,0.209608564537159,0.222891426963376,0.202303599215116,0.160077057692081,0.179875784505171
724,0.57763477259731,0.218083551882790,0.173309128978783,0.23977753355553,0.140279459933373,0.140279459933373
717,0.599875784998553,0.238904240888872,0.199491561253654,0.246862287018223,0.140279459933373,0.164480729737195
725,0.586543936638165,0.198798498578782,0.245967461561916,0.188884569174318,0.148143904307162,0.174364837136968
377,0.428527399760189,0.168257318749387,0.182778757451073,0.201594638931909,0.146548361254107,0.140279459933373
794,0.606971725447777,0.229493730258852,0.186394027664835,0.261497815323131,0.161362102255135,0.182190212262849
996,0.621136485069615,0.211875157547888,0.26806502014066,0.231177046607856,0.177624558944457,0.145018731380577
726,0.609630293401202,0.248659484023583,0.238033800236652,0.272806580486754,0.158822198286243,0.192741366843982
715,0.627323083479833,0.198109430350217,0.211875157547888,0.217294683481912,0.140801836156987,0.140279459933373
714,0.612287594171303,0.271855157449252,0.222081350052879,0.260567046745838,0.156008702799071,0.140279459933373
842,0.622904705251892,0.253194757033311,0.226165913043895,0.197424363331222,0.185172899926102,0.146237238572002
375,0.43702685358426,0.182190212262849,0.188255890082703,0.205178843545358,0.156796455796649,0.140279459933373
337,0.463225147278761,0.201594638931909,0.190794809258731,0.172268685450245,0.162235816543637,0.159237162188545
688,0.611401966215199,0.299924552865763,0.288207386188063,0.261497815323131,0.240653643199231,0.226165913043895
713,0.598988114480156,0.253194757033311,0.185781454960399,0.298944182722262,0.154850743467635,0.140279459933373
728,0.598100289370352,0.216509434133377,0.203016510694019,0.240653643199231,0.140279459933373,0.164024746412181
615,0.589213267095234,0.232023448734304,0.215727826366646,0.206639944148685,0.181025063276694,0.140279459933373
853,0.635268667058686,0.214175622695954,0.265239772398733,0.198109430350217,0.173835068385563,0.155233599845476
704,0.630855615748439,0.226165913043895,0.204454144375473,0.232872971194181,0.151189670120080,0.143552645462116
862,0.59099197716754,0.209608564537159,0.222081350052879,0.225342219919308,0.151897993103576,0.179307075461499
178,0.548993245617665,0.140279459933373,0.155233599845476,0.211115838461421,0.140279459933373,0.156400988328558
859,0.622904705251892,0.301887051542692,0.269010148553487,0.244185541162083,0.157195124574254,0.183371292540019
349,0.40662186593712,0.235439936165745,0.214949882112267,0.278545025785751,0.146862120354825,0.161797245314680
691,0.641442262346675,0.215727826366646,0.218083551882790,0.220471637257467,0.140279459933373,0.141873944585676
777,0.63703309779987,0.237166246337142,0.261497815323131,0.223704949036996,0.151542367809210,0.140279459933373
443,0.435141512434088,0.185172899926102,0.172268685450245,0.194724220966719,0.140279459933373,0.140279459933373
150,0.433254223593108,0.144424803121843,0.156008702799071,0.212638240623736,0.164480729737195,0.140279459933373
785,0.632621179272578,0.257786672914962,0.169733635746363,0.295029198942614,0.182190212262849,0.140801836156987
760,0.611401966215199,0.262430509724191,0.218876016213984,0.232872971194181,0.155619579790919,0.166814026627726
812,0.664329550930648,0.267121556704060,0.222891426963376,0.236301613614802,0.141873944585676,0.156008702799071
765,0.591881082994116,0.280468392646033,0.272806580486754,0.282396577544332,0.203016510694019,0.170736402643872
631,0.586543936638165,0.229493730258852,0.201594638931909,0.264301525715948,0.160502026996677,0.160502026996677
514,0.622020658211421,0.243298519444439,0.286266334773665,0.235439936165745,0.168745733831007,0.185781454960399
465,0.621136485069615,0.359072414588444,0.330492731245164,0.336419918223748,0.271855157449252,0.222081350052879
835,0.622904705251892,0.244185541162083,0.216509434133377,0.256863984839407,0.147178535004063,0.182778757451073
845,0.63703309779987,0.257786672914962,0.266179795115631,0.207376318697083,0.191439626593958,0.198109430350217
328,0.673116204346268,0.282396577544332,0.203733362812729,0.36005360357005,0.383475920330798,0.205178843545358
166,0.491840713366392,0.140279459933373,0.216509434133377,0.140279459933373,0.175435913518267,0.140279459933373
793,0.633503788623644,0.267121556704060,0.252283020211930,0.284329312589461,0.152256565618780,0.193398287644562
764,0.597212308466731,0.254108759679802,0.201594638931909,0.273759486818862,0.140279459933373,0.161797245314680
809,0.630855615748439,0.245967461561916,0.248659484023583,0.237166246337142,0.179875784505171,0.177071557205383
232,0.383475920330798,0.197424363331222,0.187631241909896,0.251373586915138,0.216509434133377,0.155619579790919
778,0.659933050519219,0.259638241659144,0.242414171861771,0.266179795115631,0.140279459933373,0.140279459933373
175,0.522829369551227,0.183371292540019,0.187010622123131,0.213405068833102,0.167291481291287,0.140279459933373
879,0.649372161207369,0.266179795115631,0.238033800236652,0.304834801321944,0.185172899926102,0.200889639762023
375,0.435141512434088,0.167772573247934,0.218876016213984,0.194059239855938,0.156400988328558,0.160077057692081
162,0.465083048709257,0.153720720340875,0.170233153496669,0.221274744825972,0.150148946700048,0.165869963138432
827,0.623788627185174,0.269956905233921,0.218876016213984,0.214949882112267,0.175977245746161,0.140279459933373
511,0.649372161207369,0.261497815323131,0.242414171861771,0.235439936165745,0.203016510694019,0.150839880430613
800,0.618483198986599,0.362014841934518,0.362994878061971,0.305818349289740,0.232023448734304,0.203016510694019
828,0.654654294039608,0.298944182722262,0.249561781327291,0.240653643199231,0.164480729737195,0.199491561253654
906,0.634386284250911,0.23033379664679,0.209608564537159,0.242414171861771,0.140279459933373,0.161797245314680
792,0.61494365721071,0.307786743279463,0.284329312589461,0.296006914761259,0.206639944148685,0.174364837136968
718,0.607858057407542,0.225342219919308,0.208860644258667,0.227823271636467,0.182190212262849,0.149807763529887
789,0.63703309779987,0.262430509724191,0.261497815323131,0.183371292540019,0.171243398019944,0.140279459933373
769,0.623788627185174,0.237166246337142,0.211875157547888,0.199491561253654,0.182778757451073,0.148143904307162
642,0.617598511353537,0.297964434643167,0.272806580486754,0.300905518027404,0.192088479379025,0.150492979148870
807,0.610516199655431,0.242414171861771,0.226992939983781,0.223704949036996,0.183967824035887,0.177624558944457
718,0.591881082994116,0.195393227873188,0.222081350052879,0.238904240888872,0.140279459933373,0.147178535004063
904,0.652893966371437,0.286266334773665,0.294052217151829,0.245075200706715,0.159237162188545,0.151542367809210
700,0.640560644506718,0.264301525715948,0.270905253648299,0.267121556704060,0.151189670120080,0.173309128978783
675,0.57585075439854,0.270905253648299,0.309756707604237,0.243298519444439,0.169733635746363,0.181025063276694
960,0.644967683931748,0.290152214217331,0.280468392646033,0.251373586915138,0.181605650010004,0.175977245746161
730,0.655534316836593,0.265239772398733,0.245075200706715,0.217294683481912,0.174364837136968,0.188884569174318
814,0.637915147508898,0.257786672914962,0.26806502014066,0.241532534498303,0.184568357977156,0.140279459933373
780,0.662571212990782,0.249561781327291,0.246862287018223,0.252283020211930,0.214949882112267,0.140279459933373
796,0.631738455286738,0.275669606701894,0.205178843545358,0.283362392853609,0.154470991130581,0.164024746412181
180,0.507381840049532,0.141333283747465,0.164024746412181,0.218876016213984,0.140279459933373,0.162677834203278
716,0.638797087949753,0.281431899695417,0.234581247743386,0.23977753355553,0.192088479379025,0.198109430350217
751,0.623788627185174,0.264301525715948,0.209608564537159,0.247759640188542,0.148801114525785,0.157195124574254
414,0.484491855840873,0.187010622123131,0.167291481291287,0.179307075461499,0.160930368981928,0.140279459933373
853,0.637915147508898,0.251373586915138,0.254108759679802,0.175435913518267,0.158002143279100,0.161362102255135
255,0.62555609967103,0.192088479379025,0.185172899926102,0.203733362812729,0.160930368981928,0.187010622123131
868,0.646729776551258,0.276626749501763,0.203016510694019,0.306802338059224,0.177071557205383,0.154094323280450
967,0.674872565393281,0.285297304030371,0.271855157449252,0.248659484023583,0.175435913518267,0.172787005806565
398,0.418084423539314,0.170736402643872,0.177071557205383,0.152618104976752,0.156400988328558,0.151897993103576
789,0.599875784998553,0.245967461561916,0.297964434643167,0.196066256873814,0.177071557205383,0.171754154191287
733,0.617598511353537,0.237166246337142,0.238904240888872,0.205907447843523,0.179875784505171,0.188884569174318
649,0.578526502286961,0.240653643199231,0.232023448734304,0.225342219919308,0.182190212262849,0.203016510694019
659,0.714317311421552,0.397013246974146,0.140279459933373,0.673994424070159,0.723941124466114,0.569600673082815
779,0.605198627992826,0.240653643199231,0.212638240623736,0.232023448734304,0.194059239855938,0.180448444205294
877,0.676628615387707,0.248659484023583,0.251373586915138,0.243298519444439,0.178742307944130,0.140279459933373
895,0.643205181411445,0.270905253648299,0.240653643199231,0.276626749501763,0.157195124574254,0.140279459933373
768,0.607858057407542,0.250466494772263,0.273759486818862,0.203733362812729,0.181605650010004,0.140279459933373
877,0.650252758171119,0.258711437790672,0.227823271636467,0.301887051542692,0.184568357977156,0.205907447843523
772,0.62555609967103,0.240653643199231,0.203016510694019,0.273759486818862,0.160077057692081,0.178181472416481
580,0.624672424998259,0.244185541162083,0.254108759679802,0.225342219919308,0.173835068385563,0.140801836156987
267,0.630855615748439,0.140279459933373,0.144720505822661,0.179307075461499,0.144720505822661,0.155233599845476
165,0.419987692000204,0.185172899926102,0.196743303664015,0.183371292540019,0.172268685450245,0.140279459933373
761,0.644967683931748,0.260567046745838,0.258711437790672,0.269010148553487,0.172268685450245,0.148471133452426
746,0.613173084606865,0.256863984839407,0.246862287018223,0.236301613614802,0.167772573247934,0.182778757451073
907,0.607858057407542,0.276626749501763,0.229493730258852,0.247759640188542,0.140279459933373,0.177071557205383
814,0.620252184825136,0.349241401529061,0.339381807952053,0.311728055196152,0.189517281185082,0.193398287644562
703,0.611401966215199,0.211875157547888,0.225342219919308,0.196066256873814,0.140279459933373,0.140279459933373
782,0.621136485069615,0.312714190948075,0.283362392853609,0.297964434643167,0.160930368981928,0.170233153496669
794,0.599875784998553,0.261497815323131,0.261497815323131,0.266179795115631,0.218083551882790,0.140279459933373
687,0.590102705627282,0.250466494772263,0.255943411389996,0.210360301592275,0.189517281185082,0.154850743467635
750,0.649372161207369,0.282396577544332,0.275669606701894,0.205907447843523,0.191439626593958,0.16357228121085
397,0.475271623239318,0.227823271636467,0.178742307944130,0.266179795115631,0.173309128978783,0.181025063276694
347,0.436084425669404,0.196743303664015,0.179875784505171,0.195393227873188,0.150492979148870,0.182190212262849
637,0.59454741884471,0.253194757033311,0.240653643199231,0.243298519444439,0.163123316426449,0.154470991130581
717,0.612287594171303,0.242414171861771,0.188884569174318,0.245967461561916,0.164940248736627,0.188884569174318
862,0.643205181411445,0.259638241659144,0.270905253648299,0.282396577544332,0.175977245746161,0.169237834303805
725,0.606971725447777,0.242414171861771,0.194059239855938,0.276626749501763,0.145319498566922,0.140279459933373
707,0.644086484322101,0.215727826366646,0.214949882112267,0.255943411389996,0.160077057692081,0.146862120354825
840,0.63703309779987,0.236301613614802,0.245075200706715,0.258711437790672,0.183967824035887,0.162235816543637
699,0.607858057407542,0.262430509724191,0.226165913043895,0.272806580486754,0.182190212262849,0.140279459933373
809,0.642323774366231,0.279506090033501,0.255943411389996,0.253194757033311,0.194059239855938,0.140279459933373
334,0.663450425192382,0.229493730258852,0.236301613614802,0.331480818156256,0.351210191887716,0.210360301592275
709,0.585653817185493,0.238904240888872,0.181025063276694,0.258711437790672,0.140279459933373,0.172268685450245
790,0.597212308466731,0.23977753355553,0.202303599215116,0.172268685450245,0.164024746412181,0.140279459933373
699,0.585653817185493,0.224521889216861,0.224521889216861,0.222891426963376,0.175435913518267,0.146237238572002
667,0.612287594171303,0.32159942528535,0.298944182722262,0.302869127130412,0.203733362812729,0.190154027575454
840,0.68540437369446,0.269010148553487,0.242414171861771,0.257786672914962,0.175435913518267,0.140279459933373
779,0.621136485069615,0.281431899695417,0.257786672914962,0.302869127130412,0.204454144375473,0.154850743467635
804,0.665208590906176,0.259638241659144,0.261497815323131,0.245075200706715,0.160502026996677,0.182190212262849
786,0.61405843859737,0.202303599215116,0.220471637257467,0.259638241659144,0.180448444205294,0.172787005806565
668,0.629089586309926,0.237166246337142,0.266179795115631,0.247759640188542,0.183371292540019,0.145018731380577
741,0.598100289370352,0.278545025785751,0.271855157449252,0.298944182722262,0.146548361254107,0.173309128978783
627,0.602537880906253,0.232023448734304,0.195393227873188,0.243298519444439,0.149807763529887,0.140279459933373
734,0.639678919993987,0.255943411389996,0.244185541162083,0.214949882112267,0.149133866930996,0.140279459933373
845,0.648491465815105,0.270905253648299,0.243298519444439,0.299924552865763,0.160077057692081,0.162677834203278
756,0.616713692539713,0.236301613614802,0.23977753355553,0.208860644258667,0.155233599845476,0.168257318749387
240,0.430419611243593,0.140279459933373,0.205178843545358,0.238904240888872,0.140279459933373,0.170736402643872
646,0.599875784998553,0.217294683481912,0.243298519444439,0.205178843545358,0.142147774681471,0.179875784505171
666,0.602537880906253,0.243298519444439,0.224521889216861,0.286266334773665,0.175977245746161,0.140279459933373
961,0.652893966371437,0.272806580486754,0.281431899695417,0.255024990396885,0.140279459933373,0.16357228121085
464,0.456708871220304,0.181605650010004,0.146862120354825,0.218083551882790,0.140279459933373,0.140279459933373
780,0.615828741507218,0.236301613614802,0.181025063276694,0.245075200706715,0.168257318749387,0.140279459933373
643,0.627323083479833,0.228656878414890,0.245967461561916,0.206639944148685,0.147178535004063,0.140279459933373
875,0.633503788623644,0.280468392646033,0.269010148553487,0.227823271636467,0.207376318697083,0.172268685450245
224,0.417132025922147,0.164480729737195,0.193398287644562,0.187631241909896,0.146237238572002,0.140279459933373
874,0.662571212990782,0.26806502014066,0.236301613614802,0.232872971194181,0.140279459933373,0.193398287644562
830,0.639678919993987,0.245967461561916,0.240653643199231,0.277585234113443,0.168257318749387,0.177071557205383
767,0.598988114480156,0.300905518027404,0.26806502014066,0.267121556704060,0.211115838461421,0.166814026627726
837,0.641442262346675,0.255943411389996,0.256863984839407,0.274713840722163,0.140279459933373,0.169733635746363
320,0.693296511554413,0.265239772398733,0.211875157547888,0.322587416871138,0.311728055196152,0.211115838461421
714,0.582982412426427,0.198109430350217,0.164940248736627,0.242414171861771,0.144720505822661,0.140279459933373
708,0.582982412426427,0.248659484023583,0.184568357977156,0.23977753355553,0.158822198286243,0.140279459933373
240,0.583873056414207,0.156400988328558,0.140279459933373,0.537291706764252,0.589213267095234,0.428527399760189
705,0.663450425192382,0.376671178467619,0.327528205863718,0.369843682925459,0.220471637257467,0.183371292540019
539,0.567813168189284,0.238033800236652,0.257786672914962,0.260567046745838,0.177624558944457,0.144424803121843
772,0.601650667029677,0.200188610986799,0.172268685450245,0.223704949036996,0.140279459933373,0.154470991130581
324,0.452041119617036,0.185172899926102,0.198798498578782,0.216509434133377,0.173309128978783,0.145622826217966
800,0.63703309779987,0.245967461561916,0.214949882112267,0.258711437790672,0.144131604573628,0.162235816543637
785,0.631738455286738,0.300905518027404,0.260567046745838,0.305818349289740,0.181025063276694,0.16634019279706
204,0.672237905577799,0.211875157547888,0.232872971194181,0.193398287644562,0.156796455796649,0.155233599845476
709,0.636150937944643,0.238033800236652,0.251373586915138,0.191439626593958,0.154850743467635,0.141873944585676
767,0.636150937944643,0.238033800236652,0.248659484023583,0.214949882112267,0.169237834303805,0.168745733831007
909,0.644086484322101,0.286266334773665,0.243298519444439,0.26806502014066,0.177624558944457,0.175977245746161
150,0.432309844864813,0.150148946700048,0.169733635746363,0.170736402643872,0.144131604573628,0.158410531669826
149,0.438910260048710,0.140279459933373,0.147819407725247,0.200188610986799,0.140279459933373,0.140279459933373
638,0.605198627992826,0.349241401529061,0.328516409471957,0.296985336054750,0.23033379664679,0.144424803121843
530,0.600763302119727,0.287236372741756,0.264301525715948,0.255943411389996,0.157597013980819,0.181605650010004
858,0.592770024376564,0.243298519444439,0.188255890082703,0.253194757033311,0.154094323280450,0.188884569174318
384,0.669602528491819,0.187631241909896,0.177624558944457,0.210360301592275,0.185172899926102,0.161797245314680
716,0.607858057407542,0.213405068833102,0.183371292540019,0.242414171861771,0.154850743467635,0.140279459933373
716,0.608744246353995,0.260567046745838,0.249561781327291,0.253194757033311,0.23977753355553,0.162235816543637
884,0.640560644506718,0.256863984839407,0.235439936165745,0.306802338059224,0.141333283747465,0.181025063276694
699,0.574065981658382,0.281431899695417,0.251373586915138,0.232872971194181,0.175977245746161,0.147497624383717
654,0.611401966215199,0.250466494772263,0.226165913043895,0.199491561253654,0.171243398019944,0.14298348025674
740,0.615828741507218,0.238904240888872,0.250466494772263,0.217294683481912,0.164480729737195,0.141873944585676
842,0.633503788623644,0.26806502014066,0.258711437790672,0.223704949036996,0.162677834203278,0.148143904307162
832,0.633503788623644,0.256863984839407,0.211115838461421,0.244185541162083,0.151897993103576,0.156796455796649
740,0.637915147508898,0.270905253648299,0.252283020211930,0.281431899695417,0.16357228121085,0.140801836156987
790,0.631738455286738,0.275669606701894,0.265239772398733,0.272806580486754,0.146237238572002,0.140279459933373
770,0.617598511353537,0.259638241659144,0.218876016213984,0.218083551882790,0.165403320798019,0.218876016213984
685,0.615828741507218,0.240653643199231,0.203733362812729,0.285297304030371,0.179875784505171,0.168257318749387
738,0.611401966215199,0.23033379664679,0.235439936165745,0.215727826366646,0.151189670120080,0.152618104976752
762,0.665208590906176,0.277585234113443,0.283362392853609,0.259638241659144,0.192088479379025,0.168745733831007
339,0.432309844864813,0.174364837136968,0.167772573247934,0.206639944148685,0.140279459933373,0.178181472416481
890,0.629089586309926,0.280468392646033,0.261497815323131,0.218876016213984,0.194059239855938,0.140279459933373
740,0.603424944919196,0.214175622695954,0.201594638931909,0.272806580486754,0.161362102255135,0.148471133452426
605,0.598100289370352,0.211115838461421,0.249561781327291,0.23033379664679,0.168745733831007,0.140279459933373
758,0.638797087949753,0.222891426963376,0.243298519444439,0.210360301592275,0.140279459933373,0.143840891542185
153,0.489087655334828,0.167291481291287,0.170233153496669,0.215727826366646,0.140279459933373,0.167772573247934
907,0.650252758171119,0.316661303992259,0.266179795115631,0.273759486818862,0.181025063276694,0.196066256873814
780,0.608744246353995,0.198798498578782,0.218083551882790,0.256863984839407,0.167291481291287,0.158410531669826
805,0.639678919993987,0.262430509724191,0.260567046745838,0.267121556704060,0.199491561253654,0.146862120354825
802,0.615828741507218,0.236301613614802,0.253194757033311,0.237166246337142,0.148143904307162,0.140279459933373
743,0.617598511353537,0.256863984839407,0.235439936165745,0.207376318697083,0.161362102255135,0.168745733831007
810,0.61494365721071,0.346286080835727,0.336419918223748,0.326539995183568,0.207376318697083,0.182190212262849
815,0.658173830133798,0.291125967010989,0.260567046745838,0.258711437790672,0.183371292540019,0.140279459933373
391,0.525546453481271,0.296985336054750,0.258711437790672,0.303851718893881,0.194059239855938,0.164024746412181
414,0.663450425192382,0.397976414823837,0.324563618926047,0.417132025922147,0.436084425669404,0.281431899695417
1000,0.61494365721071,0.293075998312143,0.270905253648299,0.248659484023583,0.150492979148870,0.169733635746363
1020,0.649372161207369,0.222891426963376,0.256863984839407,0.227823271636467,0.147178535004063,0.179307075461499
707,0.61405843859737,0.212638240623736,0.247759640188542,0.245075200706715,0.177624558944457,0.178742307944130
929,0.65113325749733,0.296985336054750,0.285297304030371,0.285297304030371,0.144424803121843,0.173309128978783
724,0.638797087949753,0.246862287018223,0.278545025785751,0.200188610986799,0.183967824035887,0.165403320798019
792,0.595435874427052,0.246862287018223,0.245075200706715,0.251373586915138,0.182190212262849,0.179875784505171
776,0.650252758171119,0.276626749501763,0.262430509724191,0.265239772398733,0.160077057692081,0.181025063276694
454,0.654654294039608,0.249561781327291,0.203016510694019,0.247759640188542,0.188255890082703,0.157597013980819
911,0.635268667058686,0.238033800236652,0.290152214217331,0.367888982200334,0.23977753355553,0.158822198286243
809,0.638797087949753,0.244185541162083,0.238904240888872,0.277585234113443,0.173835068385563,0.190154027575454
761,0.610516199655431,0.222081350052879,0.278545025785751,0.168745733831007,0.165403320798019,0.162235816543637
625,0.624672424998259,0.245075200706715,0.222891426963376,0.247759640188542,0.141066417195949,0.188884569174318
756,0.650252758171119,0.252283020211930,0.245967461561916,0.262430509724191,0.170736402643872,0.148801114525785
741,0.624672424998259,0.270905253648299,0.252283020211930,0.238904240888872,0.169237834303805,0.150839880430613
310,0.637915147508898,0.169237834303805,0.155233599845476,0.181605650010004,0.140279459933373,0.154850743467635
914,0.637915147508898,0.301887051542692,0.26806502014066,0.283362392853609,0.170736402643872,0.179875784505171
596,0.609630293401202,0.236301613614802,0.212638240623736,0.236301613614802,0.151189670120080,0.140279459933373
769,0.631738455286738,0.248659484023583,0.246862287018223,0.269956905233921,0.152256565618780,0.156796455796649
675,0.582982412426427,0.191439626593958,0.204454144375473,0.203016510694019,0.16634019279706,0.14298348025674
620,0.619367756469412,0.256863984839407,0.292100571713878,0.240653643199231,0.186394027664835,0.181605650010004
891,0.644086484322101,0.290152214217331,0.272806580486754,0.23033379664679,0.205178843545358,0.147497624383717
334,0.431364974573073,0.162235816543637,0.182778757451073,0.199491561253654,0.160930368981928,0.140279459933373
164,0.483571570595327,0.140279459933373,0.177624558944457,0.161362102255135,0.143552645462116,0.140279459933373
685,0.621136485069615,0.198109430350217,0.218876016213984,0.218083551882790,0.142147774681471,0.158822198286243
780,0.620252184825136,0.238904240888872,0.234581247743386,0.228656878414890,0.156008702799071,0.217294683481912
427,0.603424944919196,0.253194757033311,0.26336509235663,0.251373586915138,0.172787005806565,0.146237238572002
699,0.592770024376564,0.192741366843982,0.241532534498303,0.250466494772263,0.143840891542185,0.150148946700048
773,0.618483198986599,0.255024990396885,0.255024990396885,0.228656878414890,0.173309128978783,0.140279459933373
649,0.596324170558622,0.235439936165745,0.248659484023583,0.183371292540019,0.164940248736627,0.158410531669826
694,0.636150937944643,0.250466494772263,0.245075200706715,0.177071557205383,0.188884569174318,0.168745733831007
713,0.627323083479833,0.235439936165745,0.204454144375473,0.221274744825972,0.186394027664835,0.140279459933373
716,0.617598511353537,0.278545025785751,0.275669606701894,0.255024990396885,0.177624558944457,0.147178535004063
579,0.57585075439854,0.26336509235663,0.26336509235663,0.246862287018223,0.169237834303805,0.14298348025674
410,0.529165277729617,0.196066256873814,0.191439626593958,0.200188610986799,0.165403320798019,0.140279459933373
730,0.628206394540431,0.250466494772263,0.226992939983781,0.236301613614802,0.149469410107982,0.180448444205294
869,0.636150937944643,0.267121556704060,0.26806502014066,0.186394027664835,0.165403320798019,0.179875784505171
942,0.646729776551258,0.291125967010989,0.254108759679802,0.203016510694019,0.189517281185082,0.148801114525785
696,0.61494365721071,0.255024990396885,0.248659484023583,0.190794809258731,0.153350162717428,0.158002143279100
166,0.511024591546248,0.144720505822661,0.181605650010004,0.195393227873188,0.167291481291287,0.167772573247934
562,0.610516199655431,0.259638241659144,0.238904240888872,0.283362392853609,0.171243398019944,0.187010622123131
835,0.658173830133798,0.276626749501763,0.186394027664835,0.320611530912211,0.197424363331222,0.157597013980819
781,0.617598511353537,0.264301525715948,0.250466494772263,0.241532534498303,0.203733362812729,0.140279459933373
227,0.528260989528785,0.140279459933373,0.153720720340875,0.170736402643872,0.158002143279100,0.140279459933373
774,0.596324170558622,0.236301613614802,0.255943411389996,0.242414171861771,0.181605650010004,0.140279459933373
155,0.44923503724365,0.140279459933373,0.190154027575454,0.200889639762023,0.140279459933373,0.140279459933373
610,0.601650667029677,0.245967461561916,0.222081350052879,0.251373586915138,0.204454144375473,0.156008702799071
426,0.419987692000204,0.178742307944130,0.176522456496951,0.226992939983781,0.140279459933373,0.140279459933373
753,0.630855615748439,0.234581247743386,0.256863984839407,0.237166246337142,0.152256565618780,0.179307075461499
820,0.608744246353995,0.249561781327291,0.196743303664015,0.255024990396885,0.169733635746363,0.165869963138432
364,0.438910260048710,0.169733635746363,0.206639944148685,0.212638240623736,0.144424803121843,0.140279459933373
750,0.655534316836593,0.259638241659144,0.248659484023583,0.232872971194181,0.213405068833102,0.177624558944457
701,0.648491465815105,0.240653643199231,0.210360301592275,0.252283020211930,0.151897993103576,0.158002143279100
892,0.663450425192382,0.274713840722163,0.245967461561916,0.290152214217331,0.189517281185082,0.140279459933373
376,0.45297556976512,0.148471133452426,0.174364837136968,0.218083551882790,0.148143904307162,0.208116557082828
692,0.590102705627282,0.288207386188063,0.247759640188542,0.293075998312143,0.162235816543637,0.140279459933373
774,0.622020658211421,0.220471637257467,0.26806502014066,0.198798498578782,0.154094323280450,0.178181472416481
965,0.691543175287256,0.352194131843378,0.293075998312143,0.313700605163659,0.161362102255135,0.216509434133377
770,0.606085249352797,0.269010148553487,0.26806502014066,0.208116557082828,0.195393227873188,0.202303599215116
756,0.584763524220902,0.204454144375473,0.244185541162083,0.203016510694019,0.155233599845476,0.160077057692081
930,0.627323083479833,0.233725581744281,0.219672052767678,0.272806580486754,0.156400988328558,0.161797245314680
159,0.464154311336516,0.140279459933373,0.196066256873814,0.152982630801945,0.151897993103576,0.140279459933373
410,0.437968797820157,0.179875784505171,0.196066256873814,0.231177046607856,0.14298348025674,0.198798498578782
573,0.586543936638165,0.23033379664679,0.207376318697083,0.265239772398733,0.171754154191287,0.158410531669826
720,0.595435874427052,0.235439936165745,0.217294683481912,0.208860644258667,0.186394027664835,0.155619579790919
810,0.642323774366231,0.286266334773665,0.289179343702615,0.245967461561916,0.144424803121843,0.158002143279100
881,0.613173084606865,0.224521889216861,0.222081350052879,0.266179795115631,0.140279459933373,0.196066256873814
320,0.436084425669404,0.196743303664015,0.154094323280450,0.192741366843982,0.160077057692081,0.141066417195949
807,0.630855615748439,0.272806580486754,0.238904240888872,0.231177046607856,0.168257318749387,0.193398287644562
688,0.596324170558622,0.245967461561916,0.219672052767678,0.262430509724191,0.161797245314680,0.170233153496669
682,0.617598511353537,0.226992939983781,0.218876016213984,0.232872971194181,0.140279459933373,0.169237834303805
745,0.62555609967103,0.26806502014066,0.241532534498303,0.272806580486754,0.171754154191287,0.202303599215116
794,0.613173084606865,0.23033379664679,0.214949882112267,0.220471637257467,0.198798498578782,0.165403320798019
686,0.622904705251892,0.212638240623736,0.229493730258852,0.267121556704060,0.164480729737195,0.184568357977156
684,0.620252184825136,0.217294683481912,0.203733362812729,0.272806580486754,0.140279459933373,0.169237834303805
609,0.61405843859737,0.228656878414890,0.191439626593958,0.232872971194181,0.149807763529887,0.148143904307162
710,0.591881082994116,0.208116557082828,0.16634019279706,0.264301525715948,0.162677834203278,0.154094323280450
721,0.598100289370352,0.227823271636467,0.260567046745838,0.180448444205294,0.169237834303805,0.142702524367706
161,0.472497848634527,0.144424803121843,0.141873944585676,0.218083551882790,0.142423961905656,0.185172899926102
747,0.632621179272578,0.243298519444439,0.211115838461421,0.256863984839407,0.156400988328558,0.152256565618780
613,0.643205181411445,0.260567046745838,0.231177046607856,0.227823271636467,0.149133866930996,0.140279459933373
844,0.665208590906176,0.252283020211930,0.256863984839407,0.160077057692081,0.199491561253654,0.142423961905656
829,0.62555609967103,0.250466494772263,0.280468392646033,0.227823271636467,0.186394027664835,0.198109430350217
866,0.598100289370352,0.260567046745838,0.248659484023583,0.188255890082703,0.143840891542185,0.157195124574254
699,0.568707020795868,0.272806580486754,0.270905253648299,0.243298519444439,0.209608564537159,0.178181472416481
604,0.65113325749733,0.324563618926047,0.299924552865763,0.319623752397046,0.143840891542185,0.158822198286243
307,0.432309844864813,0.182778757451073,0.186394027664835,0.167291481291287,0.148143904307162,0.186394027664835
751,0.629972659733243,0.278545025785751,0.295029198942614,0.251373586915138,0.183371292540019,0.183371292540019
609,0.603424944919196,0.237166246337142,0.23977753355553,0.213405068833102,0.189517281185082,0.142147774681471
667,0.613173084606865,0.221274744825972,0.225342219919308,0.225342219919308,0.140279459933373,0.156400988328558
766,0.606971725447777,0.257786672914962,0.220471637257467,0.245967461561916,0.141602453589765,0.169237834303805
794,0.648491465815105,0.253194757033311,0.244185541162083,0.270905253648299,0.174898448025698,0.152982630801945
717,0.602537880906253,0.23977753355553,0.245075200706715,0.189517281185082,0.140279459933373,0.161797245314680
611,0.57585075439854,0.208860644258667,0.258711437790672,0.185172899926102,0.142702524367706,0.156796455796649
729,0.617598511353537,0.250466494772263,0.242414171861771,0.215727826366646,0.163123316426449,0.171754154191287
835,0.62555609967103,0.224521889216861,0.232023448734304,0.231177046607856,0.140279459933373,0.146237238572002
720,0.59454741884471,0.213405068833102,0.253194757033311,0.200889639762023,0.177071557205383,0.140279459933373
652,0.606971725447777,0.221274744825972,0.182190212262849,0.246862287018223,0.149807763529887,0.175977245746161
859,0.673116204346268,0.26806502014066,0.246862287018223,0.26806502014066,0.153350162717428,0.168257318749387
785,0.669602528491819,0.281431899695417,0.276626749501763,0.218876016213984,0.220471637257467,0.198798498578782
752,0.621136485069615,0.225342219919308,0.240653643199231,0.242414171861771,0.168257318749387,0.152618104976752
701,0.59099197716754,0.232023448734304,0.198798498578782,0.232872971194181,0.167772573247934,0.164940248736627
658,0.603424944919196,0.222081350052879,0.203733362812729,0.214175622695954,0.145622826217966,0.147819407725247
749,0.629972659733243,0.260567046745838,0.252283020211930,0.276626749501763,0.178181472416481,0.153720720340875
713,0.646729776551258,0.235439936165745,0.205178843545358,0.269956905233921,0.160077057692081,0.140279459933373
683,0.595435874427052,0.248659484023583,0.235439936165745,0.266179795115631,0.164480729737195,0.172268685450245
753,0.59099197716754,0.235439936165745,0.217294683481912,0.212638240623736,0.162235816543637,0.150492979148870
810,0.613173084606865,0.219672052767678,0.236301613614802,0.226992939983781,0.183967824035887,0.164024746412181
922,0.628206394540431,0.277585234113443,0.238904240888872,0.284329312589461,0.179307075461499,0.165869963138432
828,0.619367756469412,0.274713840722163,0.254108759679802,0.277585234113443,0.192741366843982,0.149807763529887
817,0.633503788623644,0.285297304030371,0.271855157449252,0.276626749501763,0.169733635746363,0.165403320798019
759,0.622904705251892,0.241532534498303,0.248659484023583,0.215727826366646,0.158410531669826,0.158410531669826
150,0.43702685358426,0.140279459933373,0.156008702799071,0.186394027664835,0.140279459933373,0.201594638931909
807,0.629089586309926,0.247759640188542,0.242414171861771,0.283362392853609,0.154850743467635,0.167291481291287
686,0.581200590507501,0.238033800236652,0.236301613614802,0.258711437790672,0.151897993103576,0.140279459933373
748,0.654654294039608,0.222081350052879,0.194724220966719,0.234581247743386,0.170736402643872,0.145928733232941
817,0.601650667029677,0.344314559496454,0.330492731245164,0.357108931824631,0.249561781327291,0.23033379664679
844,0.641442262346675,0.322587416871138,0.296006914761259,0.298944182722262,0.167772573247934,0.170233153496669
913,0.645848781067736,0.255943411389996,0.231177046607856,0.26336509235663,0.167772573247934,0.140279459933373
328,0.44923503724365,0.144720505822661,0.142702524367706,0.186394027664835,0.164480729737195,0.153720720340875
343,0.45297556976512,0.175977245746161,0.155619579790919,0.213405068833102,0.148471133452426,0.171243398019944
745,0.606971725447777,0.249561781327291,0.206639944148685,0.221274744825972,0.149469410107982,0.175977245746161
778,0.599875784998553,0.224521889216861,0.208116557082828,0.243298519444439,0.169733635746363,0.194724220966719
920,0.652893966371437,0.26336509235663,0.196743303664015,0.307786743279463,0.140279459933373,0.140279459933373
332,0.410450927071570,0.175977245746161,0.183967824035887,0.168745733831007,0.159237162188545,0.170233153496669
812,0.62555609967103,0.238033800236652,0.192741366843982,0.269010148553487,0.159237162188545,0.192741366843982
190,0.566024855998128,0.141066417195949,0.166814026627726,0.203733362812729,0.140279459933373,0.140279459933373
623,0.596324170558622,0.237166246337142,0.238033800236652,0.182778757451073,0.140279459933373,0.140279459933373
856,0.647610671197383,0.272806580486754,0.285297304030371,0.254108759679802,0.188255890082703,0.182190212262849
926,0.639678919993987,0.262430509724191,0.247759640188542,0.253194757033311,0.185781454960399,0.173309128978783
674,0.593658802575914,0.243298519444439,0.240653643199231,0.168745733831007,0.181605650010004,0.140279459933373
160,0.440791745314472,0.140279459933373,0.183967824035887,0.187631241909896,0.140279459933373,0.140279459933373
310,0.426633199381427,0.184568357977156,0.183371292540019,0.197424363331222,0.140279459933373,0.140279459933373
591,0.658173830133798,0.244185541162083,0.226165913043895,0.264301525715948,0.150148946700048,0.160930368981928
662,0.606971725447777,0.23977753355553,0.232023448734304,0.238904240888872,0.145319498566922,0.179307075461499
245,0.427580548847338,0.175435913518267,0.200889639762023,0.196066256873814,0.155619579790919,0.140279459933373
167,0.512844066957349,0.140279459933373,0.165403320798019,0.196066256873814,0.160077057692081,0.150839880430613
822,0.638797087949753,0.240653643199231,0.240653643199231,0.253194757033311,0.164480729737195,0.171243398019944
757,0.624672424998259,0.205907447843523,0.258711437790672,0.185781454960399,0.148471133452426,0.144720505822661
862,0.653774177471793,0.260567046745838,0.245075200706715,0.269956905233921,0.177624558944457,0.140279459933373
759,0.62555609967103,0.262430509724191,0.292100571713878,0.234581247743386,0.150148946700048,0.210360301592275
786,0.628206394540431,0.240653643199231,0.207376318697083,0.299924552865763,0.173309128978783,0.152982630801945
794,0.633503788623644,0.261497815323131,0.243298519444439,0.274713840722163,0.182778757451073,0.160077057692081
750,0.612287594171303,0.232023448734304,0.214949882112267,0.254108759679802,0.155619579790919,0.179307075461499
701,0.635268667058686,0.246862287018223,0.215727826366646,0.282396577544332,0.177071557205383,0.140279459933373
790,0.65113325749733,0.279506090033501,0.209608564537159,0.269010148553487,0.140279459933373,0.172787005806565
759,0.663450425192382,0.246862287018223,0.214175622695954,0.228656878414890,0.187010622123131,0.198798498578782
897,0.641442262346675,0.311728055196152,0.32159942528535,0.32159942528535,0.183371292540019,0.163123316426449
591,0.593658802575914,0.250466494772263,0.218876016213984,0.241532534498303,0.217294683481912,0.156796455796649
686,0.605198627992826,0.224521889216861,0.155619579790919,0.267121556704060,0.140279459933373,0.177071557205383
796,0.606085249352797,0.280468392646033,0.289179343702615,0.238904240888872,0.185781454960399,0.166814026627726
827,0.657294084136253,0.26336509235663,0.233725581744281,0.226165913043895,0.194059239855938,0.188884569174318
635,0.59454741884471,0.323575487390111,0.267121556704060,0.279506090033501,0.236301613614802,0.209608564537159
719,0.61405843859737,0.275669606701894,0.260567046745838,0.243298519444439,0.200188610986799,0.151542367809210
717,0.613173084606865,0.229493730258852,0.217294683481912,0.192741366843982,0.152256565618780,0.173309128978783
272,0.574958463059337,0.158410531669826,0.140279459933373,0.244185541162083,0.140279459933373,0.175435913518267
809,0.632621179272578,0.296985336054750,0.301887051542692,0.281431899695417,0.199491561253654,0.192088479379025
623,0.607858057407542,0.248659484023583,0.234581247743386,0.266179795115631,0.14298348025674,0.140279459933373
778,0.629089586309926,0.229493730258852,0.23033379664679,0.209608564537159,0.184568357977156,0.147497624383717
669,0.692419876408003,0.365932579194558,0.361034414931008,0.288207386188063,0.225342219919308,0.210360301592275
725,0.611401966215199,0.253194757033311,0.250466494772263,0.243298519444439,0.164940248736627,0.158002143279100
806,0.609630293401202,0.285297304030371,0.292100571713878,0.297964434643167,0.182190212262849,0.194059239855938
872,0.649372161207369,0.266179795115631,0.214949882112267,0.241532534498303,0.175977245746161,0.149133866930996
867,0.63703309779987,0.227823271636467,0.260567046745838,0.256863984839407,0.140279459933373,0.183371292540019
668,0.632621179272578,0.269010148553487,0.249561781327291,0.246862287018223,0.158822198286243,0.142423961905656
773,0.640560644506718,0.245075200706715,0.23977753355553,0.292100571713878,0.154470991130581,0.216509434133377
755,0.607858057407542,0.233725581744281,0.245075200706715,0.243298519444439,0.151897993103576,0.173835068385563
725,0.619367756469412,0.307786743279463,0.325551793923222,0.267121556704060,0.222891426963376,0.181605650010004
834,0.673994424070159,0.278545025785751,0.26336509235663,0.297964434643167,0.154850743467635,0.160077057692081
576,0.588323660284695,0.215727826366646,0.189517281185082,0.270905253648299,0.140279459933373,0.140279459933373
369,0.456708871220304,0.164940248736627,0.200188610986799,0.170233153496669,0.140279459933373,0.140279459933373
927,0.641442262346675,0.305818349289740,0.293075998312143,0.266179795115631,0.180448444205294,0.182190212262849
706,0.587433883900336,0.328516409471957,0.265239772398733,0.345300444024283,0.188884569174318,0.188884569174318
744,0.649372161207369,0.247759640188542,0.243298519444439,0.260567046745838,0.183967824035887,0.140279459933373
831,0.632621179272578,0.253194757033311,0.212638240623736,0.271855157449252,0.167772573247934,0.223704949036996
704,0.621136485069615,0.237166246337142,0.233725581744281,0.216509434133377,0.164480729737195,0.153350162717428
742,0.640560644506718,0.278545025785751,0.255943411389996,0.259638241659144,0.194724220966719,0.179307075461499
931,0.679262118185675,0.350225945404854,0.322587416871138,0.315674182764382,0.209608564537159,0.177624558944457
683,0.637915147508898,0.249561781327291,0.255943411389996,0.303851718893881,0.199491561253654,0.140279459933373
158,0.468793774829766,0.143266847840142,0.152982630801945,0.183967824035887,0.140279459933373,0.142423961905656
639,0.598100289370352,0.213405068833102,0.208860644258667,0.251373586915138,0.140279459933373,0.140279459933373
747,0.633503788623644,0.243298519444439,0.205907447843523,0.192741366843982,0.140279459933373,0.158822198286243
831,0.617598511353537,0.288207386188063,0.252283020211930,0.272806580486754,0.152618104976752,0.195393227873188
369,0.423788147113161,0.173309128978783,0.182778757451073,0.221274744825972,0.140279459933373,0.202303599215116
851,0.605198627992826,0.289179343702615,0.259638241659144,0.200889639762023,0.201594638931909,0.174898448025698
776,0.636150937944643,0.279506090033501,0.255024990396885,0.244185541162083,0.184568357977156,0.187010622123131
702,0.644086484322101,0.233725581744281,0.222891426963376,0.259638241659144,0.140279459933373,0.140279459933373
804,0.613173084606865,0.273759486818862,0.267121556704060,0.271855157449252,0.188255890082703,0.160502026996677
673,0.601650667029677,0.212638240623736,0.185172899926102,0.285297304030371,0.140279459933373,0.140279459933373
713,0.600763302119727,0.226165913043895,0.224521889216861,0.226992939983781,0.162677834203278,0.188255890082703
772,0.654654294039608,0.265239772398733,0.270905253648299,0.240653643199231,0.190794809258731,0.154094323280450
739,0.631738455286738,0.214175622695954,0.240653643199231,0.228656878414890,0.154094323280450,0.140279459933373
571,0.526451579334568,0.312714190948075,0.26336509235663,0.285297304030371,0.183967824035887,0.158822198286243
763,0.640560644506718,0.266179795115631,0.274713840722163,0.274713840722163,0.140279459933373,0.167291481291287
354,0.394120687044045,0.164940248736627,0.180448444205294,0.149133866930996,0.144131604573628,0.172787005806565
343,0.426633199381427,0.162235816543637,0.198109430350217,0.181605650010004,0.14298348025674,0.158822198286243
745,0.612287594171303,0.242414171861771,0.208116557082828,0.245075200706715,0.168257318749387,0.144131604573628
680,0.590102705627282,0.246862287018223,0.209608564537159,0.260567046745838,0.152256565618780,0.182190212262849
746,0.598988114480156,0.280468392646033,0.303851718893881,0.255024990396885,0.26336509235663,0.158410531669826
557,0.553483028327823,0.273759486818862,0.209608564537159,0.264301525715948,0.140279459933373,0.157597013980819
655,0.620252184825136,0.246862287018223,0.259638241659144,0.240653643199231,0.187010622123131,0.174364837136968
319,0.448298759169222,0.175435913518267,0.189517281185082,0.247759640188542,0.140279459933373,0.170233153496669
757,0.606085249352797,0.245075200706715,0.220471637257467,0.250466494772263,0.169237834303805,0.14298348025674
805,0.640560644506718,0.241532534498303,0.149807763529887,0.272806580486754,0.160077057692081,0.182778757451073
741,0.617598511353537,0.218083551882790,0.274713840722163,0.183371292540019,0.199491561253654,0.140279459933373
716,0.636150937944643,0.296985336054750,0.287236372741756,0.244185541162083,0.203733362812729,0.153350162717428
735,0.606085249352797,0.276626749501763,0.248659484023583,0.303851718893881,0.152982630801945,0.188884569174318
751,0.609630293401202,0.249561781327291,0.214175622695954,0.298944182722262,0.154470991130581,0.143552645462116
282,0.595435874427052,0.314687276192053,0.283362392853609,0.317648619366148,0.219672052767678,0.140279459933373
397,0.446424815327873,0.226992939983781,0.177624558944457,0.273759486818862,0.144131604573628,0.158002143279100
577,0.583873056414207,0.211875157547888,0.169733635746363,0.248659484023583,0.168745733831007,0.172268685450245
752,0.640560644506718,0.238033800236652,0.255024990396885,0.158002143279100,0.164480729737195,0.140279459933373
780,0.619367756469412,0.318636108753548,0.296006914761259,0.313700605163659,0.159655442358187,0.164480729737195
708,0.605198627992826,0.219672052767678,0.225342219919308,0.221274744825972,0.176522456496951,0.157597013980819
754,0.619367756469412,0.245967461561916,0.224521889216861,0.260567046745838,0.140279459933373,0.140279459933373
781,0.642323774366231,0.269956905233921,0.23977753355553,0.245967461561916,0.172268685450245,0.175977245746161
851,0.650252758171119,0.236301613614802,0.248659484023583,0.236301613614802,0.172787005806565,0.175435913518267
401,0.466011361565902,0.192741366843982,0.201594638931909,0.220471637257467,0.155233599845476,0.150492979148870
864,0.598988114480156,0.253194757033311,0.222891426963376,0.227823271636467,0.156400988328558,0.153350162717428
835,0.612287594171303,0.221274744825972,0.229493730258852,0.146237238572002,0.150839880430613,0.174364837136968
714,0.610516199655431,0.214175622695954,0.236301613614802,0.226992939983781,0.160502026996677,0.140279459933373
820,0.629089586309926,0.252283020211930,0.196743303664015,0.260567046745838,0.140279459933373,0.140279459933373
779,0.597212308466731,0.242414171861771,0.197424363331222,0.241532534498303,0.140279459933373,0.177624558944457
808,0.657294084136253,0.245075200706715,0.26336509235663,0.265239772398733,0.160930368981928,0.171754154191287
728,0.612287594171303,0.280468392646033,0.26806502014066,0.295029198942614,0.177624558944457,0.188884569174318
168,0.499166505254691,0.161362102255135,0.150148946700048,0.187631241909896,0.140279459933373,0.172268685450245
548,0.669602528491819,0.334444602573969,0.281431899695417,0.300905518027404,0.194059239855938,0.149133866930996
676,0.603424944919196,0.23977753355553,0.235439936165745,0.184568357977156,0.169237834303805,0.172787005806565
711,0.593658802575914,0.231177046607856,0.282396577544332,0.178181472416481,0.184568357977156,0.148143904307162
174,0.536389829011528,0.140279459933373,0.141602453589765,0.211875157547888,0.140279459933373,0.140279459933373
797,0.653774177471793,0.269010148553487,0.226992939983781,0.218876016213984,0.198109430350217,0.159237162188545
664,0.613173084606865,0.241532534498303,0.222081350052879,0.255943411389996,0.167772573247934,0.140279459933373
782,0.606971725447777,0.234581247743386,0.225342219919308,0.255024990396885,0.143840891542185,0.174898448025698
671,0.669602528491819,0.348256569656263,0.308771540986705,0.343328438016707,0.200889639762023,0.167772573247934
753,0.615828741507218,0.245075200706715,0.287236372741756,0.170233153496669,0.185781454960399,0.182778757451073
838,0.645848781067736,0.255943411389996,0.261497815323131,0.216509434133377,0.140279459933373,0.150148946700048
894,0.666966416344732,0.291125967010989,0.255943411389996,0.281431899695417,0.175435913518267,0.203733362812729
744,0.643205181411445,0.242414171861771,0.223704949036996,0.256863984839407,0.167291481291287,0.173309128978783
266,0.506470348170507,0.164024746412181,0.195393227873188,0.179875784505171,0.144424803121843,0.167291481291287
403,0.446424815327873,0.179875784505171,0.184568357977156,0.190794809258731,0.151189670120080,0.16634019279706
642,0.610516199655431,0.26806502014066,0.284329312589461,0.247759640188542,0.193398287644562,0.151189670120080
639,0.632621179272578,0.255943411389996,0.261497815323131,0.218876016213984,0.174898448025698,0.201594638931909
858,0.58209159090975,0.228656878414890,0.203016510694019,0.218083551882790,0.156008702799071,0.173309128978783
608,0.589213267095234,0.205907447843523,0.147819407725247,0.262430509724191,0.140539522938054,0.16634019279706
158,0.388321919900050,0.147819407725247,0.181605650010004,0.165403320798019,0.185781454960399,0.180448444205294
928,0.653774177471793,0.259638241659144,0.222891426963376,0.282396577544332,0.140279459933373,0.140279459933373
825,0.640560644506718,0.270905253648299,0.222081350052879,0.285297304030371,0.188884569174318,0.140279459933373
706,0.616713692539713,0.251373586915138,0.241532534498303,0.222891426963376,0.196743303664015,0.169733635746363
811,0.649372161207369,0.254108759679802,0.271855157449252,0.226992939983781,0.170736402643872,0.176522456496951
713,0.615828741507218,0.23033379664679,0.193398287644562,0.252283020211930,0.140279459933373,0.140279459933373
677,0.652893966371437,0.26336509235663,0.235439936165745,0.219672052767678,0.173309128978783,0.140539522938054
846,0.636150937944643,0.277585234113443,0.243298519444439,0.273759486818862,0.168257318749387,0.179307075461499
711,0.601650667029677,0.232872971194181,0.245075200706715,0.175977245746161,0.184568357977156,0.140279459933373
676,0.615828741507218,0.214949882112267,0.177624558944457,0.26336509235663,0.140279459933373,0.140279459933373
859,0.649372161207369,0.351210191887716,0.295029198942614,0.327528205863718,0.157195124574254,0.178181472416481
771,0.609630293401202,0.233725581744281,0.190794809258731,0.269956905233921,0.206639944148685,0.171754154191287
769,0.637915147508898,0.269010148553487,0.226165913043895,0.247759640188542,0.179307075461499,0.158002143279100
539,0.606085249352797,0.196066256873814,0.250466494772263,0.213405068833102,0.149807763529887,0.187631241909896
636,0.622904705251892,0.256863984839407,0.252283020211930,0.238904240888872,0.141333283747465,0.172268685450245
322,0.438910260048710,0.161362102255135,0.171243398019944,0.192088479379025,0.177624558944457,0.140279459933373
714,0.622020658211421,0.199491561253654,0.246862287018223,0.183371292540019,0.184568357977156,0.172787005806565
623,0.670481068306923,0.260567046745838,0.249561781327291,0.255943411389996,0.185172899926102,0.140539522938054
416,0.465083048709257,0.154094323280450,0.211115838461421,0.191439626593958,0.140279459933373,0.179307075461499
338,0.457641082102348,0.144424803121843,0.183967824035887,0.177071557205383,0.140279459933373,0.140279459933373
766,0.62555609967103,0.261497815323131,0.281431899695417,0.203016510694019,0.157597013980819,0.186394027664835
570,0.539995796104345,0.221274744825972,0.211115838461421,0.222891426963376,0.140279459933373,0.164024746412181
649,0.590102705627282,0.225342219919308,0.214949882112267,0.249561781327291,0.141066417195949,0.160930368981928
632,0.603424944919196,0.26336509235663,0.245075200706715,0.293075998312143,0.170233153496669,0.187631241909896
734,0.657294084136253,0.272806580486754,0.222081350052879,0.262430509724191,0.187010622123131,0.141602453589765
907,0.61405843859737,0.232872971194181,0.264301525715948,0.238904240888872,0.150839880430613,0.162235816543637
691,0.597212308466731,0.238904240888872,0.226992939983781,0.272806580486754,0.173835068385563,0.183967824035887
818,0.626439652176295,0.243298519444439,0.245075200706715,0.266179795115631,0.160502026996677,0.171243398019944
774,0.622904705251892,0.261497815323131,0.245967461561916,0.23977753355553,0.155233599845476,0.140279459933373
421,0.466939252082330,0.167772573247934,0.145319498566922,0.218876016213984,0.141602453589765,0.163123316426449
511,0.615828741507218,0.208860644258667,0.229493730258852,0.23033379664679,0.154470991130581,0.175977245746161
730,0.618483198986599,0.280468392646033,0.259638241659144,0.238033800236652,0.184568357977156,0.164480729737195
793,0.613173084606865,0.274713840722163,0.232872971194181,0.228656878414890,0.170736402643872,0.195393227873188
930,0.647610671197383,0.351210191887716,0.302869127130412,0.322587416871138,0.276626749501763,0.192088479379025
749,0.600763302119727,0.238033800236652,0.23033379664679,0.279506090033501,0.152982630801945,0.140279459933373
708,0.578526502286961,0.225342219919308,0.224521889216861,0.218876016213984,0.141066417195949,0.148801114525785
871,0.631738455286738,0.281431899695417,0.245075200706715,0.300905518027404,0.160502026996677,0.170233153496669
817,0.644086484322101,0.258711437790672,0.218083551882790,0.289179343702615,0.173309128978783,0.140279459933373
756,0.632621179272578,0.254108759679802,0.214175622695954,0.256863984839407,0.151542367809210,0.145928733232941
959,0.65201365997105,0.274713840722163,0.279506090033501,0.234581247743386,0.140279459933373,0.162235816543637
811,0.645848781067736,0.246862287018223,0.255024990396885,0.254108759679802,0.158002143279100,0.200188610986799
151,0.427580548847338,0.140279459933373,0.205907447843523,0.151189670120080,0.159237162188545,0.154094323280450
852,0.624672424998259,0.265239772398733,0.210360301592275,0.280468392646033,0.153350162717428,0.140279459933373
741,0.65201365997105,0.255024990396885,0.279506090033501,0.214949882112267,0.181605650010004,0.140279459933373
872,0.635268667058686,0.265239772398733,0.242414171861771,0.248659484023583,0.142423961905656,0.170233153496669
739,0.611401966215199,0.241532534498303,0.175977245746161,0.223704949036996,0.155619579790919,0.166814026627726
671,0.646729776551258,0.237166246337142,0.250466494772263,0.23977753355553,0.140279459933373,0.182190212262849
742,0.591881082994116,0.211115838461421,0.286266334773665,0.182778757451073,0.164480729737195,0.140279459933373
339,0.432309844864813,0.143552645462116,0.158002143279100,0.194724220966719,0.141602453589765,0.158822198286243
179,0.551687808366613,0.151897993103576,0.146237238572002,0.197424363331222,0.162677834203278,0.148471133452426
689,0.613173084606865,0.248659484023583,0.194059239855938,0.216509434133377,0.161362102255135,0.183967824035887
714,0.606971725447777,0.298944182722262,0.298944182722262,0.255943411389996,0.183371292540019,0.188884569174318
851,0.616713692539713,0.244185541162083,0.231177046607856,0.254108759679802,0.162235816543637,0.178742307944130
366,0.471572446139952,0.187010622123131,0.170736402643872,0.173309128978783,0.153720720340875,0.140279459933373
771,0.610516199655431,0.271855157449252,0.245967461561916,0.223704949036996,0.172787005806565,0.145622826217966
711,0.620252184825136,0.237166246337142,0.236301613614802,0.214949882112267,0.16634019279706,0.174364837136968
746,0.629972659733243,0.213405068833102,0.237166246337142,0.189517281185082,0.169237834303805,0.141602453589765
817,0.641442262346675,0.255943411389996,0.256863984839407,0.267121556704060,0.195393227873188,0.140279459933373
788,0.650252758171119,0.238033800236652,0.218876016213984,0.26806502014066,0.171754154191287,0.176522456496951
796,0.622904705251892,0.241532534498303,0.225342219919308,0.269956905233921,0.140279459933373,0.158410531669826
657,0.622020658211421,0.258711437790672,0.246862287018223,0.272806580486754,0.152256565618780,0.140279459933373
638,0.617598511353537,0.226165913043895,0.174898448025698,0.231177046607856,0.173309128978783,0.227823271636467
718,0.607858057407542,0.32950458986508,0.296985336054750,0.280468392646033,0.199491561253654,0.198798498578782
814,0.65113325749733,0.238904240888872,0.258711437790672,0.226165913043895,0.152256565618780,0.219672052767678
815,0.650252758171119,0.280468392646033,0.229493730258852,0.255024990396885,0.184568357977156,0.158002143279100
717,0.601650667029677,0.276626749501763,0.245967461561916,0.281431899695417,0.140279459933373,0.140279459933373
764,0.608744246353995,0.250466494772263,0.245967461561916,0.219672052767678,0.154850743467635,0.179307075461499
645,0.588323660284695,0.237166246337142,0.211115838461421,0.245967461561916,0.143840891542185,0.183967824035887
856,0.634386284250911,0.284329312589461,0.255943411389996,0.286266334773665,0.140279459933373,0.140279459933373
637,0.599875784998553,0.235439936165745,0.211875157547888,0.224521889216861,0.16357228121085,0.140279459933373
670,0.624672424998259,0.245075200706715,0.225342219919308,0.166814026627726,0.188255890082703,0.157597013980819
887,0.641442262346675,0.260567046745838,0.274713840722163,0.240653643199231,0.198109430350217,0.175977245746161
701,0.602537880906253,0.250466494772263,0.257786672914962,0.181605650010004,0.184568357977156,0.147819407725247
342,0.451106215483896,0.178742307944130,0.191439626593958,0.196066256873814,0.149133866930996,0.170233153496669
823,0.645848781067736,0.266179795115631,0.253194757033311,0.182190212262849,0.158002143279100,0.172268685450245
794,0.656414246618719,0.245075200706715,0.269010148553487,0.234581247743386,0.140279459933373,0.140279459933373
784,0.600763302119727,0.283362392853609,0.261497815323131,0.258711437790672,0.179307075461499,0.168745733831007
644,0.641442262346675,0.277585234113443,0.290152214217331,0.23033379664679,0.183967824035887,0.190794809258731
473,0.660812526368302,0.252283020211930,0.218876016213984,0.285297304030371,0.311728055196152,0.170233153496669
732,0.613173084606865,0.247759640188542,0.273759486818862,0.225342219919308,0.167772573247934,0.164940248736627
912,0.624672424998259,0.318636108753548,0.288207386188063,0.295029198942614,0.172787005806565,0.177624558944457
449,0.468793774829766,0.178742307944130,0.148801114525785,0.23977753355553,0.140279459933373,0.140279459933373
695,0.504646384858735,0.205907447843523,0.160930368981928,0.23977753355553,0.155233599845476,0.140279459933373
717,0.610516199655431,0.208116557082828,0.197424363331222,0.254108759679802,0.140279459933373,0.144131604573628
862,0.633503788623644,0.241532534498303,0.253194757033311,0.227823271636467,0.140279459933373,0.170233153496669
730,0.61405843859737,0.232023448734304,0.208860644258667,0.209608564537159,0.172787005806565,0.187010622123131
409,0.472497848634527,0.183967824035887,0.203016510694019,0.162677834203278,0.140279459933373,0.178181472416481
588,0.59099197716754,0.242414171861771,0.207376318697083,0.277585234113443,0.140279459933373,0.199491561253654
864,0.662571212990782,0.269010148553487,0.256863984839407,0.193398287644562,0.195393227873188,0.188255890082703
761,0.630855615748439,0.242414171861771,0.289179343702615,0.218083551882790,0.160502026996677,0.160502026996677
719,0.605198627992826,0.244185541162083,0.245967461561916,0.209608564537159,0.172268685450245,0.167291481291287
717,0.61494365721071,0.280468392646033,0.249561781327291,0.223704949036996,0.190794809258731,0.149469410107982
936,0.642323774366231,0.308771540986705,0.258711437790672,0.305818349289740,0.163123316426449,0.198798498578782
845,0.598988114480156,0.231177046607856,0.238033800236652,0.223704949036996,0.175435913518267,0.174364837136968
735,0.612287594171303,0.254108759679802,0.214175622695954,0.218083551882790,0.168257318749387,0.140279459933373
762,0.648491465815105,0.241532534498303,0.233725581744281,0.228656878414890,0.156796455796649,0.142147774681471
691,0.607858057407542,0.210360301592275,0.205178843545358,0.246862287018223,0.145018731380577,0.162235816543637
744,0.609630293401202,0.248659484023583,0.223704949036996,0.231177046607856,0.140539522938054,0.160502026996677
739,0.608744246353995,0.259638241659144,0.269956905233921,0.203733362812729,0.140279459933373,0.16634019279706
709,0.59454741884471,0.245967461561916,0.245967461561916,0.213405068833102,0.189517281185082,0.140279459933373
685,0.619367756469412,0.221274744825972,0.243298519444439,0.203016510694019,0.156796455796649,0.149469410107982
882,0.635268667058686,0.284329312589461,0.238904240888872,0.293075998312143,0.181605650010004,0.140279459933373
740,0.603424944919196,0.225342219919308,0.216509434133377,0.273759486818862,0.165403320798019,0.171243398019944
779,0.636150937944643,0.261497815323131,0.219672052767678,0.249561781327291,0.176522456496951,0.205907447843523
747,0.629089586309926,0.225342219919308,0.222891426963376,0.211115838461421,0.140279459933373,0.167291481291287
293,0.380562464597876,0.14298348025674,0.220471637257467,0.146237238572002,0.146237238572002,0.171243398019944
924,0.619367756469412,0.314687276192053,0.273759486818862,0.302869127130412,0.203733362812729,0.150492979148870
728,0.623788627185174,0.238904240888872,0.254108759679802,0.202303599215116,0.151542367809210,0.180448444205294
222,0.593658802575914,0.161797245314680,0.174364837136968,0.170736402643872,0.144131604573628,0.140279459933373
642,0.592770024376564,0.253194757033311,0.252283020211930,0.174364837136968,0.167772573247934,0.167772573247934
874,0.648491465815105,0.369843682925459,0.349241401529061,0.337407372460796,0.226992939983781,0.188884569174318
849,0.631738455286738,0.274713840722163,0.266179795115631,0.214949882112267,0.157597013980819,0.192741366843982
167,0.333456768437105,0.140279459933373,0.182190212262849,0.205178843545358,0.156400988328558,0.143266847840142
854,0.623788627185174,0.314687276192053,0.296985336054750,0.32159942528535,0.212638240623736,0.140279459933373
155,0.440791745314472,0.149133866930996,0.193398287644562,0.150839880430613,0.149807763529887,0.140279459933373
691,0.630855615748439,0.218876016213984,0.229493730258852,0.256863984839407,0.143840891542185,0.140279459933373
758,0.623788627185174,0.207376318697083,0.169733635746363,0.257786672914962,0.140279459933373,0.229493730258852
691,0.635268667058686,0.234581247743386,0.222891426963376,0.246862287018223,0.143552645462116,0.172787005806565
781,0.598100289370352,0.437968797820157,0.363974517009122,0.358090854945044,0.228656878414890,0.211115838461421
720,0.598988114480156,0.226165913043895,0.221274744825972,0.203733362812729,0.176522456496951,0.173835068385563
937,0.598988114480156,0.235439936165745,0.217294683481912,0.222891426963376,0.146237238572002,0.140279459933373
246,0.383475920330798,0.175435913518267,0.159237162188545,0.208116557082828,0.143840891542185,0.158822198286243
145,0.419036311953547,0.140279459933373,0.142702524367706,0.214949882112267,0.140279459933373,0.155619579790919
685,0.634386284250911,0.245967461561916,0.252283020211930,0.228656878414890,0.178742307944130,0.140279459933373
689,0.617598511353537,0.178742307944130,0.224521889216861,0.249561781327291,0.140279459933373,0.161362102255135
620,0.588323660284695,0.191439626593958,0.238033800236652,0.205178843545358,0.16634019279706,0.140279459933373
708,0.632621179272578,0.26336509235663,0.222891426963376,0.258711437790672,0.175435913518267,0.140279459933373
722,0.606085249352797,0.258711437790672,0.222081350052879,0.254108759679802,0.174364837136968,0.173835068385563
902,0.662571212990782,0.276626749501763,0.272806580486754,0.270905253648299,0.210360301592275,0.194724220966719
740,0.606085249352797,0.249561781327291,0.201594638931909,0.293075998312143,0.157195124574254,0.194724220966719
813,0.622904705251892,0.245075200706715,0.23977753355553,0.199491561253654,0.161797245314680,0.179307075461499
744,0.560654953573793,0.241532534498303,0.237166246337142,0.222891426963376,0.200188610986799,0.172268685450245
852,0.631738455286738,0.269010148553487,0.241532534498303,0.211875157547888,0.170233153496669,0.140279459933373
313,0.664329550930648,0.251373586915138,0.203733362812729,0.361034414931008,0.361034414931008,0.23033379664679
748,0.612287594171303,0.223704949036996,0.218876016213984,0.247759640188542,0.147497624383717,0.150492979148870
334,0.44923503724365,0.192741366843982,0.145018731380577,0.205907447843523,0.175435913518267,0.146862120354825
649,0.647610671197383,0.271855157449252,0.251373586915138,0.299924552865763,0.162235816543637,0.185172899926102
776,0.606971725447777,0.221274744825972,0.196066256873814,0.283362392853609,0.141602453589765,0.146862120354825
396,0.66608754581422,0.260567046745838,0.226165913043895,0.249561781327291,0.208116557082828,0.185781454960399
167,0.490923390673098,0.140279459933373,0.163123316426449,0.187010622123131,0.165869963138432,0.157597013980819
729,0.606085249352797,0.325551793923222,0.310742219942023,0.220471637257467,0.243298519444439,0.200188610986799
720,0.62555609967103,0.266179795115631,0.276626749501763,0.190154027575454,0.171754154191287,0.164480729737195
164,0.473422844172892,0.172268685450245,0.147178535004063,0.246862287018223,0.177071557205383,0.188255890082703
841,0.628206394540431,0.277585234113443,0.231177046607856,0.282396577544332,0.198109430350217,0.203733362812729
749,0.622020658211421,0.201594638931909,0.238033800236652,0.193398287644562,0.145928733232941,0.182778757451073
634,0.595435874427052,0.275669606701894,0.271855157449252,0.271855157449252,0.163123316426449,0.200188610986799
777,0.618483198986599,0.238904240888872,0.237166246337142,0.238904240888872,0.167772573247934,0.140279459933373
853,0.604311860230174,0.245075200706715,0.219672052767678,0.232872971194181,0.172268685450245,0.165403320798019
757,0.618483198986599,0.238904240888872,0.209608564537159,0.233725581744281,0.179875784505171,0.148801114525785
692,0.602537880906253,0.249561781327291,0.187010622123131,0.226165913043895,0.144131604573628,0.149469410107982
859,0.619367756469412,0.296006914761259,0.302869127130412,0.247759640188542,0.203016510694019,0.209608564537159
639,0.551687808366613,0.302869127130412,0.284329312589461,0.262430509724191,0.203733362812729,0.187631241909896
862,0.63703309779987,0.245967461561916,0.260567046745838,0.228656878414890,0.180448444205294,0.165869963138432
687,0.598100289370352,0.26336509235663,0.198798498578782,0.241532534498303,0.165403320798019,0.180448444205294
772,0.595435874427052,0.227823271636467,0.208860644258667,0.258711437790672,0.166814026627726,0.140279459933373
796,0.59454741884471,0.235439936165745,0.223704949036996,0.247759640188542,0.155233599845476,0.197424363331222
769,0.655534316836593,0.258711437790672,0.238033800236652,0.242414171861771,0.140279459933373,0.141066417195949
692,0.568707020795868,0.233725581744281,0.244185541162083,0.198109430350217,0.165869963138432,0.140279459933373
357,0.664329550930648,0.238904240888872,0.151542367809210,0.419036311953547,0.466939252082330,0.287236372741756
765,0.593658802575914,0.212638240623736,0.189517281185082,0.223704949036996,0.173309128978783,0.140279459933373
796,0.65113325749733,0.283362392853609,0.236301613614802,0.274713840722163,0.201594638931909,0.153350162717428
774,0.652893966371437,0.237166246337142,0.221274744825972,0.256863984839407,0.140279459933373,0.171754154191287
782,0.601650667029677,0.248659484023583,0.213405068833102,0.241532534498303,0.150839880430613,0.169237834303805
810,0.605198627992826,0.278545025785751,0.257786672914962,0.241532534498303,0.196066256873814,0.223704949036996
607,0.596324170558622,0.232023448734304,0.241532534498303,0.211115838461421,0.166814026627726,0.151542367809210
794,0.61405843859737,0.240653643199231,0.241532534498303,0.196066256873814,0.176522456496951,0.209608564537159
949,0.601650667029677,0.235439936165745,0.265239772398733,0.237166246337142,0.175435913518267,0.194059239855938
731,0.644086484322101,0.279506090033501,0.269956905233921,0.267121556704060,0.168257318749387,0.189517281185082
741,0.639678919993987,0.257786672914962,0.217294683481912,0.246862287018223,0.140279459933373,0.203016510694019
646,0.574958463059337,0.319623752397046,0.26336509235663,0.266179795115631,0.178181472416481,0.182190212262849
613,0.595435874427052,0.301887051542692,0.300905518027404,0.297964434643167,0.200889639762023,0.171243398019944
731,0.607858057407542,0.223704949036996,0.227823271636467,0.247759640188542,0.154094323280450,0.189517281185082
737,0.631738455286738,0.280468392646033,0.278545025785751,0.26336509235663,0.178742307944130,0.157597013980819
654,0.61494365721071,0.233725581744281,0.211875157547888,0.212638240623736,0.181605650010004,0.161797245314680
900,0.647610671197383,0.255943411389996,0.238904240888872,0.218876016213984,0.177624558944457,0.185172899926102
810,0.634386284250911,0.267121556704060,0.258711437790672,0.187010622123131,0.172268685450245,0.140279459933373
297,0.433254223593108,0.16634019279706,0.170736402643872,0.192088479379025,0.145319498566922,0.140279459933373
346,0.442671323317129,0.177071557205383,0.169733635746363,0.232023448734304,0.149807763529887,0.142423961905656
720,0.555277339714655,0.33543232376894,0.304834801321944,0.210360301592275,0.249561781327291,0.176522456496951
157,0.440791745314472,0.140279459933373,0.164480729737195,0.169237834303805,0.140279459933373,0.148143904307162
707,0.622904705251892,0.257786672914962,0.223704949036996,0.26336509235663,0.169237834303805,0.151189670120080
960,0.561550463611059,0.238904240888872,0.214175622695954,0.234581247743386,0.153350162717428,0.144720505822661
330,0.467866722440866,0.164480729737195,0.170233153496669,0.214949882112267,0.168257318749387,0.145928733232941
763,0.61494365721071,0.258711437790672,0.277585234113443,0.254108759679802,0.185781454960399,0.168745733831007
894,0.629972659733243,0.223704949036996,0.199491561253654,0.248659484023583,0.143266847840142,0.198798498578782
792,0.666966416344732,0.318636108753548,0.284329312589461,0.261497815323131,0.179875784505171,0.156008702799071
679,0.583873056414207,0.198109430350217,0.241532534498303,0.157195124574254,0.188255890082703,0.140279459933373
719,0.619367756469412,0.203016510694019,0.233725581744281,0.220471637257467,0.157195124574254,0.14298348025674
754,0.613173084606865,0.262430509724191,0.255024990396885,0.226992939983781,0.164940248736627,0.172268685450245
778,0.595435874427052,0.233725581744281,0.201594638931909,0.274713840722163,0.177071557205383,0.140279459933373
813,0.644086484322101,0.283362392853609,0.257786672914962,0.245075200706715,0.147178535004063,0.174898448025698
815,0.596324170558622,0.254108759679802,0.244185541162083,0.188255890082703,0.142147774681471,0.174898448025698
730,0.621136485069615,0.255943411389996,0.251373586915138,0.264301525715948,0.187010622123131,0.167291481291287
755,0.618483198986599,0.205178843545358,0.204454144375473,0.234581247743386,0.174898448025698,0.214175622695954
343,0.444549008408857,0.149133866930996,0.198109430350217,0.188884569174318,0.142423961905656,0.144424803121843
470,0.578526502286961,0.222891426963376,0.211115838461421,0.218876016213984,0.165869963138432,0.173309128978783
834,0.644967683931748,0.339381807952053,0.286266334773665,0.306802338059224,0.182190212262849,0.235439936165745
673,0.57585075439854,0.250466494772263,0.218876016213984,0.251373586915138,0.179307075461499,0.146548361254107
614,0.551687808366613,0.283362392853609,0.265239772398733,0.220471637257467,0.170233153496669,0.173835068385563
663,0.586543936638165,0.222891426963376,0.245075200706715,0.215727826366646,0.177624558944457,0.146862120354825
824,0.633503788623644,0.227823271636467,0.265239772398733,0.228656878414890,0.148801114525785,0.174364837136968
801,0.586543936638165,0.211115838461421,0.204454144375473,0.252283020211930,0.154094323280450,0.140801836156987
259,0.628206394540431,0.185172899926102,0.147819407725247,0.180448444205294,0.161797245314680,0.179875784505171
770,0.620252184825136,0.254108759679802,0.232872971194181,0.221274744825972,0.16634019279706,0.214175622695954
737,0.598988114480156,0.266179795115631,0.232872971194181,0.254108759679802,0.178181472416481,0.158002143279100
680,0.637915147508898,0.269956905233921,0.304834801321944,0.249561781327291,0.160077057692081,0.140279459933373
766,0.665208590906176,0.249561781327291,0.237166246337142,0.23977753355553,0.141602453589765,0.201594638931909
187,0.562445761046978,0.141602453589765,0.168257318749387,0.206639944148685,0.158002143279100,0.177624558944457
826,0.632621179272578,0.260567046745838,0.222891426963376,0.260567046745838,0.148801114525785,0.200188610986799
883,0.629089586309926,0.273759486818862,0.272806580486754,0.259638241659144,0.161362102255135,0.156796455796649
757,0.63703309779987,0.271855157449252,0.283362392853609,0.276626749501763,0.183371292540019,0.197424363331222
164,0.490923390673098,0.151542367809210,0.223704949036996,0.183967824035887,0.140279459933373,0.156008702799071
844,0.65113325749733,0.262430509724191,0.276626749501763,0.226165913043895,0.157195124574254,0.140279459933373
770,0.618483198986599,0.23977753355553,0.245967461561916,0.233725581744281,0.169733635746363,0.164024746412181
739,0.663450425192382,0.277585234113443,0.227823271636467,0.260567046745838,0.186394027664835,0.150839880430613
970,0.626439652176295,0.249561781327291,0.200188610986799,0.272806580486754,0.169733635746363,0.164480729737195
163,0.464154311336516,0.140279459933373,0.140279459933373,0.245967461561916,0.140279459933373,0.140279459933373
771,0.629972659733243,0.249561781327291,0.245967461561916,0.210360301592275,0.155233599845476,0.140279459933373
724,0.613173084606865,0.237166246337142,0.222891426963376,0.218876016213984,0.140279459933373,0.174898448025698
421,0.447362019176649,0.182190212262849,0.170736402643872,0.242414171861771,0.140279459933373,0.214175622695954
182,0.537291706764252,0.140279459933373,0.140279459933373,0.220471637257467,0.140279459933373,0.149133866930996
858,0.662571212990782,0.251373586915138,0.258711437790672,0.261497815323131,0.152618104976752,0.156008702799071
155,0.514662297605807,0.169237834303805,0.196066256873814,0.217294683481912,0.23033379664679,0.199491561253654
865,0.632621179272578,0.271855157449252,0.242414171861771,0.261497815323131,0.177624558944457,0.205907447843523
352,0.426633199381427,0.171754154191287,0.213405068833102,0.201594638931909,0.152256565618780,0.157195124574254
818,0.644086484322101,0.274713840722163,0.205178843545358,0.257786672914962,0.204454144375473,0.165869963138432
800,0.629089586309926,0.269010148553487,0.246862287018223,0.262430509724191,0.158410531669826,0.175977245746161
935,0.649372161207369,0.364953752682284,0.353177756395209,0.350225945404854,0.202303599215116,0.196066256873814
450,0.453909567952752,0.16634019279706,0.182778757451073,0.179875784505171,0.140279459933373,0.140279459933373
380,0.463225147278761,0.164024746412181,0.213405068833102,0.140279459933373,0.143266847840142,0.140279459933373
702,0.647610671197383,0.219672052767678,0.232872971194181,0.228656878414890,0.173309128978783,0.166814026627726
719,0.609630293401202,0.226165913043895,0.255943411389996,0.241532534498303,0.140279459933373,0.146862120354825
797,0.649372161207369,0.237166246337142,0.242414171861771,0.228656878414890,0.140801836156987,0.168257318749387
718,0.644086484322101,0.233725581744281,0.229493730258852,0.205178843545358,0.140279459933373,0.140279459933373
660,0.606971725447777,0.26336509235663,0.228656878414890,0.252283020211930,0.211875157547888,0.164480729737195
406,0.434198112267997,0.164940248736627,0.201594638931909,0.179307075461499,0.154094323280450,0.140539522938054
689,0.585653817185493,0.257786672914962,0.245075200706715,0.227823271636467,0.190794809258731,0.140279459933373
351,0.434198112267997,0.185781454960399,0.196066256873814,0.183967824035887,0.155619579790919,0.151897993103576
163,0.477118801080669,0.140279459933373,0.191439626593958,0.165869963138432,0.140279459933373,0.140279459933373
726,0.629972659733243,0.224521889216861,0.217294683481912,0.218083551882790,0.169733635746363,0.151542367809210
723,0.609630293401202,0.214949882112267,0.209608564537159,0.189517281185082,0.179875784505171,0.140279459933373
685,0.599875784998553,0.231177046607856,0.213405068833102,0.225342219919308,0.151542367809210,0.174364837136968
872,0.634386284250911,0.257786672914962,0.231177046607856,0.255024990396885,0.174898448025698,0.194059239855938
204,0.588323660284695,0.142423961905656,0.163123316426449,0.193398287644562,0.140279459933373,0.183371292540019
702,0.620252184825136,0.237166246337142,0.224521889216861,0.211875157547888,0.140279459933373,0.168257318749387
704,0.611401966215199,0.237166246337142,0.229493730258852,0.172268685450245,0.16357228121085,0.140279459933373
212,0.598988114480156,0.208116557082828,0.233725581744281,0.222891426963376,0.200188610986799,0.248659484023583
761,0.62555609967103,0.232872971194181,0.185172899926102,0.270905253648299,0.150148946700048,0.147178535004063
559,0.615828741507218,0.266179795115631,0.245967461561916,0.241532534498303,0.169237834303805,0.140801836156987
829,0.634386284250911,0.269010148553487,0.246862287018223,0.298944182722262,0.149469410107982,0.160930368981928
940,0.642323774366231,0.442671323317129,0.400862850180983,0.363974517009122,0.261497815323131,0.198109430350217
339,0.461365530470573,0.204454144375473,0.153720720340875,0.200889639762023,0.140279459933373,0.146237238572002
780,0.605198627992826,0.226992939983781,0.237166246337142,0.242414171861771,0.148471133452426,0.140279459933373
851,0.663450425192382,0.277585234113443,0.249561781327291,0.216509434133377,0.145928733232941,0.171243398019944
741,0.636150937944643,0.237166246337142,0.262430509724191,0.224521889216861,0.156796455796649,0.205907447843523
873,0.620252184825136,0.246862287018223,0.225342219919308,0.249561781327291,0.171243398019944,0.140279459933373
947,0.663450425192382,0.254108759679802,0.292100571713878,0.282396577544332,0.140279459933373,0.154470991130581
682,0.568707020795868,0.214949882112267,0.208116557082828,0.198798498578782,0.160502026996677,0.170233153496669
207,0.512844066957349,0.164940248736627,0.177624558944457,0.210360301592275,0.162235816543637,0.140279459933373
811,0.633503788623644,0.255943411389996,0.23977753355553,0.23033379664679,0.148143904307162,0.191439626593958
261,0.632621179272578,0.150839880430613,0.185781454960399,0.169237834303805,0.144424803121843,0.160930368981928
811,0.640560644506718,0.254108759679802,0.287236372741756,0.218876016213984,0.168745733831007,0.149469410107982
793,0.664329550930648,0.282396577544332,0.269956905233921,0.288207386188063,0.197424363331222,0.161362102255135
743,0.596324170558622,0.23977753355553,0.237166246337142,0.237166246337142,0.172268685450245,0.198798498578782
746,0.62555609967103,0.262430509724191,0.232872971194181,0.256863984839407,0.174898448025698,0.156008702799071
851,0.605198627992826,0.266179795115631,0.281431899695417,0.187010622123131,0.203016510694019,0.182778757451073
856,0.616713692539713,0.243298519444439,0.267121556704060,0.205907447843523,0.159237162188545,0.183967824035887
736,0.629089586309926,0.229493730258852,0.192741366843982,0.218876016213984,0.155233599845476,0.156400988328558
731,0.657294084136253,0.275669606701894,0.245075200706715,0.242414171861771,0.202303599215116,0.150839880430613
168,0.513753336846181,0.140279459933373,0.179307075461499,0.247759640188542,0.140279459933373,0.176522456496951
716,0.616713692539713,0.258711437790672,0.221274744825972,0.269010148553487,0.145319498566922,0.162235816543637
852,0.605198627992826,0.23977753355553,0.255943411389996,0.187631241909896,0.174364837136968,0.165869963138432
852,0.621136485069615,0.303851718893881,0.270905253648299,0.26336509235663,0.223704949036996,0.187010622123131
759,0.609630293401202,0.214949882112267,0.218083551882790,0.259638241659144,0.154470991130581,0.169237834303805
680,0.602537880906253,0.217294683481912,0.260567046745838,0.192741366843982,0.140279459933373,0.152982630801945
281,0.477118801080669,0.161362102255135,0.149807763529887,0.218876016213984,0.140279459933373,0.154470991130581
674,0.613173084606865,0.231177046607856,0.225342219919308,0.192741366843982,0.147497624383717,0.155233599845476
752,0.624672424998259,0.203733362812729,0.245075200706715,0.26336509235663,0.154094323280450,0.174364837136968
694,0.616713692539713,0.264301525715948,0.269956905233921,0.262430509724191,0.168257318749387,0.178181472416481
327,0.40662186593712,0.160077057692081,0.185781454960399,0.200188610986799,0.145018731380577,0.185781454960399
875,0.655534316836593,0.32950458986508,0.280468392646033,0.278545025785751,0.191439626593958,0.156008702799071
320,0.448298759169222,0.189517281185082,0.185781454960399,0.200188610986799,0.165869963138432,0.164940248736627
889,0.649372161207369,0.295029198942614,0.277585234113443,0.181025063276694,0.232872971194181,0.213405068833102
611,0.652893966371437,0.301887051542692,0.281431899695417,0.253194757033311,0.181025063276694,0.140279459933373
744,0.623788627185174,0.326539995183568,0.258711437790672,0.298944182722262,0.200188610986799,0.181025063276694
832,0.65201365997105,0.255024990396885,0.236301613614802,0.196743303664015,0.148143904307162,0.154850743467635
843,0.61494365721071,0.284329312589461,0.286266334773665,0.276626749501763,0.187010622123131,0.185172899926102
723,0.631738455286738,0.273759486818862,0.261497815323131,0.222891426963376,0.185172899926102,0.204454144375473
752,0.604311860230174,0.229493730258852,0.259638241659144,0.217294683481912,0.140279459933373,0.147819407725247
700,0.601650667029677,0.222081350052879,0.214175622695954,0.283362392853609,0.146548361254107,0.172268685450245
416,0.448298759169222,0.193398287644562,0.190794809258731,0.209608564537159,0.177071557205383,0.140279459933373
750,0.600763302119727,0.211875157547888,0.185172899926102,0.251373586915138,0.164940248736627,0.181605650010004
882,0.607858057407542,0.232023448734304,0.226992939983781,0.207376318697083,0.146862120354825,0.174898448025698
726,0.637915147508898,0.234581247743386,0.284329312589461,0.251373586915138,0.183967824035887,0.184568357977156
281,0.425685350085428,0.170736402643872,0.187010622123131,0.211875157547888,0.140279459933373,0.140279459933373
754,0.629972659733243,0.285297304030371,0.236301613614802,0.275669606701894,0.190794809258731,0.205178843545358
190,0.416179118323367,0.150839880430613,0.146548361254107,0.221274744825972,0.160502026996677,0.140279459933373
552,0.553483028327823,0.293075998312143,0.253194757033311,0.274713840722163,0.181605650010004,0.149469410107982
736,0.61405843859737,0.243298519444439,0.227823271636467,0.245075200706715,0.164940248736627,0.140279459933373
638,0.568707020795868,0.210360301592275,0.211875157547888,0.204454144375473,0.174364837136968,0.140279459933373
848,0.620252184825136,0.265239772398733,0.275669606701894,0.234581247743386,0.169237834303805,0.165403320798019
418,0.482650905054512,0.189517281185082,0.178742307944130,0.175435913518267,0.157597013980819,0.152618104976752
779,0.632621179272578,0.270905253648299,0.214175622695954,0.314687276192053,0.172787005806565,0.159655442358187
251,0.61494365721071,0.140279459933373,0.181605650010004,0.194059239855938,0.140279459933373,0.149807763529887
792,0.612287594171303,0.236301613614802,0.257786672914962,0.225342219919308,0.173835068385563,0.152982630801945
781,0.603424944919196,0.240653643199231,0.262430509724191,0.226992939983781,0.172787005806565,0.173835068385563
172,0.521923099581909,0.140279459933373,0.154850743467635,0.194059239855938,0.153350162717428,0.140279459933373
165,0.467866722440866,0.140279459933373,0.164024746412181,0.178181472416481,0.140801836156987,0.162235816543637
682,0.578526502286961,0.255943411389996,0.232023448734304,0.177071557205383,0.191439626593958,0.151542367809210
770,0.623788627185174,0.235439936165745,0.208860644258667,0.232023448734304,0.200889639762023,0.222081350052879
752,0.622020658211421,0.245967461561916,0.245075200706715,0.205178843545358,0.161362102255135,0.160930368981928
652,0.592770024376564,0.211115838461421,0.222891426963376,0.241532534498303,0.203016510694019,0.140279459933373
742,0.62555609967103,0.216509434133377,0.217294683481912,0.215727826366646,0.145018731380577,0.216509434133377
150,0.506470348170507,0.174898448025698,0.183371292540019,0.209608564537159,0.140279459933373,0.144131604573628
824,0.650252758171119,0.292100571713878,0.255943411389996,0.252283020211930,0.189517281185082,0.172787005806565
794,0.638797087949753,0.259638241659144,0.277585234113443,0.226992939983781,0.190794809258731,0.175435913518267
752,0.612287594171303,0.254108759679802,0.240653643199231,0.237166246337142,0.183371292540019,0.190794809258731
748,0.629089586309926,0.234581247743386,0.216509434133377,0.289179343702615,0.176522456496951,0.167772573247934
800,0.593658802575914,0.306802338059224,0.266179795115631,0.300905518027404,0.175435913518267,0.177624558944457
709,0.605198627992826,0.265239772398733,0.226165913043895,0.237166246337142,0.146237238572002,0.178742307944130
705,0.622904705251892,0.231177046607856,0.23977753355553,0.223704949036996,0.167772573247934,0.140279459933373
860,0.643205181411445,0.260567046745838,0.257786672914962,0.189517281185082,0.186394027664835,0.141333283747465
976,0.665208590906176,0.256863984839407,0.231177046607856,0.245075200706715,0.147497624383717,0.152982630801945
728,0.582982412426427,0.222081350052879,0.205178843545358,0.280468392646033,0.150839880430613,0.173309128978783
859,0.624672424998259,0.254108759679802,0.282396577544332,0.185172899926102,0.149469410107982,0.167291481291287
756,0.630855615748439,0.252283020211930,0.280468392646033,0.267121556704060,0.174898448025698,0.16357228121085
352,0.439851241970584,0.140279459933373,0.194059239855938,0.175435913518267,0.14298348025674,0.150148946700048
189,0.666966416344732,0.168257318749387,0.140279459933373,0.586543936638165,0.635268667058686,0.462295554374572
418,0.453909567952752,0.180448444205294,0.153350162717428,0.245075200706715,0.140279459933373,0.152256565618780
629,0.585653817185493,0.242414171861771,0.232023448734304,0.225342219919308,0.165869963138432,0.184568357977156
641,0.622020658211421,0.251373586915138,0.229493730258852,0.192088479379025,0.182190212262849,0.155619579790919
845,0.61494365721071,0.246862287018223,0.26806502014066,0.212638240623736,0.164024746412181,0.140279459933373
660,0.579418047575081,0.254108759679802,0.253194757033311,0.247759640188542,0.187010622123131,0.215727826366646
773,0.628206394540431,0.264301525715948,0.282396577544332,0.205907447843523,0.171754154191287,0.194724220966719
819,0.609630293401202,0.314687276192053,0.306802338059224,0.288207386188063,0.204454144375473,0.178742307944130
858,0.642323774366231,0.26806502014066,0.235439936165745,0.255024990396885,0.154094323280450,0.173309128978783
757,0.628206394540431,0.245075200706715,0.226992939983781,0.198798498578782,0.160930368981928,0.164024746412181
834,0.638797087949753,0.277585234113443,0.238033800236652,0.205907447843523,0.183371292540019,0.140279459933373
763,0.640560644506718,0.280468392646033,0.277585234113443,0.215727826366646,0.179307075461499,0.152256565618780
790,0.603424944919196,0.224521889216861,0.232872971194181,0.218083551882790,0.187010622123131,0.140279459933373
709,0.607858057407542,0.227823271636467,0.211115838461421,0.255943411389996,0.148143904307162,0.140279459933373
631,0.598988114480156,0.198798498578782,0.216509434133377,0.225342219919308,0.146862120354825,0.160502026996677
312,0.439851241970584,0.161797245314680,0.198798498578782,0.175977245746161,0.146862120354825,0.146548361254107
650,0.564235724377818,0.213405068833102,0.143552645462116,0.259638241659144,0.140279459933373,0.162677834203278
635,0.587433883900336,0.339381807952053,0.284329312589461,0.267121556704060,0.199491561253654,0.181025063276694
699,0.58209159090975,0.274713840722163,0.23977753355553,0.238904240888872,0.185172899926102,0.189517281185082
808,0.61494365721071,0.265239772398733,0.236301613614802,0.283362392853609,0.188255890082703,0.16634019279706
318,0.528260989528785,0.152982630801945,0.188255890082703,0.229493730258852,0.208860644258667,0.152982630801945
796,0.613173084606865,0.276626749501763,0.267121556704060,0.232872971194181,0.165403320798019,0.140279459933373
768,0.629972659733243,0.218083551882790,0.222891426963376,0.245967461561916,0.192088479379025,0.156400988328558
703,0.59454741884471,0.222081350052879,0.218083551882790,0.205178843545358,0.185172899926102,0.177071557205383
777,0.574958463059337,0.228656878414890,0.212638240623736,0.238033800236652,0.188884569174318,0.168257318749387
786,0.643205181411445,0.274713840722163,0.257786672914962,0.271855157449252,0.156796455796649,0.143266847840142
662,0.609630293401202,0.205178843545358,0.244185541162083,0.196743303664015,0.174898448025698,0.181025063276694
738,0.579418047575081,0.210360301592275,0.232023448734304,0.198109430350217,0.143552645462116,0.150148946700048
797,0.650252758171119,0.257786672914962,0.244185541162083,0.241532534498303,0.164480729737195,0.140279459933373
421,0.461365530470573,0.174364837136968,0.156400988328558,0.197424363331222,0.160930368981928,0.169733635746363
152,0.442671323317129,0.156796455796649,0.149133866930996,0.184568357977156,0.161362102255135,0.151897993103576
814,0.622904705251892,0.264301525715948,0.246862287018223,0.262430509724191,0.158822198286243,0.160502026996677
761,0.591881082994116,0.237166246337142,0.256863984839407,0.232023448734304,0.140279459933373,0.146237238572002
1004,0.673994424070159,0.363974517009122,0.362014841934518,0.326539995183568,0.292100571713878,0.140279459933373
760,0.61494365721071,0.232023448734304,0.209608564537159,0.256863984839407,0.183371292540019,0.150839880430613
779,0.61494365721071,0.205178843545358,0.214175622695954,0.192741366843982,0.175435913518267,0.208116557082828
625,0.581200590507501,0.248659484023583,0.250466494772263,0.183371292540019,0.157597013980819,0.159237162188545
300,0.435141512434088,0.168745733831007,0.176522456496951,0.211875157547888,0.143552645462116,0.149133866930996
701,0.641442262346675,0.260567046745838,0.246862287018223,0.247759640188542,0.152982630801945,0.160077057692081
761,0.650252758171119,0.277585234113443,0.240653643199231,0.285297304030371,0.159655442358187,0.160502026996677
804,0.653774177471793,0.249561781327291,0.273759486818862,0.224521889216861,0.181025063276694,0.198798498578782
191,0.568707020795868,0.145622826217966,0.140279459933373,0.182190212262849,0.157195124574254,0.140279459933373
662,0.586543936638165,0.255024990396885,0.261497815323131,0.226165913043895,0.179875784505171,0.172787005806565
784,0.616713692539713,0.260567046745838,0.272806580486754,0.243298519444439,0.171243398019944,0.181605650010004
654,0.611401966215199,0.23033379664679,0.254108759679802,0.244185541162083,0.159655442358187,0.192741366843982
909,0.629972659733243,0.296006914761259,0.304834801321944,0.311728055196152,0.175977245746161,0.178181472416481
668,0.627323083479833,0.208860644258667,0.181605650010004,0.246862287018223,0.140279459933373,0.162677834203278
669,0.608744246353995,0.218083551882790,0.248659484023583,0.178742307944130,0.177624558944457,0.140279459933373
170,0.492757675678563,0.140279459933373,0.181025063276694,0.188884569174318,0.144720505822661,0.161797245314680
865,0.6976787165068,0.324563618926047,0.32159942528535,0.276626749501763,0.238904240888872,0.241532534498303
782,0.640560644506718,0.242414171861771,0.188884569174318,0.284329312589461,0.140279459933373,0.181605650010004
817,0.631738455286738,0.265239772398733,0.217294683481912,0.229493730258852,0.166814026627726,0.161797245314680
353,0.435141512434088,0.177624558944457,0.206639944148685,0.156796455796649,0.169237834303805,0.158002143279100
767,0.606971725447777,0.224521889216861,0.195393227873188,0.217294683481912,0.164940248736627,0.196743303664015
678,0.571387382661058,0.261497815323131,0.214949882112267,0.283362392853609,0.165869963138432,0.149133866930996
816,0.603424944919196,0.254108759679802,0.251373586915138,0.181025063276694,0.211875157547888,0.148143904307162
906,0.674872565393281,0.351210191887716,0.332468835480985,0.333456768437105,0.215727826366646,0.213405068833102
176,0.539995796104345,0.140279459933373,0.188255890082703,0.157597013980819,0.143840891542185,0.146548361254107
923,0.668723907006677,0.253194757033311,0.231177046607856,0.279506090033501,0.162677834203278,0.142423961905656
637,0.58030940985411,0.211115838461421,0.214949882112267,0.253194757033311,0.158822198286243,0.161362102255135
701,0.597212308466731,0.205907447843523,0.226992939983781,0.199491561253654,0.152256565618780,0.152618104976752
781,0.617598511353537,0.245967461561916,0.271855157449252,0.248659484023583,0.140279459933373,0.181605650010004
839,0.61405843859737,0.236301613614802,0.238904240888872,0.23033379664679,0.16634019279706,0.140279459933373
871,0.632621179272578,0.262430509724191,0.261497815323131,0.226165913043895,0.165869963138432,0.198109430350217
776,0.615828741507218,0.261497815323131,0.23033379664679,0.204454144375473,0.169733635746363,0.152256565618780
682,0.61494365721071,0.221274744825972,0.256863984839407,0.222081350052879,0.159655442358187,0.140279459933373
773,0.631738455286738,0.302869127130412,0.292100571713878,0.303851718893881,0.205178843545358,0.177071557205383
582,0.579418047575081,0.232023448734304,0.224521889216861,0.23977753355553,0.156400988328558,0.174898448025698
375,0.450170855356869,0.206639944148685,0.211115838461421,0.23977753355553,0.153720720340875,0.153720720340875
909,0.595435874427052,0.269956905233921,0.270905253648299,0.253194757033311,0.170233153496669,0.181025063276694
879,0.638797087949753,0.254108759679802,0.26336509235663,0.241532534498303,0.175977245746161,0.165869963138432
597,0.608744246353995,0.23977753355553,0.229493730258852,0.195393227873188,0.145928733232941,0.150839880430613
786,0.638797087949753,0.382505251364152,0.349241401529061,0.391223565654671,0.285297304030371,0.284329312589461
874,0.637915147508898,0.271855157449252,0.245967461561916,0.269956905233921,0.169733635746363,0.194724220966719
174,0.534585290557682,0.142423961905656,0.175435913518267,0.175977245746161,0.144131604573628,0.140279459933373
871,0.636150937944643,0.26336509235663,0.224521889216861,0.271855157449252,0.167772573247934,0.140279459933373
630,0.617598511353537,0.257786672914962,0.209608564537159,0.196743303664015,0.187010622123131,0.179875784505171
867,0.647610671197383,0.26806502014066,0.211875157547888,0.261497815323131,0.152618104976752,0.140279459933373
327,0.407579902497849,0.26336509235663,0.140279459933373,0.359072414588444,0.366910990862085,0.233725581744281
669,0.540896650628897,0.256863984839407,0.23033379664679,0.266179795115631,0.154850743467635,0.157597013980819
844,0.622904705251892,0.252283020211930,0.269956905233921,0.226992939983781,0.183967824035887,0.164480729737195
764,0.584763524220902,0.264301525715948,0.252283020211930,0.245967461561916,0.196066256873814,0.143840891542185
838,0.637915147508898,0.217294683481912,0.228656878414890,0.237166246337142,0.187010622123131,0.181605650010004
859,0.647610671197383,0.280468392646033,0.279506090033501,0.296985336054750,0.142423961905656,0.163123316426449
153,0.446424815327873,0.154850743467635,0.173309128978783,0.174364837136968,0.140279459933373,0.176522456496951
157,0.472497848634527,0.140279459933373,0.190154027575454,0.192741366843982,0.175977245746161,0.140279459933373
561,0.510114381882143,0.233725581744281,0.218876016213984,0.192741366843982,0.160502026996677,0.140279459933373
764,0.62555609967103,0.229493730258852,0.245967461561916,0.259638241659144,0.152256565618780,0.164480729737195
830,0.613173084606865,0.252283020211930,0.212638240623736,0.285297304030371,0.160930368981928,0.203733362812729
720,0.628206394540431,0.222891426963376,0.257786672914962,0.23033379664679,0.164480729737195,0.160077057692081
812,0.607858057407542,0.385415796280043,0.36005360357005,0.380562464597876,0.251373586915138,0.216509434133377
746,0.641442262346675,0.255024990396885,0.246862287018223,0.242414171861771,0.189517281185082,0.145928733232941
848,0.609630293401202,0.245075200706715,0.189517281185082,0.273759486818862,0.152982630801945,0.140279459933373
822,0.62555609967103,0.266179795115631,0.243298519444439,0.26336509235663,0.159237162188545,0.159237162188545
776,0.601650667029677,0.243298519444439,0.214175622695954,0.205178843545358,0.160077057692081,0.140279459933373
785,0.607858057407542,0.240653643199231,0.220471637257467,0.243298519444439,0.141066417195949,0.200188610986799
665,0.630855615748439,0.243298519444439,0.247759640188542,0.192741366843982,0.179875784505171,0.140279459933373
751,0.629089586309926,0.253194757033311,0.251373586915138,0.26336509235663,0.170736402643872,0.141066417195949
656,0.615828741507218,0.194724220966719,0.213405068833102,0.163123316426449,0.157195124574254,0.140279459933373
490,0.608744246353995,0.218083551882790,0.225342219919308,0.198798498578782,0.166814026627726,0.140279459933373
741,0.627323083479833,0.241532534498303,0.251373586915138,0.191439626593958,0.171754154191287,0.188255890082703
828,0.622020658211421,0.265239772398733,0.258711437790672,0.210360301592275,0.183967824035887,0.150839880430613
748,0.634386284250911,0.235439936165745,0.201594638931909,0.242414171861771,0.167291481291287,0.174364837136968
740,0.630855615748439,0.295029198942614,0.236301613614802,0.312714190948075,0.157195124574254,0.140279459933373
358,0.440791745314472,0.140279459933373,0.162677834203278,0.203733362812729,0.140279459933373,0.140279459933373
356,0.475271623239318,0.176522456496951,0.191439626593958,0.187010622123131,0.146862120354825,0.187631241909896
657,0.596324170558622,0.238033800236652,0.217294683481912,0.254108759679802,0.141873944585676,0.151897993103576
699,0.598988114480156,0.207376318697083,0.188884569174318,0.271855157449252,0.152256565618780,0.176522456496951
795,0.602537880906253,0.259638241659144,0.269956905233921,0.285297304030371,0.185172899926102,0.162677834203278
295,0.447362019176649,0.197424363331222,0.170736402643872,0.198109430350217,0.154850743467635,0.140279459933373
846,0.666966416344732,0.293075998312143,0.276626749501763,0.306802338059224,0.182190212262849,0.183967824035887
184,0.420938564569721,0.166814026627726,0.176522456496951,0.193398287644562,0.148801114525785,0.160502026996677
721,0.604311860230174,0.237166246337142,0.178742307944130,0.278545025785751,0.145319498566922,0.160930368981928
677,0.63703309779987,0.255024990396885,0.227823271636467,0.245967461561916,0.189517281185082,0.145622826217966
556,0.576742857104671,0.344314559496454,0.319623752397046,0.281431899695417,0.216509434133377,0.205907447843523
852,0.644967683931748,0.266179795115631,0.261497815323131,0.295029198942614,0.169237834303805,0.140279459933373
637,0.592770024376564,0.221274744825972,0.211875157547888,0.276626749501763,0.140279459933373,0.168257318749387
846,0.633503788623644,0.260567046745838,0.287236372741756,0.196743303664015,0.191439626593958,0.140279459933373
751,0.610516199655431,0.233725581744281,0.247759640188542,0.187631241909896,0.181605650010004,0.140279459933373
737,0.693296511554413,0.349241401529061,0.336419918223748,0.277585234113443,0.190794809258731,0.153720720340875
758,0.612287594171303,0.232023448734304,0.247759640188542,0.216509434133377,0.140279459933373,0.180448444205294
795,0.632621179272578,0.255024990396885,0.225342219919308,0.23977753355553,0.167291481291287,0.140279459933373
708,0.623788627185174,0.23977753355553,0.251373586915138,0.224521889216861,0.140279459933373,0.172268685450245
712,0.637915147508898,0.223704949036996,0.226992939983781,0.229493730258852,0.174364837136968,0.140279459933373
359,0.438910260048710,0.156008702799071,0.145319498566922,0.226165913043895,0.151189670120080,0.144424803121843
777,0.573173308757861,0.340368763820501,0.307786743279463,0.222891426963376,0.188255890082703,0.188884569174318
927,0.581200590507501,0.257786672914962,0.233725581744281,0.203733362812729,0.192741366843982,0.150492979148870
215,0.588323660284695,0.172787005806565,0.194724220966719,0.147819407725247,0.160077057692081,0.192088479379025
367,0.657294084136253,0.253194757033311,0.241532534498303,0.262430509724191,0.214175622695954,0.157195124574254
627,0.55975922935761,0.237166246337142,0.224521889216861,0.228656878414890,0.167772573247934,0.162677834203278
768,0.642323774366231,0.255943411389996,0.243298519444439,0.225342219919308,0.185172899926102,0.172268685450245
711,0.618483198986599,0.257786672914962,0.247759640188542,0.296006914761259,0.156796455796649,0.190154027575454
857,0.628206394540431,0.247759640188542,0.220471637257467,0.276626749501763,0.170736402643872,0.175977245746161
703,0.591881082994116,0.215727826366646,0.224521889216861,0.171243398019944,0.159237162188545,0.144131604573628
826,0.641442262346675,0.255024990396885,0.245075200706715,0.256863984839407,0.156008702799071,0.140279459933373
758,0.630855615748439,0.237166246337142,0.238033800236652,0.254108759679802,0.140279459933373,0.140279459933373
809,0.629972659733243,0.256863984839407,0.262430509724191,0.187631241909896,0.169733635746363,0.149469410107982
736,0.598988114480156,0.245967461561916,0.220471637257467,0.256863984839407,0.187631241909896,0.154470991130581
690,0.599875784998553,0.234581247743386,0.255024990396885,0.175977245746161,0.200188610986799,0.140279459933373
211,0.411406907527978,0.186394027664835,0.183371292540019,0.227823271636467,0.140279459933373,0.140801836156987
643,0.622904705251892,0.234581247743386,0.266179795115631,0.218876016213984,0.157597013980819,0.147178535004063
169,0.49459052794554,0.140279459933373,0.204454144375473,0.181605650010004,0.140279459933373,0.146862120354825
754,0.652893966371437,0.234581247743386,0.242414171861771,0.257786672914962,0.166814026627726,0.140279459933373
752,0.605198627992826,0.222891426963376,0.201594638931909,0.275669606701894,0.140279459933373,0.168257318749387
703,0.586543936638165,0.222891426963376,0.255024990396885,0.216509434133377,0.227823271636467,0.145018731380577
753,0.624672424998259,0.255024990396885,0.222891426963376,0.259638241659144,0.164480729737195,0.194059239855938
726,0.642323774366231,0.278545025785751,0.258711437790672,0.255943411389996,0.171754154191287,0.181025063276694
236,0.606971725447777,0.164480729737195,0.183371292540019,0.210360301592275,0.140279459933373,0.149469410107982
860,0.635268667058686,0.255943411389996,0.215727826366646,0.255024990396885,0.169733635746363,0.155233599845476
777,0.630855615748439,0.269956905233921,0.271855157449252,0.236301613614802,0.140279459933373,0.140279459933373
744,0.626439652176295,0.257786672914962,0.261497815323131,0.254108759679802,0.194059239855938,0.143266847840142
732,0.612287594171303,0.259638241659144,0.246862287018223,0.233725581744281,0.190154027575454,0.168745733831007
266,0.457641082102348,0.140279459933373,0.188884569174318,0.180448444205294,0.140279459933373,0.145319498566922
402,0.422838791105066,0.157597013980819,0.174898448025698,0.189517281185082,0.140279459933373,0.172787005806565
843,0.669602528491819,0.428527399760189,0.391223565654671,0.376671178467619,0.269956905233921,0.187631241909896
822,0.648491465815105,0.270905253648299,0.235439936165745,0.262430509724191,0.164480729737195,0.161362102255135
715,0.622904705251892,0.274713840722163,0.244185541162083,0.296985336054750,0.154850743467635,0.164024746412181
649,0.524641044535778,0.222081350052879,0.192088479379025,0.208116557082828,0.146862120354825,0.164024746412181
649,0.612287594171303,0.278545025785751,0.289179343702615,0.287236372741756,0.213405068833102,0.168745733831007
783,0.596324170558622,0.226165913043895,0.276626749501763,0.23033379664679,0.179307075461499,0.152618104976752
760,0.644086484322101,0.245075200706715,0.227823271636467,0.248659484023583,0.174898448025698,0.140279459933373
782,0.611401966215199,0.234581247743386,0.233725581744281,0.238033800236652,0.173309128978783,0.173309128978783
678,0.628206394540431,0.26806502014066,0.252283020211930,0.246862287018223,0.141066417195949,0.190794809258731
724,0.61405843859737,0.275669606701894,0.267121556704060,0.23033379664679,0.190154027575454,0.182778757451073
228,0.606085249352797,0.140279459933373,0.175977245746161,0.185172899926102,0.141873944585676,0.188255890082703
729,0.589213267095234,0.211115838461421,0.261497815323131,0.211875157547888,0.171243398019944,0.164940248736627
822,0.644086484322101,0.232872971194181,0.241532534498303,0.194059239855938,0.206639944148685,0.164024746412181
730,0.609630293401202,0.213405068833102,0.188884569174318,0.232872971194181,0.151542367809210,0.190154027575454
834,0.617598511353537,0.254108759679802,0.246862287018223,0.238033800236652,0.140279459933373,0.140279459933373
868,0.654654294039608,0.269956905233921,0.245075200706715,0.269956905233921,0.188884569174318,0.194724220966719
648,0.590102705627282,0.205907447843523,0.212638240623736,0.188255890082703,0.14298348025674,0.146548361254107
849,0.655534316836593,0.26806502014066,0.211115838461421,0.291125967010989,0.161362102255135,0.200188610986799
700,0.606085249352797,0.228656878414890,0.234581247743386,0.245967461561916,0.160502026996677,0.145928733232941
700,0.601650667029677,0.226165913043895,0.182778757451073,0.234581247743386,0.185172899926102,0.198109430350217
791,0.628206394540431,0.23033379664679,0.254108759679802,0.240653643199231,0.179307075461499,0.152982630801945
588,0.59454741884471,0.280468392646033,0.290152214217331,0.246862287018223,0.164024746412181,0.148471133452426
891,0.622020658211421,0.256863984839407,0.227823271636467,0.200188610986799,0.153350162717428,0.167772573247934
652,0.585653817185493,0.226165913043895,0.249561781327291,0.189517281185082,0.164480729737195,0.179875784505171
198,0.388321919900050,0.149133866930996,0.185172899926102,0.181025063276694,0.165869963138432,0.183967824035887
164,0.467866722440866,0.140279459933373,0.149469410107982,0.194724220966719,0.149807763529887,0.164940248736627
607,0.601650667029677,0.252283020211930,0.244185541162083,0.271855157449252,0.223704949036996,0.189517281185082
744,0.622904705251892,0.243298519444439,0.237166246337142,0.26336509235663,0.145622826217966,0.16357228121085
822,0.643205181411445,0.242414171861771,0.240653643199231,0.226992939983781,0.186394027664835,0.173309128978783
357,0.445487145704544,0.181605650010004,0.140279459933373,0.234581247743386,0.140279459933373,0.145018731380577
675,0.622904705251892,0.240653643199231,0.196743303664015,0.255024990396885,0.185781454960399,0.143840891542185
667,0.585653817185493,0.289179343702615,0.271855157449252,0.248659484023583,0.169237834303805,0.157597013980819
609,0.609630293401202,0.235439936165745,0.198798498578782,0.253194757033311,0.149133866930996,0.140279459933373
736,0.610516199655431,0.218083551882790,0.233725581744281,0.238904240888872,0.163123316426449,0.170736402643872
758,0.640560644506718,0.275669606701894,0.279506090033501,0.262430509724191,0.161797245314680,0.162677834203278
669,0.61494365721071,0.248659484023583,0.222891426963376,0.223704949036996,0.16357228121085,0.152982630801945
688,0.621136485069615,0.226165913043895,0.237166246337142,0.214175622695954,0.150492979148870,0.140279459933373
945,0.65113325749733,0.296985336054750,0.251373586915138,0.283362392853609,0.188884569174318,0.160930368981928
738,0.569600673082815,0.302869127130412,0.269956905233921,0.289179343702615,0.175435913518267,0.140279459933373
630,0.593658802575914,0.231177046607856,0.258711437790672,0.212638240623736,0.154470991130581,0.140279459933373
763,0.622020658211421,0.229493730258852,0.219672052767678,0.262430509724191,0.178181472416481,0.140279459933373
449,0.433254223593108,0.198798498578782,0.181025063276694,0.188884569174318,0.146548361254107,0.195393227873188
791,0.579418047575081,0.274713840722163,0.289179343702615,0.255024990396885,0.194059239855938,0.164940248736627
748,0.621136485069615,0.221274744825972,0.152256565618780,0.212638240623736,0.174364837136968,0.148801114525785
799,0.617598511353537,0.264301525715948,0.210360301592275,0.231177046607856,0.173309128978783,0.156796455796649
732,0.637915147508898,0.26806502014066,0.223704949036996,0.220471637257467,0.171243398019944,0.165869963138432
793,0.596324170558622,0.232023448734304,0.190154027575454,0.303851718893881,0.142147774681471,0.140279459933373
908,0.596324170558622,0.33543232376894,0.312714190948075,0.359072414588444,0.207376318697083,0.187631241909896
170,0.488169238277247,0.140279459933373,0.161362102255135,0.224521889216861,0.140279459933373,0.140279459933373
767,0.607858057407542,0.26336509235663,0.26806502014066,0.243298519444439,0.199491561253654,0.154850743467635
573,0.581200590507501,0.254108759679802,0.261497815323131,0.207376318697083,0.173835068385563,0.161797245314680
860,0.61405843859737,0.242414171861771,0.246862287018223,0.245967461561916,0.140279459933373,0.200889639762023
670,0.622020658211421,0.350225945404854,0.331480818156256,0.333456768437105,0.236301613614802,0.211115838461421
596,0.615828741507218,0.218876016213984,0.245075200706715,0.221274744825972,0.176522456496951,0.151897993103576
773,0.622020658211421,0.248659484023583,0.225342219919308,0.244185541162083,0.148143904307162,0.178742307944130
744,0.618483198986599,0.234581247743386,0.212638240623736,0.242414171861771,0.155619579790919,0.173309128978783
849,0.584763524220902,0.269956905233921,0.289179343702615,0.233725581744281,0.176522456496951,0.174898448025698
927,0.635268667058686,0.309756707604237,0.304834801321944,0.283362392853609,0.204454144375473,0.211115838461421
192,0.490923390673098,0.148801114525785,0.149133866930996,0.248659484023583,0.145018731380577,0.170736402643872
691,0.59454741884471,0.220471637257467,0.193398287644562,0.280468392646033,0.165869963138432,0.148143904307162
697,0.631738455286738,0.251373586915138,0.217294683481912,0.255943411389996,0.157195124574254,0.140279459933373
804,0.631738455286738,0.260567046745838,0.260567046745838,0.232872971194181,0.173835068385563,0.199491561253654
762,0.613173084606865,0.233725581744281,0.261497815323131,0.201594638931909,0.175977245746161,0.154470991130581
724,0.576742857104671,0.234581247743386,0.203733362812729,0.243298519444439,0.205907447843523,0.169733635746363
788,0.646729776551258,0.240653643199231,0.23033379664679,0.280468392646033,0.140279459933373,0.195393227873188
807,0.603424944919196,0.225342219919308,0.210360301592275,0.244185541162083,0.169733635746363,0.153720720340875
706,0.622904705251892,0.189517281185082,0.249561781327291,0.179875784505171,0.140801836156987,0.144131604573628
792,0.65113325749733,0.277585234113443,0.277585234113443,0.23977753355553,0.158822198286243,0.154470991130581
596,0.597212308466731,0.226992939983781,0.223704949036996,0.190154027575454,0.190794809258731,0.167291481291287
384,0.373747820375976,0.162677834203278,0.190794809258731,0.213405068833102,0.158410531669826,0.189517281185082
665,0.57585075439854,0.214949882112267,0.205178843545358,0.267121556704060,0.140279459933373,0.170736402643872
177,0.560654953573793,0.171754154191287,0.140279459933373,0.490923390673098,0.543597713584787,0.384446102799712
765,0.593658802575914,0.279506090033501,0.241532534498303,0.234581247743386,0.197424363331222,0.183371292540019
711,0.639678919993987,0.260567046745838,0.248659484023583,0.224521889216861,0.152982630801945,0.161362102255135
815,0.615828741507218,0.273759486818862,0.252283020211930,0.305818349289740,0.150492979148870,0.170736402643872
637,0.604311860230174,0.32159942528535,0.273759486818862,0.314687276192053,0.172787005806565,0.155233599845476
716,0.581200590507501,0.240653643199231,0.222891426963376,0.257786672914962,0.158410531669826,0.148143904307162
708,0.643205181411445,0.249561781327291,0.218876016213984,0.251373586915138,0.169237834303805,0.182190212262849
793,0.656414246618719,0.289179343702615,0.164480729737195,0.300905518027404,0.158002143279100,0.178181472416481
641,0.59454741884471,0.231177046607856,0.245075200706715,0.227823271636467,0.162235816543637,0.207376318697083
843,0.642323774366231,0.248659484023583,0.248659484023583,0.209608564537159,0.160930368981928,0.150492979148870
692,0.628206394540431,0.233725581744281,0.259638241659144,0.214175622695954,0.140279459933373,0.181025063276694
778,0.622020658211421,0.242414171861771,0.214949882112267,0.252283020211930,0.156008702799071,0.165403320798019
748,0.615828741507218,0.216509434133377,0.23977753355553,0.198109430350217,0.174898448025698,0.146548361254107
355,0.425685350085428,0.206639944148685,0.188255890082703,0.158410531669826,0.165403320798019,0.167772573247934
757,0.627323083479833,0.245967461561916,0.248659484023583,0.258711437790672,0.177071557205383,0.166814026627726
376,0.420938564569721,0.160077057692081,0.161797245314680,0.201594638931909,0.140279459933373,0.168745733831007
777,0.630855615748439,0.26336509235663,0.256863984839407,0.232872971194181,0.165869963138432,0.192741366843982
529,0.58030940985411,0.307786743279463,0.260567046745838,0.250466494772263,0.183371292540019,0.172268685450245
735,0.59099197716754,0.255024990396885,0.267121556704060,0.336419918223748,0.168745733831007,0.140279459933373
174,0.528260989528785,0.140279459933373,0.179307075461499,0.185781454960399,0.169237834303805,0.140279459933373
798,0.643205181411445,0.231177046607856,0.201594638931909,0.194724220966719,0.164940248736627,0.195393227873188
339,0.434198112267997,0.171754154191287,0.179875784505171,0.192741366843982,0.159237162188545,0.152982630801945
763,0.642323774366231,0.245967461561916,0.216509434133377,0.232872971194181,0.158822198286243,0.156796455796649
594,0.642323774366231,0.258711437790672,0.236301613614802,0.23033379664679,0.175977245746161,0.151542367809210
877,0.660812526368302,0.273759486818862,0.303851718893881,0.224521889216861,0.173835068385563,0.140279459933373
863,0.61494365721071,0.278545025785751,0.241532534498303,0.250466494772263,0.190794809258731,0.190794809258731
734,0.643205181411445,0.232023448734304,0.199491561253654,0.252283020211930,0.158410531669826,0.182190212262849
153,0.566024855998128,0.33543232376894,0.279506090033501,0.269956905233921,0.178742307944130,0.168745733831007
714,0.621136485069615,0.235439936165745,0.249561781327291,0.212638240623736,0.178742307944130,0.143266847840142
625,0.592770024376564,0.326539995183568,0.274713840722163,0.294052217151829,0.164940248736627,0.171243398019944
668,0.59099197716754,0.178742307944130,0.226992939983781,0.178742307944130,0.171754154191287,0.14298348025674
686,0.65201365997105,0.284329312589461,0.251373586915138,0.26336509235663,0.159655442358187,0.198109430350217
754,0.598988114480156,0.203733362812729,0.236301613614802,0.165403320798019,0.188884569174318,0.153350162717428
747,0.59099197716754,0.221274744825972,0.225342219919308,0.249561781327291,0.161362102255135,0.204454144375473
822,0.646729776551258,0.241532534498303,0.267121556704060,0.183371292540019,0.190154027575454,0.176522456496951
848,0.644086484322101,0.245075200706715,0.190154027575454,0.279506090033501,0.158410531669826,0.172268685450245
767,0.605198627992826,0.293075998312143,0.250466494772263,0.269956905233921,0.178181472416481,0.158002143279100
896,0.65113325749733,0.255024990396885,0.241532534498303,0.227823271636467,0.158822198286243,0.140279459933373
806,0.619367756469412,0.26806502014066,0.276626749501763,0.235439936165745,0.162235816543637,0.175435913518267
889,0.641442262346675,0.242414171861771,0.208860644258667,0.276626749501763,0.178742307944130,0.194724220966719
770,0.616713692539713,0.209608564537159,0.219672052767678,0.259638241659144,0.154470991130581,0.140279459933373
739,0.624672424998259,0.235439936165745,0.226992939983781,0.244185541162083,0.140279459933373,0.196743303664015
637,0.613173084606865,0.206639944148685,0.214949882112267,0.224521889216861,0.155619579790919,0.178742307944130
361,0.40662186593712,0.157597013980819,0.194059239855938,0.152256565618780,0.159237162188545,0.140279459933373
896,0.676628615387707,0.274713840722163,0.315674182764382,0.23033379664679,0.179307075461499,0.162235816543637
713,0.622904705251892,0.26806502014066,0.206639944148685,0.337407372460796,0.217294683481912,0.218083551882790
968,0.642323774366231,0.276626749501763,0.273759486818862,0.274713840722163,0.201594638931909,0.140279459933373
867,0.642323774366231,0.237166246337142,0.247759640188542,0.248659484023583,0.190154027575454,0.140279459933373
773,0.615828741507218,0.238033800236652,0.199491561253654,0.219672052767678,0.188884569174318,0.140279459933373
772,0.598100289370352,0.264301525715948,0.243298519444439,0.274713840722163,0.181605650010004,0.140279459933373
731,0.632621179272578,0.260567046745838,0.243298519444439,0.204454144375473,0.149469410107982,0.160930368981928
738,0.63703309779987,0.286266334773665,0.261497815323131,0.274713840722163,0.141066417195949,0.167772573247934
793,0.626439652176295,0.253194757033311,0.218876016213984,0.262430509724191,0.160077057692081,0.162677834203278
817,0.663450425192382,0.276626749501763,0.296985336054750,0.240653643199231,0.158002143279100,0.165403320798019
745,0.65201365997105,0.244185541162083,0.173309128978783,0.222891426963376,0.152982630801945,0.16634019279706
773,0.606085249352797,0.228656878414890,0.218876016213984,0.228656878414890,0.182190212262849,0.187010622123131
793,0.628206394540431,0.245075200706715,0.196066256873814,0.238033800236652,0.177624558944457,0.222891426963376
425,0.441731771836077,0.173309128978783,0.140279459933373,0.197424363331222,0.172787005806565,0.140279459933373
709,0.587433883900336,0.240653643199231,0.200889639762023,0.212638240623736,0.168257318749387,0.151542367809210
833,0.619367756469412,0.254108759679802,0.247759640188542,0.254108759679802,0.141602453589765,0.141602453589765
663,0.596324170558622,0.227823271636467,0.203016510694019,0.209608564537159,0.178742307944130,0.179307075461499
867,0.622904705251892,0.280468392646033,0.231177046607856,0.308771540986705,0.178181472416481,0.160502026996677
739,0.616713692539713,0.23977753355553,0.23977753355553,0.269010148553487,0.145018731380577,0.160930368981928
330,0.61405843859737,0.32159942528535,0.277585234113443,0.374722731821464,0.385415796280043,0.266179795115631
756,0.645848781067736,0.235439936165745,0.174898448025698,0.235439936165745,0.173309128978783,0.140279459933373
812,0.629972659733243,0.23977753355553,0.240653643199231,0.248659484023583,0.163123316426449,0.140279459933373
746,0.616713692539713,0.234581247743386,0.257786672914962,0.203016510694019,0.172787005806565,0.161362102255135
648,0.607858057407542,0.280468392646033,0.282396577544332,0.313700605163659,0.171754154191287,0.167772573247934
791,0.648491465815105,0.486331294331022,0.414271770359505,0.420938564569721,0.222891426963376,0.249561781327291
732,0.634386284250911,0.226165913043895,0.258711437790672,0.222891426963376,0.140279459933373,0.197424363331222
693,0.63703309779987,0.245967461561916,0.205907447843523,0.247759640188542,0.171754154191287,0.158410531669826
964,0.636150937944643,0.316661303992259,0.278545025785751,0.299924552865763,0.177071557205383,0.195393227873188
845,0.632621179272578,0.225342219919308,0.240653643199231,0.208860644258667,0.187631241909896,0.155233599845476
809,0.619367756469412,0.212638240623736,0.236301613614802,0.241532534498303,0.178742307944130,0.140279459933373
335,0.462295554374572,0.169237834303805,0.149133866930996,0.188884569174318,0.158002143279100,0.151189670120080
210,0.591881082994116,0.162235816543637,0.203016510694019,0.165869963138432,0.160930368981928,0.148143904307162
838,0.654654294039608,0.255943411389996,0.245075200706715,0.255024990396885,0.159655442358187,0.153720720340875
800,0.616713692539713,0.251373586915138,0.254108759679802,0.257786672914962,0.140279459933373,0.147819407725247
822,0.646729776551258,0.265239772398733,0.251373586915138,0.252283020211930,0.194724220966719,0.140279459933373
678,0.599875784998553,0.206639944148685,0.232872971194181,0.208860644258667,0.165403320798019,0.190154027575454
743,0.608744246353995,0.224521889216861,0.171754154191287,0.249561781327291,0.141333283747465,0.175435913518267
911,0.645848781067736,0.269956905233921,0.289179343702615,0.262430509724191,0.189517281185082,0.155233599845476
383,0.458572851358513,0.190154027575454,0.160502026996677,0.248659484023583,0.144424803121843,0.169237834303805
754,0.661691913619881,0.257786672914962,0.224521889216861,0.231177046607856,0.173835068385563,0.140279459933373
264,0.332468835480985,0.156400988328558,0.190154027575454,0.180448444205294,0.160077057692081,0.143266847840142
868,0.629972659733243,0.249561781327291,0.223704949036996,0.275669606701894,0.148143904307162,0.178181472416481
619,0.600763302119727,0.23977753355553,0.193398287644562,0.26336509235663,0.153720720340875,0.155233599845476
698,0.61405843859737,0.219672052767678,0.181605650010004,0.269956905233921,0.141333283747465,0.174898448025698
163,0.482650905054512,0.150492979148870,0.140279459933373,0.218876016213984,0.142147774681471,0.164480729737195
618,0.586543936638165,0.226992939983781,0.188255890082703,0.245075200706715,0.165869963138432,0.140279459933373
596,0.601650667029677,0.233725581744281,0.243298519444439,0.236301613614802,0.171243398019944,0.150839880430613
743,0.629089586309926,0.234581247743386,0.214175622695954,0.225342219919308,0.152982630801945,0.157195124574254
159,0.489087655334828,0.148801114525785,0.193398287644562,0.140279459933373,0.142423961905656,0.149469410107982
272,0.566919113760625,0.218083551882790,0.232872971194181,0.215727826366646,0.140279459933373,0.140279459933373
334,0.454843116219575,0.152982630801945,0.16357228121085,0.212638240623736,0.140279459933373,0.140279459933373
618,0.61494365721071,0.252283020211930,0.158002143279100,0.238904240888872,0.173835068385563,0.140279459933373
850,0.648491465815105,0.280468392646033,0.228656878414890,0.262430509724191,0.170233153496669,0.191439626593958
328,0.404704249910189,0.148801114525785,0.214175622695954,0.167291481291287,0.140279459933373,0.169733635746363
725,0.57763477259731,0.311728055196152,0.281431899695417,0.288207386188063,0.219672052767678,0.170233153496669
726,0.638797087949753,0.256863984839407,0.218876016213984,0.283362392853609,0.156008702799071,0.160930368981928
741,0.620252184825136,0.247759640188542,0.193398287644562,0.243298519444439,0.162677834203278,0.144424803121843
804,0.599875784998553,0.26806502014066,0.255024990396885,0.264301525715948,0.182778757451073,0.172787005806565
875,0.627323083479833,0.277585234113443,0.283362392853609,0.210360301592275,0.174898448025698,0.167772573247934
721,0.597212308466731,0.226992939983781,0.233725581744281,0.229493730258852,0.195393227873188,0.183967824035887
792,0.648491465815105,0.223704949036996,0.238033800236652,0.241532534498303,0.146862120354825,0.188255890082703
520,0.58030940985411,0.287236372741756,0.269010148553487,0.261497815323131,0.161362102255135,0.141066417195949
276,0.416179118323367,0.150839880430613,0.236301613614802,0.144131604573628,0.163123316426449,0.182778757451073
783,0.59454741884471,0.232872971194181,0.248659484023583,0.236301613614802,0.160502026996677,0.140279459933373
705,0.616713692539713,0.247759640188542,0.247759640188542,0.196066256873814,0.162235816543637,0.157195124574254
811,0.606085249352797,0.215727826366646,0.208116557082828,0.250466494772263,0.187010622123131,0.155233599845476
407,0.452041119617036,0.208860644258667,0.199491561253654,0.233725581744281,0.140279459933373,0.156400988328558
760,0.617598511353537,0.270905253648299,0.232023448734304,0.198798498578782,0.182778757451073,0.150492979148870
766,0.628206394540431,0.250466494772263,0.254108759679802,0.231177046607856,0.194059239855938,0.151897993103576
724,0.618483198986599,0.227823271636467,0.244185541162083,0.210360301592275,0.154094323280450,0.169733635746363
688,0.573173308757861,0.198798498578782,0.214175622695954,0.236301613614802,0.140279459933373,0.140279459933373
989,0.63703309779987,0.293075998312143,0.274713840722163,0.306802338059224,0.251373586915138,0.169733635746363
833,0.645848781067736,0.278545025785751,0.249561781327291,0.272806580486754,0.148471133452426,0.140279459933373
400,0.450170855356869,0.188255890082703,0.16357228121085,0.206639944148685,0.167772573247934,0.182778757451073
671,0.588323660284695,0.259638241659144,0.225342219919308,0.203733362812729,0.191439626593958,0.156400988328558
676,0.619367756469412,0.251373586915138,0.242414171861771,0.238033800236652,0.170736402643872,0.142702524367706
863,0.65201365997105,0.270905253648299,0.267121556704060,0.179307075461499,0.180448444205294,0.146548361254107
388,0.469720411442728,0.183371292540019,0.205178843545358,0.228656878414890,0.140279459933373,0.150492979148870
627,0.581200590507501,0.216509434133377,0.257786672914962,0.238904240888872,0.148801114525785,0.168257318749387
212,0.583873056414207,0.179875784505171,0.151897993103576,0.245967461561916,0.160502026996677,0.203733362812729
840,0.615828741507218,0.32159942528535,0.195393227873188,0.224521889216861,0.171754154191287,0.150839880430613
844,0.617598511353537,0.300905518027404,0.280468392646033,0.226992939983781,0.173835068385563,0.185172899926102
215,0.444549008408857,0.140279459933373,0.140279459933373,0.622904705251892,0.673116204346268,0.504646384858735
272,0.441731771836077,0.190154027575454,0.144131604573628,0.228656878414890,0.140279459933373,0.140279459933373
780,0.644086484322101,0.240653643199231,0.237166246337142,0.258711437790672,0.194059239855938,0.161362102255135
768,0.62555609967103,0.248659484023583,0.171754154191287,0.283362392853609,0.181025063276694,0.152618104976752
980,0.653774177471793,0.259638241659144,0.249561781327291,0.250466494772263,0.160077057692081,0.179875784505171
578,0.588323660284695,0.203733362812729,0.224521889216861,0.23977753355553,0.164940248736627,0.175977245746161
703,0.629089586309926,0.220471637257467,0.208116557082828,0.256863984839407,0.140279459933373,0.151897993103576
768,0.644086484322101,0.291125967010989,0.311728055196152,0.267121556704060,0.198798498578782,0.161362102255135
733,0.610516199655431,0.244185541162083,0.238904240888872,0.205178843545358,0.169237834303805,0.170736402643872
794,0.61494365721071,0.289179343702615,0.292100571713878,0.245967461561916,0.198798498578782,0.168257318749387
726,0.61494365721071,0.233725581744281,0.238904240888872,0.228656878414890,0.153720720340875,0.149133866930996
802,0.617598511353537,0.225342219919308,0.251373586915138,0.195393227873188,0.164024746412181,0.142702524367706
716,0.568707020795868,0.290152214217331,0.26806502014066,0.265239772398733,0.161797245314680,0.160077057692081
752,0.61405843859737,0.259638241659144,0.279506090033501,0.288207386188063,0.204454144375473,0.206639944148685
734,0.653774177471793,0.256863984839407,0.232872971194181,0.222891426963376,0.182190212262849,0.145928733232941
820,0.645848781067736,0.275669606701894,0.270905253648299,0.234581247743386,0.194724220966719,0.186394027664835
599,0.602537880906253,0.192088479379025,0.238033800236652,0.207376318697083,0.153720720340875,0.140279459933373
754,0.63703309779987,0.269956905233921,0.190794809258731,0.294052217151829,0.200889639762023,0.200188610986799
663,0.638797087949753,0.222891426963376,0.224521889216861,0.276626749501763,0.159655442358187,0.153350162717428
690,0.588323660284695,0.232023448734304,0.222891426963376,0.210360301592275,0.153350162717428,0.140279459933373
841,0.618483198986599,0.315674182764382,0.299924552865763,0.277585234113443,0.231177046607856,0.215727826366646
495,0.615828741507218,0.251373586915138,0.220471637257467,0.276626749501763,0.173309128978783,0.154850743467635
756,0.634386284250911,0.227823271636467,0.226992939983781,0.205178843545358,0.179875784505171,0.171243398019944
392,0.66608754581422,0.233725581744281,0.203016510694019,0.319623752397046,0.224521889216861,0.152982630801945
895,0.63703309779987,0.245075200706715,0.262430509724191,0.237166246337142,0.154470991130581,0.190154027575454
707,0.639678919993987,0.256863984839407,0.264301525715948,0.23033379664679,0.168257318749387,0.140279459933373
734,0.606971725447777,0.235439936165745,0.226992939983781,0.236301613614802,0.170736402643872,0.222081350052879
758,0.619367756469412,0.296985336054750,0.282396577544332,0.291125967010989,0.161362102255135,0.194724220966719
677,0.589213267095234,0.243298519444439,0.231177046607856,0.237166246337142,0.161362102255135,0.171754154191287
254,0.622904705251892,0.166814026627726,0.203016510694019,0.196066256873814,0.140279459933373,0.171243398019944
801,0.624672424998259,0.248659484023583,0.282396577544332,0.201594638931909,0.168745733831007,0.169237834303805
717,0.611401966215199,0.219672052767678,0.227823271636467,0.256863984839407,0.145622826217966,0.140279459933373
822,0.638797087949753,0.270905253648299,0.270905253648299,0.244185541162083,0.188255890082703,0.140279459933373
685,0.583873056414207,0.311728055196152,0.280468392646033,0.288207386188063,0.203733362812729,0.185781454960399
299,0.40662186593712,0.188884569174318,0.178742307944130,0.206639944148685,0.150148946700048,0.156008702799071
775,0.61405843859737,0.235439936165745,0.269956905233921,0.258711437790672,0.167291481291287,0.14298348025674
538,0.682772413069105,0.306802338059224,0.255024990396885,0.320611530912211,0.260567046745838,0.195393227873188
745,0.587433883900336,0.284329312589461,0.242414171861771,0.326539995183568,0.171754154191287,0.140279459933373
889,0.637915147508898,0.32159942528535,0.302869127130412,0.320611530912211,0.241532534498303,0.177071557205383
389,0.661691913619881,0.245967461561916,0.269956905233921,0.241532534498303,0.192741366843982,0.177624558944457
861,0.618483198986599,0.296006914761259,0.313700605163659,0.189517281185082,0.200188610986799,0.16634019279706
826,0.613173084606865,0.23977753355553,0.197424363331222,0.248659484023583,0.178742307944130,0.148471133452426
827,0.637915147508898,0.287236372741756,0.275669606701894,0.276626749501763,0.197424363331222,0.162677834203278
837,0.616713692539713,0.224521889216861,0.219672052767678,0.240653643199231,0.177624558944457,0.209608564537159
308,0.558863289375474,0.168745733831007,0.160077057692081,0.32159942528535,0.364953752682284,0.243298519444439
705,0.615828741507218,0.211115838461421,0.231177046607856,0.232872971194181,0.149133866930996,0.174364837136968
810,0.617598511353537,0.240653643199231,0.259638241659144,0.234581247743386,0.171754154191287,0.140279459933373
182,0.553483028327823,0.338394673319409,0.262430509724191,0.249561781327291,0.175977245746161,0.207376318697083
318,0.40662186593712,0.182778757451073,0.169733635746363,0.194724220966719,0.176522456496951,0.140279459933373
702,0.63703309779987,0.232872971194181,0.211115838461421,0.192741366843982,0.178181472416481,0.181605650010004
762,0.639678919993987,0.300905518027404,0.266179795115631,0.276626749501763,0.203016510694019,0.218083551882790
798,0.644086484322101,0.255024990396885,0.200188610986799,0.222081350052879,0.185172899926102,0.140279459933373
700,0.628206394540431,0.222891426963376,0.243298519444439,0.193398287644562,0.144424803121843,0.175435913518267
639,0.624672424998259,0.280468392646033,0.236301613614802,0.304834801321944,0.208860644258667,0.146862120354825
854,0.647610671197383,0.270905253648299,0.180448444205294,0.273759486818862,0.196743303664015,0.140279459933373
678,0.653774177471793,0.299924552865763,0.253194757033311,0.322587416871138,0.197424363331222,0.152618104976752
168,0.526451579334568,0.162677834203278,0.192741366843982,0.190794809258731,0.157195124574254,0.192741366843982
782,0.624672424998259,0.276626749501763,0.259638241659144,0.240653643199231,0.191439626593958,0.188884569174318
764,0.65201365997105,0.26806502014066,0.271855157449252,0.267121556704060,0.168257318749387,0.140279459933373
799,0.619367756469412,0.236301613614802,0.238033800236652,0.26806502014066,0.140279459933373,0.160930368981928
659,0.626439652176295,0.369843682925459,0.327528205863718,0.314687276192053,0.215727826366646,0.180448444205294
822,0.65201365997105,0.247759640188542,0.235439936165745,0.269956905233921,0.145319498566922,0.140279459933373
755,0.648491465815105,0.23033379664679,0.255943411389996,0.233725581744281,0.164024746412181,0.150148946700048
267,0.638797087949753,0.304834801321944,0.231177046607856,0.419036311953547,0.447362019176649,0.289179343702615
380,0.442671323317129,0.158002143279100,0.181605650010004,0.203733362812729,0.141066417195949,0.172787005806565
729,0.61494365721071,0.232872971194181,0.270905253648299,0.221274744825972,0.182190212262849,0.140279459933373
325,0.630855615748439,0.220471637257467,0.215727826366646,0.336419918223748,0.354161056920203,0.214949882112267
754,0.630855615748439,0.261497815323131,0.237166246337142,0.261497815323131,0.140279459933373,0.16634019279706
713,0.551687808366613,0.232023448734304,0.200188610986799,0.232872971194181,0.180448444205294,0.174898448025698
845,0.665208590906176,0.289179343702615,0.275669606701894,0.253194757033311,0.175435913518267,0.148801114525785
767,0.588323660284695,0.23977753355553,0.218083551882790,0.302869127130412,0.141873944585676,0.140279459933373
903,0.652893966371437,0.282396577544332,0.247759640188542,0.291125967010989,0.181025063276694,0.145319498566922
784,0.608744246353995,0.256863984839407,0.228656878414890,0.217294683481912,0.192088479379025,0.140279459933373
704,0.624672424998259,0.237166246337142,0.245075200706715,0.250466494772263,0.153350162717428,0.158410531669826
363,0.442671323317129,0.175435913518267,0.14298348025674,0.214175622695954,0.154470991130581,0.170736402643872
652,0.57763477259731,0.237166246337142,0.185781454960399,0.242414171861771,0.189517281185082,0.142702524367706
719,0.604311860230174,0.217294683481912,0.191439626593958,0.241532534498303,0.140279459933373,0.177071557205383
742,0.612287594171303,0.237166246337142,0.238033800236652,0.247759640188542,0.140279459933373,0.140279459933373
631,0.604311860230174,0.241532534498303,0.171754154191287,0.271855157449252,0.152256565618780,0.169237834303805
680,0.620252184825136,0.241532534498303,0.220471637257467,0.260567046745838,0.140279459933373,0.146862120354825
802,0.629089586309926,0.295029198942614,0.255024990396885,0.300905518027404,0.140279459933373,0.157195124574254
825,0.59099197716754,0.222891426963376,0.200188610986799,0.257786672914962,0.175435913518267,0.140279459933373
911,0.607858057407542,0.290152214217331,0.259638241659144,0.287236372741756,0.233725581744281,0.185172899926102
846,0.612287594171303,0.302869127130412,0.292100571713878,0.255024990396885,0.171754154191287,0.164940248736627
324,0.442671323317129,0.151897993103576,0.153350162717428,0.213405068833102,0.140279459933373,0.140279459933373
698,0.583873056414207,0.255024990396885,0.251373586915138,0.278545025785751,0.250466494772263,0.176522456496951
794,0.61494365721071,0.254108759679802,0.253194757033311,0.233725581744281,0.178742307944130,0.192088479379025
779,0.63703309779987,0.250466494772263,0.274713840722163,0.192741366843982,0.160077057692081,0.152256565618780
702,0.637915147508898,0.238904240888872,0.206639944148685,0.255943411389996,0.163123316426449,0.141333283747465
759,0.59454741884471,0.232023448734304,0.197424363331222,0.208860644258667,0.183371292540019,0.179307075461499
861,0.647610671197383,0.240653643199231,0.261497815323131,0.200188610986799,0.140279459933373,0.169733635746363
751,0.605198627992826,0.223704949036996,0.245075200706715,0.23033379664679,0.157597013980819,0.140279459933373
719,0.595435874427052,0.203733362812729,0.223704949036996,0.208860644258667,0.140279459933373,0.160502026996677
646,0.607858057407542,0.217294683481912,0.245075200706715,0.228656878414890,0.164940248736627,0.188255890082703
750,0.61494365721071,0.287236372741756,0.235439936165745,0.233725581744281,0.207376318697083,0.142702524367706
845,0.622904705251892,0.232872971194181,0.240653643199231,0.223704949036996,0.159237162188545,0.14298348025674
828,0.621136485069615,0.280468392646033,0.228656878414890,0.277585234113443,0.177071557205383,0.168257318749387
714,0.622904705251892,0.257786672914962,0.234581247743386,0.275669606701894,0.196066256873814,0.146237238572002
804,0.59099197716754,0.23033379664679,0.211875157547888,0.222081350052879,0.157597013980819,0.170736402643872
583,0.581200590507501,0.208860644258667,0.234581247743386,0.187631241909896,0.165869963138432,0.153720720340875
693,0.587433883900336,0.225342219919308,0.233725581744281,0.248659484023583,0.177624558944457,0.177624558944457
864,0.643205181411445,0.241532534498303,0.255024990396885,0.228656878414890,0.156008702799071,0.140279459933373
646,0.61405843859737,0.232023448734304,0.214175622695954,0.208860644258667,0.140279459933373,0.168745733831007
884,0.676628615387707,0.273759486818862,0.228656878414890,0.247759640188542,0.142423961905656,0.189517281185082
931,0.629972659733243,0.292100571713878,0.282396577544332,0.284329312589461,0.185781454960399,0.205907447843523
871,0.631738455286738,0.275669606701894,0.262430509724191,0.291125967010989,0.164940248736627,0.181605650010004
346,0.434198112267997,0.197424363331222,0.177624558944457,0.243298519444439,0.165869963138432,0.168257318749387
829,0.630855615748439,0.245967461561916,0.277585234113443,0.207376318697083,0.181025063276694,0.205907447843523
806,0.637915147508898,0.241532534498303,0.225342219919308,0.273759486818862,0.143840891542185,0.140279459933373
150,0.446424815327873,0.140279459933373,0.204454144375473,0.206639944148685,0.169733635746363,0.140279459933373
742,0.615828741507218,0.238033800236652,0.223704949036996,0.236301613614802,0.154094323280450,0.140279459933373
886,0.658173830133798,0.291125967010989,0.257786672914962,0.26336509235663,0.194059239855938,0.140279459933373
707,0.650252758171119,0.274713840722163,0.228656878414890,0.26806502014066,0.156796455796649,0.194724220966719
841,0.653774177471793,0.253194757033311,0.272806580486754,0.280468392646033,0.156400988328558,0.152618104976752
754,0.626439652176295,0.273759486818862,0.249561781327291,0.251373586915138,0.16634019279706,0.184568357977156
812,0.635268667058686,0.245075200706715,0.253194757033311,0.220471637257467,0.158002143279100,0.178181472416481
634,0.607858057407542,0.205907447843523,0.240653643199231,0.198798498578782,0.16634019279706,0.147178535004063
782,0.641442262346675,0.236301613614802,0.208116557082828,0.258711437790672,0.152256565618780,0.162235816543637
795,0.578526502286961,0.223704949036996,0.192088479379025,0.267121556704060,0.164480729737195,0.198798498578782
714,0.603424944919196,0.243298519444439,0.222891426963376,0.252283020211930,0.160502026996677,0.147178535004063
980,0.648491465815105,0.287236372741756,0.221274744825972,0.301887051542692,0.202303599215116,0.172268685450245
704,0.619367756469412,0.273759486818862,0.245967461561916,0.229493730258852,0.203733362812729,0.140279459933373
804,0.647610671197383,0.286266334773665,0.273759486818862,0.302869127130412,0.148471133452426,0.183967824035887
724,0.610516199655431,0.260567046745838,0.203733362812729,0.308771540986705,0.140279459933373,0.187631241909896
530,0.641442262346675,0.23977753355553,0.260567046745838,0.269956905233921,0.255943411389996,0.158410531669826
806,0.574065981658382,0.299924552865763,0.267121556704060,0.278545025785751,0.194724220966719,0.211875157547888
788,0.629972659733243,0.237166246337142,0.270905253648299,0.178742307944130,0.164480729737195,0.174898448025698
719,0.620252184825136,0.226992939983781,0.194724220966719,0.245075200706715,0.140279459933373,0.177071557205383
692,0.606971725447777,0.250466494772263,0.228656878414890,0.208860644258667,0.154470991130581,0.141066417195949
762,0.649372161207369,0.245967461561916,0.214949882112267,0.264301525715948,0.140279459933373,0.162235816543637
887,0.646729776551258,0.297964434643167,0.23033379664679,0.293075998312143,0.206639944148685,0.198798498578782
633,0.58209159090975,0.23977753355553,0.229493730258852,0.237166246337142,0.142147774681471,0.171243398019944
644,0.61405843859737,0.231177046607856,0.179307075461499,0.240653643199231,0.163123316426449,0.148471133452426
747,0.609630293401202,0.182190212262849,0.223704949036996,0.264301525715948,0.154470991130581,0.187010622123131
690,0.607858057407542,0.242414171861771,0.200188610986799,0.249561781327291,0.160930368981928,0.201594638931909
602,0.612287594171303,0.253194757033311,0.180448444205294,0.269956905233921,0.150148946700048,0.16357228121085
834,0.654654294039608,0.250466494772263,0.264301525715948,0.210360301592275,0.194724220966719,0.140279459933373
819,0.624672424998259,0.258711437790672,0.218876016213984,0.241532534498303,0.164024746412181,0.140539522938054
205,0.552585532749393,0.140279459933373,0.154094323280450,0.218876016213984,0.140279459933373,0.159655442358187
838,0.649372161207369,0.238904240888872,0.204454144375473,0.26806502014066,0.140279459933373,0.169733635746363
325,0.425685350085428,0.182778757451073,0.185172899926102,0.213405068833102,0.160077057692081,0.171243398019944
188,0.564235724377818,0.143552645462116,0.153350162717428,0.196743303664015,0.140279459933373,0.140279459933373
700,0.593658802575914,0.242414171861771,0.206639944148685,0.255943411389996,0.16634019279706,0.141066417195949
860,0.615828741507218,0.242414171861771,0.224521889216861,0.251373586915138,0.169733635746363,0.149807763529887
768,0.621136485069615,0.270905253648299,0.212638240623736,0.301887051542692,0.151189670120080,0.190794809258731
702,0.659053485350326,0.327528205863718,0.318636108753548,0.310742219942023,0.214949882112267,0.16634019279706
737,0.61405843859737,0.250466494772263,0.264301525715948,0.182190212262849,0.157597013980819,0.188255890082703
785,0.628206394540431,0.248659484023583,0.210360301592275,0.270905253648299,0.166814026627726,0.149469410107982
824,0.612287594171303,0.352194131843378,0.310742219942023,0.292100571713878,0.190794809258731,0.16357228121085
769,0.641442262346675,0.270905253648299,0.23977753355553,0.292100571713878,0.171754154191287,0.148471133452426
911,0.671359527115958,0.245967461561916,0.295029198942614,0.202303599215116,0.175435913518267,0.173835068385563
388,0.446424815327873,0.161362102255135,0.218083551882790,0.180448444205294,0.140279459933373,0.157195124574254
672,0.635268667058686,0.218876016213984,0.227823271636467,0.181025063276694,0.178181472416481,0.158002143279100
727,0.613173084606865,0.243298519444439,0.226165913043895,0.269010148553487,0.221274744825972,0.16357228121085
430,0.463225147278761,0.16634019279706,0.214175622695954,0.169733635746363,0.171754154191287,0.186394027664835
685,0.59454741884471,0.232872971194181,0.23033379664679,0.196066256873814,0.141602453589765,0.157195124574254
710,0.627323083479833,0.237166246337142,0.229493730258852,0.256863984839407,0.156400988328558,0.170736402643872
829,0.629089586309926,0.258711437790672,0.26336509235663,0.226165913043895,0.182778757451073,0.140279459933373
373,0.448298759169222,0.163123316426449,0.190154027575454,0.200188610986799,0.167291481291287,0.185781454960399
838,0.633503788623644,0.278545025785751,0.241532534498303,0.238033800236652,0.196066256873814,0.188255890082703
796,0.593658802575914,0.240653643199231,0.201594638931909,0.255024990396885,0.159655442358187,0.181605650010004
842,0.639678919993987,0.258711437790672,0.285297304030371,0.23033379664679,0.140279459933373,0.173309128978783
711,0.632621179272578,0.233725581744281,0.225342219919308,0.231177046607856,0.179307075461499,0.157597013980819
708,0.596324170558622,0.225342219919308,0.214949882112267,0.226165913043895,0.198798498578782,0.140279459933373
759,0.597212308466731,0.255024990396885,0.23033379664679,0.218083551882790,0.160077057692081,0.162235816543637
561,0.560654953573793,0.313700605163659,0.311728055196152,0.208860644258667,0.233725581744281,0.195393227873188
378,0.446424815327873,0.187010622123131,0.218876016213984,0.238904240888872,0.140279459933373,0.152982630801945
783,0.659933050519219,0.251373586915138,0.211875157547888,0.296006914761259,0.157195124574254,0.140279459933373
448,0.527356424038935,0.235439936165745,0.160930368981928,0.208116557082828,0.155233599845476,0.156008702799071
381,0.566024855998128,0.169733635746363,0.177071557205383,0.242414171861771,0.156796455796649,0.142702524367706
791,0.662571212990782,0.258711437790672,0.265239772398733,0.252283020211930,0.174364837136968,0.140279459933373
756,0.627323083479833,0.251373586915138,0.255943411389996,0.237166246337142,0.148471133452426,0.206639944148685
882,0.636150937944643,0.318636108753548,0.276626749501763,0.246862287018223,0.218083551882790,0.190154027575454
639,0.603424944919196,0.246862287018223,0.246862287018223,0.250466494772263,0.174898448025698,0.150148946700048
733,0.573173308757861,0.220471637257467,0.203016510694019,0.219672052767678,0.180448444205294,0.140279459933373
826,0.636150937944643,0.245967461561916,0.254108759679802,0.193398287644562,0.170736402643872,0.16634019279706
768,0.648491465815105,0.238033800236652,0.271855157449252,0.173835068385563,0.156796455796649,0.156008702799071
630,0.587433883900336,0.231177046607856,0.163123316426449,0.26806502014066,0.160930368981928,0.160077057692081
823,0.633503788623644,0.301887051542692,0.325551793923222,0.267121556704060,0.198109430350217,0.149469410107982
886,0.629089586309926,0.248659484023583,0.266179795115631,0.228656878414890,0.162677834203278,0.162677834203278
754,0.613173084606865,0.275669606701894,0.266179795115631,0.245075200706715,0.197424363331222,0.165869963138432
726,0.606971725447777,0.216509434133377,0.228656878414890,0.192741366843982,0.150148946700048,0.200188610986799
762,0.633503788623644,0.23033379664679,0.206639944148685,0.252283020211930,0.140279459933373,0.196743303664015
762,0.622020658211421,0.304834801321944,0.275669606701894,0.32950458986508,0.203733362812729,0.188255890082703
788,0.654654294039608,0.279506090033501,0.264301525715948,0.238033800236652,0.192088479379025,0.189517281185082
756,0.633503788623644,0.260567046745838,0.218876016213984,0.200188610986799,0.175435913518267,0.140279459933373
406,0.434198112267997,0.222891426963376,0.179875784505171,0.259638241659144,0.181025063276694,0.181605650010004
369,0.416179118323367,0.170233153496669,0.240653643199231,0.140279459933373,0.158822198286243,0.140279459933373
640,0.587433883900336,0.338394673319409,0.310742219942023,0.331480818156256,0.210360301592275,0.155619579790919
657,0.593658802575914,0.219672052767678,0.249561781327291,0.174898448025698,0.176522456496951,0.162677834203278
312,0.440791745314472,0.179307075461499,0.164480729737195,0.196743303664015,0.163123316426449,0.144720505822661
179,0.518295090270738,0.140279459933373,0.167772573247934,0.178181472416481,0.154470991130581,0.187010622123131
756,0.587433883900336,0.245967461561916,0.217294683481912,0.281431899695417,0.156008702799071,0.209608564537159
747,0.63703309779987,0.235439936165745,0.227823271636467,0.243298519444439,0.140279459933373,0.158410531669826
783,0.618483198986599,0.261497815323131,0.237166246337142,0.255024990396885,0.140279459933373,0.177071557205383
871,0.656414246618719,0.285297304030371,0.229493730258852,0.297964434643167,0.164940248736627,0.172787005806565
885,0.593658802575914,0.296006914761259,0.266179795115631,0.208116557082828,0.191439626593958,0.143552645462116
714,0.611401966215199,0.274713840722163,0.267121556704060,0.261497815323131,0.203016510694019,0.16634019279706
875,0.648491465815105,0.262430509724191,0.205907447843523,0.270905253648299,0.148143904307162,0.187010622123131
778,0.65201365997105,0.281431899695417,0.213405068833102,0.287236372741756,0.174898448025698,0.182190212262849
717,0.621136485069615,0.227823271636467,0.245075200706715,0.232872971194181,0.198109430350217,0.195393227873188
913,0.615828741507218,0.231177046607856,0.260567046745838,0.215727826366646,0.168745733831007,0.140279459933373
692,0.611401966215199,0.252283020211930,0.224521889216861,0.26806502014066,0.164480729737195,0.165869963138432
732,0.609630293401202,0.245967461561916,0.255024990396885,0.226165913043895,0.160930368981928,0.140279459933373
808,0.644967683931748,0.301887051542692,0.275669606701894,0.291125967010989,0.141873944585676,0.173835068385563
377,0.432309844864813,0.183967824035887,0.169237834303805,0.214175622695954,0.145928733232941,0.177071557205383
709,0.615828741507218,0.214949882112267,0.185781454960399,0.182778757451073,0.162677834203278,0.152618104976752
193,0.57585075439854,0.150148946700048,0.152982630801945,0.192741366843982,0.149133866930996,0.194724220966719
754,0.630855615748439,0.232872971194181,0.180448444205294,0.213405068833102,0.164480729737195,0.161797245314680
725,0.647610671197383,0.265239772398733,0.249561781327291,0.237166246337142,0.173309128978783,0.191439626593958
826,0.605198627992826,0.227823271636467,0.232872971194181,0.222081350052879,0.149133866930996,0.175977245746161
762,0.638797087949753,0.240653643199231,0.216509434133377,0.251373586915138,0.154094323280450,0.154094323280450
759,0.619367756469412,0.254108759679802,0.253194757033311,0.254108759679802,0.151897993103576,0.158822198286243
731,0.598988114480156,0.219672052767678,0.226165913043895,0.221274744825972,0.140279459933373,0.140279459933373
700,0.602537880906253,0.245075200706715,0.229493730258852,0.244185541162083,0.187010622123131,0.140279459933373
802,0.644086484322101,0.250466494772263,0.231177046607856,0.267121556704060,0.174364837136968,0.140279459933373
698,0.601650667029677,0.237166246337142,0.26336509235663,0.211875157547888,0.183371292540019,0.192088479379025
772,0.631738455286738,0.270905253648299,0.270905253648299,0.172787005806565,0.182778757451073,0.140279459933373
861,0.65113325749733,0.255943411389996,0.277585234113443,0.259638241659144,0.177624558944457,0.140279459933373
715,0.626439652176295,0.270905253648299,0.238033800236652,0.26806502014066,0.196066256873814,0.151897993103576
647,0.604311860230174,0.208860644258667,0.219672052767678,0.238033800236652,0.140279459933373,0.209608564537159
595,0.600763302119727,0.26806502014066,0.261497815323131,0.257786672914962,0.197424363331222,0.184568357977156
739,0.617598511353537,0.196743303664015,0.226165913043895,0.243298519444439,0.148801114525785,0.154470991130581
878,0.62555609967103,0.248659484023583,0.245967461561916,0.252283020211930,0.140279459933373,0.168257318749387
729,0.655534316836593,0.26806502014066,0.237166246337142,0.265239772398733,0.141066417195949,0.165403320798019
371,0.431364974573073,0.148801114525785,0.203733362812729,0.170233153496669,0.152618104976752,0.140279459933373
811,0.617598511353537,0.271855157449252,0.270905253648299,0.218083551882790,0.157195124574254,0.140279459933373
671,0.595435874427052,0.177071557205383,0.223704949036996,0.237166246337142,0.140279459933373,0.169733635746363
785,0.661691913619881,0.295029198942614,0.269956905233921,0.269956905233921,0.154470991130581,0.160502026996677
719,0.603424944919196,0.241532534498303,0.234581247743386,0.214175622695954,0.140279459933373,0.186394027664835
154,0.44923503724365,0.142702524367706,0.192088479379025,0.161362102255135,0.152256565618780,0.150492979148870
819,0.600763302119727,0.283362392853609,0.26336509235663,0.26336509235663,0.151897993103576,0.169733635746363
763,0.628206394540431,0.267121556704060,0.238904240888872,0.242414171861771,0.153350162717428,0.202303599215116
427,0.423788147113161,0.169237834303805,0.168257318749387,0.191439626593958,0.156008702799071,0.140279459933373
756,0.638797087949753,0.284329312589461,0.262430509724191,0.270905253648299,0.189517281185082,0.160930368981928
756,0.627323083479833,0.255024990396885,0.249561781327291,0.211875157547888,0.180448444205294,0.140279459933373
682,0.606971725447777,0.23977753355553,0.228656878414890,0.255024990396885,0.174364837136968,0.167772573247934
820,0.643205181411445,0.284329312589461,0.270905253648299,0.252283020211930,0.194059239855938,0.201594638931909
883,0.607858057407542,0.245967461561916,0.255024990396885,0.231177046607856,0.196066256873814,0.190794809258731
177,0.534585290557682,0.140279459933373,0.170233153496669,0.152982630801945,0.140279459933373,0.140279459933373
265,0.658173830133798,0.253194757033311,0.203733362812729,0.286266334773665,0.258711437790672,0.164024746412181
295,0.476195411202944,0.219672052767678,0.202303599215116,0.204454144375473,0.179307075461499,0.159655442358187
419,0.444549008408857,0.155619579790919,0.179875784505171,0.191439626593958,0.140279459933373,0.153350162717428
749,0.634386284250911,0.326539995183568,0.314687276192053,0.330492731245164,0.202303599215116,0.188884569174318
385,0.446424815327873,0.200188610986799,0.187010622123131,0.26336509235663,0.140279459933373,0.140279459933373
703,0.629972659733243,0.242414171861771,0.210360301592275,0.231177046607856,0.181605650010004,0.159655442358187
754,0.626439652176295,0.23977753355553,0.241532534498303,0.238904240888872,0.180448444205294,0.177624558944457
808,0.630855615748439,0.232023448734304,0.185781454960399,0.281431899695417,0.164940248736627,0.188884569174318
685,0.613173084606865,0.245075200706715,0.222081350052879,0.258711437790672,0.158002143279100,0.177071557205383
160,0.463225147278761,0.160077057692081,0.149807763529887,0.206639944148685,0.140279459933373,0.140279459933373
181,0.546296562840502,0.140279459933373,0.140279459933373,0.202303599215116,0.140279459933373,0.144131604573628
723,0.597212308466731,0.206639944148685,0.205907447843523,0.226165913043895,0.140279459933373,0.146548361254107
806,0.613173084606865,0.245075200706715,0.238904240888872,0.221274744825972,0.178181472416481,0.140279459933373
769,0.617598511353537,0.216509434133377,0.233725581744281,0.245075200706715,0.171243398019944,0.140279459933373
672,0.601650667029677,0.247759640188542,0.245967461561916,0.222891426963376,0.200188610986799,0.195393227873188
758,0.61405843859737,0.222891426963376,0.26336509235663,0.201594638931909,0.178742307944130,0.154094323280450
778,0.604311860230174,0.266179795115631,0.280468392646033,0.208116557082828,0.156796455796649,0.160077057692081
690,0.600763302119727,0.272806580486754,0.250466494772263,0.312714190948075,0.179307075461499,0.146862120354825
742,0.629972659733243,0.23977753355553,0.225342219919308,0.253194757033311,0.146862120354825,0.189517281185082
725,0.622020658211421,0.242414171861771,0.222081350052879,0.262430509724191,0.160077057692081,0.144720505822661
803,0.631738455286738,0.270905253648299,0.262430509724191,0.266179795115631,0.179307075461499,0.198798498578782
754,0.611401966215199,0.242414171861771,0.245967461561916,0.251373586915138,0.150492979148870,0.140279459933373
845,0.629089586309926,0.264301525715948,0.259638241659144,0.262430509724191,0.196066256873814,0.168745733831007
836,0.637915147508898,0.254108759679802,0.246862287018223,0.232023448734304,0.164940248736627,0.170736402643872
263,0.41331732873535,0.182778757451073,0.214949882112267,0.181605650010004,0.148471133452426,0.150839880430613
649,0.639678919993987,0.220471637257467,0.203733362812729,0.242414171861771,0.158822198286243,0.16634019279706
836,0.649372161207369,0.267121556704060,0.238033800236652,0.313700605163659,0.140279459933373,0.175435913518267
816,0.628206394540431,0.253194757033311,0.205178843545358,0.272806580486754,0.189517281185082,0.164024746412181
846,0.66608754581422,0.275669606701894,0.260567046745838,0.258711437790672,0.185172899926102,0.157597013980819
764,0.618483198986599,0.269956905233921,0.199491561253654,0.278545025785751,0.201594638931909,0.208860644258667
794,0.640560644506718,0.269010148553487,0.222891426963376,0.221274744825972,0.140279459933373,0.140279459933373
728,0.618483198986599,0.242414171861771,0.219672052767678,0.283362392853609,0.147497624383717,0.181605650010004
776,0.633503788623644,0.247759640188542,0.269956905233921,0.226992939983781,0.174364837136968,0.140279459933373
173,0.492757675678563,0.140279459933373,0.192088479379025,0.192088479379025,0.140279459933373,0.187631241909896
895,0.618483198986599,0.259638241659144,0.241532534498303,0.232023448734304,0.174364837136968,0.140279459933373
793,0.635268667058686,0.281431899695417,0.249561781327291,0.282396577544332,0.156400988328558,0.156400988328558
707,0.615828741507218,0.253194757033311,0.235439936165745,0.215727826366646,0.187631241909896,0.170736402643872
728,0.63703309779987,0.253194757033311,0.229493730258852,0.304834801321944,0.156400988328558,0.140279459933373
705,0.609630293401202,0.221274744825972,0.226165913043895,0.238033800236652,0.192741366843982,0.160930368981928
728,0.61494365721071,0.232023448734304,0.209608564537159,0.231177046607856,0.172268685450245,0.140279459933373
826,0.630855615748439,0.322587416871138,0.280468392646033,0.285297304030371,0.165869963138432,0.23033379664679
678,0.601650667029677,0.237166246337142,0.223704949036996,0.229493730258852,0.155619579790919,0.173835068385563
754,0.648491465815105,0.236301613614802,0.245967461561916,0.228656878414890,0.178742307944130,0.185172899926102
507,0.442671323317129,0.150839880430613,0.161362102255135,0.207376318697083,0.140279459933373,0.140279459933373
655,0.59099197716754,0.237166246337142,0.224521889216861,0.243298519444439,0.189517281185082,0.156008702799071
467,0.460435073421994,0.192741366843982,0.200889639762023,0.168257318749387,0.190154027575454,0.159237162188545
680,0.57763477259731,0.238033800236652,0.252283020211930,0.275669606701894,0.181025063276694,0.16634019279706
668,0.61494365721071,0.238033800236652,0.238033800236652,0.201594638931909,0.175435913518267,0.163123316426449
777,0.659053485350326,0.276626749501763,0.247759640188542,0.242414171861771,0.145018731380577,0.140279459933373
165,0.493674279807102,0.150492979148870,0.150492979148870,0.215727826366646,0.156400988328558,0.147497624383717
170,0.525546453481271,0.140279459933373,0.140279459933373,0.203016510694019,0.158410531669826,0.140279459933373
711,0.629089586309926,0.211875157547888,0.232872971194181,0.172268685450245,0.154470991130581,0.140279459933373
883,0.669602528491819,0.264301525715948,0.218083551882790,0.278545025785751,0.156400988328558,0.210360301592275
694,0.623788627185174,0.226992939983781,0.23033379664679,0.26806502014066,0.140279459933373,0.140279459933373
738,0.640560644506718,0.342342090635241,0.300905518027404,0.332468835480985,0.182778757451073,0.220471637257467
749,0.621136485069615,0.233725581744281,0.269956905233921,0.23977753355553,0.160077057692081,0.140279459933373
655,0.603424944919196,0.212638240623736,0.243298519444439,0.170736402643872,0.180448444205294,0.140279459933373
378,0.428527399760189,0.150492979148870,0.140279459933373,0.242414171861771,0.140279459933373,0.208860644258667
770,0.633503788623644,0.290152214217331,0.275669606701894,0.304834801321944,0.171754154191287,0.140279459933373
502,0.646729776551258,0.264301525715948,0.237166246337142,0.274713840722163,0.191439626593958,0.192741366843982
363,0.423788147113161,0.186394027664835,0.150492979148870,0.206639944148685,0.182778757451073,0.140279459933373
652,0.599875784998553,0.214949882112267,0.192741366843982,0.252283020211930,0.152982630801945,0.187010622123131
874,0.647610671197383,0.271855157449252,0.259638241659144,0.226992939983781,0.152256565618780,0.205178843545358
845,0.621136485069615,0.269956905233921,0.236301613614802,0.277585234113443,0.177624558944457,0.192088479379025
681,0.632621179272578,0.250466494772263,0.261497815323131,0.173835068385563,0.208860644258667,0.154094323280450
874,0.669602528491819,0.280468392646033,0.205178843545358,0.277585234113443,0.16634019279706,0.196743303664015
873,0.658173830133798,0.283362392853609,0.269010148553487,0.256863984839407,0.179875784505171,0.150492979148870
678,0.596324170558622,0.296985336054750,0.245967461561916,0.274713840722163,0.245075200706715,0.154850743467635
788,0.644086484322101,0.272806580486754,0.232023448734304,0.269010148553487,0.200188610986799,0.165403320798019
209,0.620252184825136,0.185172899926102,0.184568357977156,0.302869127130412,0.140279459933373,0.153350162717428
851,0.636150937944643,0.26336509235663,0.218083551882790,0.266179795115631,0.140279459933373,0.140279459933373
691,0.633503788623644,0.226992939983781,0.214175622695954,0.197424363331222,0.158822198286243,0.164940248736627
788,0.623788627185174,0.217294683481912,0.245075200706715,0.229493730258852,0.156008702799071,0.189517281185082
672,0.588323660284695,0.259638241659144,0.262430509724191,0.208116557082828,0.181025063276694,0.164480729737195
831,0.619367756469412,0.258711437790672,0.283362392853609,0.201594638931909,0.152618104976752,0.141066417195949
762,0.61405843859737,0.254108759679802,0.264301525715948,0.196743303664015,0.152256565618780,0.198798498578782
217,0.453909567952752,0.177624558944457,0.206639944148685,0.173309128978783,0.164480729737195,0.140279459933373
800,0.631738455286738,0.269956905233921,0.232872971194181,0.280468392646033,0.168745733831007,0.168745733831007
660,0.583873056414207,0.220471637257467,0.221274744825972,0.203733362812729,0.142702524367706,0.187631241909896
922,0.61494365721071,0.242414171861771,0.251373586915138,0.221274744825972,0.160077057692081,0.140279459933373
892,0.649372161207369,0.26806502014066,0.247759640188542,0.280468392646033,0.183371292540019,0.178181472416481
438,0.431364974573073,0.165869963138432,0.192088479379025,0.200188610986799,0.142423961905656,0.160077057692081
899,0.650252758171119,0.275669606701894,0.256863984839407,0.204454144375473,0.196066256873814,0.170736402643872
158,0.464154311336516,0.156008702799071,0.171754154191287,0.219672052767678,0.140279459933373,0.143552645462116
583,0.566919113760625,0.243298519444439,0.237166246337142,0.223704949036996,0.148471133452426,0.155619579790919
607,0.534585290557682,0.266179795115631,0.252283020211930,0.238033800236652,0.175977245746161,0.154470991130581
328,0.444549008408857,0.205178843545358,0.205178843545358,0.184568357977156,0.182778757451073,0.160930368981928
573,0.600763302119727,0.251373586915138,0.226165913043895,0.292100571713878,0.143552645462116,0.140279459933373
901,0.61405843859737,0.301887051542692,0.254108759679802,0.275669606701894,0.148143904307162,0.149469410107982
198,0.572280442910804,0.157597013980819,0.145928733232941,0.23033379664679,0.140279459933373,0.140279459933373
768,0.609630293401202,0.208116557082828,0.222081350052879,0.240653643199231,0.171754154191287,0.171754154191287
600,0.557070755717787,0.198109430350217,0.207376318697083,0.196743303664015,0.143266847840142,0.144131604573628
352,0.432309844864813,0.171243398019944,0.226165913043895,0.151189670120080,0.173835068385563,0.144424803121843
849,0.641442262346675,0.288207386188063,0.264301525715948,0.26336509235663,0.165869963138432,0.145018731380577
719,0.609630293401202,0.235439936165745,0.241532534498303,0.220471637257467,0.194724220966719,0.140279459933373
810,0.665208590906176,0.269010148553487,0.273759486818862,0.199491561253654,0.16357228121085,0.151189670120080
398,0.423788147113161,0.154470991130581,0.157195124574254,0.203016510694019,0.140279459933373,0.152618104976752
547,0.58030940985411,0.314687276192053,0.264301525715948,0.290152214217331,0.177624558944457,0.154094323280450
751,0.629972659733243,0.240653643199231,0.261497815323131,0.241532534498303,0.177624558944457,0.140801836156987
645,0.59454741884471,0.207376318697083,0.202303599215116,0.257786672914962,0.140279459933373,0.166814026627726
317,0.416179118323367,0.182190212262849,0.208860644258667,0.194059239855938,0.168745733831007,0.140279459933373
746,0.620252184825136,0.266179795115631,0.242414171861771,0.261497815323131,0.148471133452426,0.173309128978783
763,0.659933050519219,0.277585234113443,0.283362392853609,0.237166246337142,0.172787005806565,0.158002143279100
859,0.652893966371437,0.264301525715948,0.221274744825972,0.280468392646033,0.152982630801945,0.182190212262849
909,0.644967683931748,0.305818349289740,0.249561781327291,0.288207386188063,0.182190212262849,0.195393227873188
721,0.598100289370352,0.23977753355553,0.245967461561916,0.208116557082828,0.140279459933373,0.182778757451073
676,0.604311860230174,0.205178843545358,0.206639944148685,0.187010622123131,0.140279459933373,0.148143904307162
752,0.622020658211421,0.258711437790672,0.242414171861771,0.205907447843523,0.161362102255135,0.149469410107982
764,0.603424944919196,0.234581247743386,0.261497815323131,0.169733635746363,0.140279459933373,0.140279459933373
165,0.491840713366392,0.156796455796649,0.168745733831007,0.181605650010004,0.169237834303805,0.189517281185082
884,0.61494365721071,0.256863984839407,0.273759486818862,0.279506090033501,0.141602453589765,0.140279459933373
835,0.645848781067736,0.267121556704060,0.246862287018223,0.204454144375473,0.203016510694019,0.182778757451073
778,0.624672424998259,0.248659484023583,0.256863984839407,0.23977753355553,0.157597013980819,0.167291481291287
794,0.623788627185174,0.242414171861771,0.260567046745838,0.247759640188542,0.170233153496669,0.187631241909896
778,0.63703309779987,0.256863984839407,0.235439936165745,0.245967461561916,0.146862120354825,0.179875784505171
679,0.571387382661058,0.233725581744281,0.244185541162083,0.228656878414890,0.157597013980819,0.199491561253654
373,0.478964395469008,0.190794809258731,0.213405068833102,0.165869963138432,0.164480729737195,0.183967824035887
790,0.618483198986599,0.238904240888872,0.255024990396885,0.174898448025698,0.171754154191287,0.181605650010004
768,0.630855615748439,0.235439936165745,0.23977753355553,0.253194757033311,0.158822198286243,0.173309128978783
784,0.606085249352797,0.253194757033311,0.286266334773665,0.224521889216861,0.171754154191287,0.140279459933373
714,0.623788627185174,0.250466494772263,0.219672052767678,0.259638241659144,0.140279459933373,0.142147774681471
794,0.606971725447777,0.224521889216861,0.204454144375473,0.211115838461421,0.191439626593958,0.145319498566922
707,0.623788627185174,0.222081350052879,0.196743303664015,0.269010148553487,0.150148946700048,0.157597013980819
326,0.440791745314472,0.178181472416481,0.140279459933373,0.226992939983781,0.147819407725247,0.152618104976752
157,0.459504181093247,0.140279459933373,0.166814026627726,0.149133866930996,0.145319498566922,0.140279459933373
866,0.63703309779987,0.245967461561916,0.219672052767678,0.262430509724191,0.140279459933373,0.200889639762023
1010,0.635268667058686,0.290152214217331,0.23033379664679,0.302869127130412,0.183967824035887,0.199491561253654
376,0.437968797820157,0.158410531669826,0.169237834303805,0.200188610986799,0.140279459933373,0.153720720340875
755,0.627323083479833,0.227823271636467,0.219672052767678,0.218876016213984,0.164940248736627,0.140279459933373
777,0.602537880906253,0.241532534498303,0.269010148553487,0.222081350052879,0.168745733831007,0.160930368981928
687,0.57585075439854,0.220471637257467,0.194059239855938,0.238904240888872,0.149807763529887,0.156796455796649
582,0.58030940985411,0.219672052767678,0.245075200706715,0.200188610986799,0.156796455796649,0.182190212262849
589,0.65201365997105,0.397976414823837,0.343328438016707,0.358090854945044,0.219672052767678,0.185172899926102
540,0.592770024376564,0.258711437790672,0.218876016213984,0.266179795115631,0.181605650010004,0.172268685450245
660,0.616713692539713,0.228656878414890,0.184568357977156,0.250466494772263,0.161797245314680,0.167291481291287
763,0.610516199655431,0.218876016213984,0.247759640188542,0.253194757033311,0.140279459933373,0.211875157547888
846,0.633503788623644,0.247759640188542,0.256863984839407,0.232872971194181,0.167772573247934,0.169733635746363
932,0.61494365721071,0.244185541162083,0.211875157547888,0.257786672914962,0.187010622123131,0.205907447843523
642,0.606085249352797,0.197424363331222,0.173835068385563,0.276626749501763,0.146862120354825,0.192088479379025
303,0.453909567952752,0.16357228121085,0.177071557205383,0.164940248736627,0.156796455796649,0.147178535004063
805,0.647610671197383,0.278545025785751,0.245075200706715,0.246862287018223,0.161797245314680,0.179307075461499
734,0.621136485069615,0.218876016213984,0.240653643199231,0.234581247743386,0.140279459933373,0.153720720340875
881,0.600763302119727,0.255024990396885,0.219672052767678,0.261497815323131,0.145928733232941,0.16634019279706
701,0.619367756469412,0.247759640188542,0.232872971194181,0.232872971194181,0.145928733232941,0.189517281185082
811,0.645848781067736,0.273759486818862,0.257786672914962,0.269956905233921,0.16357228121085,0.140279459933373
603,0.633503788623644,0.266179795115631,0.253194757033311,0.197424363331222,0.187010622123131,0.140279459933373
690,0.572280442910804,0.231177046607856,0.216509434133377,0.255943411389996,0.164024746412181,0.170736402643872
809,0.585653817185493,0.26806502014066,0.274713840722163,0.205907447843523,0.217294683481912,0.208116557082828
208,0.592770024376564,0.140801836156987,0.140279459933373,0.214949882112267,0.140279459933373,0.147497624383717
774,0.606971725447777,0.245967461561916,0.26336509235663,0.220471637257467,0.140279459933373,0.140279459933373
963,0.623788627185174,0.26336509235663,0.252283020211930,0.261497815323131,0.177071557205383,0.140279459933373
828,0.622020658211421,0.257786672914962,0.245967461561916,0.191439626593958,0.140279459933373,0.220471637257467
879,0.631738455286738,0.281431899695417,0.277585234113443,0.234581247743386,0.216509434133377,0.199491561253654
353,0.431364974573073,0.140279459933373,0.188255890082703,0.189517281185082,0.140279459933373,0.160077057692081
714,0.613173084606865,0.211875157547888,0.219672052767678,0.238904240888872,0.143266847840142,0.175435913518267
330,0.447362019176649,0.164940248736627,0.140279459933373,0.196066256873814,0.164940248736627,0.140279459933373
789,0.604311860230174,0.253194757033311,0.219672052767678,0.232023448734304,0.143552645462116,0.140279459933373
726,0.62555609967103,0.278545025785751,0.270905253648299,0.278545025785751,0.200188610986799,0.179307075461499
757,0.57763477259731,0.287236372741756,0.232023448734304,0.288207386188063,0.140279459933373,0.156796455796649
946,0.634386284250911,0.280468392646033,0.246862287018223,0.234581247743386,0.182778757451073,0.182778757451073
359,0.430419611243593,0.175435913518267,0.140279459933373,0.223704949036996,0.140279459933373,0.142702524367706
822,0.639678919993987,0.255943411389996,0.231177046607856,0.257786672914962,0.180448444205294,0.140279459933373
603,0.606971725447777,0.390256851013871,0.368866547920421,0.343328438016707,0.285297304030371,0.241532534498303
868,0.672237905577799,0.274713840722163,0.255024990396885,0.264301525715948,0.214175622695954,0.177624558944457
893,0.631738455286738,0.267121556704060,0.279506090033501,0.229493730258852,0.145319498566922,0.152256565618780
860,0.636150937944643,0.256863984839407,0.205178843545358,0.308771540986705,0.144720505822661,0.164480729737195
754,0.611401966215199,0.245075200706715,0.227823271636467,0.182190212262849,0.160077057692081,0.191439626593958
819,0.642323774366231,0.368866547920421,0.379590352485876,0.331480818156256,0.255943411389996,0.214175622695954
797,0.639678919993987,0.300905518027404,0.218876016213984,0.319623752397046,0.146862120354825,0.182190212262849
730,0.617598511353537,0.214175622695954,0.194724220966719,0.171243398019944,0.142702524367706,0.140279459933373
740,0.62555609967103,0.286266334773665,0.257786672914962,0.251373586915138,0.194059239855938,0.229493730258852
772,0.627323083479833,0.266179795115631,0.246862287018223,0.231177046607856,0.173835068385563,0.206639944148685
386,0.430419611243593,0.200889639762023,0.195393227873188,0.187010622123131,0.156400988328558,0.140279459933373
880,0.63703309779987,0.258711437790672,0.269010148553487,0.205907447843523,0.187010622123131,0.199491561253654
804,0.645848781067736,0.243298519444439,0.257786672914962,0.267121556704060,0.159655442358187,0.197424363331222
616,0.619367756469412,0.257786672914962,0.222891426963376,0.26806502014066,0.140279459933373,0.187010622123131
664,0.579418047575081,0.267121556704060,0.210360301592275,0.221274744825972,0.182778757451073,0.174364837136968
773,0.637915147508898,0.276626749501763,0.279506090033501,0.168745733831007,0.187010622123131,0.160930368981928
781,0.615828741507218,0.241532534498303,0.246862287018223,0.241532534498303,0.168745733831007,0.178181472416481
299,0.714317311421552,0.260567046745838,0.214949882112267,0.378617765257579,0.395085382089401,0.252283020211930
730,0.622020658211421,0.223704949036996,0.231177046607856,0.201594638931909,0.172268685450245,0.152618104976752
341,0.44923503724365,0.175435913518267,0.185781454960399,0.195393227873188,0.151897993103576,0.147819407725247
559,0.61405843859737,0.260567046745838,0.211115838461421,0.233725581744281,0.159655442358187,0.201594638931909
781,0.638797087949753,0.250466494772263,0.215727826366646,0.208116557082828,0.16357228121085,0.140279459933373
166,0.484491855840873,0.150839880430613,0.180448444205294,0.204454144375473,0.16357228121085,0.177071557205383
816,0.62555609967103,0.252283020211930,0.256863984839407,0.219672052767678,0.169237834303805,0.183371292540019
766,0.622904705251892,0.279506090033501,0.300905518027404,0.221274744825972,0.207376318697083,0.140279459933373
748,0.628206394540431,0.231177046607856,0.233725581744281,0.252283020211930,0.141873944585676,0.218083551882790
819,0.648491465815105,0.200188610986799,0.217294683481912,0.23033379664679,0.140279459933373,0.177071557205383
698,0.641442262346675,0.221274744825972,0.265239772398733,0.178181472416481,0.196066256873814,0.163123316426449
685,0.609630293401202,0.23033379664679,0.248659484023583,0.235439936165745,0.147819407725247,0.165403320798019
790,0.642323774366231,0.267121556704060,0.272806580486754,0.244185541162083,0.187010622123131,0.175977245746161
380,0.455776216619560,0.207376318697083,0.231177046607856,0.220471637257467,0.156796455796649,0.198109430350217
805,0.655534316836593,0.271855157449252,0.251373586915138,0.250466494772263,0.193398287644562,0.155233599845476
609,0.620252184825136,0.205907447843523,0.226165913043895,0.225342219919308,0.142147774681471,0.140279459933373
341,0.451106215483896,0.173309128978783,0.188255890082703,0.154470991130581,0.187010622123131,0.150492979148870
817,0.610516199655431,0.214175622695954,0.196743303664015,0.240653643199231,0.167291481291287,0.179307075461499
798,0.628206394540431,0.269010148553487,0.266179795115631,0.260567046745838,0.236301613614802,0.190794809258731
658,0.617598511353537,0.219672052767678,0.221274744825972,0.254108759679802,0.140279459933373,0.149469410107982
855,0.609630293401202,0.251373586915138,0.208116557082828,0.220471637257467,0.189517281185082,0.161362102255135
923,0.696802403180819,0.278545025785751,0.273759486818862,0.252283020211930,0.174898448025698,0.147497624383717
623,0.639678919993987,0.224521889216861,0.191439626593958,0.254108759679802,0.157597013980819,0.194059239855938
884,0.662571212990782,0.242414171861771,0.262430509724191,0.255024990396885,0.140279459933373,0.156400988328558
686,0.606085249352797,0.238904240888872,0.233725581744281,0.278545025785751,0.181025063276694,0.140279459933373
663,0.619367756469412,0.217294683481912,0.187631241909896,0.234581247743386,0.170233153496669,0.140279459933373
631,0.598988114480156,0.218876016213984,0.252283020211930,0.242414171861771,0.181605650010004,0.14298348025674
735,0.622020658211421,0.190794809258731,0.191439626593958,0.255943411389996,0.142423961905656,0.150839880430613
759,0.649372161207369,0.271855157449252,0.255943411389996,0.266179795115631,0.198109430350217,0.198798498578782
713,0.615828741507218,0.284329312589461,0.281431899695417,0.283362392853609,0.196743303664015,0.164940248736627
854,0.602537880906253,0.303851718893881,0.315674182764382,0.251373586915138,0.196066256873814,0.205907447843523
774,0.61405843859737,0.228656878414890,0.220471637257467,0.233725581744281,0.168257318749387,0.140279459933373
662,0.482650905054512,0.223704949036996,0.232023448734304,0.212638240623736,0.164024746412181,0.173835068385563
766,0.643205181411445,0.260567046745838,0.237166246337142,0.252283020211930,0.177624558944457,0.140801836156987
668,0.620252184825136,0.289179343702615,0.222081350052879,0.281431899695417,0.158410531669826,0.170233153496669
731,0.629089586309926,0.275669606701894,0.246862287018223,0.208116557082828,0.178181472416481,0.140279459933373
751,0.608744246353995,0.216509434133377,0.216509434133377,0.190154027575454,0.162235816543637,0.164480729737195
824,0.636150937944643,0.255024990396885,0.266179795115631,0.261497815323131,0.143840891542185,0.177071557205383
732,0.620252184825136,0.248659484023583,0.265239772398733,0.142702524367706,0.162677834203278,0.158002143279100
786,0.636150937944643,0.238033800236652,0.235439936165745,0.218876016213984,0.152256565618780,0.163123316426449
325,0.457641082102348,0.173309128978783,0.188255890082703,0.217294683481912,0.140279459933373,0.148471133452426
730,0.646729776551258,0.240653643199231,0.249561781327291,0.23033379664679,0.169237834303805,0.193398287644562
678,0.606971725447777,0.206639944148685,0.225342219919308,0.23033379664679,0.145018731380577,0.152618104976752
460,0.450170855356869,0.171754154191287,0.190794809258731,0.190794809258731,0.140279459933373,0.148801114525785
833,0.628206394540431,0.23033379664679,0.261497815323131,0.186394027664835,0.178181472416481,0.170233153496669
703,0.587433883900336,0.214949882112267,0.171754154191287,0.251373586915138,0.155233599845476,0.140279459933373
703,0.57763477259731,0.260567046745838,0.206639944148685,0.267121556704060,0.171243398019944,0.140279459933373
846,0.638797087949753,0.277585234113443,0.216509434133377,0.281431899695417,0.179307075461499,0.167772573247934
705,0.633503788623644,0.245075200706715,0.214175622695954,0.238033800236652,0.147178535004063,0.142147774681471
517,0.664329550930648,0.292100571713878,0.207376318697083,0.297964434643167,0.198109430350217,0.160502026996677
477,0.673994424070159,0.296006914761259,0.251373586915138,0.274713840722163,0.261497815323131,0.183371292540019
311,0.431364974573073,0.190794809258731,0.182778757451073,0.211875157547888,0.158410531669826,0.157195124574254
290,0.571387382661058,0.283362392853609,0.167772573247934,0.487250452013843,0.533682626160806,0.354161056920203
758,0.609630293401202,0.271855157449252,0.288207386188063,0.253194757033311,0.193398287644562,0.145018731380577
388,0.435141512434088,0.187631241909896,0.192741366843982,0.219672052767678,0.140279459933373,0.140279459933373
771,0.634386284250911,0.267121556704060,0.23977753355553,0.312714190948075,0.140279459933373,0.165403320798019
663,0.613173084606865,0.207376318697083,0.214949882112267,0.262430509724191,0.153720720340875,0.140279459933373
371,0.450170855356869,0.179875784505171,0.196743303664015,0.181025063276694,0.141873944585676,0.140279459933373
782,0.659933050519219,0.261497815323131,0.265239772398733,0.190794809258731,0.200188610986799,0.154470991130581
899,0.644967683931748,0.257786672914962,0.252283020211930,0.274713840722163,0.170736402643872,0.159655442358187
789,0.644967683931748,0.214949882112267,0.246862287018223,0.232023448734304,0.157597013980819,0.167772573247934
689,0.59454741884471,0.226165913043895,0.206639944148685,0.264301525715948,0.140279459933373,0.158002143279100
690,0.602537880906253,0.215727826366646,0.142423961905656,0.288207386188063,0.149133866930996,0.172787005806565
360,0.464154311336516,0.151189670120080,0.188255890082703,0.180448444205294,0.140279459933373,0.178181472416481
1022,0.61494365721071,0.238904240888872,0.238033800236652,0.273759486818862,0.218083551882790,0.205907447843523
807,0.648491465815105,0.269956905233921,0.260567046745838,0.265239772398733,0.154470991130581,0.140279459933373
788,0.661691913619881,0.259638241659144,0.269010148553487,0.233725581744281,0.142147774681471,0.215727826366646
740,0.615828741507218,0.274713840722163,0.229493730258852,0.291125967010989,0.140279459933373,0.164480729737195
388,0.466939252082330,0.204454144375473,0.165869963138432,0.229493730258852,0.158410531669826,0.190794809258731
587,0.620252184825136,0.243298519444439,0.191439626593958,0.256863984839407,0.184568357977156,0.140279459933373
603,0.604311860230174,0.233725581744281,0.238033800236652,0.211115838461421,0.179307075461499,0.144131604573628
779,0.638797087949753,0.266179795115631,0.211115838461421,0.278545025785751,0.164940248736627,0.140279459933373
868,0.642323774366231,0.289179343702615,0.242414171861771,0.26806502014066,0.170736402643872,0.190154027575454
314,0.44923503724365,0.160077057692081,0.221274744825972,0.196743303664015,0.152982630801945,0.140279459933373
769,0.61405843859737,0.247759640188542,0.218876016213984,0.261497815323131,0.140279459933373,0.154470991130581
632,0.621136485069615,0.241532534498303,0.251373586915138,0.209608564537159,0.162235816543637,0.148143904307162
676,0.583873056414207,0.187631241909896,0.160077057692081,0.220471637257467,0.163123316426449,0.140279459933373
824,0.617598511353537,0.235439936165745,0.233725581744281,0.194724220966719,0.174364837136968,0.212638240623736
777,0.590102705627282,0.214949882112267,0.238904240888872,0.203733362812729,0.164024746412181,0.194724220966719
814,0.581200590507501,0.228656878414890,0.211875157547888,0.226165913043895,0.155619579790919,0.140279459933373
766,0.616713692539713,0.245075200706715,0.283362392853609,0.186394027664835,0.206639944148685,0.140279459933373
775,0.622020658211421,0.265239772398733,0.252283020211930,0.243298519444439,0.171243398019944,0.148471133452426
348,0.442671323317129,0.167291481291287,0.140279459933373,0.205907447843523,0.159237162188545,0.180448444205294
726,0.639678919993987,0.248659484023583,0.216509434133377,0.246862287018223,0.156796455796649,0.140279459933373
709,0.603424944919196,0.258711437790672,0.228656878414890,0.209608564537159,0.179307075461499,0.181025063276694
985,0.648491465815105,0.277585234113443,0.271855157449252,0.254108759679802,0.170233153496669,0.192088479379025
908,0.606971725447777,0.209608564537159,0.175435913518267,0.255943411389996,0.179307075461499,0.194059239855938
843,0.656414246618719,0.250466494772263,0.218876016213984,0.292100571713878,0.140279459933373,0.208116557082828
424,0.444549008408857,0.164940248736627,0.175435913518267,0.209608564537159,0.157195124574254,0.172268685450245
728,0.605198627992826,0.220471637257467,0.245967461561916,0.200889639762023,0.179875784505171,0.162235816543637
728,0.600763302119727,0.26336509235663,0.262430509724191,0.251373586915138,0.194724220966719,0.162677834203278
839,0.643205181411445,0.247759640188542,0.244185541162083,0.250466494772263,0.153350162717428,0.147178535004063
316,0.416179118323367,0.175977245746161,0.179875784505171,0.201594638931909,0.166814026627726,0.146548361254107
659,0.605198627992826,0.233725581744281,0.248659484023583,0.249561781327291,0.16634019279706,0.204454144375473
659,0.610516199655431,0.23033379664679,0.222081350052879,0.217294683481912,0.160502026996677,0.145319498566922
637,0.606085249352797,0.186394027664835,0.218083551882790,0.224521889216861,0.197424363331222,0.154094323280450
800,0.662571212990782,0.233725581744281,0.267121556704060,0.213405068833102,0.170233153496669,0.156008702799071
828,0.636150937944643,0.26806502014066,0.229493730258852,0.251373586915138,0.188255890082703,0.153720720340875
731,0.593658802575914,0.245075200706715,0.253194757033311,0.226992939983781,0.151897993103576,0.166814026627726
313,0.58030940985411,0.305818349289740,0.241532534498303,0.311728055196152,0.219672052767678,0.188884569174318
713,0.610516199655431,0.236301613614802,0.211875157547888,0.219672052767678,0.145622826217966,0.140279459933373
622,0.578526502286961,0.235439936165745,0.214175622695954,0.206639944148685,0.140279459933373,0.167772573247934
866,0.630855615748439,0.266179795115631,0.257786672914962,0.232023448734304,0.181605650010004,0.155233599845476
697,0.598100289370352,0.238033800236652,0.195393227873188,0.23977753355553,0.168257318749387,0.140279459933373
445,0.672237905577799,0.219672052767678,0.267121556704060,0.184568357977156,0.174364837136968,0.153720720340875
215,0.593658802575914,0.373747820375976,0.330492731245164,0.306802338059224,0.181025063276694,0.222891426963376
766,0.631738455286738,0.26336509235663,0.212638240623736,0.270905253648299,0.156008702799071,0.171243398019944
698,0.607858057407542,0.243298519444439,0.224521889216861,0.208116557082828,0.184568357977156,0.161362102255135
776,0.638797087949753,0.270905253648299,0.228656878414890,0.261497815323131,0.185781454960399,0.163123316426449
717,0.623788627185174,0.226165913043895,0.255024990396885,0.23033379664679,0.168257318749387,0.140279459933373
727,0.608744246353995,0.347271459448055,0.343328438016707,0.284329312589461,0.218876016213984,0.178181472416481
625,0.644086484322101,0.220471637257467,0.258711437790672,0.152618104976752,0.195393227873188,0.148143904307162
720,0.630855615748439,0.219672052767678,0.198109430350217,0.235439936165745,0.158822198286243,0.151189670120080
615,0.61494365721071,0.220471637257467,0.191439626593958,0.236301613614802,0.140279459933373,0.164480729737195
802,0.616713692539713,0.210360301592275,0.225342219919308,0.245075200706715,0.149133866930996,0.140279459933373
690,0.604311860230174,0.245075200706715,0.225342219919308,0.207376318697083,0.163123316426449,0.140279459933373
745,0.601650667029677,0.260567046745838,0.228656878414890,0.251373586915138,0.183371292540019,0.140279459933373
673,0.560654953573793,0.200889639762023,0.188255890082703,0.243298519444439,0.152982630801945,0.140279459933373
296,0.425685350085428,0.140279459933373,0.189517281185082,0.181025063276694,0.140279459933373,0.155233599845476
828,0.591881082994116,0.216509434133377,0.176522456496951,0.249561781327291,0.155233599845476,0.162235816543637
726,0.58030940985411,0.293075998312143,0.273759486818862,0.284329312589461,0.305818349289740,0.162235816543637
689,0.606085249352797,0.254108759679802,0.255943411389996,0.198109430350217,0.178742307944130,0.173309128978783
385,0.45297556976512,0.219672052767678,0.147497624383717,0.222891426963376,0.146548361254107,0.173835068385563
750,0.643205181411445,0.313700605163659,0.232872971194181,0.294052217151829,0.178181472416481,0.149469410107982
355,0.468793774829766,0.179875784505171,0.176522456496951,0.218876016213984,0.156008702799071,0.152618104976752
155,0.450170855356869,0.140279459933373,0.210360301592275,0.140279459933373,0.151189670120080,0.140279459933373
723,0.588323660284695,0.224521889216861,0.227823271636467,0.194059239855938,0.144131604573628,0.165403320798019
922,0.663450425192382,0.39604956908159,0.344314559496454,0.304834801321944,0.221274744825972,0.148801114525785
659,0.608744246353995,0.220471637257467,0.253194757033311,0.168257318749387,0.169733635746363,0.174898448025698
762,0.665208590906176,0.255024990396885,0.237166246337142,0.236301613614802,0.16357228121085,0.171243398019944
896,0.652893966371437,0.308771540986705,0.280468392646033,0.312714190948075,0.197424363331222,0.175977245746161
285,0.427580548847338,0.187010622123131,0.167291481291287,0.232872971194181,0.140279459933373,0.140279459933373
354,0.474347434968947,0.174898448025698,0.187010622123131,0.182778757451073,0.140279459933373,0.151542367809210
334,0.456708871220304,0.201594638931909,0.204454144375473,0.203016510694019,0.145319498566922,0.168745733831007
184,0.478964395469008,0.140279459933373,0.140279459933373,0.659053485350326,0.708189724424737,0.557967132030868
684,0.596324170558622,0.222081350052879,0.226992939983781,0.222891426963376,0.168745733831007,0.160502026996677
888,0.673116204346268,0.277585234113443,0.245075200706715,0.255943411389996,0.191439626593958,0.202303599215116
838,0.596324170558622,0.23033379664679,0.252283020211930,0.171243398019944,0.140279459933373,0.140279459933373
785,0.661691913619881,0.295029198942614,0.252283020211930,0.245075200706715,0.190794809258731,0.214949882112267
833,0.639678919993987,0.310742219942023,0.26806502014066,0.32159942528535,0.205178843545358,0.140279459933373
669,0.605198627992826,0.211875157547888,0.236301613614802,0.222081350052879,0.179307075461499,0.170736402643872
844,0.640560644506718,0.269010148553487,0.204454144375473,0.272806580486754,0.154094323280450,0.185172899926102
741,0.627323083479833,0.256863984839407,0.245075200706715,0.245075200706715,0.165869963138432,0.197424363331222
773,0.629972659733243,0.269956905233921,0.249561781327291,0.248659484023583,0.153720720340875,0.185172899926102
160,0.437968797820157,0.140279459933373,0.183967824035887,0.193398287644562,0.148143904307162,0.140279459933373
633,0.592770024376564,0.213405068833102,0.234581247743386,0.213405068833102,0.167772573247934,0.140279459933373
718,0.629972659733243,0.222081350052879,0.23033379664679,0.242414171861771,0.140279459933373,0.140279459933373
724,0.574065981658382,0.322587416871138,0.298944182722262,0.289179343702615,0.189517281185082,0.166814026627726
289,0.636150937944643,0.177624558944457,0.244185541162083,0.200889639762023,0.179307075461499,0.165869963138432
385,0.668723907006677,0.241532534498303,0.211875157547888,0.278545025785751,0.300905518027404,0.214175622695954
846,0.65201365997105,0.252283020211930,0.225342219919308,0.304834801321944,0.196743303664015,0.148801114525785
776,0.652893966371437,0.284329312589461,0.203016510694019,0.269010148553487,0.157597013980819,0.174364837136968
854,0.640560644506718,0.273759486818862,0.23977753355553,0.279506090033501,0.140279459933373,0.173835068385563
806,0.631738455286738,0.361034414931008,0.319623752397046,0.325551793923222,0.23977753355553,0.179307075461499
841,0.646729776551258,0.249561781327291,0.235439936165745,0.241532534498303,0.185172899926102,0.188884569174318
868,0.636150937944643,0.243298519444439,0.251373586915138,0.259638241659144,0.173309128978783,0.160930368981928
914,0.616713692539713,0.243298519444439,0.279506090033501,0.201594638931909,0.190154027575454,0.205178843545358
753,0.610516199655431,0.262430509724191,0.181025063276694,0.240653643199231,0.140279459933373,0.151189670120080
242,0.418084423539314,0.177071557205383,0.16357228121085,0.203733362812729,0.150839880430613,0.140279459933373
715,0.639678919993987,0.255024990396885,0.219672052767678,0.243298519444439,0.158002143279100,0.168745733831007
167,0.504646384858735,0.157195124574254,0.191439626593958,0.154094323280450,0.140279459933373,0.172268685450245
845,0.644086484322101,0.266179795115631,0.256863984839407,0.23033379664679,0.164024746412181,0.164480729737195
723,0.630855615748439,0.255943411389996,0.222081350052879,0.254108759679802,0.165403320798019,0.146237238572002
727,0.586543936638165,0.227823271636467,0.23033379664679,0.247759640188542,0.152256565618780,0.156008702799071
1003,0.692419876408003,0.288207386188063,0.300905518027404,0.249561781327291,0.16357228121085,0.188884569174318
364,0.437968797820157,0.204454144375473,0.165403320798019,0.226992939983781,0.151542367809210,0.140279459933373
736,0.597212308466731,0.220471637257467,0.204454144375473,0.228656878414890,0.140279459933373,0.182778757451073
326,0.707314131231881,0.245967461561916,0.265239772398733,0.296006914761259,0.352194131843378,0.202303599215116
847,0.591881082994116,0.327528205863718,0.262430509724191,0.314687276192053,0.151897993103576,0.226165913043895
752,0.61405843859737,0.254108759679802,0.236301613614802,0.26806502014066,0.164940248736627,0.175977245746161
720,0.611401966215199,0.23033379664679,0.227823271636467,0.218083551882790,0.143266847840142,0.141873944585676
885,0.655534316836593,0.256863984839407,0.255024990396885,0.251373586915138,0.171243398019944,0.174364837136968
481,0.448298759169222,0.194724220966719,0.175435913518267,0.203016510694019,0.140279459933373,0.152982630801945
669,0.599875784998553,0.204454144375473,0.194724220966719,0.262430509724191,0.168257318749387,0.156400988328558
977,0.646729776551258,0.482650905054512,0.463225147278761,0.487250452013843,0.390256851013871,0.366910990862085
727,0.568707020795868,0.266179795115631,0.204454144375473,0.297964434643167,0.157195124574254,0.140539522938054
874,0.606971725447777,0.229493730258852,0.250466494772263,0.256863984839407,0.140279459933373,0.171754154191287
716,0.595435874427052,0.194059239855938,0.194059239855938,0.238033800236652,0.165869963138432,0.140279459933373
846,0.629089586309926,0.238033800236652,0.284329312589461,0.188255890082703,0.171754154191287,0.151897993103576
464,0.490923390673098,0.231177046607856,0.197424363331222,0.227823271636467,0.160502026996677,0.178181472416481
858,0.65113325749733,0.280468392646033,0.232872971194181,0.287236372741756,0.170233153496669,0.140279459933373
608,0.597212308466731,0.218083551882790,0.211875157547888,0.228656878414890,0.143840891542185,0.140279459933373
735,0.619367756469412,0.251373586915138,0.213405068833102,0.235439936165745,0.187631241909896,0.140279459933373
187,0.561550463611059,0.141066417195949,0.205178843545358,0.158822198286243,0.169237834303805,0.140279459933373
802,0.616713692539713,0.23033379664679,0.231177046607856,0.247759640188542,0.196066256873814,0.156796455796649
846,0.645848781067736,0.285297304030371,0.264301525715948,0.249561781327291,0.181605650010004,0.205178843545358
769,0.564235724377818,0.285297304030371,0.225342219919308,0.305818349289740,0.167291481291287,0.140279459933373
714,0.603424944919196,0.232872971194181,0.207376318697083,0.215727826366646,0.153720720340875,0.168745733831007
914,0.635268667058686,0.225342219919308,0.245075200706715,0.233725581744281,0.156400988328558,0.156796455796649
220,0.564235724377818,0.270905253648299,0.262430509724191,0.280468392646033,0.255024990396885,0.148143904307162
742,0.59099197716754,0.224521889216861,0.214175622695954,0.26336509235663,0.157195124574254,0.140279459933373
346,0.44923503724365,0.140279459933373,0.199491561253654,0.164480729737195,0.169237834303805,0.143266847840142
764,0.65201365997105,0.265239772398733,0.233725581744281,0.218083551882790,0.196743303664015,0.193398287644562
224,0.672237905577799,0.232023448734304,0.208116557082828,0.36005360357005,0.373747820375976,0.23033379664679
743,0.65113325749733,0.276626749501763,0.255024990396885,0.218083551882790,0.140279459933373,0.214949882112267
667,0.638797087949753,0.248659484023583,0.223704949036996,0.23033379664679,0.200188610986799,0.164480729737195
718,0.598988114480156,0.23033379664679,0.236301613614802,0.234581247743386,0.140279459933373,0.184568357977156
720,0.585653817185493,0.225342219919308,0.210360301592275,0.245075200706715,0.152982630801945,0.16357228121085
774,0.633503788623644,0.252283020211930,0.238904240888872,0.205178843545358,0.189517281185082,0.181605650010004
837,0.620252184825136,0.278545025785751,0.262430509724191,0.241532534498303,0.182778757451073,0.177624558944457
793,0.645848781067736,0.269010148553487,0.243298519444439,0.267121556704060,0.172787005806565,0.177071557205383
795,0.607858057407542,0.272806580486754,0.248659484023583,0.280468392646033,0.174364837136968,0.144424803121843
778,0.622904705251892,0.245967461561916,0.221274744825972,0.273759486818862,0.170736402643872,0.169733635746363
829,0.624672424998259,0.248659484023583,0.232023448734304,0.281431899695417,0.170233153496669,0.200188610986799
519,0.668723907006677,0.261497815323131,0.224521889216861,0.211875157547888,0.194724220966719,0.149469410107982
381,0.464154311336516,0.177624558944457,0.187631241909896,0.196066256873814,0.147819407725247,0.140279459933373
760,0.639678919993987,0.270905253648299,0.224521889216861,0.275669606701894,0.214949882112267,0.141602453589765
783,0.632621179272578,0.242414171861771,0.255024990396885,0.216509434133377,0.140279459933373,0.140279459933373
706,0.629089586309926,0.233725581744281,0.203016510694019,0.277585234113443,0.170233153496669,0.171754154191287
784,0.621136485069615,0.309756707604237,0.314687276192053,0.202303599215116,0.179307075461499,0.192088479379025
650,0.621136485069615,0.243298519444439,0.229493730258852,0.232023448734304,0.153720720340875,0.140279459933373
851,0.636150937944643,0.267121556704060,0.219672052767678,0.278545025785751,0.154094323280450,0.140279459933373
266,0.436084425669404,0.173835068385563,0.184568357977156,0.211875157547888,0.154094323280450,0.143552645462116
559,0.593658802575914,0.210360301592275,0.211875157547888,0.226992939983781,0.156008702799071,0.169733635746363
201,0.45297556976512,0.140279459933373,0.160502026996677,0.212638240623736,0.140279459933373,0.140279459933373
700,0.606971725447777,0.23033379664679,0.255024990396885,0.224521889216861,0.151897993103576,0.177071557205383
772,0.619367756469412,0.255024990396885,0.279506090033501,0.226165913043895,0.168257318749387,0.164940248736627
882,0.618483198986599,0.216509434133377,0.255943411389996,0.246862287018223,0.140279459933373,0.171754154191287
741,0.620252184825136,0.226165913043895,0.218876016213984,0.280468392646033,0.182190212262849,0.183967824035887
875,0.636150937944643,0.226165913043895,0.226992939983781,0.225342219919308,0.200889639762023,0.163123316426449
703,0.623788627185174,0.233725581744281,0.229493730258852,0.254108759679802,0.156796455796649,0.152982630801945
958,0.634386284250911,0.256863984839407,0.227823271636467,0.228656878414890,0.170233153496669,0.159655442358187
756,0.638797087949753,0.265239772398733,0.251373586915138,0.236301613614802,0.192741366843982,0.140279459933373
172,0.53097302992136,0.140279459933373,0.172787005806565,0.145319498566922,0.140279459933373,0.147178535004063
746,0.646729776551258,0.242414171861771,0.256863984839407,0.232023448734304,0.149469410107982,0.157195124574254
241,0.573173308757861,0.286266334773665,0.224521889216861,0.293075998312143,0.231177046607856,0.179875784505171
734,0.613173084606865,0.237166246337142,0.222081350052879,0.226165913043895,0.171754154191287,0.148471133452426
749,0.592770024376564,0.249561781327291,0.226992939983781,0.261497815323131,0.141333283747465,0.141333283747465
347,0.460435073421994,0.164480729737195,0.229493730258852,0.185172899926102,0.149469410107982,0.140279459933373
778,0.637915147508898,0.348256569656263,0.296006914761259,0.334444602573969,0.181605650010004,0.188884569174318
381,0.464154311336516,0.178742307944130,0.181605650010004,0.184568357977156,0.167291481291287,0.160930368981928
757,0.619367756469412,0.294052217151829,0.266179795115631,0.305818349289740,0.172787005806565,0.142702524367706
830,0.648491465815105,0.259638241659144,0.255024990396885,0.247759640188542,0.217294683481912,0.161362102255135
831,0.591881082994116,0.246862287018223,0.259638241659144,0.199491561253654,0.217294683481912,0.175435913518267
378,0.423788147113161,0.148801114525785,0.165869963138432,0.185781454960399,0.149469410107982,0.140279459933373
759,0.627323083479833,0.217294683481912,0.212638240623736,0.259638241659144,0.146862120354825,0.140279459933373
763,0.646729776551258,0.275669606701894,0.273759486818862,0.237166246337142,0.169733635746363,0.140279459933373
196,0.532779695838002,0.164940248736627,0.140279459933373,0.503733909185275,0.551687808366613,0.376671178467619
908,0.612287594171303,0.306802338059224,0.250466494772263,0.292100571713878,0.218876016213984,0.208860644258667
164,0.486331294331022,0.140279459933373,0.154094323280450,0.185781454960399,0.146862120354825,0.151542367809210
730,0.59099197716754,0.243298519444439,0.228656878414890,0.242414171861771,0.195393227873188,0.199491561253654
697,0.634386284250911,0.260567046745838,0.240653643199231,0.219672052767678,0.141333283747465,0.191439626593958
730,0.622020658211421,0.226992939983781,0.242414171861771,0.227823271636467,0.178742307944130,0.202303599215116
195,0.574065981658382,0.150839880430613,0.152618104976752,0.218083551882790,0.168745733831007,0.168257318749387
726,0.620252184825136,0.271855157449252,0.23033379664679,0.279506090033501,0.196743303664015,0.183967824035887
711,0.610516199655431,0.245075200706715,0.226165913043895,0.237166246337142,0.140279459933373,0.140279459933373
779,0.65113325749733,0.248659484023583,0.276626749501763,0.220471637257467,0.191439626593958,0.176522456496951
912,0.663450425192382,0.248659484023583,0.264301525715948,0.232872971194181,0.171754154191287,0.164480729737195
786,0.639678919993987,0.267121556704060,0.275669606701894,0.207376318697083,0.192088479379025,0.194724220966719
731,0.61405843859737,0.261497815323131,0.215727826366646,0.237166246337142,0.198109430350217,0.155619579790919
712,0.63703309779987,0.222891426963376,0.248659484023583,0.264301525715948,0.177624558944457,0.158822198286243
738,0.636150937944643,0.257786672914962,0.266179795115631,0.206639944148685,0.188884569174318,0.170233153496669
670,0.637915147508898,0.260567046745838,0.264301525715948,0.23033379664679,0.149469410107982,0.168745733831007
777,0.663450425192382,0.240653643199231,0.203016510694019,0.264301525715948,0.140279459933373,0.144720505822661
695,0.600763302119727,0.211875157547888,0.171243398019944,0.262430509724191,0.144720505822661,0.140279459933373
650,0.598988114480156,0.215727826366646,0.238033800236652,0.227823271636467,0.167291481291287,0.169237834303805
707,0.59099197716754,0.341355528691973,0.315674182764382,0.299924552865763,0.172787005806565,0.196066256873814
599,0.593658802575914,0.267121556704060,0.236301613614802,0.248659484023583,0.168257318749387,0.151189670120080
372,0.45297556976512,0.192741366843982,0.152256565618780,0.226992939983781,0.174364837136968,0.166814026627726
758,0.61405843859737,0.218083551882790,0.222891426963376,0.163123316426449,0.160502026996677,0.143840891542185
758,0.61494365721071,0.227823271636467,0.201594638931909,0.222081350052879,0.193398287644562,0.150839880430613
854,0.629972659733243,0.252283020211930,0.229493730258852,0.256863984839407,0.177624558944457,0.151897993103576
750,0.598988114480156,0.192088479379025,0.218876016213984,0.209608564537159,0.153350162717428,0.164024746412181
757,0.623788627185174,0.213405068833102,0.262430509724191,0.157195124574254,0.173309128978783,0.143266847840142
935,0.673994424070159,0.278545025785751,0.276626749501763,0.226992939983781,0.203016510694019,0.141333283747465
171,0.520109684798944,0.157597013980819,0.200889639762023,0.191439626593958,0.155619579790919,0.166814026627726
1010,0.626439652176295,0.281431899695417,0.254108759679802,0.272806580486754,0.187010622123131,0.144720505822661
366,0.448298759169222,0.163123316426449,0.148801114525785,0.181025063276694,0.140279459933373,0.140279459933373
844,0.633503788623644,0.264301525715948,0.261497815323131,0.252283020211930,0.162235816543637,0.169733635746363
731,0.629972659733243,0.257786672914962,0.231177046607856,0.297964434643167,0.140279459933373,0.183967824035887
907,0.61494365721071,0.26336509235663,0.262430509724191,0.234581247743386,0.198798498578782,0.140279459933373
461,0.453909567952752,0.173835068385563,0.147497624383717,0.248659484023583,0.140279459933373,0.140279459933373
772,0.65113325749733,0.261497815323131,0.185172899926102,0.281431899695417,0.150148946700048,0.162235816543637
443,0.444549008408857,0.189517281185082,0.180448444205294,0.210360301592275,0.170233153496669,0.148471133452426
315,0.469720411442728,0.162235816543637,0.190794809258731,0.196066256873814,0.16634019279706,0.170233153496669
685,0.645848781067736,0.284329312589461,0.261497815323131,0.227823271636467,0.151189670120080,0.171243398019944
720,0.623788627185174,0.232023448734304,0.222081350052879,0.209608564537159,0.172787005806565,0.150492979148870
703,0.65201365997105,0.26336509235663,0.231177046607856,0.283362392853609,0.144720505822661,0.148801114525785
686,0.622020658211421,0.233725581744281,0.189517281185082,0.231177046607856,0.140279459933373,0.140279459933373
682,0.613173084606865,0.238033800236652,0.205178843545358,0.222891426963376,0.155233599845476,0.163123316426449
770,0.655534316836593,0.244185541162083,0.267121556704060,0.172268685450245,0.174898448025698,0.158002143279100
364,0.433254223593108,0.154094323280450,0.170736402643872,0.250466494772263,0.140279459933373,0.140279459933373
233,0.601650667029677,0.177624558944457,0.225342219919308,0.150492979148870,0.140279459933373,0.177071557205383
322,0.435141512434088,0.154850743467635,0.146548361254107,0.207376318697083,0.140279459933373,0.140279459933373
832,0.653774177471793,0.262430509724191,0.26336509235663,0.223704949036996,0.188255890082703,0.207376318697083
678,0.608744246353995,0.251373586915138,0.235439936165745,0.225342219919308,0.154470991130581,0.180448444205294
697,0.59454741884471,0.240653643199231,0.245967461561916,0.205178843545358,0.192088479379025,0.140279459933373
313,0.437968797820157,0.175435913518267,0.143552645462116,0.216509434133377,0.140279459933373,0.152618104976752
815,0.634386284250911,0.227823271636467,0.236301613614802,0.275669606701894,0.145622826217966,0.140279459933373
764,0.608744246353995,0.224521889216861,0.264301525715948,0.237166246337142,0.170736402643872,0.164940248736627
676,0.650252758171119,0.253194757033311,0.226992939983781,0.224521889216861,0.154850743467635,0.178742307944130
825,0.606085249352797,0.306802338059224,0.267121556704060,0.308771540986705,0.188255890082703,0.178181472416481
741,0.615828741507218,0.234581247743386,0.249561781327291,0.200889639762023,0.163123316426449,0.154470991130581
828,0.644086484322101,0.26806502014066,0.26336509235663,0.238904240888872,0.192088479379025,0.186394027664835
932,0.65113325749733,0.265239772398733,0.215727826366646,0.307786743279463,0.160502026996677,0.140279459933373
731,0.629089586309926,0.236301613614802,0.213405068833102,0.233725581744281,0.169733635746363,0.152982630801945
706,0.629089586309926,0.248659484023583,0.211875157547888,0.215727826366646,0.161362102255135,0.164024746412181
441,0.72481571468925,0.23977753355553,0.241532534498303,0.274713840722163,0.164480729737195,0.140279459933373
901,0.662571212990782,0.310742219942023,0.310742219942023,0.277585234113443,0.173309128978783,0.201594638931909
811,0.661691913619881,0.265239772398733,0.283362392853609,0.232023448734304,0.195393227873188,0.140279459933373
366,0.458572851358513,0.219672052767678,0.244185541162083,0.192741366843982,0.141602453589765,0.160930368981928
366,0.442671323317129,0.171243398019944,0.198109430350217,0.187010622123131,0.140279459933373,0.145319498566922
889,0.658173830133798,0.276626749501763,0.273759486818862,0.254108759679802,0.200188610986799,0.150148946700048
772,0.621136485069615,0.255943411389996,0.243298519444439,0.175435913518267,0.183371292540019,0.175435913518267
804,0.643205181411445,0.255024990396885,0.226992939983781,0.257786672914962,0.140279459933373,0.191439626593958
767,0.601650667029677,0.203733362812729,0.190794809258731,0.222891426963376,0.158002143279100,0.183967824035887
721,0.608744246353995,0.244185541162083,0.228656878414890,0.211875157547888,0.169237834303805,0.175435913518267
155,0.455776216619560,0.140279459933373,0.208860644258667,0.158002143279100,0.174364837136968,0.146548361254107
245,0.610516199655431,0.150148946700048,0.190794809258731,0.189517281185082,0.141066417195949,0.173835068385563
699,0.650252758171119,0.311728055196152,0.314687276192053,0.280468392646033,0.218876016213984,0.226165913043895
590,0.598988114480156,0.228656878414890,0.211115838461421,0.237166246337142,0.151542367809210,0.140801836156987
754,0.626439652176295,0.250466494772263,0.214175622695954,0.247759640188542,0.169733635746363,0.160077057692081
873,0.660812526368302,0.257786672914962,0.23977753355553,0.296006914761259,0.176522456496951,0.159655442358187
781,0.653774177471793,0.250466494772263,0.223704949036996,0.259638241659144,0.155233599845476,0.156400988328558
788,0.630855615748439,0.271855157449252,0.251373586915138,0.245075200706715,0.152256565618780,0.172787005806565
819,0.645848781067736,0.276626749501763,0.288207386188063,0.222081350052879,0.207376318697083,0.177071557205383
281,0.543597713584787,0.222081350052879,0.211115838461421,0.254108759679802,0.175977245746161,0.16357228121085
805,0.603424944919196,0.214949882112267,0.228656878414890,0.226992939983781,0.187010622123131,0.162235816543637
762,0.647610671197383,0.276626749501763,0.237166246337142,0.282396577544332,0.182190212262849,0.140279459933373
837,0.627323083479833,0.244185541162083,0.240653643199231,0.224521889216861,0.174898448025698,0.174364837136968
724,0.62555609967103,0.234581247743386,0.257786672914962,0.237166246337142,0.140279459933373,0.152256565618780
719,0.637915147508898,0.26806502014066,0.228656878414890,0.270905253648299,0.170736402643872,0.193398287644562
794,0.617598511353537,0.209608564537159,0.245075200706715,0.245967461561916,0.159237162188545,0.144424803121843
755,0.613173084606865,0.245075200706715,0.246862287018223,0.288207386188063,0.140279459933373,0.178181472416481
892,0.647610671197383,0.245967461561916,0.259638241659144,0.235439936165745,0.156400988328558,0.140279459933373
830,0.634386284250911,0.315674182764382,0.304834801321944,0.199491561253654,0.194059239855938,0.140279459933373
771,0.62555609967103,0.249561781327291,0.238904240888872,0.236301613614802,0.152256565618780,0.153720720340875
765,0.622020658211421,0.237166246337142,0.211115838461421,0.217294683481912,0.141602453589765,0.184568357977156
671,0.624672424998259,0.250466494772263,0.240653643199231,0.218876016213984,0.176522456496951,0.152618104976752
716,0.629089586309926,0.245075200706715,0.220471637257467,0.252283020211930,0.157597013980819,0.190154027575454
784,0.63703309779987,0.241532534498303,0.257786672914962,0.212638240623736,0.188884569174318,0.142702524367706
793,0.585653817185493,0.267121556704060,0.227823271636467,0.256863984839407,0.162677834203278,0.177624558944457
183,0.547195695509664,0.140279459933373,0.140279459933373,0.214175622695954,0.140279459933373,0.147178535004063
828,0.629972659733243,0.255943411389996,0.26806502014066,0.283362392853609,0.144720505822661,0.147178535004063
646,0.629972659733243,0.204454144375473,0.225342219919308,0.235439936165745,0.144720505822661,0.173835068385563
599,0.600763302119727,0.216509434133377,0.224521889216861,0.214175622695954,0.164940248736627,0.196743303664015
767,0.623788627185174,0.259638241659144,0.259638241659144,0.213405068833102,0.140279459933373,0.140279459933373
878,0.622904705251892,0.23977753355553,0.245075200706715,0.190794809258731,0.208116557082828,0.161362102255135
218,0.548094589195255,0.140279459933373,0.140279459933373,0.591881082994116,0.649372161207369,0.469720411442728
722,0.636150937944643,0.238904240888872,0.235439936165745,0.240653643199231,0.172268685450245,0.140279459933373
695,0.606971725447777,0.269010148553487,0.235439936165745,0.231177046607856,0.175435913518267,0.175977245746161
679,0.649372161207369,0.251373586915138,0.256863984839407,0.23977753355553,0.140279459933373,0.159655442358187
155,0.448298759169222,0.150839880430613,0.142702524367706,0.185781454960399,0.140279459933373,0.166814026627726
647,0.591881082994116,0.219672052767678,0.232023448734304,0.216509434133377,0.164024746412181,0.150148946700048
236,0.595435874427052,0.156008702799071,0.169237834303805,0.203733362812729,0.146237238572002,0.187631241909896
817,0.618483198986599,0.246862287018223,0.188884569174318,0.270905253648299,0.174364837136968,0.163123316426449
712,0.636150937944643,0.278545025785751,0.261497815323131,0.23033379664679,0.140539522938054,0.171754154191287
725,0.592770024376564,0.231177046607856,0.185781454960399,0.272806580486754,0.152618104976752,0.163123316426449
832,0.643205181411445,0.255943411389996,0.184568357977156,0.246862287018223,0.168745733831007,0.162677834203278
329,0.464154311336516,0.185781454960399,0.187631241909896,0.177624558944457,0.181605650010004,0.140279459933373
677,0.610516199655431,0.225342219919308,0.189517281185082,0.254108759679802,0.152256565618780,0.145319498566922
582,0.605198627992826,0.255943411389996,0.241532534498303,0.275669606701894,0.159237162188545,0.149133866930996
668,0.618483198986599,0.233725581744281,0.240653643199231,0.241532534498303,0.160077057692081,0.164940248736627
742,0.634386284250911,0.232023448734304,0.208116557082828,0.23033379664679,0.172787005806565,0.155233599845476
632,0.590102705627282,0.214175622695954,0.173835068385563,0.236301613614802,0.140279459933373,0.140279459933373
663,0.618483198986599,0.223704949036996,0.191439626593958,0.211875157547888,0.144424803121843,0.162235816543637
612,0.583873056414207,0.235439936165745,0.245967461561916,0.192741366843982,0.154850743467635,0.147178535004063
564,0.656414246618719,0.245967461561916,0.207376318697083,0.182190212262849,0.181025063276694,0.144424803121843
747,0.608744246353995,0.241532534498303,0.198109430350217,0.240653643199231,0.140279459933373,0.174364837136968
823,0.648491465815105,0.225342219919308,0.262430509724191,0.220471637257467,0.163123316426449,0.169237834303805
736,0.592770024376564,0.240653643199231,0.194724220966719,0.282396577544332,0.174898448025698,0.155619579790919
821,0.610516199655431,0.277585234113443,0.266179795115631,0.228656878414890,0.182190212262849,0.157195124574254
754,0.636150937944643,0.223704949036996,0.227823271636467,0.203016510694019,0.172787005806565,0.203016510694019
229,0.665208590906176,0.40566331506169,0.337407372460796,0.338394673319409,0.181605650010004,0.192088479379025
718,0.61494365721071,0.258711437790672,0.202303599215116,0.285297304030371,0.140279459933373,0.147819407725247
885,0.661691913619881,0.257786672914962,0.269010148553487,0.271855157449252,0.152982630801945,0.204454144375473
721,0.616713692539713,0.203016510694019,0.253194757033311,0.203016510694019,0.141873944585676,0.195393227873188
757,0.646729776551258,0.271855157449252,0.226165913043895,0.26806502014066,0.196743303664015,0.140279459933373
298,0.693296511554413,0.254108759679802,0.229493730258852,0.320611530912211,0.37179664134119,0.205178843545358
873,0.623788627185174,0.244185541162083,0.225342219919308,0.256863984839407,0.190154027575454,0.214949882112267
546,0.583873056414207,0.222081350052879,0.266179795115631,0.218876016213984,0.154470991130581,0.140279459933373
680,0.587433883900336,0.218083551882790,0.246862287018223,0.232023448734304,0.183371292540019,0.140279459933373
824,0.65113325749733,0.266179795115631,0.231177046607856,0.275669606701894,0.188255890082703,0.168257318749387
680,0.599875784998553,0.224521889216861,0.215727826366646,0.26336509235663,0.152618104976752,0.148143904307162
755,0.648491465815105,0.231177046607856,0.211115838461421,0.249561781327291,0.163123316426449,0.179307075461499
754,0.62555609967103,0.262430509724191,0.247759640188542,0.227823271636467,0.156008702799071,0.140279459933373
883,0.642323774366231,0.255943411389996,0.251373586915138,0.208116557082828,0.158410531669826,0.150492979148870
303,0.441731771836077,0.176522456496951,0.227823271636467,0.176522456496951,0.166814026627726,0.173309128978783
352,0.417132025922147,0.176522456496951,0.226165913043895,0.160930368981928,0.150148946700048,0.171243398019944
845,0.637915147508898,0.244185541162083,0.232023448734304,0.274713840722163,0.16357228121085,0.140279459933373
704,0.576742857104671,0.232872971194181,0.250466494772263,0.196066256873814,0.170736402643872,0.165869963138432
358,0.432309844864813,0.179307075461499,0.196066256873814,0.177071557205383,0.154094323280450,0.140279459933373
761,0.617598511353537,0.222891426963376,0.214949882112267,0.245075200706715,0.190794809258731,0.151897993103576
929,0.649372161207369,0.254108759679802,0.277585234113443,0.242414171861771,0.165869963138432,0.164480729737195
596,0.552585532749393,0.218876016213984,0.194059239855938,0.217294683481912,0.140279459933373,0.148471133452426
903,0.639678919993987,0.317648619366148,0.323575487390111,0.244185541162083,0.212638240623736,0.140279459933373
249,0.61494365721071,0.165403320798019,0.165403320798019,0.205178843545358,0.159237162188545,0.144720505822661
198,0.581200590507501,0.140279459933373,0.196066256873814,0.159237162188545,0.154850743467635,0.177071557205383
722,0.578526502286961,0.195393227873188,0.231177046607856,0.212638240623736,0.151189670120080,0.159237162188545
852,0.657294084136253,0.282396577544332,0.280468392646033,0.304834801321944,0.145622826217966,0.150839880430613
773,0.640560644506718,0.238904240888872,0.245967461561916,0.205907447843523,0.188884569174318,0.140279459933373
691,0.608744246353995,0.290152214217331,0.287236372741756,0.293075998312143,0.183371292540019,0.178181472416481
704,0.599875784998553,0.23033379664679,0.225342219919308,0.210360301592275,0.158822198286243,0.150492979148870
730,0.592770024376564,0.381534098529382,0.328516409471957,0.315674182764382,0.240653643199231,0.214949882112267
709,0.598988114480156,0.241532534498303,0.231177046607856,0.203733362812729,0.174364837136968,0.16634019279706
865,0.648491465815105,0.255943411389996,0.288207386188063,0.233725581744281,0.145622826217966,0.200188610986799
880,0.631738455286738,0.277585234113443,0.280468392646033,0.194059239855938,0.165403320798019,0.179875784505171
859,0.656414246618719,0.328516409471957,0.23033379664679,0.315674182764382,0.231177046607856,0.163123316426449
792,0.640560644506718,0.26806502014066,0.257786672914962,0.247759640188542,0.190794809258731,0.195393227873188
369,0.443610401564419,0.168745733831007,0.169237834303805,0.186394027664835,0.169733635746363,0.140279459933373
660,0.589213267095234,0.246862287018223,0.256863984839407,0.207376318697083,0.155233599845476,0.145319498566922
752,0.629089586309926,0.228656878414890,0.260567046745838,0.220471637257467,0.140279459933373,0.142702524367706
798,0.631738455286738,0.271855157449252,0.223704949036996,0.277585234113443,0.181025063276694,0.140279459933373
746,0.61494365721071,0.272806580486754,0.235439936165745,0.256863984839407,0.16634019279706,0.185172899926102
738,0.619367756469412,0.221274744825972,0.200889639762023,0.264301525715948,0.141333283747465,0.149807763529887
324,0.459504181093247,0.165869963138432,0.195393227873188,0.199491561253654,0.161362102255135,0.161797245314680
744,0.637915147508898,0.266179795115631,0.255024990396885,0.250466494772263,0.156400988328558,0.158410531669826
154,0.453909567952752,0.140279459933373,0.140279459933373,0.214949882112267,0.140279459933373,0.140279459933373
820,0.641442262346675,0.285297304030371,0.275669606701894,0.286266334773665,0.161797245314680,0.212638240623736
156,0.515570951288053,0.141066417195949,0.161362102255135,0.205178843545358,0.151189670120080,0.154094323280450
904,0.640560644506718,0.284329312589461,0.198109430350217,0.293075998312143,0.143266847840142,0.143266847840142
322,0.44923503724365,0.173835068385563,0.192088479379025,0.175435913518267,0.147178535004063,0.148471133452426
817,0.646729776551258,0.248659484023583,0.212638240623736,0.272806580486754,0.141066417195949,0.169237834303805
606,0.603424944919196,0.232023448734304,0.194724220966719,0.276626749501763,0.178181472416481,0.189517281185082
737,0.609630293401202,0.229493730258852,0.235439936165745,0.23977753355553,0.153350162717428,0.140539522938054
698,0.579418047575081,0.210360301592275,0.178181472416481,0.223704949036996,0.171243398019944,0.154094323280450
189,0.562445761046978,0.166814026627726,0.140279459933373,0.214175622695954,0.157195124574254,0.145319498566922
537,0.691543175287256,0.175435913518267,0.214949882112267,0.171243398019944,0.140279459933373,0.143552645462116
688,0.606971725447777,0.237166246337142,0.176522456496951,0.227823271636467,0.173309128978783,0.149807763529887
663,0.622020658211421,0.234581247743386,0.250466494772263,0.216509434133377,0.158822198286243,0.140279459933373
722,0.587433883900336,0.228656878414890,0.208116557082828,0.228656878414890,0.162235816543637,0.140279459933373
392,0.465083048709257,0.196743303664015,0.215727826366646,0.171754154191287,0.142423961905656,0.164480729737195
290,0.419036311953547,0.177071557205383,0.166814026627726,0.241532534498303,0.145018731380577,0.157597013980819
710,0.639678919993987,0.255024990396885,0.250466494772263,0.269956905233921,0.172268685450245,0.140279459933373
345,0.441731771836077,0.162235816543637,0.168257318749387,0.196066256873814,0.140279459933373,0.149469410107982
825,0.623788627185174,0.269010148553487,0.278545025785751,0.26336509235663,0.161362102255135,0.158410531669826
899,0.65201365997105,0.23977753355553,0.248659484023583,0.208860644258667,0.190154027575454,0.140279459933373
915,0.617598511353537,0.240653643199231,0.259638241659144,0.182778757451073,0.162235816543637,0.151189670120080
801,0.62555609967103,0.358090854945044,0.323575487390111,0.351210191887716,0.231177046607856,0.254108759679802
658,0.62555609967103,0.257786672914962,0.225342219919308,0.253194757033311,0.156008702799071,0.157195124574254
854,0.644086484322101,0.308771540986705,0.290152214217331,0.249561781327291,0.195393227873188,0.140279459933373
768,0.637915147508898,0.228656878414890,0.208116557082828,0.26806502014066,0.149133866930996,0.172268685450245
802,0.592770024376564,0.226992939983781,0.267121556704060,0.199491561253654,0.185172899926102,0.162235816543637
782,0.629972659733243,0.249561781327291,0.253194757033311,0.229493730258852,0.140279459933373,0.166814026627726
447,0.701183347132507,0.267121556704060,0.226992939983781,0.26336509235663,0.195393227873188,0.172268685450245
782,0.640560644506718,0.227823271636467,0.224521889216861,0.246862287018223,0.140279459933373,0.178181472416481
901,0.604311860230174,0.280468392646033,0.255943411389996,0.250466494772263,0.197424363331222,0.140279459933373
842,0.62555609967103,0.258711437790672,0.274713840722163,0.243298519444439,0.161362102255135,0.140279459933373
594,0.583873056414207,0.240653643199231,0.183371292540019,0.269010148553487,0.167772573247934,0.192088479379025
830,0.635268667058686,0.248659484023583,0.214175622695954,0.273759486818862,0.179307075461499,0.182190212262849
949,0.673116204346268,0.370820382306947,0.352194131843378,0.330492731245164,0.275669606701894,0.227823271636467
775,0.583873056414207,0.305818349289740,0.303851718893881,0.295029198942614,0.159237162188545,0.140279459933373
727,0.602537880906253,0.225342219919308,0.260567046745838,0.218083551882790,0.181025063276694,0.191439626593958
424,0.661691913619881,0.232023448734304,0.196066256873814,0.23033379664679,0.164940248736627,0.140279459933373
752,0.620252184825136,0.255024990396885,0.214949882112267,0.232023448734304,0.200889639762023,0.180448444205294
902,0.670481068306923,0.296006914761259,0.284329312589461,0.26806502014066,0.149807763529887,0.184568357977156
845,0.599875784998553,0.293075998312143,0.275669606701894,0.23977753355553,0.198109430350217,0.173309128978783
794,0.660812526368302,0.291125967010989,0.284329312589461,0.276626749501763,0.178181472416481,0.16357228121085
211,0.517387345588464,0.145622826217966,0.181605650010004,0.231177046607856,0.144131604573628,0.140279459933373
714,0.609630293401202,0.238904240888872,0.257786672914962,0.212638240623736,0.165403320798019,0.150492979148870
717,0.612287594171303,0.235439936165745,0.183967824035887,0.23977753355553,0.150492979148870,0.158410531669826
671,0.593658802575914,0.185781454960399,0.221274744825972,0.231177046607856,0.141873944585676,0.149469410107982
846,0.599875784998553,0.328516409471957,0.304834801321944,0.298944182722262,0.198109430350217,0.164024746412181
292,0.414271770359505,0.187010622123131,0.196066256873814,0.245075200706715,0.161797245314680,0.181605650010004
744,0.601650667029677,0.238904240888872,0.225342219919308,0.160502026996677,0.157195124574254,0.140279459933373
930,0.68715866078394,0.285297304030371,0.233725581744281,0.300905518027404,0.202303599215116,0.140279459933373
876,0.630855615748439,0.228656878414890,0.196743303664015,0.302869127130412,0.151189670120080,0.158410531669826
682,0.612287594171303,0.260567046745838,0.258711437790672,0.255943411389996,0.170233153496669,0.145928733232941
809,0.629972659733243,0.259638241659144,0.269956905233921,0.224521889216861,0.170736402643872,0.197424363331222
753,0.631738455286738,0.256863984839407,0.210360301592275,0.273759486818862,0.146548361254107,0.16634019279706
776,0.612287594171303,0.261497815323131,0.213405068833102,0.202303599215116,0.194724220966719,0.140279459933373
985,0.635268667058686,0.26806502014066,0.288207386188063,0.211875157547888,0.168745733831007,0.140279459933373
546,0.50099448051522,0.234581247743386,0.220471637257467,0.226992939983781,0.140279459933373,0.152618104976752
673,0.598988114480156,0.234581247743386,0.240653643199231,0.233725581744281,0.157597013980819,0.158002143279100
691,0.598100289370352,0.252283020211930,0.237166246337142,0.214949882112267,0.164480729737195,0.192741366843982
830,0.636150937944643,0.267121556704060,0.194724220966719,0.284329312589461,0.173309128978783,0.140279459933373
180,0.525546453481271,0.140279459933373,0.170233153496669,0.217294683481912,0.140279459933373,0.154470991130581
850,0.642323774366231,0.275669606701894,0.234581247743386,0.258711437790672,0.169237834303805,0.142147774681471
640,0.606971725447777,0.244185541162083,0.216509434133377,0.267121556704060,0.140279459933373,0.169237834303805
437,0.692419876408003,0.241532534498303,0.157195124574254,0.370820382306947,0.365932579194558,0.215727826366646
741,0.626439652176295,0.234581247743386,0.181025063276694,0.26336509235663,0.167291481291287,0.152256565618780
672,0.606085249352797,0.232872971194181,0.249561781327291,0.243298519444439,0.169733635746363,0.200188610986799
705,0.616713692539713,0.227823271636467,0.205907447843523,0.246862287018223,0.140279459933373,0.165403320798019
644,0.603424944919196,0.342342090635241,0.288207386188063,0.332468835480985,0.235439936165745,0.140279459933373
873,0.627323083479833,0.254108759679802,0.242414171861771,0.283362392853609,0.140539522938054,0.159237162188545
678,0.649372161207369,0.290152214217331,0.260567046745838,0.287236372741756,0.160930368981928,0.201594638931909
644,0.557967132030868,0.218083551882790,0.161362102255135,0.274713840722163,0.140279459933373,0.148143904307162
792,0.620252184825136,0.318636108753548,0.289179343702615,0.299924552865763,0.178742307944130,0.146862120354825
812,0.644086484322101,0.257786672914962,0.266179795115631,0.257786672914962,0.164480729737195,0.141602453589765
635,0.573173308757861,0.299924552865763,0.288207386188063,0.226992939983781,0.159655442358187,0.214175622695954
832,0.611401966215199,0.246862287018223,0.241532534498303,0.194059239855938,0.165869963138432,0.147178535004063
995,0.640560644506718,0.245075200706715,0.209608564537159,0.280468392646033,0.146862120354825,0.140279459933373
362,0.437968797820157,0.188255890082703,0.185781454960399,0.171754154191287,0.140279459933373,0.140279459933373
743,0.621136485069615,0.238904240888872,0.245075200706715,0.200889639762023,0.189517281185082,0.203016510694019
846,0.648491465815105,0.339381807952053,0.296985336054750,0.347271459448055,0.199491561253654,0.242414171861771
922,0.648491465815105,0.277585234113443,0.276626749501763,0.294052217151829,0.187010622123131,0.217294683481912
632,0.558863289375474,0.291125967010989,0.233725581744281,0.256863984839407,0.160930368981928,0.181605650010004
147,0.436084425669404,0.160502026996677,0.170736402643872,0.188884569174318,0.150492979148870,0.140279459933373
741,0.617598511353537,0.233725581744281,0.208860644258667,0.255024990396885,0.140279459933373,0.141602453589765
797,0.611401966215199,0.275669606701894,0.265239772398733,0.249561781327291,0.168257318749387,0.140279459933373
669,0.626439652176295,0.240653643199231,0.186394027664835,0.304834801321944,0.170736402643872,0.140279459933373
787,0.627323083479833,0.236301613614802,0.252283020211930,0.207376318697083,0.165869963138432,0.142147774681471
859,0.616713692539713,0.252283020211930,0.231177046607856,0.236301613614802,0.188255890082703,0.140279459933373
821,0.592770024376564,0.238904240888872,0.23033379664679,0.238904240888872,0.143266847840142,0.152256565618780
580,0.615828741507218,0.218876016213984,0.215727826366646,0.222891426963376,0.140279459933373,0.145018731380577
784,0.626439652176295,0.231177046607856,0.247759640188542,0.240653643199231,0.182778757451073,0.140279459933373
687,0.58209159090975,0.227823271636467,0.200889639762023,0.206639944148685,0.152256565618780,0.177071557205383
542,0.556174158820723,0.330492731245164,0.298944182722262,0.271855157449252,0.211875157547888,0.206639944148685
819,0.649372161207369,0.276626749501763,0.267121556704060,0.234581247743386,0.156400988328558,0.163123316426449
781,0.63703309779987,0.234581247743386,0.274713840722163,0.179307075461499,0.200188610986799,0.160077057692081
613,0.561550463611059,0.242414171861771,0.23977753355553,0.214949882112267,0.140279459933373,0.151897993103576
735,0.627323083479833,0.232872971194181,0.254108759679802,0.259638241659144,0.159655442358187,0.179307075461499
774,0.622904705251892,0.232023448734304,0.261497815323131,0.225342219919308,0.154470991130581,0.156796455796649
251,0.527356424038935,0.175977245746161,0.226992939983781,0.194724220966719,0.164024746412181,0.169733635746363
780,0.648491465815105,0.274713840722163,0.276626749501763,0.294052217151829,0.179307075461499,0.140279459933373
702,0.579418047575081,0.233725581744281,0.254108759679802,0.247759640188542,0.169237834303805,0.161362102255135
792,0.595435874427052,0.211875157547888,0.216509434133377,0.229493730258852,0.149807763529887,0.148801114525785
768,0.646729776551258,0.273759486818862,0.223704949036996,0.269956905233921,0.140279459933373,0.182778757451073
693,0.622020658211421,0.232023448734304,0.250466494772263,0.243298519444439,0.151897993103576,0.174898448025698
810,0.655534316836593,0.26806502014066,0.209608564537159,0.295029198942614,0.152256565618780,0.187010622123131
901,0.673116204346268,0.265239772398733,0.216509434133377,0.261497815323131,0.142147774681471,0.165403320798019
682,0.618483198986599,0.224521889216861,0.228656878414890,0.226165913043895,0.164024746412181,0.140279459933373
721,0.611401966215199,0.222891426963376,0.222081350052879,0.181605650010004,0.162235816543637,0.179875784505171
572,0.629089586309926,0.280468392646033,0.285297304030371,0.307786743279463,0.187010622123131,0.140279459933373
810,0.610516199655431,0.288207386188063,0.220471637257467,0.258711437790672,0.186394027664835,0.172268685450245
274,0.463225147278761,0.177071557205383,0.218083551882790,0.164940248736627,0.160502026996677,0.153720720340875
722,0.592770024376564,0.229493730258852,0.208116557082828,0.213405068833102,0.178742307944130,0.188884569174318
865,0.638797087949753,0.254108759679802,0.270905253648299,0.238033800236652,0.171754154191287,0.143266847840142
932,0.663450425192382,0.265239772398733,0.247759640188542,0.275669606701894,0.179307075461499,0.179875784505171
691,0.606085249352797,0.275669606701894,0.273759486818862,0.197424363331222,0.232023448734304,0.180448444205294
284,0.445487145704544,0.196743303664015,0.195393227873188,0.212638240623736,0.142147774681471,0.164940248736627
634,0.59099197716754,0.233725581744281,0.245967461561916,0.159237162188545,0.140279459933373,0.161797245314680
745,0.627323083479833,0.267121556704060,0.226992939983781,0.238033800236652,0.201594638931909,0.182190212262849
435,0.435141512434088,0.169237834303805,0.177624558944457,0.183371292540019,0.177624558944457,0.154470991130581
693,0.618483198986599,0.223704949036996,0.236301613614802,0.202303599215116,0.156008702799071,0.150492979148870
922,0.640560644506718,0.232023448734304,0.208860644258667,0.284329312589461,0.168257318749387,0.140279459933373
523,0.611401966215199,0.222891426963376,0.202303599215116,0.255943411389996,0.168745733831007,0.163123316426449
276,0.642323774366231,0.169237834303805,0.193398287644562,0.203733362812729,0.140279459933373,0.144131604573628
609,0.582982412426427,0.255943411389996,0.212638240623736,0.226992939983781,0.177071557205383,0.161797245314680
797,0.610516199655431,0.232872971194181,0.192741366843982,0.232872971194181,0.153350162717428,0.140279459933373
851,0.659053485350326,0.247759640188542,0.256863984839407,0.218876016213984,0.156400988328558,0.164024746412181
212,0.433254223593108,0.172268685450245,0.203016510694019,0.203733362812729,0.169733635746363,0.145319498566922
342,0.435141512434088,0.167772573247934,0.155619579790919,0.199491561253654,0.140279459933373,0.160930368981928
794,0.660812526368302,0.286266334773665,0.218876016213984,0.276626749501763,0.170233153496669,0.169733635746363
693,0.598100289370352,0.215727826366646,0.218083551882790,0.205178843545358,0.155619579790919,0.169237834303805
663,0.586543936638165,0.222081350052879,0.236301613614802,0.281431899695417,0.141602453589765,0.145928733232941
742,0.747539160308854,0.366910990862085,0.309756707604237,0.424736999725661,0.439851241970584,0.269956905233921
733,0.626439652176295,0.26806502014066,0.232872971194181,0.203733362812729,0.150148946700048,0.175977245746161
287,0.68540437369446,0.228656878414890,0.168745733831007,0.422838791105066,0.444549008408857,0.318636108753548
751,0.605198627992826,0.238904240888872,0.220471637257467,0.190154027575454,0.151542367809210,0.140279459933373
794,0.618483198986599,0.236301613614802,0.226165913043895,0.252283020211930,0.159655442358187,0.140279459933373
719,0.616713692539713,0.247759640188542,0.243298519444439,0.224521889216861,0.140279459933373,0.164480729737195
315,0.436084425669404,0.177624558944457,0.184568357977156,0.190794809258731,0.140279459933373,0.153720720340875
731,0.588323660284695,0.201594638931909,0.221274744825972,0.224521889216861,0.145622826217966,0.160930368981928
192,0.573173308757861,0.140279459933373,0.172787005806565,0.190154027575454,0.141333283747465,0.145018731380577
775,0.601650667029677,0.256863984839407,0.269956905233921,0.200188610986799,0.160930368981928,0.179875784505171
220,0.437968797820157,0.151542367809210,0.196743303664015,0.185172899926102,0.150839880430613,0.149133866930996
745,0.606085249352797,0.262430509724191,0.218083551882790,0.266179795115631,0.150148946700048,0.152618104976752
670,0.628206394540431,0.248659484023583,0.246862287018223,0.193398287644562,0.181605650010004,0.165869963138432
777,0.610516199655431,0.236301613614802,0.188255890082703,0.280468392646033,0.154094323280450,0.181025063276694
716,0.639678919993987,0.218876016213984,0.223704949036996,0.235439936165745,0.175435913518267,0.145319498566922
799,0.633503788623644,0.238904240888872,0.205907447843523,0.26336509235663,0.147819407725247,0.183371292540019
722,0.583873056414207,0.214949882112267,0.214175622695954,0.197424363331222,0.160930368981928,0.140279459933373
714,0.615828741507218,0.248659484023583,0.201594638931909,0.255024990396885,0.140279459933373,0.173309128978783
741,0.644086484322101,0.252283020211930,0.222081350052879,0.284329312589461,0.152982630801945,0.145622826217966
787,0.652893966371437,0.256863984839407,0.224521889216861,0.223704949036996,0.140279459933373,0.154094323280450
836,0.666966416344732,0.304834801321944,0.258711437790672,0.290152214217331,0.157597013980819,0.205178843545358
683,0.606085249352797,0.26806502014066,0.243298519444439,0.226165913043895,0.182190212262849,0.140279459933373
844,0.629089586309926,0.258711437790672,0.246862287018223,0.241532534498303,0.164024746412181,0.140279459933373
569,0.61494365721071,0.242414171861771,0.220471637257467,0.200889639762023,0.143266847840142,0.143840891542185
838,0.618483198986599,0.26336509235663,0.234581247743386,0.243298519444439,0.164024746412181,0.175435913518267
169,0.516479299936916,0.140279459933373,0.205907447843523,0.140279459933373,0.140279459933373,0.140279459933373
817,0.644967683931748,0.265239772398733,0.238904240888872,0.272806580486754,0.145319498566922,0.187631241909896
721,0.593658802575914,0.226165913043895,0.218083551882790,0.241532534498303,0.165869963138432,0.185781454960399
815,0.598988114480156,0.234581247743386,0.226165913043895,0.222081350052879,0.164940248736627,0.164480729737195
344,0.448298759169222,0.209608564537159,0.210360301592275,0.211875157547888,0.209608564537159,0.191439626593958
656,0.581200590507501,0.251373586915138,0.237166246337142,0.248659484023583,0.190154027575454,0.140279459933373
656,0.597212308466731,0.206639944148685,0.232872971194181,0.249561781327291,0.145622826217966,0.160930368981928
826,0.61405843859737,0.301887051542692,0.315674182764382,0.346286080835727,0.201594638931909,0.218083551882790
379,0.44923503724365,0.189517281185082,0.190794809258731,0.212638240623736,0.140279459933373,0.176522456496951
318,0.445487145704544,0.183371292540019,0.190154027575454,0.211115838461421,0.156008702799071,0.169237834303805
291,0.423788147113161,0.171754154191287,0.232872971194181,0.191439626593958,0.164024746412181,0.171243398019944
705,0.57763477259731,0.23977753355553,0.257786672914962,0.238033800236652,0.168257318749387,0.141602453589765
698,0.583873056414207,0.226165913043895,0.246862287018223,0.174898448025698,0.140279459933373,0.140279459933373
437,0.72131705864272,0.271855157449252,0.241532534498303,0.339381807952053,0.314687276192053,0.213405068833102
751,0.622904705251892,0.258711437790672,0.269010148553487,0.260567046745838,0.140279459933373,0.169237834303805
382,0.452041119617036,0.16357228121085,0.171754154191287,0.214949882112267,0.194059239855938,0.153350162717428
988,0.627323083479833,0.271855157449252,0.257786672914962,0.299924552865763,0.160502026996677,0.173835068385563
350,0.419987692000204,0.177071557205383,0.184568357977156,0.193398287644562,0.140279459933373,0.150492979148870
600,0.592770024376564,0.252283020211930,0.252283020211930,0.274713840722163,0.167291481291287,0.197424363331222
625,0.58209159090975,0.214949882112267,0.199491561253654,0.213405068833102,0.168257318749387,0.140279459933373
613,0.630855615748439,0.224521889216861,0.214175622695954,0.243298519444439,0.140279459933373,0.168257318749387
703,0.620252184825136,0.216509434133377,0.224521889216861,0.223704949036996,0.187010622123131,0.140279459933373
709,0.643205181411445,0.233725581744281,0.205907447843523,0.23977753355553,0.175977245746161,0.164024746412181
318,0.45297556976512,0.167772573247934,0.214949882112267,0.151189670120080,0.140279459933373,0.144131604573628
848,0.656414246618719,0.310742219942023,0.285297304030371,0.309756707604237,0.201594638931909,0.171243398019944
380,0.673116204346268,0.186394027664835,0.170233153496669,0.214175622695954,0.144424803121843,0.161362102255135
726,0.615828741507218,0.250466494772263,0.228656878414890,0.245967461561916,0.140279459933373,0.155619579790919
787,0.626439652176295,0.259638241659144,0.216509434133377,0.260567046745838,0.179307075461499,0.178181472416481
791,0.567813168189284,0.282396577544332,0.238033800236652,0.285297304030371,0.196743303664015,0.174898448025698
710,0.634386284250911,0.258711437790672,0.234581247743386,0.278545025785751,0.162677834203278,0.155233599845476
371,0.428527399760189,0.16357228121085,0.187631241909896,0.222081350052879,0.143840891542185,0.144131604573628
689,0.622020658211421,0.241532534498303,0.257786672914962,0.151542367809210,0.156400988328558,0.159655442358187
757,0.62555609967103,0.23977753355553,0.255943411389996,0.260567046745838,0.156008702799071,0.186394027664835
638,0.621136485069615,0.252283020211930,0.218083551882790,0.240653643199231,0.141873944585676,0.140279459933373
376,0.441731771836077,0.157195124574254,0.172268685450245,0.173835068385563,0.164024746412181,0.140279459933373
705,0.605198627992826,0.215727826366646,0.249561781327291,0.174364837136968,0.174364837136968,0.155619579790919
768,0.597212308466731,0.232023448734304,0.232872971194181,0.227823271636467,0.152256565618780,0.140279459933373
709,0.622020658211421,0.204454144375473,0.168257318749387,0.233725581744281,0.157597013980819,0.140279459933373
682,0.609630293401202,0.276626749501763,0.261497815323131,0.271855157449252,0.165869963138432,0.187010622123131
832,0.644086484322101,0.242414171861771,0.232872971194181,0.270905253648299,0.16357228121085,0.152256565618780
836,0.639678919993987,0.251373586915138,0.238033800236652,0.236301613614802,0.177624558944457,0.154850743467635
971,0.61494365721071,0.33543232376894,0.296006914761259,0.291125967010989,0.190794809258731,0.203733362812729
687,0.58209159090975,0.227823271636467,0.229493730258852,0.194724220966719,0.187010622123131,0.140279459933373
617,0.618483198986599,0.242414171861771,0.233725581744281,0.244185541162083,0.144720505822661,0.146548361254107
750,0.634386284250911,0.245075200706715,0.232872971194181,0.292100571713878,0.146237238572002,0.145018731380577
877,0.622020658211421,0.318636108753548,0.296985336054750,0.296006914761259,0.255943411389996,0.226992939983781
620,0.590102705627282,0.296006914761259,0.265239772398733,0.234581247743386,0.205907447843523,0.198798498578782
683,0.597212308466731,0.219672052767678,0.147497624383717,0.244185541162083,0.151897993103576,0.159655442358187
190,0.557967132030868,0.140279459933373,0.198109430350217,0.165403320798019,0.157597013980819,0.140279459933373
719,0.59454741884471,0.252283020211930,0.200889639762023,0.288207386188063,0.158002143279100,0.16357228121085
825,0.645848781067736,0.269956905233921,0.249561781327291,0.262430509724191,0.185781454960399,0.181025063276694
759,0.624672424998259,0.338394673319409,0.26806502014066,0.260567046745838,0.208860644258667,0.164024746412181
716,0.600763302119727,0.217294683481912,0.224521889216861,0.196743303664015,0.167291481291287,0.178742307944130
724,0.607858057407542,0.223704949036996,0.215727826366646,0.250466494772263,0.154470991130581,0.148471133452426
734,0.597212308466731,0.232872971194181,0.218876016213984,0.191439626593958,0.168257318749387,0.140279459933373
750,0.615828741507218,0.231177046607856,0.228656878414890,0.211115838461421,0.171243398019944,0.191439626593958
814,0.62555609967103,0.264301525715948,0.214175622695954,0.258711437790672,0.140279459933373,0.182778757451073
753,0.606971725447777,0.225342219919308,0.238033800236652,0.196066256873814,0.160930368981928,0.140279459933373
904,0.639678919993987,0.267121556704060,0.264301525715948,0.273759486818862,0.169237834303805,0.197424363331222
819,0.649372161207369,0.281431899695417,0.308771540986705,0.270905253648299,0.189517281185082,0.162235816543637
756,0.617598511353537,0.259638241659144,0.221274744825972,0.261497815323131,0.194724220966719,0.167772573247934
366,0.428527399760189,0.188255890082703,0.181025063276694,0.232872971194181,0.141873944585676,0.156008702799071
797,0.643205181411445,0.281431899695417,0.238904240888872,0.235439936165745,0.198798498578782,0.154850743467635
875,0.646729776551258,0.282396577544332,0.281431899695417,0.257786672914962,0.216509434133377,0.145018731380577
223,0.644086484322101,0.204454144375473,0.182778757451073,0.441731771836077,0.486331294331022,0.313700605163659
425,0.434198112267997,0.161797245314680,0.145622826217966,0.238033800236652,0.140279459933373,0.160502026996677
943,0.665208590906176,0.299924552865763,0.261497815323131,0.259638241659144,0.160502026996677,0.140279459933373
809,0.626439652176295,0.244185541162083,0.238033800236652,0.269010148553487,0.190154027575454,0.143552645462116
703,0.601650667029677,0.237166246337142,0.204454144375473,0.262430509724191,0.140801836156987,0.154094323280450
313,0.429473753439024,0.190154027575454,0.140279459933373,0.270905253648299,0.140279459933373,0.140279459933373
872,0.59454741884471,0.307786743279463,0.295029198942614,0.300905518027404,0.200889639762023,0.177624558944457
771,0.622904705251892,0.238033800236652,0.159655442358187,0.218083551882790,0.140279459933373,0.140279459933373
860,0.631738455286738,0.255943411389996,0.201594638931909,0.277585234113443,0.168745733831007,0.213405068833102
722,0.603424944919196,0.293075998312143,0.294052217151829,0.307786743279463,0.238033800236652,0.215727826366646
249,0.602537880906253,0.304834801321944,0.266179795115631,0.362994878061971,0.340368763820501,0.220471637257467
921,0.657294084136253,0.248659484023583,0.256863984839407,0.229493730258852,0.168745733831007,0.149133866930996
175,0.609630293401202,0.183371292540019,0.219672052767678,0.180448444205294,0.177624558944457,0.141873944585676
738,0.657294084136253,0.282396577544332,0.222891426963376,0.249561781327291,0.184568357977156,0.175435913518267
717,0.621136485069615,0.222891426963376,0.247759640188542,0.245967461561916,0.155233599845476,0.170736402643872
840,0.646729776551258,0.272806580486754,0.270905253648299,0.260567046745838,0.199491561253654,0.182190212262849
313,0.430419611243593,0.188255890082703,0.158822198286243,0.186394027664835,0.169237834303805,0.142702524367706
746,0.619367756469412,0.222081350052879,0.254108759679802,0.205178843545358,0.173835068385563,0.189517281185082
789,0.648491465815105,0.249561781327291,0.198109430350217,0.266179795115631,0.144424803121843,0.152618104976752
715,0.630855615748439,0.281431899695417,0.320611530912211,0.275669606701894,0.202303599215116,0.256863984839407
786,0.654654294039608,0.253194757033311,0.243298519444439,0.246862287018223,0.182190212262849,0.146548361254107
701,0.657294084136253,0.258711437790672,0.244185541162083,0.250466494772263,0.164480729737195,0.166814026627726
802,0.628206394540431,0.257786672914962,0.238033800236652,0.265239772398733,0.198109430350217,0.158410531669826
827,0.615828741507218,0.297964434643167,0.300905518027404,0.222891426963376,0.16634019279706,0.223704949036996
380,0.433254223593108,0.179307075461499,0.177071557205383,0.187631241909896,0.167291481291287,0.140279459933373
288,0.713442106338661,0.249561781327291,0.219672052767678,0.344314559496454,0.350225945404854,0.234581247743386
763,0.616713692539713,0.257786672914962,0.275669606701894,0.227823271636467,0.182190212262849,0.147178535004063
625,0.639678919993987,0.276626749501763,0.261497815323131,0.295029198942614,0.227823271636467,0.158410531669826
664,0.619367756469412,0.249561781327291,0.248659484023583,0.203016510694019,0.203733362812729,0.184568357977156
704,0.586543936638165,0.229493730258852,0.207376318697083,0.23977753355553,0.140279459933373,0.148801114525785
728,0.605198627992826,0.218876016213984,0.190794809258731,0.287236372741756,0.140279459933373,0.170736402643872
703,0.607858057407542,0.235439936165745,0.226992939983781,0.222081350052879,0.147178535004063,0.140279459933373
685,0.600763302119727,0.260567046745838,0.261497815323131,0.169733635746363,0.197424363331222,0.208116557082828
750,0.607858057407542,0.237166246337142,0.223704949036996,0.257786672914962,0.174898448025698,0.146862120354825
719,0.607858057407542,0.199491561253654,0.238904240888872,0.173835068385563,0.160930368981928,0.16357228121085
595,0.56334084744967,0.203016510694019,0.212638240623736,0.237166246337142,0.140279459933373,0.175435913518267
702,0.585653817185493,0.340368763820501,0.317648619366148,0.277585234113443,0.206639944148685,0.140279459933373
944,0.631738455286738,0.250466494772263,0.241532534498303,0.241532534498303,0.153350162717428,0.162677834203278
325,0.409494432911366,0.158002143279100,0.140279459933373,0.229493730258852,0.140279459933373,0.171754154191287
806,0.61405843859737,0.23977753355553,0.141873944585676,0.280468392646033,0.152256565618780,0.176522456496951
748,0.622904705251892,0.232872971194181,0.195393227873188,0.226165913043895,0.140279459933373,0.157597013980819
834,0.622904705251892,0.266179795115631,0.277585234113443,0.225342219919308,0.178742307944130,0.173835068385563
941,0.57763477259731,0.265239772398733,0.248659484023583,0.245075200706715,0.185781454960399,0.165403320798019
672,0.616713692539713,0.226165913043895,0.205178843545358,0.267121556704060,0.151542367809210,0.140279459933373
486,0.454843116219575,0.216509434133377,0.213405068833102,0.192088479379025,0.174898448025698,0.145622826217966
686,0.619367756469412,0.296006914761259,0.270905253648299,0.275669606701894,0.192741366843982,0.144424803121843
750,0.636150937944643,0.238033800236652,0.236301613614802,0.217294683481912,0.174898448025698,0.153720720340875
704,0.584763524220902,0.273759486818862,0.245075200706715,0.203016510694019,0.211115838461421,0.165403320798019
711,0.656414246618719,0.267121556704060,0.26336509235663,0.207376318697083,0.161362102255135,0.170233153496669
665,0.634386284250911,0.226992939983781,0.194059239855938,0.218083551882790,0.158002143279100,0.162677834203278
801,0.641442262346675,0.255024990396885,0.252283020211930,0.235439936165745,0.140279459933373,0.154094323280450
628,0.578526502286961,0.241532534498303,0.228656878414890,0.214949882112267,0.173835068385563,0.165403320798019
817,0.606971725447777,0.245967461561916,0.254108759679802,0.162235816543637,0.199491561253654,0.176522456496951
735,0.627323083479833,0.231177046607856,0.264301525715948,0.217294683481912,0.165869963138432,0.166814026627726
830,0.628206394540431,0.224521889216861,0.221274744825972,0.200188610986799,0.173309128978783,0.155619579790919
634,0.57763477259731,0.256863984839407,0.265239772398733,0.194059239855938,0.201594638931909,0.148801114525785
824,0.62555609967103,0.260567046745838,0.245075200706715,0.216509434133377,0.184568357977156,0.140279459933373
751,0.636150937944643,0.279506090033501,0.249561781327291,0.273759486818862,0.164024746412181,0.173835068385563
661,0.592770024376564,0.241532534498303,0.234581247743386,0.202303599215116,0.153720720340875,0.173835068385563
660,0.601650667029677,0.214175622695954,0.187010622123131,0.218876016213984,0.146548361254107,0.140279459933373
693,0.620252184825136,0.236301613614802,0.195393227873188,0.231177046607856,0.187631241909896,0.158822198286243
804,0.615828741507218,0.232023448734304,0.26336509235663,0.198798498578782,0.16357228121085,0.208116557082828
805,0.65113325749733,0.256863984839407,0.237166246337142,0.202303599215116,0.171754154191287,0.161797245314680
897,0.63703309779987,0.266179795115631,0.232872971194181,0.270905253648299,0.188255890082703,0.167772573247934
827,0.630855615748439,0.265239772398733,0.240653643199231,0.274713840722163,0.206639944148685,0.170233153496669
282,0.665208590906176,0.220471637257467,0.185172899926102,0.323575487390111,0.344314559496454,0.187631241909896
728,0.640560644506718,0.245075200706715,0.181025063276694,0.245967461561916,0.160077057692081,0.165403320798019
752,0.597212308466731,0.238033800236652,0.206639944148685,0.254108759679802,0.164940248736627,0.160077057692081
812,0.593658802575914,0.26336509235663,0.248659484023583,0.221274744825972,0.188884569174318,0.150839880430613
978,0.654654294039608,0.26806502014066,0.255943411389996,0.249561781327291,0.151542367809210,0.165403320798019
810,0.624672424998259,0.243298519444439,0.243298519444439,0.224521889216861,0.16357228121085,0.192088479379025
817,0.627323083479833,0.26806502014066,0.269010148553487,0.264301525715948,0.180448444205294,0.140279459933373
827,0.659933050519219,0.253194757033311,0.231177046607856,0.270905253648299,0.191439626593958,0.165403320798019
396,0.422838791105066,0.161797245314680,0.193398287644562,0.203733362812729,0.140279459933373,0.140279459933373
896,0.608744246353995,0.345300444024283,0.312714190948075,0.277585234113443,0.212638240623736,0.178742307944130
707,0.59099197716754,0.207376318697083,0.229493730258852,0.169237834303805,0.140279459933373,0.148471133452426
784,0.62555609967103,0.250466494772263,0.246862287018223,0.271855157449252,0.158822198286243,0.140279459933373
897,0.65201365997105,0.267121556704060,0.245075200706715,0.226992939983781,0.165403320798019,0.140279459933373
809,0.61494365721071,0.258711437790672,0.246862287018223,0.273759486818862,0.153350162717428,0.169237834303805
750,0.628206394540431,0.245967461561916,0.245075200706715,0.227823271636467,0.184568357977156,0.200889639762023
187,0.419036311953547,0.141602453589765,0.161362102255135,0.220471637257467,0.140279459933373,0.199491561253654
784,0.627323083479833,0.248659484023583,0.249561781327291,0.238904240888872,0.178742307944130,0.149469410107982
296,0.431364974573073,0.151189670120080,0.164024746412181,0.160502026996677,0.141602453589765,0.186394027664835
713,0.61494365721071,0.23033379664679,0.23033379664679,0.238033800236652,0.167291481291287,0.167772573247934
678,0.605198627992826,0.226165913043895,0.223704949036996,0.245967461561916,0.176522456496951,0.153350162717428
773,0.622904705251892,0.226165913043895,0.194059239855938,0.287236372741756,0.152982630801945,0.140279459933373
903,0.635268667058686,0.315674182764382,0.311728055196152,0.255024990396885,0.172787005806565,0.174364837136968
666,0.59099197716754,0.241532534498303,0.218876016213984,0.279506090033501,0.156400988328558,0.161797245314680
706,0.617598511353537,0.246862287018223,0.270905253648299,0.218083551882790,0.158002143279100,0.177624558944457
864,0.671359527115958,0.264301525715948,0.257786672914962,0.253194757033311,0.150148946700048,0.140279459933373
240,0.612287594171303,0.164024746412181,0.187010622123131,0.220471637257467,0.146862120354825,0.141602453589765
711,0.631738455286738,0.248659484023583,0.247759640188542,0.206639944148685,0.168257318749387,0.174364837136968
710,0.611401966215199,0.246862287018223,0.254108759679802,0.179875784505171,0.164940248736627,0.157195124574254
784,0.640560644506718,0.279506090033501,0.227823271636467,0.261497815323131,0.189517281185082,0.154094323280450
813,0.63703309779987,0.232872971194181,0.23977753355553,0.222081350052879,0.170233153496669,0.151897993103576
747,0.618483198986599,0.234581247743386,0.201594638931909,0.259638241659144,0.166814026627726,0.152982630801945
755,0.61494365721071,0.254108759679802,0.222891426963376,0.238904240888872,0.144424803121843,0.177624558944457
772,0.61405843859737,0.235439936165745,0.255943411389996,0.197424363331222,0.173835068385563,0.142702524367706
292,0.484491855840873,0.232872971194181,0.202303599215116,0.196066256873814,0.140279459933373,0.151542367809210
859,0.649372161207369,0.244185541162083,0.251373586915138,0.257786672914962,0.160930368981928,0.159655442358187
758,0.653774177471793,0.245075200706715,0.221274744825972,0.252283020211930,0.196743303664015,0.151189670120080
803,0.643205181411445,0.252283020211930,0.23033379664679,0.200188610986799,0.140279459933373,0.140279459933373
873,0.602537880906253,0.26336509235663,0.291125967010989,0.254108759679802,0.200188610986799,0.161797245314680
872,0.681894949187986,0.257786672914962,0.179307075461499,0.309756707604237,0.162235816543637,0.176522456496951
339,0.439851241970584,0.183371292540019,0.197424363331222,0.204454144375473,0.158002143279100,0.164940248736627
626,0.620252184825136,0.264301525715948,0.269010148553487,0.238033800236652,0.16357228121085,0.140279459933373
164,0.441731771836077,0.140279459933373,0.140279459933373,0.211115838461421,0.153350162717428,0.146237238572002
761,0.638797087949753,0.460435073421994,0.433254223593108,0.427580548847338,0.323575487390111,0.245967461561916
794,0.62555609967103,0.246862287018223,0.23033379664679,0.182190212262849,0.213405068833102,0.180448444205294
677,0.613173084606865,0.249561781327291,0.255943411389996,0.207376318697083,0.193398287644562,0.140279459933373
846,0.644086484322101,0.305818349289740,0.278545025785751,0.198798498578782,0.238033800236652,0.191439626593958
756,0.621136485069615,0.194724220966719,0.243298519444439,0.197424363331222,0.169733635746363,0.140279459933373
402,0.442671323317129,0.177624558944457,0.194724220966719,0.196743303664015,0.160930368981928,0.147178535004063
723,0.623788627185174,0.308771540986705,0.243298519444439,0.267121556704060,0.233725581744281,0.204454144375473
731,0.620252184825136,0.211115838461421,0.211875157547888,0.226165913043895,0.169733635746363,0.170233153496669
894,0.653774177471793,0.289179343702615,0.288207386188063,0.257786672914962,0.185172899926102,0.206639944148685
822,0.639678919993987,0.260567046745838,0.205907447843523,0.297964434643167,0.140279459933373,0.162677834203278
1013,0.631738455286738,0.270905253648299,0.26336509235663,0.26336509235663,0.190794809258731,0.140279459933373
754,0.622020658211421,0.308771540986705,0.269956905233921,0.261497815323131,0.242414171861771,0.243298519444439
325,0.468793774829766,0.175977245746161,0.194059239855938,0.194059239855938,0.150839880430613,0.16357228121085
781,0.643205181411445,0.23977753355553,0.234581247743386,0.240653643199231,0.162235816543637,0.140279459933373
813,0.672237905577799,0.256863984839407,0.226992939983781,0.304834801321944,0.140279459933373,0.224521889216861
708,0.631738455286738,0.238033800236652,0.205907447843523,0.285297304030371,0.141602453589765,0.143552645462116
162,0.352194131843378,0.140279459933373,0.140279459933373,0.183371292540019,0.143266847840142,0.140279459933373
170,0.527356424038935,0.141066417195949,0.218876016213984,0.208116557082828,0.140279459933373,0.150492979148870
706,0.616713692539713,0.223704949036996,0.229493730258852,0.26806502014066,0.140279459933373,0.169237834303805
351,0.43702685358426,0.179875784505171,0.159655442358187,0.236301613614802,0.140279459933373,0.173309128978783
599,0.583873056414207,0.232023448734304,0.222081350052879,0.262430509724191,0.158002143279100,0.182778757451073
760,0.65113325749733,0.314687276192053,0.306802338059224,0.308771540986705,0.201594638931909,0.196743303664015
569,0.623788627185174,0.214949882112267,0.246862287018223,0.182778757451073,0.152618104976752,0.200188610986799
784,0.647610671197383,0.289179343702615,0.245967461561916,0.274713840722163,0.196743303664015,0.185172899926102
760,0.629972659733243,0.232872971194181,0.198109430350217,0.249561781327291,0.173309128978783,0.140279459933373
727,0.590102705627282,0.228656878414890,0.187010622123131,0.232872971194181,0.174364837136968,0.16634019279706
679,0.598100289370352,0.232872971194181,0.231177046607856,0.187631241909896,0.140279459933373,0.163123316426449
751,0.632621179272578,0.246862287018223,0.280468392646033,0.205907447843523,0.171243398019944,0.179307075461499
766,0.601650667029677,0.225342219919308,0.238033800236652,0.251373586915138,0.140279459933373,0.141066417195949
756,0.623788627185174,0.221274744825972,0.260567046745838,0.160930368981928,0.167772573247934,0.148471133452426
209,0.59099197716754,0.154850743467635,0.212638240623736,0.196743303664015,0.151542367809210,0.164024746412181
164,0.478964395469008,0.140279459933373,0.227823271636467,0.152982630801945,0.140279459933373,0.142423961905656
681,0.603424944919196,0.222891426963376,0.227823271636467,0.235439936165745,0.158410531669826,0.159655442358187
773,0.622904705251892,0.258711437790672,0.231177046607856,0.270905253648299,0.190794809258731,0.142702524367706
814,0.659053485350326,0.270905253648299,0.236301613614802,0.285297304030371,0.140279459933373,0.208116557082828
656,0.647610671197383,0.237166246337142,0.221274744825972,0.205178843545358,0.140279459933373,0.142702524367706
683,0.61494365721071,0.241532534498303,0.236301613614802,0.201594638931909,0.174898448025698,0.154094323280450
720,0.622904705251892,0.226165913043895,0.231177046607856,0.235439936165745,0.192088479379025,0.141333283747465
776,0.605198627992826,0.292100571713878,0.286266334773665,0.322587416871138,0.196743303664015,0.185781454960399
692,0.621136485069615,0.246862287018223,0.206639944148685,0.257786672914962,0.147819407725247,0.140279459933373
705,0.601650667029677,0.206639944148685,0.161362102255135,0.224521889216861,0.190794809258731,0.178181472416481
176,0.533682626160806,0.140279459933373,0.156008702799071,0.182190212262849,0.140279459933373,0.140279459933373
628,0.604311860230174,0.233725581744281,0.224521889216861,0.187631241909896,0.171243398019944,0.178181472416481
734,0.627323083479833,0.264301525715948,0.264301525715948,0.216509434133377,0.225342219919308,0.180448444205294
790,0.623788627185174,0.320611530912211,0.283362392853609,0.309756707604237,0.207376318697083,0.209608564537159
346,0.458572851358513,0.178181472416481,0.176522456496951,0.203016510694019,0.164024746412181,0.140801836156987
818,0.646729776551258,0.23033379664679,0.225342219919308,0.232872971194181,0.196743303664015,0.161797245314680
860,0.618483198986599,0.223704949036996,0.224521889216861,0.218876016213984,0.140279459933373,0.178742307944130
169,0.503733909185275,0.140279459933373,0.154850743467635,0.196066256873814,0.152982630801945,0.158002143279100
739,0.650252758171119,0.219672052767678,0.227823271636467,0.232023448734304,0.157597013980819,0.141602453589765
625,0.564235724377818,0.191439626593958,0.202303599215116,0.244185541162083,0.146862120354825,0.140279459933373
678,0.586543936638165,0.23033379664679,0.197424363331222,0.231177046607856,0.173835068385563,0.144131604573628
608,0.574958463059337,0.273759486818862,0.219672052767678,0.314687276192053,0.169237834303805,0.142423961905656
193,0.566919113760625,0.150839880430613,0.227823271636467,0.148801114525785,0.172787005806565,0.140279459933373
399,0.451106215483896,0.182778757451073,0.181025063276694,0.180448444205294,0.146548361254107,0.212638240623736
770,0.583873056414207,0.270905253648299,0.228656878414890,0.312714190948075,0.288207386188063,0.178181472416481
197,0.379590352485876,0.183967824035887,0.160930368981928,0.231177046607856,0.140279459933373,0.169733635746363
696,0.613173084606865,0.217294683481912,0.235439936165745,0.175435913518267,0.167772573247934,0.140279459933373
675,0.648491465815105,0.253194757033311,0.269010148553487,0.158410531669826,0.183371292540019,0.169237834303805
746,0.638797087949753,0.224521889216861,0.226992939983781,0.214175622695954,0.189517281185082,0.140279459933373
757,0.639678919993987,0.283362392853609,0.213405068833102,0.269010148553487,0.165869963138432,0.194724220966719
810,0.639678919993987,0.23033379664679,0.247759640188542,0.222891426963376,0.140279459933373,0.170736402643872
689,0.59454741884471,0.238033800236652,0.194724220966719,0.279506090033501,0.187631241909896,0.149133866930996
400,0.491840713366392,0.174364837136968,0.154850743467635,0.195393227873188,0.150492979148870,0.140279459933373
846,0.642323774366231,0.238904240888872,0.249561781327291,0.206639944148685,0.172787005806565,0.207376318697083
790,0.644967683931748,0.286266334773665,0.274713840722163,0.246862287018223,0.198798498578782,0.147497624383717
935,0.642323774366231,0.258711437790672,0.274713840722163,0.222081350052879,0.191439626593958,0.140279459933373
750,0.607858057407542,0.236301613614802,0.214949882112267,0.235439936165745,0.186394027664835,0.185172899926102
826,0.613173084606865,0.205907447843523,0.207376318697083,0.214949882112267,0.153350162717428,0.188255890082703
296,0.643205181411445,0.154470991130581,0.156796455796649,0.210360301592275,0.140279459933373,0.164480729737195
388,0.426633199381427,0.176522456496951,0.203733362812729,0.214175622695954,0.178181472416481,0.140279459933373
942,0.63703309779987,0.337407372460796,0.319623752397046,0.308771540986705,0.222891426963376,0.172787005806565
734,0.622020658211421,0.237166246337142,0.203733362812729,0.237166246337142,0.185781454960399,0.172787005806565
953,0.637915147508898,0.255943411389996,0.209608564537159,0.232872971194181,0.178742307944130,0.175977245746161
660,0.591881082994116,0.26336509235663,0.217294683481912,0.259638241659144,0.159655442358187,0.178181472416481
699,0.606971725447777,0.244185541162083,0.213405068833102,0.23033379664679,0.172268685450245,0.171754154191287
988,0.65201365997105,0.316661303992259,0.286266334773665,0.297964434643167,0.172787005806565,0.156796455796649
158,0.463225147278761,0.158002143279100,0.206639944148685,0.148801114525785,0.153350162717428,0.155233599845476
669,0.606085249352797,0.190154027575454,0.206639944148685,0.258711437790672,0.168745733831007,0.147819407725247
776,0.63703309779987,0.250466494772263,0.205178843545358,0.228656878414890,0.171243398019944,0.140279459933373
871,0.655534316836593,0.277585234113443,0.248659484023583,0.194724220966719,0.182778757451073,0.175435913518267
700,0.613173084606865,0.227823271636467,0.212638240623736,0.232872971194181,0.150839880430613,0.160502026996677
706,0.606085249352797,0.222081350052879,0.203016510694019,0.214949882112267,0.152618104976752,0.178181472416481
818,0.646729776551258,0.277585234113443,0.250466494772263,0.297964434643167,0.167291481291287,0.187010622123131
685,0.626439652176295,0.255024990396885,0.211875157547888,0.269010148553487,0.156400988328558,0.154850743467635
679,0.606971725447777,0.224521889216861,0.23033379664679,0.23033379664679,0.173835068385563,0.140279459933373
383,0.43702685358426,0.178181472416481,0.173835068385563,0.213405068833102,0.142147774681471,0.147819407725247
410,0.446424815327873,0.171754154191287,0.207376318697083,0.214175622695954,0.145622826217966,0.140279459933373
862,0.623788627185174,0.33543232376894,0.322587416871138,0.270905253648299,0.238904240888872,0.161362102255135
184,0.548993245617665,0.172268685450245,0.16357228121085,0.207376318697083,0.171243398019944,0.140279459933373
761,0.606085249352797,0.217294683481912,0.232023448734304,0.235439936165745,0.140279459933373,0.158002143279100
668,0.598100289370352,0.23033379664679,0.201594638931909,0.244185541162083,0.140279459933373,0.140279459933373
905,0.640560644506718,0.261497815323131,0.270905253648299,0.251373586915138,0.180448444205294,0.206639944148685
826,0.618483198986599,0.269010148553487,0.231177046607856,0.275669606701894,0.175435913518267,0.148801114525785
737,0.673994424070159,0.286266334773665,0.211875157547888,0.297964434643167,0.173835068385563,0.173309128978783
347,0.460435073421994,0.140279459933373,0.216509434133377,0.161797245314680,0.140279459933373,0.140279459933373
778,0.587433883900336,0.222081350052879,0.26806502014066,0.196066256873814,0.140279459933373,0.140279459933373
807,0.645848781067736,0.26806502014066,0.218083551882790,0.281431899695417,0.162235816543637,0.140279459933373
730,0.622904705251892,0.232872971194181,0.220471637257467,0.190154027575454,0.180448444205294,0.144424803121843
870,0.640560644506718,0.271855157449252,0.273759486818862,0.265239772398733,0.185172899926102,0.198798498578782
778,0.627323083479833,0.236301613614802,0.231177046607856,0.272806580486754,0.164024746412181,0.140279459933373
753,0.622904705251892,0.226165913043895,0.215727826366646,0.207376318697083,0.193398287644562,0.171754154191287
774,0.62555609967103,0.257786672914962,0.284329312589461,0.218876016213984,0.156008702799071,0.181605650010004
798,0.598988114480156,0.233725581744281,0.204454144375473,0.256863984839407,0.172787005806565,0.141066417195949
713,0.636150937944643,0.245967461561916,0.23977753355553,0.277585234113443,0.140279459933373,0.140279459933373
655,0.587433883900336,0.303851718893881,0.245075200706715,0.255024990396885,0.176522456496951,0.140279459933373
439,0.432309844864813,0.150839880430613,0.194059239855938,0.211875157547888,0.140279459933373,0.147497624383717
725,0.617598511353537,0.258711437790672,0.214949882112267,0.261497815323131,0.140279459933373,0.156008702799071
821,0.631738455286738,0.243298519444439,0.241532534498303,0.245967461561916,0.146237238572002,0.164024746412181
722,0.631738455286738,0.238033800236652,0.216509434133377,0.246862287018223,0.173309128978783,0.161362102255135
351,0.613173084606865,0.218876016213984,0.189517281185082,0.314687276192053,0.311728055196152,0.190154027575454
623,0.610516199655431,0.220471637257467,0.202303599215116,0.257786672914962,0.168257318749387,0.151189670120080
768,0.638797087949753,0.243298519444439,0.274713840722163,0.243298519444439,0.172787005806565,0.140279459933373
762,0.659933050519219,0.251373586915138,0.248659484023583,0.251373586915138,0.166814026627726,0.151542367809210
907,0.640560644506718,0.269956905233921,0.235439936165745,0.284329312589461,0.159237162188545,0.16357228121085
439,0.599875784998553,0.278545025785751,0.259638241659144,0.224521889216861,0.177071557205383,0.140279459933373
737,0.622904705251892,0.23977753355553,0.201594638931909,0.245075200706715,0.183371292540019,0.167772573247934
750,0.619367756469412,0.199491561253654,0.188884569174318,0.251373586915138,0.140279459933373,0.16634019279706
785,0.621136485069615,0.254108759679802,0.234581247743386,0.208116557082828,0.164480729737195,0.158822198286243
737,0.605198627992826,0.355144025044986,0.341355528691973,0.318636108753548,0.185172899926102,0.198109430350217
202,0.423788147113161,0.140279459933373,0.140279459933373,0.606971725447777,0.662571212990782,0.498252004317859
834,0.653774177471793,0.252283020211930,0.266179795115631,0.275669606701894,0.140279459933373,0.16634019279706
379,0.437968797820157,0.162677834203278,0.140279459933373,0.173835068385563,0.173309128978783,0.140279459933373
334,0.626439652176295,0.334444602573969,0.295029198942614,0.290152214217331,0.200889639762023,0.146237238572002
692,0.615828741507218,0.216509434133377,0.222081350052879,0.226992939983781,0.151897993103576,0.161362102255135
818,0.634386284250911,0.271855157449252,0.236301613614802,0.226165913043895,0.169237834303805,0.148471133452426
409,0.460435073421994,0.193398287644562,0.170736402643872,0.196743303664015,0.145319498566922,0.140279459933373
856,0.620252184825136,0.232872971194181,0.249561781327291,0.196066256873814,0.159655442358187,0.140279459933373
817,0.639678919993987,0.275669606701894,0.285297304030371,0.26806502014066,0.188255890082703,0.210360301592275
780,0.634386284250911,0.26806502014066,0.241532534498303,0.243298519444439,0.155233599845476,0.198109430350217
693,0.598988114480156,0.204454144375473,0.259638241659144,0.199491561253654,0.182190212262849,0.154094323280450
662,0.567813168189284,0.257786672914962,0.238904240888872,0.243298519444439,0.169237834303805,0.197424363331222
730,0.623788627185174,0.245075200706715,0.232872971194181,0.214949882112267,0.176522456496951,0.140279459933373
690,0.659933050519219,0.287236372741756,0.284329312589461,0.304834801321944,0.193398287644562,0.192741366843982
768,0.615828741507218,0.236301613614802,0.224521889216861,0.23977753355553,0.181025063276694,0.140279459933373
789,0.641442262346675,0.267121556704060,0.242414171861771,0.273759486818862,0.167772573247934,0.140279459933373
816,0.623788627185174,0.247759640188542,0.205178843545358,0.26806502014066,0.140279459933373,0.178742307944130
888,0.664329550930648,0.302869127130412,0.288207386188063,0.205178843545358,0.182190212262849,0.182190212262849
789,0.627323083479833,0.274713840722163,0.226992939983781,0.265239772398733,0.140279459933373,0.152256565618780
164,0.476195411202944,0.140279459933373,0.140279459933373,0.235439936165745,0.140279459933373,0.178181472416481
819,0.647610671197383,0.254108759679802,0.220471637257467,0.233725581744281,0.155619579790919,0.140279459933373
716,0.592770024376564,0.222081350052879,0.216509434133377,0.235439936165745,0.165403320798019,0.159655442358187
277,0.476195411202944,0.140279459933373,0.157195124574254,0.188255890082703,0.151897993103576,0.151189670120080
775,0.629089586309926,0.203733362812729,0.242414171861771,0.209608564537159,0.145018731380577,0.140279459933373
790,0.623788627185174,0.224521889216861,0.218876016213984,0.277585234113443,0.140279459933373,0.140279459933373
799,0.608744246353995,0.244185541162083,0.246862287018223,0.247759640188542,0.216509434133377,0.140279459933373
638,0.630855615748439,0.269956905233921,0.228656878414890,0.286266334773665,0.208116557082828,0.140279459933373
363,0.433254223593108,0.164480729737195,0.147178535004063,0.211875157547888,0.165869963138432,0.140279459933373
367,0.455776216619560,0.205907447843523,0.217294683481912,0.194724220966719,0.140279459933373,0.175977245746161
757,0.612287594171303,0.223704949036996,0.217294683481912,0.228656878414890,0.166814026627726,0.152256565618780
338,0.446424815327873,0.172787005806565,0.165403320798019,0.200188610986799,0.147178535004063,0.140279459933373
341,0.447362019176649,0.175435913518267,0.164024746412181,0.231177046607856,0.140279459933373,0.167291481291287
149,0.416179118323367,0.198109430350217,0.188255890082703,0.152256565618780,0.164480729737195,0.140279459933373
889,0.633503788623644,0.32159942528535,0.276626749501763,0.304834801321944,0.204454144375473,0.167291481291287
806,0.637915147508898,0.261497815323131,0.231177046607856,0.236301613614802,0.173835068385563,0.163123316426449
650,0.571387382661058,0.238904240888872,0.222891426963376,0.282396577544332,0.185781454960399,0.144424803121843
396,0.450170855356869,0.200889639762023,0.172268685450245,0.252283020211930,0.148801114525785,0.140279459933373
741,0.629972659733243,0.243298519444439,0.188255890082703,0.267121556704060,0.159237162188545,0.180448444205294
838,0.670481068306923,0.265239772398733,0.275669606701894,0.206639944148685,0.154470991130581,0.152982630801945
775,0.616713692539713,0.232872971194181,0.211115838461421,0.214175622695954,0.183967824035887,0.170736402643872
846,0.637915147508898,0.26806502014066,0.23977753355553,0.198798498578782,0.164024746412181,0.169733635746363
725,0.621136485069615,0.215727826366646,0.231177046607856,0.23033379664679,0.178181472416481,0.140279459933373
852,0.631738455286738,0.306802338059224,0.258711437790672,0.269956905233921,0.196743303664015,0.16357228121085
421,0.451106215483896,0.170233153496669,0.160077057692081,0.222891426963376,0.140279459933373,0.157597013980819
834,0.618483198986599,0.222891426963376,0.226992939983781,0.250466494772263,0.155619579790919,0.16357228121085
923,0.639678919993987,0.378617765257579,0.351210191887716,0.397976414823837,0.341355528691973,0.271855157449252
427,0.691543175287256,0.23033379664679,0.140279459933373,0.485411763012758,0.534585290557682,0.395085382089401
696,0.567813168189284,0.216509434133377,0.200188610986799,0.255024990396885,0.182190212262849,0.143266847840142
215,0.430419611243593,0.158002143279100,0.170233153496669,0.178742307944130,0.148143904307162,0.140279459933373
883,0.680139802349038,0.272806580486754,0.270905253648299,0.276626749501763,0.168257318749387,0.158822198286243
707,0.607858057407542,0.205178843545358,0.238904240888872,0.235439936165745,0.197424363331222,0.149807763529887
854,0.617598511353537,0.244185541162083,0.218083551882790,0.262430509724191,0.173309128978783,0.140279459933373
655,0.598988114480156,0.222891426963376,0.208116557082828,0.251373586915138,0.181605650010004,0.157195124574254
538,0.573173308757861,0.297964434643167,0.260567046745838,0.277585234113443,0.162677834203278,0.152982630801945
695,0.629089586309926,0.242414171861771,0.246862287018223,0.203733362812729,0.190794809258731,0.191439626593958
855,0.646729776551258,0.325551793923222,0.302869127130412,0.244185541162083,0.190154027575454,0.16357228121085
640,0.631738455286738,0.245967461561916,0.253194757033311,0.255943411389996,0.165403320798019,0.140279459933373
827,0.644086484322101,0.261497815323131,0.246862287018223,0.288207386188063,0.147819407725247,0.156008702799071
702,0.615828741507218,0.247759640188542,0.248659484023583,0.242414171861771,0.153350162717428,0.168745733831007
450,0.596324170558622,0.318636108753548,0.318636108753548,0.348256569656263,0.187631241909896,0.210360301592275
751,0.626439652176295,0.346286080835727,0.330492731245164,0.353177756395209,0.247759640188542,0.196066256873814
401,0.458572851358513,0.208116557082828,0.215727826366646,0.198798498578782,0.140279459933373,0.140279459933373
251,0.485411763012758,0.213405068833102,0.154094323280450,0.249561781327291,0.148471133452426,0.190794809258731
665,0.609630293401202,0.233725581744281,0.236301613614802,0.211875157547888,0.162235816543637,0.147178535004063
775,0.586543936638165,0.221274744825972,0.211875157547888,0.287236372741756,0.140279459933373,0.149469410107982
909,0.63703309779987,0.330492731245164,0.323575487390111,0.301887051542692,0.188255890082703,0.171243398019944
337,0.424736999725661,0.167291481291287,0.218876016213984,0.159237162188545,0.173309128978783,0.140279459933373
242,0.602537880906253,0.157597013980819,0.140279459933373,0.222891426963376,0.145622826217966,0.140279459933373
811,0.628206394540431,0.280468392646033,0.261497815323131,0.280468392646033,0.175977245746161,0.16357228121085
766,0.653774177471793,0.302869127130412,0.255024990396885,0.254108759679802,0.203733362812729,0.159237162188545
744,0.621136485069615,0.242414171861771,0.241532534498303,0.217294683481912,0.170736402643872,0.185172899926102
319,0.425685350085428,0.164480729737195,0.161362102255135,0.211875157547888,0.140279459933373,0.140279459933373
880,0.592770024376564,0.245075200706715,0.200188610986799,0.228656878414890,0.172787005806565,0.142423961905656
621,0.597212308466731,0.245967461561916,0.250466494772263,0.204454144375473,0.213405068833102,0.141066417195949
748,0.637915147508898,0.276626749501763,0.255024990396885,0.283362392853609,0.149469410107982,0.140279459933373
796,0.632621179272578,0.236301613614802,0.266179795115631,0.251373586915138,0.177071557205383,0.140279459933373
889,0.631738455286738,0.273759486818862,0.281431899695417,0.221274744825972,0.201594638931909,0.156796455796649
500,0.489087655334828,0.207376318697083,0.184568357977156,0.173835068385563,0.163123316426449,0.171243398019944
724,0.595435874427052,0.217294683481912,0.203733362812729,0.248659484023583,0.167291481291287,0.171243398019944
166,0.493674279807102,0.172268685450245,0.189517281185082,0.179875784505171,0.157597013980819,0.140279459933373
596,0.597212308466731,0.264301525715948,0.241532534498303,0.273759486818862,0.160930368981928,0.152256565618780
822,0.643205181411445,0.255024990396885,0.237166246337142,0.281431899695417,0.152982630801945,0.140279459933373
868,0.63703309779987,0.274713840722163,0.258711437790672,0.259638241659144,0.196066256873814,0.194059239855938
483,0.627323083479833,0.327528205863718,0.291125967010989,0.367888982200334,0.359072414588444,0.198798498578782
782,0.574958463059337,0.276626749501763,0.242414171861771,0.267121556704060,0.162235816543637,0.155233599845476
650,0.582982412426427,0.241532534498303,0.262430509724191,0.222891426963376,0.177071557205383,0.149807763529887
806,0.606085249352797,0.298944182722262,0.272806580486754,0.292100571713878,0.173835068385563,0.162235816543637
743,0.647610671197383,0.236301613614802,0.213405068833102,0.269010148553487,0.140279459933373,0.155619579790919
728,0.593658802575914,0.235439936165745,0.210360301592275,0.253194757033311,0.148143904307162,0.140279459933373
909,0.635268667058686,0.258711437790672,0.183967824035887,0.264301525715948,0.157195124574254,0.145018731380577
786,0.59454741884471,0.235439936165745,0.196743303664015,0.249561781327291,0.168257318749387,0.158822198286243
958,0.65113325749733,0.288207386188063,0.257786672914962,0.258711437790672,0.170736402643872,0.179307075461499
430,0.461365530470573,0.188884569174318,0.171754154191287,0.213405068833102,0.157597013980819,0.159655442358187
728,0.623788627185174,0.262430509724191,0.280468392646033,0.226165913043895,0.155619579790919,0.154850743467635
698,0.59099197716754,0.225342219919308,0.255024990396885,0.178742307944130,0.170736402643872,0.140279459933373
737,0.609630293401202,0.409494432911366,0.349241401529061,0.327528205863718,0.179875784505171,0.172268685450245
766,0.615828741507218,0.274713840722163,0.238904240888872,0.261497815323131,0.170736402643872,0.171243398019944
841,0.631738455286738,0.231177046607856,0.208116557082828,0.269956905233921,0.152256565618780,0.160502026996677
819,0.632621179272578,0.252283020211930,0.262430509724191,0.224521889216861,0.150839880430613,0.144424803121843
461,0.539995796104345,0.277585234113443,0.256863984839407,0.295029198942614,0.179875784505171,0.168745733831007
656,0.643205181411445,0.221274744825972,0.224521889216861,0.26806502014066,0.167291481291287,0.140279459933373
873,0.629089586309926,0.294052217151829,0.311728055196152,0.186394027664835,0.211875157547888,0.233725581744281
752,0.606085249352797,0.223704949036996,0.225342219919308,0.244185541162083,0.140279459933373,0.171243398019944
175,0.4964219650051,0.153720720340875,0.140279459933373,0.573173308757861,0.629972659733243,0.466011361565902
183,0.514662297605807,0.167291481291287,0.196743303664015,0.154470991130581,0.154470991130581,0.192741366843982
779,0.605198627992826,0.244185541162083,0.206639944148685,0.255024990396885,0.178742307944130,0.140279459933373
712,0.617598511353537,0.23977753355553,0.197424363331222,0.238904240888872,0.149807763529887,0.140279459933373
771,0.637915147508898,0.278545025785751,0.264301525715948,0.26336509235663,0.189517281185082,0.175435913518267
684,0.597212308466731,0.186394027664835,0.158822198286243,0.252283020211930,0.140279459933373,0.140279459933373
689,0.654654294039608,0.269956905233921,0.254108759679802,0.284329312589461,0.152982630801945,0.175435913518267
856,0.650252758171119,0.257786672914962,0.289179343702615,0.198109430350217,0.185172899926102,0.144131604573628
171,0.521016538660012,0.140279459933373,0.161362102255135,0.211115838461421,0.140279459933373,0.146237238572002
763,0.613173084606865,0.232023448734304,0.228656878414890,0.241532534498303,0.166814026627726,0.181025063276694
638,0.644086484322101,0.264301525715948,0.223704949036996,0.298944182722262,0.192088479379025,0.146237238572002
368,0.436084425669404,0.164940248736627,0.194059239855938,0.203016510694019,0.160502026996677,0.140279459933373
352,0.444549008408857,0.182778757451073,0.216509434133377,0.211875157547888,0.140279459933373,0.140279459933373
779,0.608744246353995,0.221274744825972,0.225342219919308,0.216509434133377,0.140279459933373,0.141602453589765
647,0.598988114480156,0.222891426963376,0.187631241909896,0.206639944148685,0.177071557205383,0.169237834303805
820,0.661691913619881,0.251373586915138,0.269010148553487,0.218083551882790,0.179307075461499,0.180448444205294
704,0.611401966215199,0.246862287018223,0.231177046607856,0.238033800236652,0.165403320798019,0.158410531669826
720,0.608744246353995,0.216509434133377,0.197424363331222,0.218876016213984,0.174898448025698,0.140279459933373
814,0.62555609967103,0.238904240888872,0.245075200706715,0.224521889216861,0.152618104976752,0.226992939983781
681,0.572280442910804,0.223704949036996,0.253194757033311,0.205178843545358,0.144720505822661,0.199491561253654
714,0.561550463611059,0.285297304030371,0.253194757033311,0.270905253648299,0.165869963138432,0.170736402643872
749,0.636150937944643,0.238033800236652,0.179875784505171,0.249561781327291,0.154850743467635,0.182190212262849
785,0.622904705251892,0.212638240623736,0.234581247743386,0.222891426963376,0.160930368981928,0.191439626593958
650,0.579418047575081,0.289179343702615,0.279506090033501,0.312714190948075,0.183371292540019,0.157597013980819
731,0.566919113760625,0.301887051542692,0.302869127130412,0.258711437790672,0.179875784505171,0.200188610986799
839,0.59454741884471,0.23033379664679,0.23033379664679,0.205178843545358,0.169733635746363,0.240653643199231
724,0.600763302119727,0.218876016213984,0.235439936165745,0.218876016213984,0.160930368981928,0.182190212262849
813,0.641442262346675,0.322587416871138,0.296985336054750,0.238904240888872,0.208860644258667,0.172268685450245
622,0.610516199655431,0.247759640188542,0.225342219919308,0.270905253648299,0.140801836156987,0.162235816543637
950,0.65201365997105,0.294052217151829,0.287236372741756,0.312714190948075,0.156796455796649,0.172268685450245
310,0.454843116219575,0.165403320798019,0.156008702799071,0.206639944148685,0.145928733232941,0.164480729737195
643,0.609630293401202,0.226165913043895,0.197424363331222,0.272806580486754,0.141873944585676,0.145622826217966
675,0.61494365721071,0.227823271636467,0.226992939983781,0.253194757033311,0.140279459933373,0.140279459933373
771,0.622020658211421,0.23033379664679,0.262430509724191,0.232872971194181,0.175435913518267,0.16634019279706
335,0.457641082102348,0.165403320798019,0.146237238572002,0.229493730258852,0.140279459933373,0.140279459933373
710,0.606085249352797,0.274713840722163,0.251373586915138,0.253194757033311,0.187631241909896,0.16634019279706
742,0.620252184825136,0.233725581744281,0.206639944148685,0.244185541162083,0.160077057692081,0.155233599845476
375,0.466011361565902,0.212638240623736,0.211115838461421,0.173309128978783,0.174364837136968,0.173309128978783
737,0.611401966215199,0.221274744825972,0.222081350052879,0.276626749501763,0.160930368981928,0.193398287644562
695,0.63703309779987,0.241532534498303,0.245075200706715,0.245075200706715,0.173309128978783,0.154094323280450
756,0.635268667058686,0.228656878414890,0.266179795115631,0.150148946700048,0.196743303664015,0.169733635746363
666,0.598988114480156,0.247759640188542,0.245075200706715,0.201594638931909,0.185172899926102,0.170736402643872
697,0.63703309779987,0.274713840722163,0.232023448734304,0.238033800236652,0.178181472416481,0.142702524367706
610,0.585653817185493,0.23977753355553,0.248659484023583,0.232872971194181,0.164480729737195,0.140279459933373
668,0.601650667029677,0.258711437790672,0.26806502014066,0.210360301592275,0.201594638931909,0.140279459933373
320,0.436084425669404,0.187631241909896,0.193398287644562,0.190794809258731,0.143266847840142,0.140279459933373
919,0.636150937944643,0.282396577544332,0.276626749501763,0.252283020211930,0.180448444205294,0.140279459933373
719,0.598100289370352,0.253194757033311,0.26806502014066,0.248659484023583,0.141602453589765,0.172787005806565
827,0.626439652176295,0.236301613614802,0.232872971194181,0.246862287018223,0.144424803121843,0.140279459933373
624,0.611401966215199,0.273759486818862,0.260567046745838,0.210360301592275,0.186394027664835,0.172787005806565
900,0.622020658211421,0.305818349289740,0.23033379664679,0.254108759679802,0.196066256873814,0.188255890082703
839,0.647610671197383,0.261497815323131,0.227823271636467,0.255943411389996,0.153350162717428,0.197424363331222
339,0.428527399760189,0.164940248736627,0.178181472416481,0.185172899926102,0.149807763529887,0.140279459933373
759,0.61405843859737,0.256863984839407,0.181605650010004,0.264301525715948,0.165869963138432,0.160502026996677
815,0.641442262346675,0.274713840722163,0.290152214217331,0.217294683481912,0.163123316426449,0.191439626593958
830,0.63703309779987,0.253194757033311,0.283362392853609,0.214949882112267,0.177071557205383,0.169237834303805
774,0.637915147508898,0.269956905233921,0.282396577544332,0.198109430350217,0.194724220966719,0.142423961905656
936,0.631738455286738,0.283362392853609,0.236301613614802,0.271855157449252,0.147819407725247,0.196066256873814
758,0.610516199655431,0.247759640188542,0.252283020211930,0.267121556704060,0.187631241909896,0.177071557205383
295,0.428527399760189,0.165403320798019,0.149469410107982,0.208860644258667,0.145018731380577,0.140279459933373
325,0.655534316836593,0.260567046745838,0.140279459933373,0.700307281851228,0.749285948067872,0.592770024376564
695,0.622020658211421,0.226165913043895,0.247759640188542,0.191439626593958,0.157195124574254,0.144131604573628
781,0.618483198986599,0.248659484023583,0.227823271636467,0.245075200706715,0.189517281185082,0.140279459933373
392,0.458572851358513,0.169237834303805,0.186394027664835,0.194059239855938,0.153720720340875,0.198798498578782
669,0.546296562840502,0.285297304030371,0.262430509724191,0.281431899695417,0.203016510694019,0.164480729737195
697,0.632621179272578,0.224521889216861,0.207376318697083,0.258711437790672,0.175435913518267,0.140279459933373
769,0.612287594171303,0.234581247743386,0.232023448734304,0.221274744825972,0.154094323280450,0.140279459933373
227,0.601650667029677,0.214949882112267,0.179307075461499,0.222081350052879,0.178742307944130,0.188255890082703
681,0.579418047575081,0.296985336054750,0.318636108753548,0.26336509235663,0.204454144375473,0.169733635746363
823,0.640560644506718,0.214949882112267,0.249561781327291,0.211115838461421,0.140279459933373,0.154470991130581
744,0.605198627992826,0.23033379664679,0.210360301592275,0.241532534498303,0.147819407725247,0.140279459933373
262,0.465083048709257,0.177624558944457,0.178742307944130,0.232023448734304,0.162235816543637,0.173835068385563
747,0.629089586309926,0.264301525715948,0.184568357977156,0.282396577544332,0.159655442358187,0.140279459933373
775,0.643205181411445,0.274713840722163,0.257786672914962,0.258711437790672,0.172787005806565,0.164480729737195
632,0.634386284250911,0.218876016213984,0.244185541162083,0.207376318697083,0.151897993103576,0.153350162717428
883,0.629972659733243,0.260567046745838,0.198798498578782,0.267121556704060,0.178742307944130,0.140279459933373
818,0.638797087949753,0.233725581744281,0.218083551882790,0.257786672914962,0.168745733831007,0.182778757451073
485,0.705562772434465,0.287236372741756,0.223704949036996,0.354161056920203,0.315674182764382,0.210360301592275
817,0.597212308466731,0.238904240888872,0.208860644258667,0.208860644258667,0.188884569174318,0.159655442358187
157,0.455776216619560,0.151189670120080,0.145622826217966,0.206639944148685,0.153350162717428,0.154470991130581
739,0.631738455286738,0.243298519444439,0.189517281185082,0.229493730258852,0.172787005806565,0.182778757451073
716,0.618483198986599,0.237166246337142,0.244185541162083,0.250466494772263,0.180448444205294,0.177624558944457
704,0.638797087949753,0.258711437790672,0.223704949036996,0.284329312589461,0.158410531669826,0.201594638931909
819,0.634386284250911,0.258711437790672,0.270905253648299,0.226165913043895,0.175435913518267,0.152618104976752
344,0.432309844864813,0.146548361254107,0.159655442358187,0.214949882112267,0.154094323280450,0.140279459933373
671,0.627323083479833,0.253194757033311,0.246862287018223,0.198109430350217,0.154850743467635,0.141602453589765
818,0.640560644506718,0.255943411389996,0.254108759679802,0.243298519444439,0.208116557082828,0.158410531669826
686,0.595435874427052,0.245075200706715,0.232023448734304,0.251373586915138,0.140279459933373,0.152256565618780
803,0.620252184825136,0.265239772398733,0.203016510694019,0.248659484023583,0.152618104976752,0.165869963138432
766,0.63703309779987,0.245075200706715,0.258711437790672,0.255024990396885,0.194059239855938,0.173835068385563
643,0.579418047575081,0.23977753355553,0.209608564537159,0.254108759679802,0.148471133452426,0.161362102255135
908,0.621136485069615,0.234581247743386,0.214949882112267,0.288207386188063,0.170736402643872,0.166814026627726
160,0.466011361565902,0.154470991130581,0.184568357977156,0.157195124574254,0.174364837136968,0.149807763529887
379,0.438910260048710,0.146548361254107,0.155233599845476,0.223704949036996,0.140279459933373,0.152618104976752
691,0.612287594171303,0.252283020211930,0.258711437790672,0.255024990396885,0.190794809258731,0.208116557082828
797,0.599875784998553,0.240653643199231,0.249561781327291,0.183967824035887,0.158002143279100,0.188884569174318
615,0.61494365721071,0.266179795115631,0.257786672914962,0.258711437790672,0.201594638931909,0.166814026627726
801,0.643205181411445,0.26336509235663,0.244185541162083,0.216509434133377,0.177624558944457,0.167772573247934
666,0.565130393380684,0.311728055196152,0.264301525715948,0.261497815323131,0.196743303664015,0.168257318749387
812,0.63703309779987,0.240653643199231,0.229493730258852,0.190154027575454,0.153720720340875,0.140279459933373
721,0.608744246353995,0.256863984839407,0.274713840722163,0.170736402643872,0.196743303664015,0.170736402643872
869,0.592770024376564,0.282396577544332,0.266179795115631,0.309756707604237,0.175435913518267,0.140279459933373
910,0.557967132030868,0.242414171861771,0.207376318697083,0.247759640188542,0.145319498566922,0.147178535004063
809,0.639678919993987,0.247759640188542,0.220471637257467,0.237166246337142,0.148143904307162,0.140279459933373
312,0.428527399760189,0.150492979148870,0.157195124574254,0.183967824035887,0.171243398019944,0.159655442358187
774,0.643205181411445,0.307786743279463,0.277585234113443,0.260567046745838,0.198798498578782,0.140279459933373
825,0.61405843859737,0.269010148553487,0.258711437790672,0.298944182722262,0.161797245314680,0.200188610986799
167,0.466011361565902,0.149469410107982,0.140279459933373,0.218083551882790,0.140279459933373,0.174364837136968
729,0.602537880906253,0.214175622695954,0.226992939983781,0.209608564537159,0.158822198286243,0.141873944585676
843,0.659933050519219,0.233725581744281,0.253194757033311,0.253194757033311,0.164480729737195,0.158822198286243
735,0.609630293401202,0.245967461561916,0.227823271636467,0.210360301592275,0.167772573247934,0.182190212262849
761,0.641442262346675,0.242414171861771,0.201594638931909,0.261497815323131,0.163123316426449,0.155619579790919
187,0.456708871220304,0.160502026996677,0.153350162717428,0.200889639762023,0.156400988328558,0.140279459933373
165,0.500080663267207,0.154470991130581,0.175977245746161,0.192088479379025,0.149469410107982,0.140279459933373
727,0.624672424998259,0.260567046745838,0.208116557082828,0.267121556704060,0.145622826217966,0.140279459933373
720,0.657294084136253,0.209608564537159,0.222081350052879,0.243298519444439,0.140279459933373,0.202303599215116
655,0.536389829011528,0.307786743279463,0.255024990396885,0.272806580486754,0.209608564537159,0.168745733831007
724,0.645848781067736,0.253194757033311,0.250466494772263,0.226992939983781,0.148143904307162,0.181605650010004
149,0.433254223593108,0.140279459933373,0.182778757451073,0.187010622123131,0.140279459933373,0.162235816543637
684,0.613173084606865,0.240653643199231,0.196743303664015,0.276626749501763,0.174364837136968,0.140279459933373
664,0.582982412426427,0.236301613614802,0.227823271636467,0.208116557082828,0.162235816543637,0.167291481291287
845,0.62555609967103,0.250466494772263,0.245075200706715,0.218876016213984,0.181605650010004,0.140279459933373
777,0.62555609967103,0.211115838461421,0.177624558944457,0.243298519444439,0.181025063276694,0.140279459933373
687,0.629972659733243,0.269956905233921,0.272806580486754,0.257786672914962,0.186394027664835,0.150492979148870
684,0.604311860230174,0.237166246337142,0.244185541162083,0.222081350052879,0.152256565618780,0.173309128978783
668,0.615828741507218,0.220471637257467,0.200188610986799,0.278545025785751,0.147178535004063,0.158822198286243
727,0.605198627992826,0.319623752397046,0.336419918223748,0.203733362812729,0.225342219919308,0.173309128978783
808,0.65113325749733,0.272806580486754,0.214949882112267,0.299924552865763,0.153350162717428,0.152256565618780
641,0.628206394540431,0.236301613614802,0.224521889216861,0.269956905233921,0.179875784505171,0.148801114525785
684,0.626439652176295,0.257786672914962,0.279506090033501,0.247759640188542,0.174364837136968,0.141873944585676
747,0.631738455286738,0.256863984839407,0.261497815323131,0.210360301592275,0.171243398019944,0.187010622123131
891,0.62555609967103,0.242414171861771,0.200889639762023,0.265239772398733,0.145622826217966,0.175435913518267
807,0.615828741507218,0.247759640188542,0.245967461561916,0.218876016213984,0.14298348025674,0.174898448025698
652,0.592770024376564,0.219672052767678,0.176522456496951,0.247759640188542,0.178181472416481,0.140279459933373
805,0.656414246618719,0.251373586915138,0.233725581744281,0.275669606701894,0.150148946700048,0.189517281185082
811,0.645848781067736,0.245075200706715,0.238904240888872,0.240653643199231,0.150148946700048,0.146862120354825
819,0.620252184825136,0.251373586915138,0.245967461561916,0.303851718893881,0.140279459933373,0.147497624383717
636,0.646729776551258,0.299924552865763,0.241532534498303,0.246862287018223,0.189517281185082,0.200188610986799
297,0.681017412481438,0.233725581744281,0.191439626593958,0.355144025044986,0.379590352485876,0.215727826366646
747,0.627323083479833,0.241532534498303,0.210360301592275,0.251373586915138,0.171243398019944,0.173835068385563
888,0.643205181411445,0.255024990396885,0.258711437790672,0.250466494772263,0.167772573247934,0.198109430350217
739,0.624672424998259,0.272806580486754,0.238033800236652,0.240653643199231,0.197424363331222,0.193398287644562
760,0.620252184825136,0.23977753355553,0.235439936165745,0.211115838461421,0.173835068385563,0.179875784505171
792,0.646729776551258,0.237166246337142,0.273759486818862,0.237166246337142,0.146862120354825,0.16634019279706
767,0.596324170558622,0.255024990396885,0.259638241659144,0.253194757033311,0.149133866930996,0.160502026996677
839,0.629089586309926,0.211115838461421,0.203733362812729,0.226992939983781,0.140279459933373,0.167291481291287
154,0.451106215483896,0.146237238572002,0.211115838461421,0.150839880430613,0.161797245314680,0.156400988328558
843,0.624672424998259,0.237166246337142,0.258711437790672,0.212638240623736,0.194059239855938,0.150839880430613
864,0.657294084136253,0.269010148553487,0.260567046745838,0.219672052767678,0.169733635746363,0.161362102255135
770,0.639678919993987,0.267121556704060,0.243298519444439,0.205178843545358,0.169733635746363,0.202303599215116
782,0.659053485350326,0.342342090635241,0.295029198942614,0.305818349289740,0.188255890082703,0.171243398019944
783,0.632621179272578,0.272806580486754,0.208860644258667,0.293075998312143,0.175977245746161,0.160930368981928
834,0.653774177471793,0.259638241659144,0.235439936165745,0.192088479379025,0.159237162188545,0.140279459933373
406,0.435141512434088,0.180448444205294,0.142423961905656,0.240653643199231,0.140279459933373,0.177071557205383
754,0.630855615748439,0.245075200706715,0.212638240623736,0.291125967010989,0.168257318749387,0.171243398019944
726,0.629972659733243,0.251373586915138,0.238904240888872,0.256863984839407,0.164940248736627,0.140279459933373
183,0.544497573622266,0.140279459933373,0.185781454960399,0.203016510694019,0.140279459933373,0.159655442358187
181,0.402784577338547,0.147497624383717,0.158002143279100,0.222891426963376,0.140279459933373,0.142147774681471
650,0.576742857104671,0.279506090033501,0.235439936165745,0.277585234113443,0.174364837136968,0.148143904307162
750,0.59099197716754,0.235439936165745,0.206639944148685,0.257786672914962,0.151189670120080,0.176522456496951
761,0.630855615748439,0.272806580486754,0.235439936165745,0.283362392853609,0.170736402643872,0.207376318697083
927,0.65113325749733,0.247759640188542,0.246862287018223,0.258711437790672,0.198798498578782,0.147178535004063
751,0.649372161207369,0.245967461561916,0.210360301592275,0.232872971194181,0.148801114525785,0.218876016213984
694,0.621136485069615,0.243298519444439,0.175435913518267,0.281431899695417,0.140279459933373,0.140279459933373
832,0.653774177471793,0.426633199381427,0.407579902497849,0.39604956908159,0.323575487390111,0.266179795115631
150,0.448298759169222,0.141873944585676,0.193398287644562,0.188255890082703,0.178181472416481,0.140279459933373
368,0.436084425669404,0.151897993103576,0.140279459933373,0.179307075461499,0.140279459933373,0.164480729737195
401,0.58209159090975,0.219672052767678,0.200889639762023,0.215727826366646,0.189517281185082,0.149807763529887
712,0.602537880906253,0.226165913043895,0.227823271636467,0.174364837136968,0.164480729737195,0.173309128978783
189,0.569600673082815,0.140279459933373,0.175977245746161,0.182778757451073,0.140279459933373,0.143840891542185
650,0.603424944919196,0.275669606701894,0.260567046745838,0.216509434133377,0.192088479379025,0.140279459933373
759,0.654654294039608,0.261497815323131,0.266179795115631,0.244185541162083,0.158002143279100,0.151897993103576
717,0.595435874427052,0.237166246337142,0.218876016213984,0.259638241659144,0.169237834303805,0.200188610986799
742,0.610516199655431,0.205178843545358,0.178742307944130,0.256863984839407,0.140279459933373,0.175977245746161
773,0.65201365997105,0.264301525715948,0.226992939983781,0.270905253648299,0.140279459933373,0.165869963138432
756,0.602537880906253,0.278545025785751,0.211115838461421,0.276626749501763,0.176522456496951,0.182190212262849
693,0.589213267095234,0.277585234113443,0.253194757033311,0.264301525715948,0.207376318697083,0.183371292540019
231,0.602537880906253,0.186394027664835,0.200188610986799,0.204454144375473,0.158002143279100,0.185172899926102
745,0.637915147508898,0.245075200706715,0.26806502014066,0.170736402643872,0.142423961905656,0.140279459933373
547,0.634386284250911,0.275669606701894,0.269956905233921,0.283362392853609,0.198798498578782,0.183967824035887
893,0.663450425192382,0.264301525715948,0.222081350052879,0.257786672914962,0.165403320798019,0.192088479379025
599,0.628206394540431,0.296985336054750,0.224521889216861,0.338394673319409,0.168745733831007,0.172268685450245
834,0.636150937944643,0.255943411389996,0.220471637257467,0.226992939983781,0.200188610986799,0.158410531669826
781,0.636150937944643,0.257786672914962,0.217294683481912,0.254108759679802,0.179875784505171,0.167291481291287
841,0.656414246618719,0.411406907527978,0.387353706987488,0.408537424783786,0.293075998312143,0.186394027664835
412,0.653774177471793,0.228656878414890,0.217294683481912,0.349241401529061,0.390256851013871,0.217294683481912
652,0.585653817185493,0.244185541162083,0.246862287018223,0.234581247743386,0.159237162188545,0.166814026627726
294,0.409494432911366,0.160930368981928,0.179875784505171,0.193398287644562,0.140279459933373,0.179307075461499
237,0.600763302119727,0.158410531669826,0.182778757451073,0.194724220966719,0.155233599845476,0.187631241909896
896,0.627323083479833,0.32950458986508,0.279506090033501,0.350225945404854,0.367888982200334,0.232023448734304
759,0.520109684798944,0.266179795115631,0.192741366843982,0.249561781327291,0.140279459933373,0.146862120354825
712,0.646729776551258,0.258711437790672,0.243298519444439,0.243298519444439,0.140279459933373,0.145928733232941
898,0.640560644506718,0.315674182764382,0.312714190948075,0.244185541162083,0.16357228121085,0.148471133452426
644,0.593658802575914,0.269956905233921,0.247759640188542,0.269010148553487,0.164480729737195,0.196743303664015
936,0.643205181411445,0.283362392853609,0.26336509235663,0.237166246337142,0.193398287644562,0.140279459933373
714,0.592770024376564,0.226165913043895,0.178181472416481,0.245075200706715,0.152618104976752,0.142423961905656
713,0.615828741507218,0.207376318697083,0.179875784505171,0.238904240888872,0.16357228121085,0.150148946700048
829,0.628206394540431,0.271855157449252,0.289179343702615,0.298944182722262,0.258711437790672,0.173835068385563
954,0.641442262346675,0.293075998312143,0.282396577544332,0.271855157449252,0.228656878414890,0.170736402643872
733,0.618483198986599,0.233725581744281,0.222081350052879,0.228656878414890,0.171754154191287,0.178181472416481
359,0.445487145704544,0.179307075461499,0.177624558944457,0.198109430350217,0.145018731380577,0.140279459933373
352,0.407579902497849,0.156008702799071,0.140279459933373,0.203733362812729,0.159237162188545,0.152256565618780
677,0.620252184825136,0.265239772398733,0.249561781327291,0.161797245314680,0.180448444205294,0.187631241909896
864,0.622020658211421,0.262430509724191,0.23977753355553,0.280468392646033,0.161362102255135,0.187010622123131
752,0.62555609967103,0.238033800236652,0.241532534498303,0.232872971194181,0.140279459933373,0.140279459933373
708,0.623788627185174,0.253194757033311,0.272806580486754,0.219672052767678,0.149807763529887,0.161797245314680
155,0.442671323317129,0.170233153496669,0.179307075461499,0.198109430350217,0.154470991130581,0.158822198286243
526,0.629089586309926,0.274713840722163,0.209608564537159,0.39893907178823,0.402784577338547,0.267121556704060
736,0.634386284250911,0.232023448734304,0.227823271636467,0.279506090033501,0.140279459933373,0.179307075461499
724,0.603424944919196,0.287236372741756,0.276626749501763,0.269010148553487,0.165869963138432,0.182778757451073
721,0.636150937944643,0.351210191887716,0.338394673319409,0.291125967010989,0.196066256873814,0.181025063276694
779,0.621136485069615,0.259638241659144,0.225342219919308,0.243298519444439,0.194059239855938,0.140279459933373
974,0.73792896726203,0.40182397040703,0.376671178467619,0.512844066957349,0.529165277729617,0.386384998416716
722,0.623788627185174,0.221274744825972,0.165403320798019,0.240653643199231,0.164480729737195,0.140279459933373
728,0.610516199655431,0.255943411389996,0.228656878414890,0.267121556704060,0.182190212262849,0.16357228121085
935,0.633503788623644,0.253194757033311,0.231177046607856,0.235439936165745,0.203733362812729,0.202303599215116
755,0.584763524220902,0.202303599215116,0.194724220966719,0.220471637257467,0.142147774681471,0.170736402643872
812,0.655534316836593,0.269010148553487,0.243298519444439,0.278545025785751,0.158002143279100,0.205907447843523
704,0.606085249352797,0.233725581744281,0.200188610986799,0.221274744825972,0.164024746412181,0.140279459933373
737,0.604311860230174,0.250466494772263,0.288207386188063,0.211115838461421,0.180448444205294,0.194059239855938
698,0.627323083479833,0.223704949036996,0.235439936165745,0.205178843545358,0.147178535004063,0.158822198286243
581,0.517387345588464,0.262430509724191,0.214175622695954,0.380562464597876,0.409494432911366,0.248659484023583
783,0.61405843859737,0.271855157449252,0.244185541162083,0.26336509235663,0.156400988328558,0.182778757451073
850,0.640560644506718,0.257786672914962,0.245967461561916,0.269010148553487,0.140279459933373,0.179307075461499
736,0.648491465815105,0.255024990396885,0.26806502014066,0.200188610986799,0.174364837136968,0.140279459933373
812,0.645848781067736,0.272806580486754,0.250466494772263,0.237166246337142,0.196743303664015,0.178181472416481
242,0.422838791105066,0.215727826366646,0.201594638931909,0.297964434643167,0.324563618926047,0.182778757451073
770,0.584763524220902,0.255943411389996,0.223704949036996,0.278545025785751,0.142423961905656,0.173309128978783
965,0.63703309779987,0.269010148553487,0.222081350052879,0.298944182722262,0.173835068385563,0.166814026627726
781,0.63703309779987,0.282396577544332,0.266179795115631,0.222891426963376,0.174364837136968,0.164480729737195
228,0.599875784998553,0.140279459933373,0.176522456496951,0.204454144375473,0.140279459933373,0.140279459933373
806,0.617598511353537,0.228656878414890,0.197424363331222,0.286266334773665,0.140279459933373,0.162235816543637
811,0.658173830133798,0.283362392853609,0.255024990396885,0.271855157449252,0.201594638931909,0.176522456496951
774,0.626439652176295,0.225342219919308,0.224521889216861,0.190154027575454,0.140279459933373,0.194724220966719
670,0.617598511353537,0.216509434133377,0.174898448025698,0.236301613614802,0.157195124574254,0.149469410107982
709,0.605198627992826,0.299924552865763,0.286266334773665,0.286266334773665,0.205907447843523,0.174898448025698
768,0.61405843859737,0.228656878414890,0.238904240888872,0.205907447843523,0.190794809258731,0.150492979148870
561,0.57763477259731,0.23033379664679,0.221274744825972,0.213405068833102,0.199491561253654,0.140279459933373
684,0.59454741884471,0.243298519444439,0.205178843545358,0.211115838461421,0.160077057692081,0.170736402643872
797,0.615828741507218,0.271855157449252,0.262430509724191,0.282396577544332,0.150492979148870,0.179307075461499
672,0.61494365721071,0.284329312589461,0.248659484023583,0.270905253648299,0.150839880430613,0.182778757451073
362,0.472497848634527,0.184568357977156,0.196066256873814,0.236301613614802,0.167291481291287,0.150148946700048
700,0.612287594171303,0.284329312589461,0.237166246337142,0.245075200706715,0.145018731380577,0.181605650010004
697,0.569600673082815,0.283362392853609,0.296006914761259,0.231177046607856,0.245075200706715,0.211115838461421
797,0.613173084606865,0.243298519444439,0.245967461561916,0.234581247743386,0.169733635746363,0.140279459933373
835,0.657294084136253,0.276626749501763,0.264301525715948,0.202303599215116,0.152256565618780,0.186394027664835
274,0.629972659733243,0.166814026627726,0.159655442358187,0.211875157547888,0.143552645462116,0.140279459933373
714,0.604311860230174,0.23977753355553,0.223704949036996,0.228656878414890,0.149469410107982,0.196743303664015
560,0.618483198986599,0.226165913043895,0.206639944148685,0.236301613614802,0.149133866930996,0.152618104976752
654,0.600763302119727,0.300905518027404,0.262430509724191,0.296006914761259,0.179307075461499,0.190154027575454
758,0.599875784998553,0.227823271636467,0.205907447843523,0.205178843545358,0.171754154191287,0.140279459933373
708,0.613173084606865,0.245075200706715,0.202303599215116,0.237166246337142,0.199491561253654,0.140279459933373
717,0.628206394540431,0.245075200706715,0.228656878414890,0.258711437790672,0.174898448025698,0.183967824035887
816,0.632621179272578,0.26806502014066,0.270905253648299,0.253194757033311,0.196743303664015,0.168257318749387
851,0.652893966371437,0.264301525715948,0.262430509724191,0.174898448025698,0.162235816543637,0.179875784505171
690,0.618483198986599,0.215727826366646,0.254108759679802,0.218876016213984,0.158002143279100,0.176522456496951
811,0.661691913619881,0.265239772398733,0.249561781327291,0.286266334773665,0.159655442358187,0.168745733831007
720,0.631738455286738,0.229493730258852,0.208116557082828,0.282396577544332,0.172268685450245,0.165869963138432
825,0.65113325749733,0.252283020211930,0.211115838461421,0.270905253648299,0.148801114525785,0.177071557205383
465,0.484491855840873,0.212638240623736,0.214949882112267,0.155619579790919,0.154470991130581,0.163123316426449
812,0.620252184825136,0.325551793923222,0.258711437790672,0.257786672914962,0.167772573247934,0.140279459933373
766,0.636150937944643,0.256863984839407,0.245075200706715,0.284329312589461,0.154850743467635,0.168257318749387
823,0.654654294039608,0.273759486818862,0.245967461561916,0.309756707604237,0.140279459933373,0.182778757451073
503,0.4964219650051,0.23033379664679,0.211115838461421,0.205907447843523,0.148143904307162,0.154094323280450
675,0.622904705251892,0.238033800236652,0.238033800236652,0.227823271636467,0.140279459933373,0.167291481291287
776,0.618483198986599,0.282396577544332,0.256863984839407,0.250466494772263,0.156008702799071,0.152256565618780
878,0.622904705251892,0.255024990396885,0.207376318697083,0.287236372741756,0.143552645462116,0.140279459933373
333,0.465083048709257,0.150839880430613,0.200889639762023,0.211115838461421,0.140279459933373,0.188884569174318
692,0.591881082994116,0.226992939983781,0.248659484023583,0.211115838461421,0.181025063276694,0.159237162188545
676,0.609630293401202,0.324563618926047,0.324563618926047,0.283362392853609,0.179875784505171,0.147497624383717
888,0.643205181411445,0.281431899695417,0.297964434643167,0.252283020211930,0.198798498578782,0.153720720340875
686,0.626439652176295,0.246862287018223,0.205907447843523,0.287236372741756,0.153350162717428,0.174364837136968
849,0.635268667058686,0.273759486818862,0.250466494772263,0.269956905233921,0.181605650010004,0.148801114525785
717,0.626439652176295,0.265239772398733,0.278545025785751,0.284329312589461,0.181025063276694,0.149133866930996
323,0.442671323317129,0.168257318749387,0.198798498578782,0.224521889216861,0.141333283747465,0.144720505822661
966,0.645848781067736,0.355144025044986,0.325551793923222,0.247759640188542,0.164480729737195,0.175977245746161
821,0.609630293401202,0.261497815323131,0.252283020211930,0.233725581744281,0.172268685450245,0.142423961905656
843,0.633503788623644,0.292100571713878,0.304834801321944,0.200188610986799,0.198109430350217,0.226165913043895
837,0.654654294039608,0.248659484023583,0.258711437790672,0.232872971194181,0.140279459933373,0.188255890082703
517,0.645848781067736,0.270905253648299,0.252283020211930,0.211115838461421,0.189517281185082,0.175435913518267
344,0.434198112267997,0.161362102255135,0.171243398019944,0.203733362812729,0.157597013980819,0.140279459933373
700,0.597212308466731,0.248659484023583,0.183967824035887,0.232872971194181,0.140279459933373,0.154850743467635
770,0.617598511353537,0.198109430350217,0.182778757451073,0.244185541162083,0.155619579790919,0.16357228121085
690,0.629089586309926,0.240653643199231,0.23033379664679,0.271855157449252,0.149133866930996,0.200188610986799
936,0.638797087949753,0.339381807952053,0.319623752397046,0.367888982200334,0.294052217151829,0.164024746412181
649,0.606085249352797,0.219672052767678,0.211115838461421,0.224521889216861,0.140279459933373,0.175977245746161
365,0.438910260048710,0.175977245746161,0.181605650010004,0.179875784505171,0.153720720340875,0.145928733232941
152,0.44923503724365,0.140279459933373,0.164024746412181,0.218876016213984,0.140279459933373,0.140279459933373
673,0.61405843859737,0.242414171861771,0.201594638931909,0.317648619366148,0.157195124574254,0.192741366843982
210,0.429473753439024,0.178181472416481,0.154850743467635,0.177624558944457,0.156008702799071,0.172787005806565
939,0.6678452031824,0.267121556704060,0.258711437790672,0.223704949036996,0.193398287644562,0.197424363331222
785,0.640560644506718,0.26806502014066,0.252283020211930,0.265239772398733,0.146862120354825,0.140279459933373
831,0.608744246353995,0.242414171861771,0.207376318697083,0.255024990396885,0.148801114525785,0.195393227873188
778,0.623788627185174,0.241532534498303,0.249561781327291,0.258711437790672,0.140279459933373,0.169237834303805
894,0.644086484322101,0.242414171861771,0.234581247743386,0.251373586915138,0.190794809258731,0.148801114525785
692,0.624672424998259,0.23033379664679,0.249561781327291,0.242414171861771,0.162235816543637,0.167772573247934
764,0.632621179272578,0.252283020211930,0.210360301592275,0.245967461561916,0.171243398019944,0.173309128978783
784,0.659053485350326,0.269956905233921,0.229493730258852,0.243298519444439,0.140279459933373,0.143266847840142
793,0.606971725447777,0.261497815323131,0.226992939983781,0.224521889216861,0.165403320798019,0.192088479379025
838,0.640560644506718,0.349241401529061,0.296985336054750,0.296006914761259,0.217294683481912,0.171754154191287
770,0.640560644506718,0.240653643199231,0.262430509724191,0.232023448734304,0.187010622123131,0.165403320798019
757,0.578526502286961,0.33543232376894,0.296985336054750,0.262430509724191,0.245967461561916,0.196066256873814
687,0.65201365997105,0.232023448734304,0.219672052767678,0.184568357977156,0.156008702799071,0.187631241909896
761,0.621136485069615,0.260567046745838,0.216509434133377,0.236301613614802,0.173835068385563,0.157195124574254
694,0.61405843859737,0.233725581744281,0.258711437790672,0.232023448734304,0.14298348025674,0.157597013980819
931,0.650252758171119,0.305818349289740,0.317648619366148,0.232023448734304,0.168745733831007,0.205907447843523
803,0.656414246618719,0.248659484023583,0.205907447843523,0.288207386188063,0.164940248736627,0.159655442358187
650,0.638797087949753,0.214175622695954,0.23033379664679,0.255943411389996,0.161797245314680,0.161797245314680
696,0.665208590906176,0.274713840722163,0.224521889216861,0.288207386188063,0.146237238572002,0.196066256873814
494,0.630855615748439,0.215727826366646,0.209608564537159,0.232023448734304,0.140279459933373,0.162677834203278
734,0.631738455286738,0.269010148553487,0.231177046607856,0.212638240623736,0.192088479379025,0.199491561253654
894,0.638797087949753,0.251373586915138,0.232023448734304,0.282396577544332,0.16634019279706,0.176522456496951
701,0.61405843859737,0.226992939983781,0.224521889216861,0.214949882112267,0.169733635746363,0.162235816543637
760,0.604311860230174,0.254108759679802,0.267121556704060,0.235439936165745,0.158822198286243,0.156400988328558
708,0.591881082994116,0.223704949036996,0.208116557082828,0.247759640188542,0.170736402643872,0.165403320798019
577,0.598988114480156,0.304834801321944,0.227823271636467,0.283362392853609,0.164940248736627,0.165869963138432
577,0.608744246353995,0.238904240888872,0.254108759679802,0.272806580486754,0.140279459933373,0.176522456496951
792,0.636150937944643,0.219672052767678,0.251373586915138,0.187631241909896,0.146862120354825,0.185172899926102
746,0.595435874427052,0.248659484023583,0.254108759679802,0.213405068833102,0.155233599845476,0.140279459933373
966,0.619367756469412,0.259638241659144,0.245967461561916,0.281431899695417,0.140279459933373,0.173309128978783
670,0.615828741507218,0.215727826366646,0.252283020211930,0.198798498578782,0.193398287644562,0.140279459933373
786,0.609630293401202,0.145018731380577,0.140279459933373,0.608744246353995,0.66608754581422,0.510114381882143
756,0.607858057407542,0.296006914761259,0.256863984839407,0.313700605163659,0.211115838461421,0.152256565618780
882,0.650252758171119,0.291125967010989,0.240653643199231,0.313700605163659,0.152982630801945,0.183967824035887
381,0.469720411442728,0.178181472416481,0.191439626593958,0.164024746412181,0.160077057692081,0.140279459933373
795,0.653774177471793,0.254108759679802,0.209608564537159,0.243298519444439,0.198798498578782,0.169733635746363
782,0.612287594171303,0.250466494772263,0.216509434133377,0.190154027575454,0.204454144375473,0.186394027664835
790,0.620252184825136,0.240653643199231,0.26806502014066,0.145319498566922,0.199491561253654,0.155619579790919
675,0.617598511353537,0.199491561253654,0.224521889216861,0.196743303664015,0.164024746412181,0.163123316426449
267,0.458572851358513,0.175977245746161,0.173309128978783,0.174898448025698,0.140279459933373,0.160502026996677
892,0.655534316836593,0.26806502014066,0.287236372741756,0.275669606701894,0.150148946700048,0.174898448025698
661,0.61494365721071,0.219672052767678,0.229493730258852,0.262430509724191,0.140279459933373,0.140279459933373
837,0.626439652176295,0.245967461561916,0.193398287644562,0.262430509724191,0.157597013980819,0.140279459933373
764,0.65113325749733,0.266179795115631,0.252283020211930,0.265239772398733,0.172268685450245,0.146548361254107
920,0.609630293401202,0.219672052767678,0.236301613614802,0.23033379664679,0.164480729737195,0.140279459933373
762,0.643205181411445,0.257786672914962,0.208860644258667,0.269010148553487,0.140279459933373,0.192741366843982
402,0.422838791105066,0.151189670120080,0.152982630801945,0.209608564537159,0.140279459933373,0.148801114525785
715,0.608744246353995,0.203016510694019,0.222891426963376,0.254108759679802,0.140279459933373,0.158002143279100
682,0.601650667029677,0.218876016213984,0.218876016213984,0.256863984839407,0.156400988328558,0.151897993103576
532,0.619367756469412,0.23977753355553,0.211115838461421,0.211875157547888,0.140279459933373,0.165869963138432
778,0.659053485350326,0.269956905233921,0.221274744825972,0.271855157449252,0.168257318749387,0.155619579790919
820,0.633503788623644,0.252283020211930,0.180448444205294,0.276626749501763,0.185172899926102,0.152256565618780
320,0.673994424070159,0.286266334773665,0.236301613614802,0.270905253648299,0.277585234113443,0.185172899926102
706,0.576742857104671,0.226165913043895,0.238033800236652,0.173309128978783,0.167291481291287,0.185172899926102
810,0.602537880906253,0.209608564537159,0.233725581744281,0.236301613614802,0.145928733232941,0.198109430350217
608,0.570494126543261,0.205178843545358,0.182778757451073,0.226165913043895,0.161797245314680,0.170233153496669
769,0.632621179272578,0.23977753355553,0.253194757033311,0.226992939983781,0.152618104976752,0.168745733831007
697,0.622904705251892,0.234581247743386,0.203733362812729,0.250466494772263,0.171243398019944,0.158410531669826
722,0.603424944919196,0.215727826366646,0.254108759679802,0.210360301592275,0.160502026996677,0.157195124574254
695,0.593658802575914,0.212638240623736,0.211875157547888,0.228656878414890,0.14298348025674,0.172268685450245
728,0.636150937944643,0.318636108753548,0.310742219942023,0.302869127130412,0.209608564537159,0.140279459933373
573,0.609630293401202,0.308771540986705,0.266179795115631,0.280468392646033,0.212638240623736,0.164940248736627
678,0.602537880906253,0.226992939983781,0.211875157547888,0.223704949036996,0.147178535004063,0.192088479379025
966,0.643205181411445,0.273759486818862,0.279506090033501,0.232872971194181,0.175977245746161,0.190154027575454
846,0.61494365721071,0.255943411389996,0.23977753355553,0.245967461561916,0.149133866930996,0.140279459933373
198,0.403744670601839,0.150148946700048,0.141602453589765,0.211115838461421,0.150492979148870,0.142702524367706
745,0.592770024376564,0.247759640188542,0.245967461561916,0.240653643199231,0.178742307944130,0.172268685450245
630,0.620252184825136,0.223704949036996,0.208860644258667,0.237166246337142,0.161797245314680,0.182778757451073
671,0.613173084606865,0.250466494772263,0.229493730258852,0.241532534498303,0.162235816543637,0.188255890082703
751,0.65113325749733,0.240653643199231,0.255024990396885,0.265239772398733,0.147178535004063,0.161797245314680
801,0.630855615748439,0.250466494772263,0.206639944148685,0.284329312589461,0.151189670120080,0.151897993103576
794,0.608744246353995,0.23033379664679,0.192741366843982,0.236301613614802,0.156400988328558,0.208116557082828
335,0.459504181093247,0.183371292540019,0.172268685450245,0.179307075461499,0.154850743467635,0.167291481291287
742,0.596324170558622,0.226165913043895,0.23977753355553,0.220471637257467,0.186394027664835,0.140279459933373
745,0.633503788623644,0.233725581744281,0.253194757033311,0.245967461561916,0.179875784505171,0.146862120354825
404,0.471572446139952,0.185781454960399,0.14298348025674,0.232872971194181,0.140279459933373,0.167291481291287
822,0.629089586309926,0.248659484023583,0.255024990396885,0.259638241659144,0.200889639762023,0.140279459933373
783,0.632621179272578,0.279506090033501,0.256863984839407,0.246862287018223,0.155619579790919,0.150492979148870
688,0.636150937944643,0.192741366843982,0.214175622695954,0.205178843545358,0.157597013980819,0.140279459933373
722,0.638797087949753,0.238904240888872,0.255943411389996,0.187631241909896,0.188884569174318,0.140279459933373
650,0.612287594171303,0.257786672914962,0.253194757033311,0.243298519444439,0.161362102255135,0.173309128978783
461,0.643205181411445,0.266179795115631,0.273759486818862,0.262430509724191,0.193398287644562,0.172268685450245
825,0.636150937944643,0.255024990396885,0.229493730258852,0.280468392646033,0.140279459933373,0.149133866930996
731,0.61494365721071,0.240653643199231,0.231177046607856,0.246862287018223,0.168257318749387,0.169733635746363
692,0.632621179272578,0.289179343702615,0.245967461561916,0.23977753355553,0.192088479379025,0.159655442358187
794,0.640560644506718,0.220471637257467,0.261497815323131,0.232023448734304,0.169237834303805,0.149469410107982
681,0.630855615748439,0.23977753355553,0.191439626593958,0.265239772398733,0.158410531669826,0.167291481291287
685,0.588323660284695,0.229493730258852,0.214949882112267,0.159237162188545,0.200889639762023,0.161797245314680
757,0.654654294039608,0.267121556704060,0.256863984839407,0.223704949036996,0.167291481291287,0.140279459933373
686,0.598988114480156,0.200188610986799,0.241532534498303,0.167291481291287,0.169237834303805,0.140279459933373
811,0.656414246618719,0.26336509235663,0.176522456496951,0.316661303992259,0.140279459933373,0.153720720340875
691,0.605198627992826,0.252283020211930,0.169733635746363,0.261497815323131,0.192741366843982,0.150492979148870
242,0.509203854805391,0.159655442358187,0.165869963138432,0.236301613614802,0.140279459933373,0.140279459933373
622,0.622904705251892,0.259638241659144,0.250466494772263,0.256863984839407,0.173309128978783,0.182778757451073
765,0.590102705627282,0.249561781327291,0.211875157547888,0.269956905233921,0.165403320798019,0.160502026996677
562,0.509203854805391,0.255024990396885,0.240653643199231,0.207376318697083,0.187631241909896,0.181025063276694
793,0.615828741507218,0.249561781327291,0.195393227873188,0.284329312589461,0.140279459933373,0.140279459933373
667,0.609630293401202,0.269010148553487,0.238033800236652,0.264301525715948,0.185781454960399,0.190794809258731
987,0.649372161207369,0.251373586915138,0.235439936165745,0.247759640188542,0.154470991130581,0.183967824035887
787,0.688912670590823,0.403744670601839,0.349241401529061,0.366910990862085,0.212638240623736,0.173835068385563
205,0.528260989528785,0.153350162717428,0.151542367809210,0.240653643199231,0.140279459933373,0.203016510694019
651,0.630855615748439,0.232023448734304,0.229493730258852,0.284329312589461,0.163123316426449,0.175977245746161
645,0.635268667058686,0.26336509235663,0.242414171861771,0.251373586915138,0.158002143279100,0.157597013980819
772,0.603424944919196,0.237166246337142,0.220471637257467,0.213405068833102,0.158822198286243,0.140279459933373
344,0.469720411442728,0.200889639762023,0.187010622123131,0.215727826366646,0.140279459933373,0.152256565618780
719,0.643205181411445,0.299924552865763,0.274713840722163,0.285297304030371,0.187010622123131,0.156400988328558
616,0.585653817185493,0.244185541162083,0.242414171861771,0.250466494772263,0.196066256873814,0.181605650010004
804,0.629089586309926,0.251373586915138,0.269956905233921,0.217294683481912,0.174898448025698,0.203016510694019
661,0.57763477259731,0.232023448734304,0.185781454960399,0.248659484023583,0.141873944585676,0.154470991130581
331,0.458572851358513,0.165403320798019,0.217294683481912,0.179875784505171,0.140279459933373,0.190154027575454
246,0.61494365721071,0.153350162717428,0.192741366843982,0.209608564537159,0.143840891542185,0.160077057692081
349,0.445487145704544,0.171754154191287,0.197424363331222,0.205907447843523,0.161797245314680,0.166814026627726
689,0.596324170558622,0.23977753355553,0.192741366843982,0.243298519444439,0.176522456496951,0.140279459933373
740,0.603424944919196,0.236301613614802,0.250466494772263,0.226992939983781,0.178181472416481,0.140279459933373
751,0.612287594171303,0.251373586915138,0.245075200706715,0.202303599215116,0.175435913518267,0.160502026996677
879,0.664329550930648,0.23977753355553,0.187010622123131,0.259638241659144,0.140279459933373,0.140279459933373
729,0.620252184825136,0.269956905233921,0.199491561253654,0.266179795115631,0.180448444205294,0.153350162717428
928,0.642323774366231,0.269956905233921,0.195393227873188,0.288207386188063,0.174898448025698,0.177624558944457
666,0.617598511353537,0.377644706128292,0.343328438016707,0.32159942528535,0.290152214217331,0.264301525715948
765,0.623788627185174,0.246862287018223,0.284329312589461,0.217294683481912,0.166814026627726,0.151189670120080
695,0.600763302119727,0.225342219919308,0.203733362812729,0.232023448734304,0.143840891542185,0.159237162188545
866,0.638797087949753,0.287236372741756,0.257786672914962,0.243298519444439,0.175435913518267,0.164480729737195
197,0.550789853506805,0.164480729737195,0.188255890082703,0.218876016213984,0.161362102255135,0.178181472416481
160,0.470646634478409,0.164940248736627,0.150148946700048,0.245075200706715,0.140279459933373,0.155619579790919
178,0.51920253600366,0.146237238572002,0.168745733831007,0.23977753355553,0.140279459933373,0.146862120354825
733,0.626439652176295,0.234581247743386,0.242414171861771,0.222891426963376,0.140279459933373,0.140279459933373
793,0.627323083479833,0.260567046745838,0.279506090033501,0.160502026996677,0.181025063276694,0.140801836156987
798,0.648491465815105,0.255943411389996,0.269010148553487,0.218876016213984,0.168257318749387,0.164024746412181
749,0.624672424998259,0.238904240888872,0.240653643199231,0.243298519444439,0.196743303664015,0.169733635746363
914,0.630855615748439,0.260567046745838,0.275669606701894,0.269010148553487,0.170233153496669,0.156400988328558
768,0.629972659733243,0.254108759679802,0.256863984839407,0.210360301592275,0.187010622123131,0.151189670120080
705,0.638797087949753,0.231177046607856,0.168257318749387,0.252283020211930,0.144424803121843,0.205907447843523
721,0.600763302119727,0.211875157547888,0.214949882112267,0.192741366843982,0.182190212262849,0.140279459933373
555,0.582982412426427,0.291125967010989,0.296985336054750,0.228656878414890,0.172268685450245,0.151542367809210
816,0.658173830133798,0.264301525715948,0.249561781327291,0.284329312589461,0.183371292540019,0.171243398019944
746,0.597212308466731,0.238033800236652,0.232872971194181,0.193398287644562,0.140279459933373,0.159237162188545
721,0.612287594171303,0.229493730258852,0.211875157547888,0.273759486818862,0.147497624383717,0.160077057692081
794,0.659933050519219,0.282396577544332,0.249561781327291,0.23033379664679,0.196066256873814,0.186394027664835
675,0.588323660284695,0.186394027664835,0.203733362812729,0.242414171861771,0.146237238572002,0.140279459933373
658,0.609630293401202,0.214949882112267,0.182190212262849,0.253194757033311,0.140279459933373,0.160930368981928
764,0.610516199655431,0.238033800236652,0.249561781327291,0.175977245746161,0.173309128978783,0.196743303664015
654,0.595435874427052,0.255024990396885,0.218083551882790,0.264301525715948,0.151897993103576,0.196743303664015
215,0.544497573622266,0.240653643199231,0.217294683481912,0.267121556704060,0.149807763529887,0.140279459933373
821,0.622904705251892,0.281431899695417,0.282396577544332,0.273759486818862,0.156008702799071,0.217294683481912
688,0.606971725447777,0.249561781327291,0.236301613614802,0.211115838461421,0.181605650010004,0.140279459933373
742,0.613173084606865,0.247759640188542,0.262430509724191,0.196743303664015,0.147497624383717,0.179307075461499
623,0.595435874427052,0.294052217151829,0.284329312589461,0.304834801321944,0.240653643199231,0.193398287644562
724,0.659053485350326,0.284329312589461,0.238904240888872,0.278545025785751,0.170233153496669,0.160930368981928
636,0.598100289370352,0.361034414931008,0.323575487390111,0.347271459448055,0.264301525715948,0.234581247743386
239,0.661691913619881,0.233725581744281,0.227823271636467,0.310742219942023,0.377644706128292,0.218876016213984
843,0.649372161207369,0.275669606701894,0.256863984839407,0.26336509235663,0.175977245746161,0.169237834303805
844,0.655534316836593,0.255943411389996,0.269010148553487,0.241532534498303,0.16357228121085,0.156400988328558
384,0.486331294331022,0.177071557205383,0.140279459933373,0.243298519444439,0.140279459933373,0.150839880430613
928,0.629972659733243,0.258711437790672,0.232023448734304,0.255024990396885,0.196743303664015,0.195393227873188
702,0.610516199655431,0.245075200706715,0.232872971194181,0.187631241909896,0.176522456496951,0.140279459933373
750,0.606085249352797,0.274713840722163,0.302869127130412,0.229493730258852,0.196743303664015,0.222081350052879
921,0.635268667058686,0.227823271636467,0.221274744825972,0.218083551882790,0.161362102255135,0.156400988328558
390,0.451106215483896,0.153350162717428,0.189517281185082,0.214175622695954,0.140279459933373,0.174898448025698
790,0.634386284250911,0.257786672914962,0.270905253648299,0.243298519444439,0.215727826366646,0.140279459933373
760,0.6976787165068,0.314687276192053,0.285297304030371,0.309756707604237,0.206639944148685,0.171754154191287
809,0.620252184825136,0.222891426963376,0.266179795115631,0.152982630801945,0.158002143279100,0.140279459933373
655,0.596324170558622,0.247759640188542,0.208860644258667,0.275669606701894,0.169733635746363,0.158822198286243
876,0.648491465815105,0.514662297605807,0.484491855840873,0.427580548847338,0.372772455485757,0.269956905233921
332,0.451106215483896,0.175977245746161,0.194059239855938,0.185781454960399,0.168745733831007,0.140279459933373
750,0.636150937944643,0.26336509235663,0.258711437790672,0.294052217151829,0.174364837136968,0.191439626593958
695,0.576742857104671,0.272806580486754,0.269956905233921,0.229493730258852,0.156796455796649,0.140279459933373
718,0.682772413069105,0.293075998312143,0.222081350052879,0.264301525715948,0.168257318749387,0.198109430350217
746,0.61405843859737,0.206639944148685,0.269010148553487,0.152256565618780,0.178742307944130,0.140279459933373
703,0.585653817185493,0.226992939983781,0.241532534498303,0.251373586915138,0.148471133452426,0.140279459933373
792,0.607858057407542,0.232872971194181,0.241532534498303,0.209608564537159,0.161797245314680,0.150492979148870
381,0.397013246974146,0.174364837136968,0.157597013980819,0.183371292540019,0.173835068385563,0.164024746412181
690,0.609630293401202,0.181605650010004,0.227823271636467,0.183967824035887,0.170233153496669,0.171754154191287
197,0.57585075439854,0.159237162188545,0.156796455796649,0.183967824035887,0.149807763529887,0.174364837136968
741,0.591881082994116,0.216509434133377,0.267121556704060,0.177624558944457,0.144720505822661,0.156008702799071
798,0.612287594171303,0.247759640188542,0.185781454960399,0.266179795115631,0.140279459933373,0.141602453589765
934,0.638797087949753,0.275669606701894,0.281431899695417,0.254108759679802,0.196066256873814,0.167291481291287
860,0.631738455286738,0.222891426963376,0.276626749501763,0.175977245746161,0.172268685450245,0.200188610986799
796,0.658173830133798,0.293075998312143,0.235439936165745,0.271855157449252,0.196743303664015,0.190154027575454
797,0.606085249352797,0.226165913043895,0.181605650010004,0.250466494772263,0.177624558944457,0.190794809258731
199,0.579418047575081,0.140279459933373,0.175435913518267,0.211115838461421,0.140279459933373,0.154850743467635
697,0.622020658211421,0.256863984839407,0.213405068833102,0.278545025785751,0.158822198286243,0.184568357977156
155,0.553483028327823,0.343328438016707,0.308771540986705,0.262430509724191,0.196066256873814,0.164480729737195
745,0.639678919993987,0.294052217151829,0.227823271636467,0.299924552865763,0.229493730258852,0.158410531669826
786,0.62555609967103,0.245967461561916,0.181605650010004,0.269010148553487,0.140279459933373,0.140279459933373
733,0.645848781067736,0.225342219919308,0.237166246337142,0.206639944148685,0.148471133452426,0.170736402643872
867,0.606971725447777,0.26806502014066,0.247759640188542,0.289179343702615,0.140279459933373,0.188255890082703
611,0.636150937944643,0.246862287018223,0.234581247743386,0.186394027664835,0.188255890082703,0.157195124574254
710,0.611401966215199,0.217294683481912,0.150839880430613,0.246862287018223,0.147497624383717,0.168745733831007
775,0.616713692539713,0.280468392646033,0.231177046607856,0.280468392646033,0.163123316426449,0.175435913518267
752,0.598988114480156,0.227823271636467,0.224521889216861,0.318636108753548,0.390256851013871,0.231177046607856
1005,0.672237905577799,0.296006914761259,0.245075200706715,0.262430509724191,0.176522456496951,0.216509434133377
821,0.681894949187986,0.285297304030371,0.247759640188542,0.226165913043895,0.158410531669826,0.204454144375473
583,0.61494365721071,0.280468392646033,0.275669606701894,0.203733362812729,0.194724220966719,0.175977245746161
169,0.486331294331022,0.140279459933373,0.165869963138432,0.192741366843982,0.140279459933373,0.140279459933373
731,0.63703309779987,0.242414171861771,0.245075200706715,0.245075200706715,0.154850743467635,0.172268685450245
705,0.607858057407542,0.245967461561916,0.194724220966719,0.26336509235663,0.140279459933373,0.140279459933373
350,0.420938564569721,0.170736402643872,0.171243398019944,0.233725581744281,0.140279459933373,0.140279459933373
919,0.616713692539713,0.294052217151829,0.283362392853609,0.284329312589461,0.213405068833102,0.164024746412181
793,0.645848781067736,0.255943411389996,0.213405068833102,0.292100571713878,0.156796455796649,0.154470991130581
652,0.607858057407542,0.240653643199231,0.242414171861771,0.211875157547888,0.166814026627726,0.140279459933373
169,0.510114381882143,0.14298348025674,0.165403320798019,0.178181472416481,0.164940248736627,0.170233153496669
658,0.599875784998553,0.232023448734304,0.199491561253654,0.247759640188542,0.144131604573628,0.140279459933373
168,0.485411763012758,0.178742307944130,0.151189670120080,0.23033379664679,0.163123316426449,0.150492979148870
359,0.429473753439024,0.166814026627726,0.183371292540019,0.225342219919308,0.140279459933373,0.140279459933373
367,0.474347434968947,0.191439626593958,0.162235816543637,0.212638240623736,0.140279459933373,0.153350162717428
722,0.61405843859737,0.293075998312143,0.257786672914962,0.273759486818862,0.147178535004063,0.198109430350217
592,0.61494365721071,0.231177046607856,0.218876016213984,0.216509434133377,0.196066256873814,0.166814026627726
842,0.62555609967103,0.205907447843523,0.187010622123131,0.219672052767678,0.218083551882790,0.153350162717428
1021,0.621136485069615,0.253194757033311,0.264301525715948,0.187631241909896,0.198798498578782,0.180448444205294
677,0.617598511353537,0.245967461561916,0.198798498578782,0.238033800236652,0.147178535004063,0.184568357977156
844,0.634386284250911,0.266179795115631,0.245967461561916,0.242414171861771,0.170736402643872,0.160502026996677
857,0.596324170558622,0.278545025785751,0.226165913043895,0.253194757033311,0.165403320798019,0.141873944585676
742,0.605198627992826,0.219672052767678,0.192088479379025,0.210360301592275,0.172787005806565,0.164940248736627
628,0.645848781067736,0.286266334773665,0.211115838461421,0.249561781327291,0.152618104976752,0.157195124574254
766,0.640560644506718,0.242414171861771,0.220471637257467,0.246862287018223,0.140279459933373,0.143552645462116
774,0.606971725447777,0.243298519444439,0.23033379664679,0.250466494772263,0.169733635746363,0.140279459933373
715,0.632621179272578,0.238033800236652,0.205907447843523,0.226165913043895,0.166814026627726,0.140279459933373
667,0.635268667058686,0.236301613614802,0.211115838461421,0.23977753355553,0.140279459933373,0.174364837136968
891,0.610516199655431,0.320611530912211,0.262430509724191,0.322587416871138,0.172787005806565,0.174364837136968
761,0.658173830133798,0.26336509235663,0.255943411389996,0.243298519444439,0.166814026627726,0.182190212262849
893,0.638797087949753,0.262430509724191,0.228656878414890,0.267121556704060,0.164024746412181,0.150839880430613
890,0.646729776551258,0.281431899695417,0.236301613614802,0.303851718893881,0.171243398019944,0.164024746412181
435,0.479886604427388,0.198798498578782,0.178181472416481,0.193398287644562,0.167291481291287,0.159237162188545
698,0.595435874427052,0.244185541162083,0.218083551882790,0.210360301592275,0.140279459933373,0.168745733831007
783,0.633503788623644,0.260567046745838,0.253194757033311,0.233725581744281,0.167291481291287,0.223704949036996
778,0.615828741507218,0.215727826366646,0.217294683481912,0.185781454960399,0.174898448025698,0.166814026627726
771,0.618483198986599,0.214949882112267,0.221274744825972,0.242414171861771,0.193398287644562,0.140279459933373
874,0.621136485069615,0.245075200706715,0.206639944148685,0.296985336054750,0.149133866930996,0.170233153496669
738,0.606085249352797,0.234581247743386,0.244185541162083,0.245075200706715,0.197424363331222,0.178181472416481
160,0.467866722440866,0.140279459933373,0.160502026996677,0.221274744825972,0.140279459933373,0.148801114525785
865,0.637915147508898,0.253194757033311,0.247759640188542,0.245075200706715,0.140801836156987,0.140279459933373
297,0.476195411202944,0.214175622695954,0.215727826366646,0.223704949036996,0.168257318749387,0.172787005806565
748,0.640560644506718,0.238904240888872,0.233725581744281,0.238904240888872,0.147178535004063,0.175977245746161
254,0.632621179272578,0.145622826217966,0.202303599215116,0.165403320798019,0.140801836156987,0.144720505822661
646,0.57763477259731,0.276626749501763,0.253194757033311,0.250466494772263,0.203016510694019,0.140279459933373
725,0.644086484322101,0.248659484023583,0.195393227873188,0.278545025785751,0.155619579790919,0.162677834203278
778,0.606085249352797,0.266179795115631,0.241532534498303,0.299924552865763,0.140279459933373,0.172787005806565
805,0.652893966371437,0.248659484023583,0.228656878414890,0.222081350052879,0.171754154191287,0.179875784505171
352,0.42188893060604,0.164024746412181,0.185172899926102,0.205178843545358,0.140279459933373,0.164480729737195
681,0.578526502286961,0.200188610986799,0.218083551882790,0.238033800236652,0.151897993103576,0.157597013980819
816,0.611401966215199,0.270905253648299,0.287236372741756,0.203733362812729,0.213405068833102,0.149807763529887
367,0.458572851358513,0.187631241909896,0.178742307944130,0.216509434133377,0.158410531669826,0.140279459933373
508,0.715192462883039,0.318636108753548,0.272806580486754,0.424736999725661,0.470646634478409,0.300905518027404
688,0.61494365721071,0.248659484023583,0.238904240888872,0.234581247743386,0.167291481291287,0.140279459933373
792,0.638797087949753,0.250466494772263,0.276626749501763,0.279506090033501,0.160077057692081,0.152618104976752
881,0.590102705627282,0.222081350052879,0.225342219919308,0.253194757033311,0.178742307944130,0.187010622123131
772,0.628206394540431,0.237166246337142,0.269956905233921,0.235439936165745,0.157597013980819,0.160077057692081
640,0.61405843859737,0.259638241659144,0.214175622695954,0.280468392646033,0.181025063276694,0.193398287644562
702,0.584763524220902,0.224521889216861,0.182778757451073,0.248659484023583,0.140279459933373,0.140279459933373
880,0.65113325749733,0.272806580486754,0.243298519444439,0.245967461561916,0.222891426963376,0.188884569174318
750,0.622020658211421,0.293075998312143,0.238904240888872,0.220471637257467,0.205907447843523,0.179307075461499
764,0.621136485069615,0.251373586915138,0.227823271636467,0.247759640188542,0.190794809258731,0.179875784505171
768,0.617598511353537,0.266179795115631,0.266179795115631,0.290152214217331,0.140279459933373,0.140279459933373
804,0.62555609967103,0.221274744825972,0.235439936165745,0.226165913043895,0.140279459933373,0.140279459933373
706,0.608744246353995,0.226165913043895,0.218083551882790,0.232023448734304,0.157597013980819,0.151189670120080
691,0.619367756469412,0.213405068833102,0.205178843545358,0.247759640188542,0.140279459933373,0.144720505822661
841,0.620252184825136,0.26336509235663,0.226992939983781,0.274713840722163,0.159237162188545,0.167772573247934
776,0.597212308466731,0.296006914761259,0.257786672914962,0.291125967010989,0.185172899926102,0.145928733232941
806,0.599875784998553,0.238033800236652,0.227823271636467,0.269956905233921,0.177071557205383,0.140279459933373
669,0.58209159090975,0.265239772398733,0.173835068385563,0.295029198942614,0.173835068385563,0.175435913518267
754,0.654654294039608,0.278545025785751,0.286266334773665,0.245075200706715,0.143552645462116,0.152618104976752
627,0.596324170558622,0.23977753355553,0.200889639762023,0.265239772398733,0.152618104976752,0.175435913518267
764,0.639678919993987,0.256863984839407,0.217294683481912,0.284329312589461,0.159237162188545,0.171243398019944
752,0.622020658211421,0.214949882112267,0.195393227873188,0.255943411389996,0.140279459933373,0.140279459933373
909,0.626439652176295,0.280468392646033,0.290152214217331,0.235439936165745,0.174364837136968,0.140279459933373
805,0.591881082994116,0.228656878414890,0.222081350052879,0.228656878414890,0.161797245314680,0.157195124574254
707,0.574065981658382,0.208116557082828,0.190794809258731,0.245075200706715,0.146862120354825,0.147497624383717
752,0.638797087949753,0.246862287018223,0.241532534498303,0.23977753355553,0.183967824035887,0.205178843545358
773,0.665208590906176,0.229493730258852,0.23033379664679,0.228656878414890,0.145928733232941,0.168257318749387
758,0.627323083479833,0.229493730258852,0.226992939983781,0.244185541162083,0.163123316426449,0.178742307944130
830,0.628206394540431,0.226165913043895,0.279506090033501,0.188884569174318,0.149807763529887,0.156796455796649
665,0.634386284250911,0.241532534498303,0.245967461561916,0.232023448734304,0.140279459933373,0.140279459933373
828,0.63703309779987,0.253194757033311,0.226165913043895,0.278545025785751,0.159655442358187,0.140279459933373
784,0.589213267095234,0.204454144375473,0.193398287644562,0.200188610986799,0.187631241909896,0.166814026627726
440,0.464154311336516,0.192088479379025,0.14298348025674,0.225342219919308,0.162235816543637,0.170233153496669
351,0.44923503724365,0.179875784505171,0.190794809258731,0.204454144375473,0.140279459933373,0.146862120354825
695,0.632621179272578,0.248659484023583,0.237166246337142,0.251373586915138,0.152256565618780,0.164480729737195
774,0.613173084606865,0.231177046607856,0.205178843545358,0.227823271636467,0.167291481291287,0.140279459933373
902,0.646729776551258,0.251373586915138,0.216509434133377,0.23033379664679,0.145319498566922,0.140279459933373
157,0.460435073421994,0.140279459933373,0.169733635746363,0.198109430350217,0.140279459933373,0.159237162188545
703,0.600763302119727,0.214175622695954,0.221274744825972,0.203016510694019,0.140279459933373,0.149469410107982
591,0.608744246353995,0.185781454960399,0.197424363331222,0.238904240888872,0.164024746412181,0.170233153496669
508,0.666966416344732,0.237166246337142,0.23033379664679,0.251373586915138,0.197424363331222,0.195393227873188
620,0.588323660284695,0.214175622695954,0.250466494772263,0.231177046607856,0.140279459933373,0.140279459933373
705,0.647610671197383,0.243298519444439,0.269010148553487,0.175435913518267,0.168745733831007,0.207376318697083
615,0.658173830133798,0.249561781327291,0.217294683481912,0.250466494772263,0.171243398019944,0.162235816543637
166,0.506470348170507,0.140279459933373,0.179875784505171,0.210360301592275,0.140279459933373,0.192088479379025
913,0.652893966371437,0.273759486818862,0.274713840722163,0.218876016213984,0.200889639762023,0.140279459933373
433,0.548993245617665,0.326539995183568,0.307786743279463,0.320611530912211,0.192741366843982,0.173309128978783
865,0.629972659733243,0.254108759679802,0.226165913043895,0.254108759679802,0.150148946700048,0.162677834203278
824,0.643205181411445,0.276626749501763,0.260567046745838,0.158822198286243,0.208860644258667,0.158822198286243
190,0.49459052794554,0.164940248736627,0.169237834303805,0.192088479379025,0.140279459933373,0.190794809258731
649,0.618483198986599,0.274713840722163,0.245075200706715,0.237166246337142,0.165869963138432,0.178742307944130
765,0.627323083479833,0.252283020211930,0.241532534498303,0.231177046607856,0.161362102255135,0.151897993103576
833,0.618483198986599,0.229493730258852,0.236301613614802,0.188255890082703,0.175977245746161,0.237166246337142
682,0.612287594171303,0.242414171861771,0.181605650010004,0.210360301592275,0.144720505822661,0.140279459933373
180,0.539995796104345,0.149807763529887,0.173835068385563,0.200188610986799,0.140279459933373,0.149133866930996
853,0.659053485350326,0.258711437790672,0.256863984839407,0.249561781327291,0.167772573247934,0.145622826217966
788,0.613173084606865,0.222891426963376,0.187010622123131,0.238904240888872,0.178742307944130,0.160077057692081
821,0.6678452031824,0.292100571713878,0.291125967010989,0.296006914761259,0.140279459933373,0.154094323280450
624,0.579418047575081,0.197424363331222,0.210360301592275,0.213405068833102,0.151897993103576,0.159237162188545
854,0.629089586309926,0.267121556704060,0.265239772398733,0.284329312589461,0.141333283747465,0.157195124574254
694,0.606971725447777,0.232023448734304,0.247759640188542,0.218876016213984,0.175977245746161,0.140279459933373
906,0.633503788623644,0.246862287018223,0.224521889216861,0.266179795115631,0.160502026996677,0.140279459933373
220,0.419987692000204,0.162677834203278,0.208116557082828,0.156796455796649,0.140279459933373,0.140279459933373
328,0.434198112267997,0.165869963138432,0.208116557082828,0.194724220966719,0.141333283747465,0.164480729737195
749,0.619367756469412,0.301887051542692,0.308771540986705,0.251373586915138,0.195393227873188,0.187010622123131
353,0.431364974573073,0.190154027575454,0.173835068385563,0.189517281185082,0.165869963138432,0.140279459933373
706,0.610516199655431,0.247759640188542,0.232023448734304,0.23977753355553,0.140279459933373,0.144720505822661
731,0.582982412426427,0.251373586915138,0.269010148553487,0.226992939983781,0.23033379664679,0.187631241909896
587,0.583873056414207,0.337407372460796,0.307786743279463,0.304834801321944,0.233725581744281,0.209608564537159
887,0.61405843859737,0.257786672914962,0.217294683481912,0.251373586915138,0.177624558944457,0.150839880430613
762,0.643205181411445,0.295029198942614,0.26806502014066,0.177071557205383,0.185781454960399,0.168257318749387
859,0.583873056414207,0.313700605163659,0.295029198942614,0.310742219942023,0.177071557205383,0.194059239855938
643,0.610516199655431,0.243298519444439,0.216509434133377,0.227823271636467,0.177624558944457,0.140801836156987
736,0.620252184825136,0.232023448734304,0.204454144375473,0.226165913043895,0.140279459933373,0.225342219919308
323,0.441731771836077,0.175977245746161,0.183371292540019,0.213405068833102,0.156400988328558,0.148801114525785
814,0.640560644506718,0.244185541162083,0.226165913043895,0.187010622123131,0.158822198286243,0.156400988328558
631,0.609630293401202,0.23033379664679,0.238033800236652,0.273759486818862,0.154470991130581,0.140279459933373
683,0.608744246353995,0.26336509235663,0.203733362812729,0.288207386188063,0.183967824035887,0.149469410107982
774,0.603424944919196,0.304834801321944,0.327528205863718,0.192088479379025,0.221274744825972,0.208860644258667
724,0.631738455286738,0.236301613614802,0.233725581744281,0.276626749501763,0.140279459933373,0.180448444205294
688,0.589213267095234,0.253194757033311,0.226992939983781,0.278545025785751,0.171243398019944,0.162235816543637
359,0.463225147278761,0.200188610986799,0.157195124574254,0.203733362812729,0.156796455796649,0.151189670120080
680,0.624672424998259,0.241532534498303,0.208116557082828,0.232023448734304,0.148471133452426,0.190154027575454
363,0.446424815327873,0.164940248736627,0.194724220966719,0.178742307944130,0.140279459933373,0.141602453589765
695,0.606971725447777,0.222891426963376,0.205178843545358,0.216509434133377,0.140279459933373,0.160502026996677
778,0.66608754581422,0.261497815323131,0.245967461561916,0.284329312589461,0.164480729737195,0.182778757451073
185,0.364953752682284,0.140279459933373,0.164940248736627,0.174364837136968,0.146548361254107,0.140279459933373
321,0.429473753439024,0.189517281185082,0.205178843545358,0.180448444205294,0.158002143279100,0.188255890082703
779,0.588323660284695,0.232872971194181,0.221274744825972,0.242414171861771,0.145319498566922,0.140279459933373
338,0.456708871220304,0.173309128978783,0.184568357977156,0.211875157547888,0.150148946700048,0.151542367809210
378,0.427580548847338,0.140279459933373,0.173835068385563,0.213405068833102,0.149469410107982,0.185781454960399
641,0.602537880906253,0.219672052767678,0.217294683481912,0.232872971194181,0.185172899926102,0.183371292540019
809,0.644967683931748,0.244185541162083,0.243298519444439,0.248659484023583,0.140279459933373,0.173309128978783
775,0.616713692539713,0.241532534498303,0.218876016213984,0.287236372741756,0.140279459933373,0.172787005806565
861,0.604311860230174,0.255943411389996,0.235439936165745,0.248659484023583,0.198109430350217,0.160930368981928
253,0.626439652176295,0.169237834303805,0.140279459933373,0.232023448734304,0.140279459933373,0.145319498566922
670,0.640560644506718,0.23977753355553,0.289179343702615,0.157195124574254,0.164024746412181,0.166814026627726
1008,0.630855615748439,0.271855157449252,0.257786672914962,0.280468392646033,0.140279459933373,0.234581247743386
804,0.620252184825136,0.23977753355553,0.195393227873188,0.238033800236652,0.168257318749387,0.140279459933373
743,0.618483198986599,0.232872971194181,0.226992939983781,0.247759640188542,0.140279459933373,0.162677834203278
686,0.636150937944643,0.283362392853609,0.23977753355553,0.250466494772263,0.175977245746161,0.159237162188545
803,0.606085249352797,0.220471637257467,0.208116557082828,0.221274744825972,0.199491561253654,0.188884569174318
717,0.63703309779987,0.204454144375473,0.180448444205294,0.305818349289740,0.140279459933373,0.140279459933373
778,0.621136485069615,0.241532534498303,0.215727826366646,0.218876016213984,0.156796455796649,0.140801836156987
760,0.644967683931748,0.340368763820501,0.258711437790672,0.332468835480985,0.215727826366646,0.168745733831007
813,0.637915147508898,0.207376318697083,0.214949882112267,0.218083551882790,0.167291481291287,0.156796455796649
801,0.619367756469412,0.248659484023583,0.251373586915138,0.248659484023583,0.183371292540019,0.217294683481912
859,0.62555609967103,0.279506090033501,0.225342219919308,0.237166246337142,0.208860644258667,0.164024746412181
646,0.61494365721071,0.264301525715948,0.245967461561916,0.290152214217331,0.276626749501763,0.192741366843982
152,0.444549008408857,0.140279459933373,0.191439626593958,0.226165913043895,0.143552645462116,0.143266847840142
736,0.600763302119727,0.241532534498303,0.169733635746363,0.248659484023583,0.144131604573628,0.187631241909896
778,0.656414246618719,0.251373586915138,0.264301525715948,0.185781454960399,0.180448444205294,0.154850743467635
702,0.574958463059337,0.340368763820501,0.273759486818862,0.314687276192053,0.202303599215116,0.196743303664015
977,0.61494365721071,0.269010148553487,0.248659484023583,0.23033379664679,0.199491561253654,0.140279459933373
679,0.591881082994116,0.243298519444439,0.198798498578782,0.262430509724191,0.159655442358187,0.140279459933373
656,0.601650667029677,0.229493730258852,0.223704949036996,0.204454144375473,0.142423961905656,0.201594638931909
509,0.506470348170507,0.202303599215116,0.192088479379025,0.225342219919308,0.140279459933373,0.140279459933373
574,0.58209159090975,0.285297304030371,0.249561781327291,0.236301613614802,0.151897993103576,0.154470991130581
229,0.5390946884908,0.185172899926102,0.144424803121843,0.240653643199231,0.154094323280450,0.140279459933373
219,0.587433883900336,0.165869963138432,0.187631241909896,0.163123316426449,0.156400988328558,0.196066256873814
784,0.609630293401202,0.262430509724191,0.260567046745838,0.245075200706715,0.192088479379025,0.140279459933373
391,0.438910260048710,0.169237834303805,0.171754154191287,0.211115838461421,0.140279459933373,0.140279459933373
458,0.566919113760625,0.280468392646033,0.276626749501763,0.255943411389996,0.209608564537159,0.213405068833102
264,0.681894949187986,0.226165913043895,0.192088479379025,0.399901217123282,0.460435073421994,0.26806502014066
795,0.634386284250911,0.235439936165745,0.224521889216861,0.258711437790672,0.156796455796649,0.179307075461499
739,0.624672424998259,0.293075998312143,0.258711437790672,0.296006914761259,0.142423961905656,0.151897993103576
752,0.611401966215199,0.289179343702615,0.318636108753548,0.23033379664679,0.218876016213984,0.205907447843523
763,0.604311860230174,0.240653643199231,0.229493730258852,0.231177046607856,0.157597013980819,0.151542367809210
995,0.629972659733243,0.232023448734304,0.247759640188542,0.170233153496669,0.173835068385563,0.160930368981928
699,0.644967683931748,0.228656878414890,0.204454144375473,0.248659484023583,0.168257318749387,0.162235816543637
604,0.610516199655431,0.311728055196152,0.285297304030371,0.26336509235663,0.178742307944130,0.140279459933373
777,0.654654294039608,0.265239772398733,0.238033800236652,0.211115838461421,0.168745733831007,0.184568357977156
838,0.610516199655431,0.200188610986799,0.225342219919308,0.255943411389996,0.150839880430613,0.140279459933373
249,0.490005705397473,0.146548361254107,0.190794809258731,0.205907447843523,0.156796455796649,0.174364837136968
240,0.42188893060604,0.142702524367706,0.155619579790919,0.172268685450245,0.145018731380577,0.140279459933373
895,0.606971725447777,0.231177046607856,0.219672052767678,0.262430509724191,0.178742307944130,0.196743303664015
695,0.598100289370352,0.228656878414890,0.241532534498303,0.245075200706715,0.153350162717428,0.175435913518267
726,0.606971725447777,0.208116557082828,0.189517281185082,0.261497815323131,0.172787005806565,0.156796455796649
770,0.65113325749733,0.300905518027404,0.284329312589461,0.323575487390111,0.147497624383717,0.182778757451073
423,0.486331294331022,0.217294683481912,0.211115838461421,0.157597013980819,0.152618104976752,0.165869963138432
377,0.39218977751084,0.145622826217966,0.186394027664835,0.170233153496669,0.149469410107982,0.140279459933373
718,0.633503788623644,0.218083551882790,0.222081350052879,0.245075200706715,0.166814026627726,0.140279459933373
160,0.459504181093247,0.140279459933373,0.160077057692081,0.203016510694019,0.140279459933373,0.158410531669826
318,0.456708871220304,0.214175622695954,0.180448444205294,0.234581247743386,0.140279459933373,0.149133866930996
798,0.627323083479833,0.256863984839407,0.198109430350217,0.258711437790672,0.175977245746161,0.190794809258731
757,0.648491465815105,0.287236372741756,0.266179795115631,0.248659484023583,0.160502026996677,0.165869963138432
809,0.644967683931748,0.260567046745838,0.269956905233921,0.258711437790672,0.183371292540019,0.164940248736627
650,0.590102705627282,0.304834801321944,0.281431899695417,0.295029198942614,0.150839880430613,0.156008702799071
843,0.657294084136253,0.253194757033311,0.197424363331222,0.289179343702615,0.154470991130581,0.182778757451073
744,0.623788627185174,0.245967461561916,0.211115838461421,0.248659484023583,0.178181472416481,0.170736402643872
842,0.665208590906176,0.283362392853609,0.226165913043895,0.287236372741756,0.140279459933373,0.167291481291287
878,0.657294084136253,0.267121556704060,0.204454144375473,0.255024990396885,0.142423961905656,0.154850743467635
768,0.598988114480156,0.288207386188063,0.250466494772263,0.234581247743386,0.200188610986799,0.140279459933373
795,0.642323774366231,0.254108759679802,0.244185541162083,0.206639944148685,0.192741366843982,0.184568357977156
338,0.455776216619560,0.165403320798019,0.176522456496951,0.195393227873188,0.147497624383717,0.146237238572002
675,0.592770024376564,0.203016510694019,0.241532534498303,0.213405068833102,0.149133866930996,0.140539522938054
172,0.535487690890414,0.149807763529887,0.205907447843523,0.140279459933373,0.145622826217966,0.155233599845476
660,0.570494126543261,0.198798498578782,0.203733362812729,0.229493730258852,0.160502026996677,0.150148946700048
725,0.609630293401202,0.216509434133377,0.241532534498303,0.236301613614802,0.165403320798019,0.211875157547888
774,0.617598511353537,0.26336509235663,0.245075200706715,0.255943411389996,0.160502026996677,0.181605650010004
844,0.622904705251892,0.270905253648299,0.218876016213984,0.250466494772263,0.140279459933373,0.140279459933373
968,0.65113325749733,0.255024990396885,0.253194757033311,0.234581247743386,0.199491561253654,0.140279459933373
755,0.641442262346675,0.245967461561916,0.250466494772263,0.232872971194181,0.167772573247934,0.156796455796649
782,0.619367756469412,0.252283020211930,0.294052217151829,0.26336509235663,0.162235816543637,0.140279459933373
790,0.630855615748439,0.26806502014066,0.236301613614802,0.241532534498303,0.140279459933373,0.153720720340875
837,0.662571212990782,0.274713840722163,0.251373586915138,0.281431899695417,0.178181472416481,0.178742307944130
779,0.641442262346675,0.258711437790672,0.214175622695954,0.232023448734304,0.165403320798019,0.189517281185082
727,0.627323083479833,0.203733362812729,0.192741366843982,0.203733362812729,0.173835068385563,0.178742307944130
627,0.611401966215199,0.245075200706715,0.194724220966719,0.262430509724191,0.158002143279100,0.14298348025674
757,0.611401966215199,0.203733362812729,0.192741366843982,0.233725581744281,0.140279459933373,0.160930368981928
803,0.646729776551258,0.26336509235663,0.246862287018223,0.237166246337142,0.162235816543637,0.198109430350217
864,0.638797087949753,0.280468392646033,0.237166246337142,0.258711437790672,0.185781454960399,0.185781454960399
762,0.623788627185174,0.254108759679802,0.240653643199231,0.229493730258852,0.140279459933373,0.147819407725247
763,0.621136485069615,0.26336509235663,0.225342219919308,0.198798498578782,0.161362102255135,0.16634019279706
793,0.644967683931748,0.255943411389996,0.26336509235663,0.232023448734304,0.190154027575454,0.140279459933373
916,0.659933050519219,0.260567046745838,0.271855157449252,0.185781454960399,0.192741366843982,0.195393227873188
683,0.658173830133798,0.269010148553487,0.253194757033311,0.297964434643167,0.178181472416481,0.152982630801945
577,0.612287594171303,0.289179343702615,0.273759486818862,0.317648619366148,0.238904240888872,0.196066256873814
676,0.627323083479833,0.269010148553487,0.240653643199231,0.260567046745838,0.159237162188545,0.210360301592275
650,0.568707020795868,0.302869127130412,0.294052217151829,0.257786672914962,0.231177046607856,0.159655442358187
618,0.558863289375474,0.281431899695417,0.285297304030371,0.255024990396885,0.226165913043895,0.159655442358187
573,0.603424944919196,0.249561781327291,0.265239772398733,0.245075200706715,0.192088479379025,0.158822198286243
577,0.601650667029677,0.243298519444439,0.211115838461421,0.262430509724191,0.170233153496669,0.140279459933373
713,0.618483198986599,0.245967461561916,0.193398287644562,0.286266334773665,0.156796455796649,0.140279459933373
726,0.659933050519219,0.256863984839407,0.248659484023583,0.178181472416481,0.185172899926102,0.146862120354825
830,0.632621179272578,0.267121556704060,0.249561781327291,0.270905253648299,0.181605650010004,0.167291481291287
785,0.607858057407542,0.23033379664679,0.252283020211930,0.227823271636467,0.175435913518267,0.160930368981928
885,0.673994424070159,0.297964434643167,0.229493730258852,0.302869127130412,0.182778757451073,0.187010622123131
598,0.630855615748439,0.250466494772263,0.254108759679802,0.251373586915138,0.211115838461421,0.195393227873188
824,0.604311860230174,0.236301613614802,0.238033800236652,0.226992939983781,0.196066256873814,0.140279459933373
291,0.431364974573073,0.16357228121085,0.232872971194181,0.169733635746363,0.162235816543637,0.140279459933373
620,0.63703309779987,0.241532534498303,0.190154027575454,0.275669606701894,0.140279459933373,0.185781454960399
489,0.555277339714655,0.362994878061971,0.310742219942023,0.365932579194558,0.218876016213984,0.153720720340875
665,0.642323774366231,0.299924552865763,0.289179343702615,0.286266334773665,0.183967824035887,0.169733635746363
805,0.63703309779987,0.288207386188063,0.255943411389996,0.253194757033311,0.180448444205294,0.159237162188545
838,0.610516199655431,0.234581247743386,0.208116557082828,0.216509434133377,0.160930368981928,0.172787005806565
860,0.658173830133798,0.267121556704060,0.279506090033501,0.222081350052879,0.160502026996677,0.180448444205294
737,0.597212308466731,0.231177046607856,0.296985336054750,0.192741366843982,0.141873944585676,0.140279459933373
709,0.586543936638165,0.183967824035887,0.23033379664679,0.205907447843523,0.154470991130581,0.140279459933373
701,0.648491465815105,0.300905518027404,0.281431899695417,0.274713840722163,0.213405068833102,0.173309128978783
558,0.6678452031824,0.322587416871138,0.281431899695417,0.270905253648299,0.219672052767678,0.154850743467635
701,0.61405843859737,0.232872971194181,0.237166246337142,0.229493730258852,0.161362102255135,0.140801836156987
635,0.597212308466731,0.242414171861771,0.194059239855938,0.194724220966719,0.190154027575454,0.140279459933373
732,0.641442262346675,0.245967461561916,0.260567046745838,0.233725581744281,0.156008702799071,0.149133866930996
822,0.657294084136253,0.279506090033501,0.272806580486754,0.229493730258852,0.181025063276694,0.147497624383717
739,0.609630293401202,0.248659484023583,0.205907447843523,0.257786672914962,0.169237834303805,0.140279459933373
901,0.61405843859737,0.294052217151829,0.281431899695417,0.317648619366148,0.151542367809210,0.155619579790919
333,0.439851241970584,0.150839880430613,0.153350162717428,0.206639944148685,0.140279459933373,0.170736402643872
873,0.646729776551258,0.250466494772263,0.277585234113443,0.226992939983781,0.196066256873814,0.200188610986799
805,0.63703309779987,0.251373586915138,0.224521889216861,0.232023448734304,0.140279459933373,0.140279459933373
860,0.608744246353995,0.269956905233921,0.259638241659144,0.220471637257467,0.179875784505171,0.171754154191287
718,0.61494365721071,0.224521889216861,0.224521889216861,0.244185541162083,0.175435913518267,0.140279459933373
354,0.45297556976512,0.187010622123131,0.211875157547888,0.211115838461421,0.140279459933373,0.150148946700048
764,0.600763302119727,0.259638241659144,0.258711437790672,0.23977753355553,0.169733635746363,0.140279459933373
167,0.500080663267207,0.140279459933373,0.175977245746161,0.205178843545358,0.140279459933373,0.156796455796649
855,0.648491465815105,0.278545025785751,0.255024990396885,0.255943411389996,0.179307075461499,0.188884569174318
595,0.613173084606865,0.255024990396885,0.243298519444439,0.200889639762023,0.147178535004063,0.140279459933373
682,0.612287594171303,0.233725581744281,0.241532534498303,0.206639944148685,0.140279459933373,0.140279459933373
810,0.615828741507218,0.285297304030371,0.288207386188063,0.261497815323131,0.173835068385563,0.178181472416481
712,0.606971725447777,0.238033800236652,0.265239772398733,0.225342219919308,0.169733635746363,0.164940248736627
726,0.587433883900336,0.243298519444439,0.169733635746363,0.238033800236652,0.147497624383717,0.159655442358187
893,0.658173830133798,0.251373586915138,0.223704949036996,0.26336509235663,0.162235816543637,0.167291481291287
855,0.644086484322101,0.270905253648299,0.279506090033501,0.238033800236652,0.172268685450245,0.215727826366646
830,0.647610671197383,0.254108759679802,0.252283020211930,0.266179795115631,0.142702524367706,0.141066417195949
822,0.633503788623644,0.243298519444439,0.245967461561916,0.252283020211930,0.187010622123131,0.198109430350217
724,0.629089586309926,0.23977753355553,0.261497815323131,0.222891426963376,0.168745733831007,0.152256565618780
727,0.605198627992826,0.246862287018223,0.200889639762023,0.270905253648299,0.179875784505171,0.140279459933373
737,0.597212308466731,0.229493730258852,0.214949882112267,0.243298519444439,0.162235816543637,0.211875157547888
804,0.642323774366231,0.238904240888872,0.307786743279463,0.203016510694019,0.183967824035887,0.158410531669826
686,0.608744246353995,0.236301613614802,0.220471637257467,0.218876016213984,0.169237834303805,0.151897993103576
576,0.590102705627282,0.237166246337142,0.214949882112267,0.203733362812729,0.201594638931909,0.164480729737195
644,0.581200590507501,0.241532534498303,0.267121556704060,0.222891426963376,0.168257318749387,0.177624558944457
864,0.645848781067736,0.265239772398733,0.245075200706715,0.284329312589461,0.154850743467635,0.214175622695954
792,0.632621179272578,0.220471637257467,0.226165913043895,0.234581247743386,0.156400988328558,0.232872971194181
750,0.622020658211421,0.236301613614802,0.232023448734304,0.255024990396885,0.161797245314680,0.182190212262849
915,0.632621179272578,0.255943411389996,0.246862287018223,0.302869127130412,0.188884569174318,0.173835068385563
167,0.451106215483896,0.156008702799071,0.207376318697083,0.166814026627726,0.140279459933373,0.181605650010004
784,0.631738455286738,0.253194757033311,0.238904240888872,0.278545025785751,0.140279459933373,0.184568357977156
752,0.61494365721071,0.281431899695417,0.243298519444439,0.280468392646033,0.145319498566922,0.159655442358187
761,0.656414246618719,0.275669606701894,0.248659484023583,0.312714190948075,0.151897993103576,0.140279459933373
502,0.479886604427388,0.184568357977156,0.165869963138432,0.194059239855938,0.152618104976752,0.140279459933373
172,0.521923099581909,0.140279459933373,0.187010622123131,0.141873944585676,0.140279459933373,0.140279459933373
942,0.665208590906176,0.266179795115631,0.256863984839407,0.269956905233921,0.156008702799071,0.16357228121085
746,0.621136485069615,0.248659484023583,0.213405068833102,0.243298519444439,0.152618104976752,0.157597013980819
679,0.616713692539713,0.23033379664679,0.196743303664015,0.208860644258667,0.176522456496951,0.172787005806565
823,0.640560644506718,0.241532534498303,0.214949882112267,0.222891426963376,0.164480729737195,0.146862120354825
369,0.435141512434088,0.199491561253654,0.203733362812729,0.187631241909896,0.140279459933373,0.140279459933373
696,0.552585532749393,0.224521889216861,0.222081350052879,0.224521889216861,0.142702524367706,0.147497624383717
820,0.644967683931748,0.228656878414890,0.190794809258731,0.265239772398733,0.151542367809210,0.140279459933373
731,0.62555609967103,0.262430509724191,0.241532534498303,0.261497815323131,0.185172899926102,0.160077057692081
731,0.629972659733243,0.267121556704060,0.270905253648299,0.212638240623736,0.201594638931909,0.203016510694019
290,0.445487145704544,0.163123316426449,0.185172899926102,0.188884569174318,0.140279459933373,0.171243398019944
382,0.429473753439024,0.152618104976752,0.150839880430613,0.207376318697083,0.152618104976752,0.152618104976752
669,0.576742857104671,0.250466494772263,0.209608564537159,0.265239772398733,0.150148946700048,0.161362102255135
755,0.642323774366231,0.229493730258852,0.205907447843523,0.278545025785751,0.151542367809210,0.166814026627726
245,0.609630293401202,0.186394027664835,0.157195124574254,0.246862287018223,0.180448444205294,0.179875784505171
154,0.445487145704544,0.140279459933373,0.172787005806565,0.168257318749387,0.140279459933373,0.146548361254107
708,0.597212308466731,0.231177046607856,0.26336509235663,0.235439936165745,0.171243398019944,0.199491561253654
872,0.616713692539713,0.256863984839407,0.266179795115631,0.253194757033311,0.209608564537159,0.140539522938054
628,0.61405843859737,0.237166246337142,0.214175622695954,0.238904240888872,0.175435913518267,0.154850743467635
736,0.604311860230174,0.316661303992259,0.306802338059224,0.278545025785751,0.229493730258852,0.140279459933373
801,0.662571212990782,0.276626749501763,0.261497815323131,0.274713840722163,0.175435913518267,0.140801836156987
705,0.599875784998553,0.198109430350217,0.182190212262849,0.208860644258667,0.171243398019944,0.144424803121843
259,0.68364980472056,0.226992939983781,0.169733635746363,0.354161056920203,0.36005360357005,0.247759640188542
799,0.628206394540431,0.221274744825972,0.167291481291287,0.253194757033311,0.140279459933373,0.173309128978783
818,0.624672424998259,0.251373586915138,0.258711437790672,0.256863984839407,0.154850743467635,0.154850743467635
764,0.607858057407542,0.250466494772263,0.254108759679802,0.214175622695954,0.179307075461499,0.158410531669826
912,0.652893966371437,0.255024990396885,0.278545025785751,0.264301525715948,0.178181472416481,0.161362102255135
798,0.59099197716754,0.269956905233921,0.256863984839407,0.250466494772263,0.191439626593958,0.140279459933373
750,0.646729776551258,0.244185541162083,0.244185541162083,0.258711437790672,0.169237834303805,0.165869963138432
733,0.609630293401202,0.222891426963376,0.222891426963376,0.184568357977156,0.182778757451073,0.155619579790919
367,0.426633199381427,0.178742307944130,0.140279459933373,0.248659484023583,0.140279459933373,0.210360301592275
812,0.643205181411445,0.253194757033311,0.261497815323131,0.227823271636467,0.160077057692081,0.190154027575454
584,0.631738455286738,0.316661303992259,0.287236372741756,0.339381807952053,0.234581247743386,0.194059239855938
785,0.649372161207369,0.241532534498303,0.26806502014066,0.281431899695417,0.144131604573628,0.141333283747465
810,0.637915147508898,0.300905518027404,0.208860644258667,0.253194757033311,0.194724220966719,0.181025063276694
192,0.39604956908159,0.140279459933373,0.177071557205383,0.164024746412181,0.140279459933373,0.167291481291287
680,0.591881082994116,0.246862287018223,0.26806502014066,0.218083551882790,0.140279459933373,0.149133866930996
214,0.531876497718254,0.375697185802696,0.317648619366148,0.253194757033311,0.245075200706715,0.203733362812729
928,0.641442262346675,0.259638241659144,0.250466494772263,0.274713840722163,0.175435913518267,0.171243398019944
723,0.601650667029677,0.244185541162083,0.215727826366646,0.205178843545358,0.183967824035887,0.146237238572002
563,0.601650667029677,0.340368763820501,0.306802338059224,0.301887051542692,0.211115838461421,0.197424363331222
354,0.436084425669404,0.182778757451073,0.214949882112267,0.199491561253654,0.140279459933373,0.172787005806565
770,0.629089586309926,0.223704949036996,0.232872971194181,0.206639944148685,0.152982630801945,0.181605650010004
736,0.611401966215199,0.334444602573969,0.312714190948075,0.318636108753548,0.207376318697083,0.178181472416481
646,0.611401966215199,0.218083551882790,0.220471637257467,0.216509434133377,0.140279459933373,0.173835068385563
694,0.601650667029677,0.238033800236652,0.226992939983781,0.241532534498303,0.144424803121843,0.154850743467635
815,0.63703309779987,0.250466494772263,0.269956905233921,0.205907447843523,0.181605650010004,0.183371292540019
340,0.426633199381427,0.184568357977156,0.150839880430613,0.215727826366646,0.164940248736627,0.174364837136968
353,0.428527399760189,0.177071557205383,0.182778757451073,0.178181472416481,0.144720505822661,0.158002143279100
672,0.603424944919196,0.202303599215116,0.226992939983781,0.181025063276694,0.165403320798019,0.140279459933373
560,0.606085249352797,0.275669606701894,0.255943411389996,0.248659484023583,0.173835068385563,0.140279459933373
755,0.615828741507218,0.224521889216861,0.26806502014066,0.26336509235663,0.168745733831007,0.175435913518267
681,0.586543936638165,0.189517281185082,0.209608564537159,0.206639944148685,0.152256565618780,0.150839880430613
807,0.652893966371437,0.247759640188542,0.218083551882790,0.278545025785751,0.144131604573628,0.140279459933373
645,0.57763477259731,0.306802338059224,0.287236372741756,0.237166246337142,0.191439626593958,0.154850743467635
608,0.644086484322101,0.258711437790672,0.253194757033311,0.228656878414890,0.225342219919308,0.186394027664835
581,0.584763524220902,0.194724220966719,0.213405068833102,0.218083551882790,0.176522456496951,0.156796455796649
955,0.653774177471793,0.283362392853609,0.284329312589461,0.233725581744281,0.178181472416481,0.154094323280450
961,0.681894949187986,0.303851718893881,0.254108759679802,0.253194757033311,0.157597013980819,0.168745733831007
825,0.631738455286738,0.269956905233921,0.270905253648299,0.247759640188542,0.147178535004063,0.205907447843523
382,0.469720411442728,0.169237834303805,0.179875784505171,0.226992939983781,0.157597013980819,0.140279459933373
810,0.616713692539713,0.244185541162083,0.243298519444439,0.217294683481912,0.175435913518267,0.192741366843982
964,0.619367756469412,0.236301613614802,0.261497815323131,0.267121556704060,0.154850743467635,0.140279459933373
176,0.53097302992136,0.147497624383717,0.170233153496669,0.233725581744281,0.140279459933373,0.177071557205383
153,0.435141512434088,0.140279459933373,0.177624558944457,0.172268685450245,0.164940248736627,0.140279459933373
639,0.621136485069615,0.252283020211930,0.282396577544332,0.224521889216861,0.156796455796649,0.157597013980819
822,0.641442262346675,0.273759486818862,0.26806502014066,0.245967461561916,0.183371292540019,0.140279459933373
666,0.644967683931748,0.223704949036996,0.224521889216861,0.227823271636467,0.140279459933373,0.161797245314680
166,0.490923390673098,0.144424803121843,0.207376318697083,0.140279459933373,0.140279459933373,0.166814026627726
317,0.397013246974146,0.145622826217966,0.182190212262849,0.208860644258667,0.140279459933373,0.143552645462116
645,0.628206394540431,0.241532534498303,0.203733362812729,0.271855157449252,0.145622826217966,0.140279459933373
330,0.43702685358426,0.151542367809210,0.212638240623736,0.201594638931909,0.140279459933373,0.163123316426449
856,0.627323083479833,0.273759486818862,0.247759640188542,0.289179343702615,0.182778757451073,0.173835068385563
174,0.4964219650051,0.147178535004063,0.154850743467635,0.210360301592275,0.141066417195949,0.167772573247934
798,0.613173084606865,0.228656878414890,0.23033379664679,0.207376318697083,0.157195124574254,0.150839880430613
958,0.677506525321988,0.269956905233921,0.258711437790672,0.286266334773665,0.185172899926102,0.155233599845476
688,0.617598511353537,0.207376318697083,0.219672052767678,0.23033379664679,0.144720505822661,0.150839880430613
616,0.615828741507218,0.275669606701894,0.238904240888872,0.270905253648299,0.161362102255135,0.157195124574254
749,0.633503788623644,0.254108759679802,0.224521889216861,0.23977753355553,0.164024746412181,0.140279459933373
702,0.61494365721071,0.229493730258852,0.248659484023583,0.208116557082828,0.174364837136968,0.140279459933373
722,0.615828741507218,0.256863984839407,0.233725581744281,0.271855157449252,0.192088479379025,0.168745733831007
716,0.608744246353995,0.217294683481912,0.214949882112267,0.255024990396885,0.158410531669826,0.154850743467635
653,0.606971725447777,0.218083551882790,0.219672052767678,0.215727826366646,0.166814026627726,0.16634019279706
807,0.562445761046978,0.310742219942023,0.273759486818862,0.258711437790672,0.216509434133377,0.163123316426449
716,0.583873056414207,0.218876016213984,0.196743303664015,0.242414171861771,0.143552645462116,0.151897993103576
835,0.640560644506718,0.282396577544332,0.257786672914962,0.258711437790672,0.190154027575454,0.183967824035887
689,0.598988114480156,0.233725581744281,0.243298519444439,0.220471637257467,0.140279459933373,0.169237834303805
720,0.598100289370352,0.225342219919308,0.215727826366646,0.241532534498303,0.152982630801945,0.171754154191287
738,0.638797087949753,0.226165913043895,0.258711437790672,0.170736402643872,0.159655442358187,0.167772573247934
692,0.587433883900336,0.419987692000204,0.358090854945044,0.333456768437105,0.219672052767678,0.188255890082703
789,0.659053485350326,0.238904240888872,0.23033379664679,0.226992939983781,0.178181472416481,0.145018731380577
836,0.618483198986599,0.310742219942023,0.293075998312143,0.278545025785751,0.191439626593958,0.159237162188545
821,0.613173084606865,0.222891426963376,0.231177046607856,0.167772573247934,0.162235816543637,0.155233599845476
214,0.557967132030868,0.143266847840142,0.183371292540019,0.251373586915138,0.145018731380577,0.141602453589765
783,0.618483198986599,0.274713840722163,0.238904240888872,0.272806580486754,0.157597013980819,0.171243398019944
720,0.62555609967103,0.245075200706715,0.245967461561916,0.245967461561916,0.140539522938054,0.187631241909896
694,0.609630293401202,0.245075200706715,0.207376318697083,0.279506090033501,0.157195124574254,0.147178535004063
810,0.647610671197383,0.302869127130412,0.290152214217331,0.285297304030371,0.180448444205294,0.140279459933373
799,0.640560644506718,0.276626749501763,0.269956905233921,0.278545025785751,0.149133866930996,0.140279459933373
805,0.593658802575914,0.248659484023583,0.172268685450245,0.270905253648299,0.174364837136968,0.140279459933373
830,0.652893966371437,0.264301525715948,0.219672052767678,0.277585234113443,0.152256565618780,0.208860644258667
148,0.484491855840873,0.140279459933373,0.174898448025698,0.185172899926102,0.140279459933373,0.176522456496951
819,0.61494365721071,0.234581247743386,0.214175622695954,0.258711437790672,0.157597013980819,0.140279459933373
752,0.61494365721071,0.234581247743386,0.232023448734304,0.262430509724191,0.160502026996677,0.145928733232941
526,0.591881082994116,0.287236372741756,0.245075200706715,0.269010148553487,0.192088479379025,0.164940248736627
664,0.612287594171303,0.192741366843982,0.215727826366646,0.247759640188542,0.147497624383717,0.152256565618780
746,0.619367756469412,0.250466494772263,0.169237834303805,0.261497815323131,0.140279459933373,0.181605650010004
750,0.655534316836593,0.248659484023583,0.252283020211930,0.257786672914962,0.16634019279706,0.168257318749387
841,0.61405843859737,0.282396577544332,0.267121556704060,0.287236372741756,0.173309128978783,0.140279459933373
731,0.611401966215199,0.254108759679802,0.267121556704060,0.233725581744281,0.140279459933373,0.140279459933373
752,0.632621179272578,0.255024990396885,0.249561781327291,0.280468392646033,0.156400988328558,0.183371292540019
837,0.634386284250911,0.275669606701894,0.295029198942614,0.158002143279100,0.188255890082703,0.159237162188545
868,0.624672424998259,0.254108759679802,0.273759486818862,0.218083551882790,0.156400988328558,0.172268685450245
705,0.659933050519219,0.243298519444439,0.258711437790672,0.273759486818862,0.177071557205383,0.171243398019944
825,0.662571212990782,0.289179343702615,0.254108759679802,0.298944182722262,0.215727826366646,0.179307075461499
828,0.622020658211421,0.280468392646033,0.233725581744281,0.298944182722262,0.169733635746363,0.153350162717428
811,0.611401966215199,0.244185541162083,0.203733362812729,0.245075200706715,0.140279459933373,0.162677834203278
798,0.612287594171303,0.249561781327291,0.259638241659144,0.261497815323131,0.140279459933373,0.159655442358187
744,0.584763524220902,0.241532534498303,0.235439936165745,0.289179343702615,0.140279459933373,0.161362102255135
147,0.43702685358426,0.145622826217966,0.140279459933373,0.203016510694019,0.140279459933373,0.178181472416481
743,0.633503788623644,0.240653643199231,0.246862287018223,0.257786672914962,0.157597013980819,0.183967824035887
884,0.63703309779987,0.276626749501763,0.281431899695417,0.270905253648299,0.164480729737195,0.156400988328558
712,0.612287594171303,0.249561781327291,0.238033800236652,0.262430509724191,0.199491561253654,0.198798498578782
773,0.645848781067736,0.269010148553487,0.238904240888872,0.264301525715948,0.149807763529887,0.190154027575454
735,0.622020658211421,0.236301613614802,0.218876016213984,0.205178843545358,0.212638240623736,0.140279459933373
799,0.603424944919196,0.236301613614802,0.265239772398733,0.229493730258852,0.183371292540019,0.187010622123131
817,0.633503788623644,0.250466494772263,0.233725581744281,0.282396577544332,0.140279459933373,0.140279459933373
775,0.637915147508898,0.253194757033311,0.254108759679802,0.261497815323131,0.185781454960399,0.161797245314680
728,0.615828741507218,0.23977753355553,0.23033379664679,0.275669606701894,0.164024746412181,0.140279459933373
736,0.620252184825136,0.262430509724191,0.192088479379025,0.255024990396885,0.154094323280450,0.157597013980819
740,0.635268667058686,0.237166246337142,0.207376318697083,0.250466494772263,0.155619579790919,0.196066256873814
654,0.608744246353995,0.215727826366646,0.164024746412181,0.245967461561916,0.140279459933373,0.140279459933373
228,0.673994424070159,0.227823271636467,0.205178843545358,0.389289635189169,0.414271770359505,0.256863984839407
693,0.616713692539713,0.220471637257467,0.243298519444439,0.222891426963376,0.182778757451073,0.164024746412181
826,0.606085249352797,0.270905253648299,0.188884569174318,0.286266334773665,0.225342219919308,0.182190212262849
881,0.644086484322101,0.298944182722262,0.275669606701894,0.256863984839407,0.140279459933373,0.156796455796649
751,0.606971725447777,0.231177046607856,0.256863984839407,0.219672052767678,0.175435913518267,0.140279459933373
722,0.639678919993987,0.224521889216861,0.222891426963376,0.222081350052879,0.169237834303805,0.16634019279706
736,0.626439652176295,0.259638241659144,0.231177046607856,0.264301525715948,0.183967824035887,0.167291481291287
596,0.59099197716754,0.237166246337142,0.237166246337142,0.269956905233921,0.175435913518267,0.179307075461499
862,0.62555609967103,0.270905253648299,0.267121556704060,0.211115838461421,0.197424363331222,0.203733362812729
829,0.621136485069615,0.221274744825972,0.240653643199231,0.214949882112267,0.141602453589765,0.200889639762023
332,0.428527399760189,0.140279459933373,0.158822198286243,0.211875157547888,0.140279459933373,0.140279459933373
823,0.644086484322101,0.300905518027404,0.220471637257467,0.260567046745838,0.158410531669826,0.152256565618780
785,0.617598511353537,0.252283020211930,0.255024990396885,0.277585234113443,0.158822198286243,0.196743303664015
601,0.61405843859737,0.216509434133377,0.213405068833102,0.198109430350217,0.154094323280450,0.140279459933373
840,0.65113325749733,0.241532534498303,0.257786672914962,0.220471637257467,0.169237834303805,0.149469410107982
969,0.652893966371437,0.275669606701894,0.269010148553487,0.267121556704060,0.166814026627726,0.146548361254107
704,0.653774177471793,0.261497815323131,0.270905253648299,0.194059239855938,0.175435913518267,0.164940248736627
806,0.601650667029677,0.234581247743386,0.227823271636467,0.207376318697083,0.149133866930996,0.148143904307162
773,0.61405843859737,0.241532534498303,0.255024990396885,0.222891426963376,0.148801114525785,0.158410531669826
723,0.671359527115958,0.252283020211930,0.227823271636467,0.262430509724191,0.147819407725247,0.168257318749387
787,0.656414246618719,0.273759486818862,0.283362392853609,0.276626749501763,0.164940248736627,0.188884569174318
736,0.609630293401202,0.226165913043895,0.26336509235663,0.238033800236652,0.179875784505171,0.155233599845476
905,0.621136485069615,0.261497815323131,0.236301613614802,0.279506090033501,0.177624558944457,0.162677834203278
740,0.633503788623644,0.227823271636467,0.207376318697083,0.232872971194181,0.164940248736627,0.140279459933373
861,0.653774177471793,0.245967461561916,0.261497815323131,0.23977753355553,0.157597013980819,0.205907447843523
359,0.453909567952752,0.149807763529887,0.195393227873188,0.158002143279100,0.159237162188545,0.140279459933373
845,0.612287594171303,0.246862287018223,0.226992939983781,0.231177046607856,0.151542367809210,0.140279459933373
706,0.610516199655431,0.225342219919308,0.250466494772263,0.204454144375473,0.157597013980819,0.140279459933373
802,0.644967683931748,0.251373586915138,0.220471637257467,0.244185541162083,0.161362102255135,0.185172899926102
694,0.598100289370352,0.266179795115631,0.233725581744281,0.242414171861771,0.173835068385563,0.148471133452426
545,0.547195695509664,0.274713840722163,0.283362392853609,0.169733635746363,0.205907447843523,0.205178843545358
835,0.619367756469412,0.266179795115631,0.205178843545358,0.288207386188063,0.144131604573628,0.16357228121085
647,0.62555609967103,0.245075200706715,0.208116557082828,0.260567046745838,0.140279459933373,0.140279459933373
704,0.65201365997105,0.241532534498303,0.233725581744281,0.223704949036996,0.149469410107982,0.140279459933373
838,0.641442262346675,0.253194757033311,0.236301613614802,0.226165913043895,0.163123316426449,0.187631241909896
655,0.590102705627282,0.211875157547888,0.218876016213984,0.232872971194181,0.160930368981928,0.140279459933373
742,0.622020658211421,0.228656878414890,0.214175622695954,0.23033379664679,0.148801114525785,0.182190212262849
948,0.643205181411445,0.296985336054750,0.270905253648299,0.266179795115631,0.179307075461499,0.188884569174318
846,0.635268667058686,0.248659484023583,0.290152214217331,0.249561781327291,0.167772573247934,0.178742307944130
708,0.61405843859737,0.251373586915138,0.245075200706715,0.192741366843982,0.194724220966719,0.140279459933373
611,0.645848781067736,0.320611530912211,0.298944182722262,0.307786743279463,0.198109430350217,0.145928733232941
728,0.61494365721071,0.247759640188542,0.219672052767678,0.251373586915138,0.146548361254107,0.140279459933373
781,0.608744246353995,0.250466494772263,0.187631241909896,0.23977753355553,0.164480729737195,0.187010622123131
708,0.612287594171303,0.211875157547888,0.187010622123131,0.225342219919308,0.145319498566922,0.157195124574254
750,0.627323083479833,0.266179795115631,0.241532534498303,0.276626749501763,0.167291481291287,0.159655442358187
251,0.430419611243593,0.195393227873188,0.219672052767678,0.167772573247934,0.168745733831007,0.178742307944130
963,0.637915147508898,0.319623752397046,0.276626749501763,0.32159942528535,0.211875157547888,0.214949882112267
647,0.613173084606865,0.362014841934518,0.308771540986705,0.279506090033501,0.170736402643872,0.165403320798019
738,0.605198627992826,0.266179795115631,0.251373586915138,0.262430509724191,0.169237834303805,0.200188610986799
229,0.608744246353995,0.163123316426449,0.140279459933373,0.219672052767678,0.166814026627726,0.140279459933373
760,0.666966416344732,0.259638241659144,0.235439936165745,0.249561781327291,0.171243398019944,0.160077057692081
696,0.617598511353537,0.217294683481912,0.181605650010004,0.245967461561916,0.161362102255135,0.140279459933373
676,0.592770024376564,0.222891426963376,0.232023448734304,0.254108759679802,0.151542367809210,0.140279459933373
659,0.641442262346675,0.273759486818862,0.264301525715948,0.244185541162083,0.177624558944457,0.140279459933373
604,0.590102705627282,0.291125967010989,0.225342219919308,0.279506090033501,0.150492979148870,0.173309128978783
708,0.624672424998259,0.247759640188542,0.243298519444439,0.210360301592275,0.155619579790919,0.163123316426449
711,0.61494365721071,0.216509434133377,0.190794809258731,0.255943411389996,0.160077057692081,0.178742307944130
621,0.591881082994116,0.249561781327291,0.216509434133377,0.232023448734304,0.197424363331222,0.155619579790919
655,0.608744246353995,0.231177046607856,0.212638240623736,0.228656878414890,0.140279459933373,0.169733635746363
787,0.615828741507218,0.282396577544332,0.228656878414890,0.247759640188542,0.205907447843523,0.16634019279706
858,0.658173830133798,0.278545025785751,0.235439936165745,0.296006914761259,0.162235816543637,0.183967824035887
775,0.629972659733243,0.267121556704060,0.256863984839407,0.214949882112267,0.162235816543637,0.149469410107982
436,0.73093651035683,0.267121556704060,0.232023448734304,0.311728055196152,0.294052217151829,0.201594638931909
688,0.590102705627282,0.233725581744281,0.211875157547888,0.237166246337142,0.140279459933373,0.147178535004063
687,0.607858057407542,0.283362392853609,0.288207386188063,0.287236372741756,0.174364837136968,0.164940248736627
255,0.613173084606865,0.378617765257579,0.183967824035887,0.540896650628897,0.590102705627282,0.428527399760189
196,0.571387382661058,0.140539522938054,0.173309128978783,0.178742307944130,0.142702524367706,0.164024746412181
690,0.644086484322101,0.296985336054750,0.282396577544332,0.272806580486754,0.182778757451073,0.185781454960399
727,0.592770024376564,0.23033379664679,0.255943411389996,0.195393227873188,0.205178843545358,0.150839880430613
716,0.622904705251892,0.260567046745838,0.278545025785751,0.203016510694019,0.197424363331222,0.158002143279100
859,0.630855615748439,0.288207386188063,0.220471637257467,0.296985336054750,0.140279459933373,0.177071557205383
724,0.621136485069615,0.242414171861771,0.245075200706715,0.241532534498303,0.151897993103576,0.194724220966719
724,0.607858057407542,0.233725581744281,0.205907447843523,0.225342219919308,0.173835068385563,0.182190212262849
766,0.641442262346675,0.246862287018223,0.235439936165745,0.258711437790672,0.140279459933373,0.146237238572002
165,0.464154311336516,0.140279459933373,0.204454144375473,0.204454144375473,0.140279459933373,0.149807763529887
780,0.620252184825136,0.240653643199231,0.269010148553487,0.244185541162083,0.140279459933373,0.162677834203278
764,0.650252758171119,0.284329312589461,0.291125967010989,0.201594638931909,0.140279459933373,0.140279459933373
849,0.607858057407542,0.226165913043895,0.23977753355553,0.223704949036996,0.165403320798019,0.165403320798019
694,0.58030940985411,0.241532534498303,0.258711437790672,0.232023448734304,0.162235816543637,0.192088479379025
843,0.584763524220902,0.196066256873814,0.234581247743386,0.214175622695954,0.164480729737195,0.140279459933373
784,0.628206394540431,0.254108759679802,0.229493730258852,0.281431899695417,0.164480729737195,0.185172899926102
802,0.620252184825136,0.236301613614802,0.231177046607856,0.269010148553487,0.155233599845476,0.140279459933373
858,0.647610671197383,0.304834801321944,0.346286080835727,0.379590352485876,0.257786672914962,0.200889639762023
752,0.611401966215199,0.232023448734304,0.269956905233921,0.181605650010004,0.162235816543637,0.201594638931909
761,0.62555609967103,0.237166246337142,0.232023448734304,0.218876016213984,0.191439626593958,0.191439626593958
306,0.412362374614871,0.140279459933373,0.214175622695954,0.181025063276694,0.154470991130581,0.140279459933373
894,0.622020658211421,0.259638241659144,0.250466494772263,0.267121556704060,0.173309128978783,0.140279459933373
715,0.606971725447777,0.238904240888872,0.214949882112267,0.266179795115631,0.172268685450245,0.140279459933373
799,0.646729776551258,0.26806502014066,0.254108759679802,0.296006914761259,0.140279459933373,0.168257318749387
871,0.631738455286738,0.344314559496454,0.290152214217331,0.320611530912211,0.211875157547888,0.220471637257467
196,0.547195695509664,0.170736402643872,0.216509434133377,0.143266847840142,0.174898448025698,0.159237162188545
780,0.621136485069615,0.245075200706715,0.235439936165745,0.242414171861771,0.168257318749387,0.142423961905656
436,0.597212308466731,0.288207386188063,0.26806502014066,0.245967461561916,0.221274744825972,0.159237162188545
827,0.648491465815105,0.253194757033311,0.247759640188542,0.164024746412181,0.170736402643872,0.212638240623736
792,0.610516199655431,0.228656878414890,0.194724220966719,0.244185541162083,0.192741366843982,0.226165913043895
811,0.634386284250911,0.232872971194181,0.245967461561916,0.257786672914962,0.154094323280450,0.140279459933373
774,0.631738455286738,0.293075998312143,0.140279459933373,0.617598511353537,0.663450425192382,0.507381840049532
762,0.637915147508898,0.244185541162083,0.289179343702615,0.238904240888872,0.158410531669826,0.186394027664835
683,0.638797087949753,0.246862287018223,0.220471637257467,0.220471637257467,0.140279459933373,0.174898448025698
329,0.447362019176649,0.197424363331222,0.158410531669826,0.206639944148685,0.150148946700048,0.140279459933373
717,0.613173084606865,0.241532534498303,0.232023448734304,0.269010148553487,0.140539522938054,0.174364837136968
842,0.646729776551258,0.232872971194181,0.213405068833102,0.258711437790672,0.182190212262849,0.140279459933373
807,0.631738455286738,0.241532534498303,0.248659484023583,0.247759640188542,0.154470991130581,0.162235816543637
739,0.608744246353995,0.237166246337142,0.236301613614802,0.26806502014066,0.150839880430613,0.177071557205383
742,0.646729776551258,0.252283020211930,0.247759640188542,0.292100571713878,0.156796455796649,0.192741366843982
822,0.634386284250911,0.261497815323131,0.284329312589461,0.262430509724191,0.210360301592275,0.175977245746161
678,0.606085249352797,0.200889639762023,0.226992939983781,0.231177046607856,0.157195124574254,0.169733635746363
751,0.598100289370352,0.218083551882790,0.249561781327291,0.190794809258731,0.161362102255135,0.150492979148870
691,0.607858057407542,0.219672052767678,0.202303599215116,0.241532534498303,0.159237162188545,0.164940248736627
680,0.635268667058686,0.288207386188063,0.238033800236652,0.262430509724191,0.171243398019944,0.174898448025698
319,0.448298759169222,0.152256565618780,0.154470991130581,0.207376318697083,0.145622826217966,0.182190212262849
761,0.61494365721071,0.221274744825972,0.270905253648299,0.168745733831007,0.166814026627726,0.183371292540019
782,0.61494365721071,0.247759640188542,0.256863984839407,0.249561781327291,0.171754154191287,0.140539522938054
817,0.623788627185174,0.270905253648299,0.215727826366646,0.294052217151829,0.140279459933373,0.194724220966719
755,0.611401966215199,0.234581247743386,0.205907447843523,0.267121556704060,0.16357228121085,0.160930368981928
656,0.584763524220902,0.269010148553487,0.237166246337142,0.272806580486754,0.203016510694019,0.217294683481912
893,0.633503788623644,0.253194757033311,0.245967461561916,0.246862287018223,0.200188610986799,0.192741366843982
711,0.601650667029677,0.235439936165745,0.224521889216861,0.245967461561916,0.165403320798019,0.152618104976752
366,0.465083048709257,0.175435913518267,0.172787005806565,0.214175622695954,0.141602453589765,0.194724220966719
369,0.440791745314472,0.165869963138432,0.168257318749387,0.183371292540019,0.144131604573628,0.160930368981928
782,0.623788627185174,0.259638241659144,0.240653643199231,0.262430509724191,0.160502026996677,0.172787005806565
697,0.623788627185174,0.219672052767678,0.227823271636467,0.181605650010004,0.168745733831007,0.140279459933373
735,0.623788627185174,0.218876016213984,0.203733362812729,0.208116557082828,0.150839880430613,0.168257318749387
890,0.661691913619881,0.273759486818862,0.245075200706715,0.275669606701894,0.140279459933373,0.192088479379025
816,0.626439652176295,0.276626749501763,0.250466494772263,0.250466494772263,0.150148946700048,0.153350162717428
354,0.414271770359505,0.200889639762023,0.161362102255135,0.221274744825972,0.23977753355553,0.170233153496669
761,0.613173084606865,0.286266334773665,0.255943411389996,0.252283020211930,0.176522456496951,0.148471133452426
651,0.598100289370352,0.270905253648299,0.23033379664679,0.295029198942614,0.181025063276694,0.170736402643872
754,0.681894949187986,0.26336509235663,0.271855157449252,0.227823271636467,0.178181472416481,0.143840891542185
711,0.589213267095234,0.223704949036996,0.247759640188542,0.213405068833102,0.145928733232941,0.140279459933373
621,0.621136485069615,0.245075200706715,0.224521889216861,0.266179795115631,0.187010622123131,0.140279459933373
424,0.466011361565902,0.172787005806565,0.211875157547888,0.198109430350217,0.171243398019944,0.164024746412181
541,0.598988114480156,0.327528205863718,0.282396577544332,0.308771540986705,0.210360301592275,0.240653643199231
618,0.591881082994116,0.254108759679802,0.214175622695954,0.237166246337142,0.148801114525785,0.152618104976752
928,0.632621179272578,0.296006914761259,0.291125967010989,0.244185541162083,0.203016510694019,0.144424803121843
783,0.6678452031824,0.266179795115631,0.232023448734304,0.298944182722262,0.142702524367706,0.198798498578782
584,0.59454741884471,0.343328438016707,0.33543232376894,0.350225945404854,0.206639944148685,0.204454144375473
693,0.629972659733243,0.302869127130412,0.257786672914962,0.314687276192053,0.167291481291287,0.196066256873814
578,0.591881082994116,0.316661303992259,0.270905253648299,0.296006914761259,0.211115838461421,0.140279459933373
740,0.62555609967103,0.237166246337142,0.232872971194181,0.286266334773665,0.140279459933373,0.177624558944457
793,0.613173084606865,0.255943411389996,0.232872971194181,0.233725581744281,0.199491561253654,0.140279459933373
858,0.646729776551258,0.255024990396885,0.259638241659144,0.218083551882790,0.140539522938054,0.179307075461499
691,0.602537880906253,0.224521889216861,0.250466494772263,0.191439626593958,0.165403320798019,0.184568357977156
916,0.731810723629735,0.382505251364152,0.35612665264182,0.333456768437105,0.255024990396885,0.201594638931909
754,0.622904705251892,0.256863984839407,0.246862287018223,0.194724220966719,0.140279459933373,0.152982630801945
911,0.648491465815105,0.240653643199231,0.219672052767678,0.241532534498303,0.178742307944130,0.150148946700048
749,0.609630293401202,0.233725581744281,0.177624558944457,0.255943411389996,0.173309128978783,0.140279459933373
939,0.627323083479833,0.245075200706715,0.187010622123131,0.294052217151829,0.151189670120080,0.172268685450245
607,0.590102705627282,0.342342090635241,0.319623752397046,0.301887051542692,0.225342219919308,0.23977753355553
745,0.656414246618719,0.408537424783786,0.382505251364152,0.422838791105066,0.347271459448055,0.304834801321944
843,0.63703309779987,0.274713840722163,0.272806580486754,0.237166246337142,0.164940248736627,0.16634019279706
620,0.623788627185174,0.256863984839407,0.226992939983781,0.278545025785751,0.181605650010004,0.173835068385563
761,0.634386284250911,0.265239772398733,0.23033379664679,0.273759486818862,0.180448444205294,0.205907447843523
792,0.633503788623644,0.255943411389996,0.224521889216861,0.238904240888872,0.183967824035887,0.198798498578782
670,0.650252758171119,0.257786672914962,0.220471637257467,0.210360301592275,0.185781454960399,0.180448444205294
709,0.620252184825136,0.224521889216861,0.218876016213984,0.242414171861771,0.183371292540019,0.179307075461499
779,0.615828741507218,0.207376318697083,0.261497815323131,0.212638240623736,0.154850743467635,0.169237834303805
829,0.595435874427052,0.326539995183568,0.295029198942614,0.297964434643167,0.188884569174318,0.170233153496669
775,0.632621179272578,0.258711437790672,0.222081350052879,0.275669606701894,0.168257318749387,0.160930368981928
627,0.619367756469412,0.254108759679802,0.231177046607856,0.226992939983781,0.163123316426449,0.190794809258731
798,0.65201365997105,0.235439936165745,0.227823271636467,0.265239772398733,0.140279459933373,0.172787005806565
1007,0.653774177471793,0.276626749501763,0.179875784505171,0.295029198942614,0.166814026627726,0.140279459933373
780,0.617598511353537,0.269010148553487,0.247759640188542,0.249561781327291,0.150148946700048,0.200889639762023
297,0.419036311953547,0.195393227873188,0.182778757451073,0.179307075461499,0.172268685450245,0.175977245746161
820,0.631738455286738,0.229493730258852,0.255943411389996,0.190794809258731,0.187010622123131,0.140279459933373
761,0.611401966215199,0.278545025785751,0.299924552865763,0.235439936165745,0.212638240623736,0.154094323280450
639,0.606085249352797,0.222891426963376,0.225342219919308,0.249561781327291,0.145928733232941,0.160930368981928
883,0.65113325749733,0.245967461561916,0.241532534498303,0.245075200706715,0.150148946700048,0.154850743467635
675,0.585653817185493,0.245967461561916,0.199491561253654,0.274713840722163,0.160077057692081,0.140279459933373
378,0.44923503724365,0.175435913518267,0.171243398019944,0.185781454960399,0.140279459933373,0.150148946700048
559,0.593658802575914,0.214949882112267,0.216509434133377,0.293075998312143,0.140279459933373,0.146862120354825
708,0.616713692539713,0.238033800236652,0.229493730258852,0.200188610986799,0.152618104976752,0.140279459933373
892,0.613173084606865,0.265239772398733,0.272806580486754,0.229493730258852,0.204454144375473,0.172787005806565
855,0.635268667058686,0.232872971194181,0.232023448734304,0.246862287018223,0.156400988328558,0.172787005806565
703,0.602537880906253,0.232872971194181,0.234581247743386,0.234581247743386,0.152982630801945,0.140279459933373
607,0.622020658211421,0.218083551882790,0.198109430350217,0.216509434133377,0.175435913518267,0.171754154191287
710,0.589213267095234,0.242414171861771,0.259638241659144,0.189517281185082,0.178181472416481,0.179307075461499
845,0.632621179272578,0.301887051542692,0.242414171861771,0.264301525715948,0.208116557082828,0.149469410107982
974,0.640560644506718,0.248659484023583,0.212638240623736,0.271855157449252,0.188255890082703,0.174364837136968
723,0.629972659733243,0.258711437790672,0.241532534498303,0.202303599215116,0.188884569174318,0.177071557205383
592,0.615828741507218,0.271855157449252,0.286266334773665,0.223704949036996,0.167772573247934,0.195393227873188
158,0.419987692000204,0.171754154191287,0.199491561253654,0.160077057692081,0.154850743467635,0.165403320798019
170,0.521016538660012,0.140279459933373,0.199491561253654,0.179875784505171,0.140279459933373,0.172268685450245
194,0.438910260048710,0.219672052767678,0.213405068833102,0.229493730258852,0.170233153496669,0.140539522938054
704,0.61494365721071,0.236301613614802,0.209608564537159,0.252283020211930,0.140279459933373,0.140279459933373
462,0.544497573622266,0.255024990396885,0.190794809258731,0.247759640188542,0.146237238572002,0.175435913518267
986,0.675750628954486,0.261497815323131,0.23977753355553,0.280468392646033,0.140279459933373,0.158410531669826
925,0.629972659733243,0.330492731245164,0.281431899695417,0.32159942528535,0.180448444205294,0.140279459933373
794,0.628206394540431,0.227823271636467,0.191439626593958,0.250466494772263,0.150148946700048,0.153350162717428
761,0.622020658211421,0.242414171861771,0.171243398019944,0.278545025785751,0.181605650010004,0.147497624383717
684,0.597212308466731,0.227823271636467,0.244185541162083,0.276626749501763,0.140279459933373,0.156796455796649
897,0.663450425192382,0.267121556704060,0.26336509235663,0.240653643199231,0.158002143279100,0.143552645462116
913,0.611401966215199,0.257786672914962,0.248659484023583,0.247759640188542,0.171243398019944,0.184568357977156
771,0.602537880906253,0.224521889216861,0.181605650010004,0.259638241659144,0.154470991130581,0.189517281185082
846,0.640560644506718,0.323575487390111,0.325551793923222,0.235439936165745,0.232872971194181,0.140279459933373
685,0.573173308757861,0.322587416871138,0.293075998312143,0.292100571713878,0.205178843545358,0.182778757451073
847,0.61494365721071,0.267121556704060,0.197424363331222,0.265239772398733,0.149469410107982,0.169733635746363
991,0.681017412481438,0.292100571713878,0.236301613614802,0.255943411389996,0.162235816543637,0.182778757451073
799,0.607858057407542,0.226992939983781,0.241532534498303,0.222891426963376,0.157195124574254,0.176522456496951
827,0.622020658211421,0.229493730258852,0.222081350052879,0.238904240888872,0.162677834203278,0.158002143279100
611,0.50099448051522,0.289179343702615,0.211875157547888,0.246862287018223,0.282396577544332,0.156400988328558
765,0.620252184825136,0.247759640188542,0.231177046607856,0.226992939983781,0.161362102255135,0.147497624383717
155,0.442671323317129,0.140279459933373,0.140279459933373,0.224521889216861,0.140279459933373,0.145018731380577
373,0.602537880906253,0.287236372741756,0.273759486818862,0.248659484023583,0.186394027664835,0.154094323280450
286,0.639678919993987,0.291125967010989,0.262430509724191,0.336419918223748,0.362014841934518,0.223704949036996
737,0.620252184825136,0.218876016213984,0.23033379664679,0.260567046745838,0.173835068385563,0.143552645462116
667,0.600763302119727,0.270905253648299,0.235439936165745,0.237166246337142,0.180448444205294,0.140279459933373
833,0.620252184825136,0.242414171861771,0.220471637257467,0.23033379664679,0.154470991130581,0.155233599845476
956,0.650252758171119,0.302869127130412,0.294052217151829,0.337407372460796,0.269956905233921,0.182778757451073
762,0.627323083479833,0.342342090635241,0.331480818156256,0.333456768437105,0.202303599215116,0.201594638931909
733,0.601650667029677,0.218876016213984,0.252283020211930,0.168745733831007,0.180448444205294,0.171754154191287
225,0.601650667029677,0.175435913518267,0.16357228121085,0.187010622123131,0.140279459933373,0.148801114525785
272,0.615828741507218,0.172268685450245,0.158410531669826,0.228656878414890,0.140279459933373,0.205907447843523
757,0.646729776551258,0.23033379664679,0.265239772398733,0.26336509235663,0.141066417195949,0.182778757451073
740,0.585653817185493,0.213405068833102,0.226992939983781,0.255024990396885,0.178742307944130,0.199491561253654
597,0.589213267095234,0.221274744825972,0.188884569174318,0.225342219919308,0.160077057692081,0.140279459933373
656,0.595435874427052,0.202303599215116,0.174364837136968,0.214949882112267,0.140279459933373,0.140279459933373
973,0.655534316836593,0.296985336054750,0.306802338059224,0.310742219942023,0.176522456496951,0.143840891542185
645,0.590102705627282,0.217294683481912,0.238904240888872,0.259638241659144,0.151542367809210,0.175977245746161
722,0.612287594171303,0.242414171861771,0.203733362812729,0.23977753355553,0.158410531669826,0.14298348025674
684,0.607858057407542,0.253194757033311,0.23977753355553,0.243298519444439,0.200889639762023,0.179307075461499
778,0.638797087949753,0.256863984839407,0.221274744825972,0.254108759679802,0.190154027575454,0.157597013980819
772,0.618483198986599,0.235439936165745,0.229493730258852,0.267121556704060,0.154094323280450,0.181025063276694
775,0.62555609967103,0.255943411389996,0.245075200706715,0.245967461561916,0.190794809258731,0.156400988328558
762,0.628206394540431,0.26806502014066,0.237166246337142,0.257786672914962,0.160930368981928,0.155619579790919
671,0.603424944919196,0.243298519444439,0.244185541162083,0.209608564537159,0.175977245746161,0.152256565618780
794,0.642323774366231,0.264301525715948,0.26336509235663,0.244185541162083,0.169237834303805,0.187631241909896
554,0.581200590507501,0.214949882112267,0.208860644258667,0.208860644258667,0.140279459933373,0.166814026627726
627,0.627323083479833,0.218876016213984,0.232872971194181,0.188255890082703,0.169733635746363,0.140279459933373
723,0.596324170558622,0.23977753355553,0.226165913043895,0.278545025785751,0.180448444205294,0.170233153496669
332,0.423788147113161,0.168257318749387,0.158822198286243,0.210360301592275,0.144720505822661,0.188884569174318
699,0.598100289370352,0.210360301592275,0.201594638931909,0.222891426963376,0.158822198286243,0.140279459933373
178,0.489087655334828,0.201594638931909,0.181605650010004,0.190154027575454,0.164024746412181,0.173835068385563
596,0.576742857104671,0.271855157449252,0.269956905233921,0.298944182722262,0.169733635746363,0.177071557205383
779,0.56334084744967,0.304834801321944,0.250466494772263,0.294052217151829,0.164480729737195,0.190154027575454
691,0.590102705627282,0.218083551882790,0.219672052767678,0.222081350052879,0.140279459933373,0.178181472416481
672,0.652893966371437,0.241532534498303,0.231177046607856,0.249561781327291,0.145622826217966,0.140279459933373
738,0.659933050519219,0.269010148553487,0.214949882112267,0.262430509724191,0.140279459933373,0.152982630801945
419,0.438910260048710,0.189517281185082,0.170233153496669,0.269010148553487,0.140279459933373,0.140279459933373
756,0.618483198986599,0.197424363331222,0.216509434133377,0.225342219919308,0.190154027575454,0.140279459933373
761,0.609630293401202,0.225342219919308,0.216509434133377,0.148471133452426,0.161362102255135,0.146548361254107
667,0.597212308466731,0.307786743279463,0.257786672914962,0.282396577544332,0.196066256873814,0.140279459933373
771,0.645848781067736,0.245075200706715,0.221274744825972,0.245075200706715,0.161797245314680,0.194724220966719
768,0.631738455286738,0.209608564537159,0.200188610986799,0.260567046745838,0.140279459933373,0.181025063276694
809,0.610516199655431,0.245075200706715,0.226992939983781,0.281431899695417,0.154470991130581,0.140279459933373
688,0.626439652176295,0.299924552865763,0.26336509235663,0.283362392853609,0.159655442358187,0.140279459933373
725,0.632621179272578,0.232023448734304,0.211115838461421,0.247759640188542,0.149807763529887,0.173835068385563
505,0.548094589195255,0.223704949036996,0.238033800236652,0.220471637257467,0.186394027664835,0.140279459933373
778,0.65201365997105,0.237166246337142,0.228656878414890,0.271855157449252,0.213405068833102,0.140279459933373
293,0.490923390673098,0.142147774681471,0.209608564537159,0.160077057692081,0.140279459933373,0.152618104976752
901,0.620252184825136,0.222891426963376,0.219672052767678,0.273759486818862,0.174364837136968,0.175977245746161
789,0.634386284250911,0.293075998312143,0.238033800236652,0.248659484023583,0.170736402643872,0.154850743467635
651,0.621136485069615,0.232023448734304,0.235439936165745,0.296006914761259,0.167291481291287,0.144424803121843
972,0.65201365997105,0.254108759679802,0.257786672914962,0.299924552865763,0.140279459933373,0.158002143279100
675,0.592770024376564,0.248659484023583,0.255024990396885,0.220471637257467,0.178181472416481,0.188255890082703
793,0.632621179272578,0.234581247743386,0.260567046745838,0.246862287018223,0.140279459933373,0.140279459933373
933,0.659053485350326,0.247759640188542,0.256863984839407,0.211115838461421,0.141333283747465,0.140279459933373
730,0.595435874427052,0.23033379664679,0.244185541162083,0.210360301592275,0.140279459933373,0.146862120354825
626,0.602537880906253,0.291125967010989,0.269956905233921,0.249561781327291,0.181605650010004,0.177624558944457
713,0.611401966215199,0.208860644258667,0.282396577544332,0.140279459933373,0.216509434133377,0.16634019279706
799,0.635268667058686,0.253194757033311,0.222081350052879,0.257786672914962,0.16634019279706,0.207376318697083
815,0.692419876408003,0.282396577544332,0.245967461561916,0.252283020211930,0.168745733831007,0.228656878414890
339,0.437968797820157,0.171243398019944,0.199491561253654,0.214175622695954,0.140279459933373,0.149469410107982
818,0.624672424998259,0.259638241659144,0.213405068833102,0.251373586915138,0.142147774681471,0.174364837136968
737,0.600763302119727,0.255943411389996,0.256863984839407,0.221274744825972,0.168745733831007,0.147178535004063
766,0.63703309779987,0.255943411389996,0.243298519444439,0.246862287018223,0.140279459933373,0.196743303664015
549,0.646729776551258,0.254108759679802,0.231177046607856,0.266179795115631,0.159237162188545,0.168257318749387
824,0.657294084136253,0.275669606701894,0.272806580486754,0.312714190948075,0.177624558944457,0.190794809258731
786,0.664329550930648,0.294052217151829,0.238033800236652,0.257786672914962,0.184568357977156,0.177071557205383
706,0.629972659733243,0.227823271636467,0.194724220966719,0.23977753355553,0.170736402643872,0.140279459933373
695,0.631738455286738,0.244185541162083,0.282396577544332,0.229493730258852,0.171243398019944,0.140279459933373
685,0.611401966215199,0.235439936165745,0.255024990396885,0.187631241909896,0.182190212262849,0.140279459933373
695,0.62555609967103,0.233725581744281,0.23977753355553,0.209608564537159,0.184568357977156,0.187631241909896
246,0.606971725447777,0.168257318749387,0.151189670120080,0.199491561253654,0.140279459933373,0.140279459933373
557,0.620252184825136,0.272806580486754,0.179875784505171,0.300905518027404,0.150148946700048,0.154850743467635
678,0.579418047575081,0.211875157547888,0.218083551882790,0.231177046607856,0.161362102255135,0.202303599215116
247,0.676628615387707,0.238033800236652,0.196743303664015,0.399901217123282,0.40182397040703,0.253194757033311
685,0.682772413069105,0.258711437790672,0.243298519444439,0.256863984839407,0.181605650010004,0.153350162717428
174,0.538193325982493,0.140279459933373,0.140279459933373,0.237166246337142,0.140279459933373,0.140279459933373
327,0.454843116219575,0.193398287644562,0.194059239855938,0.145622826217966,0.187010622123131,0.147178535004063
855,0.61405843859737,0.261497815323131,0.262430509724191,0.208860644258667,0.198109430350217,0.158002143279100
739,0.623788627185174,0.23977753355553,0.236301613614802,0.220471637257467,0.187631241909896,0.14298348025674
792,0.626439652176295,0.257786672914962,0.272806580486754,0.242414171861771,0.146862120354825,0.142423961905656
819,0.619367756469412,0.252283020211930,0.276626749501763,0.211875157547888,0.182778757451073,0.179875784505171
734,0.636150937944643,0.238033800236652,0.213405068833102,0.272806580486754,0.140279459933373,0.156400988328558
748,0.624672424998259,0.244185541162083,0.252283020211930,0.211875157547888,0.190794809258731,0.160930368981928
711,0.610516199655431,0.280468392646033,0.278545025785751,0.289179343702615,0.185781454960399,0.178181472416481
876,0.633503788623644,0.261497815323131,0.275669606701894,0.234581247743386,0.166814026627726,0.171754154191287
781,0.621136485069615,0.23977753355553,0.201594638931909,0.289179343702615,0.169237834303805,0.190154027575454
706,0.617598511353537,0.212638240623736,0.185781454960399,0.250466494772263,0.150839880430613,0.243298519444439
767,0.643205181411445,0.227823271636467,0.238033800236652,0.237166246337142,0.158822198286243,0.169733635746363
666,0.615828741507218,0.217294683481912,0.203016510694019,0.234581247743386,0.169237834303805,0.151189670120080
819,0.633503788623644,0.278545025785751,0.274713840722163,0.221274744825972,0.201594638931909,0.158410531669826
788,0.599875784998553,0.227823271636467,0.206639944148685,0.26806502014066,0.161362102255135,0.148801114525785
804,0.635268667058686,0.26336509235663,0.272806580486754,0.284329312589461,0.140279459933373,0.179875784505171
799,0.621136485069615,0.255943411389996,0.181025063276694,0.237166246337142,0.151897993103576,0.156400988328558
836,0.622904705251892,0.255943411389996,0.231177046607856,0.258711437790672,0.203733362812729,0.140279459933373
300,0.415225700022613,0.151542367809210,0.160502026996677,0.218876016213984,0.16634019279706,0.140279459933373
793,0.648491465815105,0.238033800236652,0.224521889216861,0.270905253648299,0.166814026627726,0.140279459933373
866,0.633503788623644,0.266179795115631,0.265239772398733,0.214175622695954,0.185172899926102,0.191439626593958
758,0.619367756469412,0.249561781327291,0.190154027575454,0.282396577544332,0.148471133452426,0.140279459933373
389,0.418084423539314,0.160930368981928,0.150839880430613,0.204454144375473,0.174364837136968,0.203733362812729
574,0.70906526078053,0.273759486818862,0.172787005806565,0.350225945404854,0.346286080835727,0.238033800236652
556,0.551687808366613,0.269010148553487,0.211115838461421,0.238033800236652,0.164480729737195,0.177071557205383
761,0.661691913619881,0.359072414588444,0.319623752397046,0.369843682925459,0.238033800236652,0.245075200706715
709,0.626439652176295,0.208116557082828,0.211875157547888,0.245967461561916,0.141066417195949,0.158822198286243
835,0.631738455286738,0.257786672914962,0.256863984839407,0.276626749501763,0.170736402643872,0.180448444205294
748,0.710816164858919,0.172268685450245,0.205907447843523,0.213405068833102,0.140279459933373,0.218083551882790
343,0.467866722440866,0.189517281185082,0.140279459933373,0.195393227873188,0.169733635746363,0.140279459933373
319,0.466939252082330,0.183967824035887,0.182190212262849,0.232872971194181,0.140279459933373,0.214175622695954
701,0.592770024376564,0.202303599215116,0.208860644258667,0.26806502014066,0.140279459933373,0.171243398019944
379,0.673994424070159,0.208860644258667,0.217294683481912,0.236301613614802,0.170736402643872,0.148471133452426
417,0.466011361565902,0.188255890082703,0.140279459933373,0.258711437790672,0.140279459933373,0.140279459933373
744,0.647610671197383,0.26806502014066,0.256863984839407,0.236301613614802,0.167772573247934,0.155619579790919
758,0.633503788623644,0.231177046607856,0.218083551882790,0.276626749501763,0.156008702799071,0.181025063276694
628,0.595435874427052,0.276626749501763,0.245967461561916,0.275669606701894,0.156008702799071,0.16634019279706
733,0.578526502286961,0.211115838461421,0.243298519444439,0.232023448734304,0.168257318749387,0.147819407725247
570,0.661691913619881,0.244185541162083,0.238904240888872,0.23033379664679,0.199491561253654,0.140279459933373
888,0.630855615748439,0.255943411389996,0.193398287644562,0.284329312589461,0.193398287644562,0.144720505822661
826,0.642323774366231,0.249561781327291,0.252283020211930,0.252283020211930,0.16357228121085,0.183371292540019
767,0.624672424998259,0.241532534498303,0.220471637257467,0.272806580486754,0.183371292540019,0.140279459933373
837,0.666966416344732,0.266179795115631,0.251373586915138,0.26806502014066,0.150839880430613,0.209608564537159
763,0.626439652176295,0.267121556704060,0.23977753355553,0.261497815323131,0.178742307944130,0.160930368981928
384,0.468793774829766,0.171754154191287,0.201594638931909,0.196066256873814,0.140279459933373,0.188884569174318
174,0.40662186593712,0.140279459933373,0.140279459933373,0.623788627185174,0.681017412481438,0.517387345588464
499,0.562445761046978,0.184568357977156,0.194059239855938,0.231177046607856,0.156400988328558,0.14298348025674
834,0.627323083479833,0.277585234113443,0.275669606701894,0.202303599215116,0.216509434133377,0.175977245746161
681,0.596324170558622,0.210360301592275,0.203733362812729,0.278545025785751,0.181605650010004,0.188255890082703
754,0.613173084606865,0.219672052767678,0.153720720340875,0.257786672914962,0.145622826217966,0.170736402643872
630,0.581200590507501,0.248659484023583,0.217294683481912,0.204454144375473,0.162235816543637,0.172787005806565
671,0.59454741884471,0.212638240623736,0.238033800236652,0.180448444205294,0.140279459933373,0.144424803121843
792,0.643205181411445,0.280468392646033,0.255943411389996,0.293075998312143,0.159655442358187,0.208860644258667
325,0.424736999725661,0.187631241909896,0.164024746412181,0.195393227873188,0.151542367809210,0.173835068385563
892,0.715192462883039,0.276626749501763,0.232872971194181,0.298944182722262,0.205178843545358,0.198798498578782
875,0.63703309779987,0.255024990396885,0.256863984839407,0.221274744825972,0.177071557205383,0.160077057692081
187,0.499166505254691,0.145018731380577,0.172787005806565,0.220471637257467,0.147178535004063,0.140279459933373
335,0.436084425669404,0.184568357977156,0.183967824035887,0.190154027575454,0.140279459933373,0.140279459933373
530,0.61405843859737,0.256863984839407,0.236301613614802,0.269010148553487,0.189517281185082,0.193398287644562
820,0.622904705251892,0.270905253648299,0.248659484023583,0.248659484023583,0.202303599215116,0.190794809258731
876,0.640560644506718,0.279506090033501,0.26806502014066,0.241532534498303,0.153350162717428,0.146237238572002
697,0.603424944919196,0.269956905233921,0.26336509235663,0.313700605163659,0.149807763529887,0.170736402643872
772,0.611401966215199,0.214949882112267,0.238033800236652,0.23977753355553,0.176522456496951,0.169733635746363
731,0.617598511353537,0.227823271636467,0.229493730258852,0.231177046607856,0.175977245746161,0.162677834203278
330,0.428527399760189,0.185781454960399,0.14298348025674,0.211875157547888,0.140279459933373,0.162677834203278
581,0.542697607586951,0.190794809258731,0.185781454960399,0.254108759679802,0.152982630801945,0.152256565618780
834,0.645848781067736,0.269010148553487,0.23977753355553,0.182190212262849,0.169237834303805,0.152256565618780
721,0.608744246353995,0.223704949036996,0.228656878414890,0.254108759679802,0.140279459933373,0.140801836156987
584,0.565130393380684,0.280468392646033,0.217294683481912,0.262430509724191,0.201594638931909,0.167291481291287
788,0.662571212990782,0.249561781327291,0.209608564537159,0.243298519444439,0.158822198286243,0.159655442358187
819,0.631738455286738,0.251373586915138,0.226992939983781,0.26336509235663,0.158410531669826,0.143552645462116
788,0.648491465815105,0.261497815323131,0.242414171861771,0.258711437790672,0.192741366843982,0.141602453589765
844,0.65113325749733,0.269010148553487,0.291125967010989,0.279506090033501,0.147178535004063,0.140279459933373
783,0.62555609967103,0.208116557082828,0.219672052767678,0.271855157449252,0.145018731380577,0.140279459933373
750,0.655534316836593,0.285297304030371,0.226992939983781,0.288207386188063,0.177071557205383,0.154470991130581
865,0.603424944919196,0.252283020211930,0.257786672914962,0.261497815323131,0.152982630801945,0.140279459933373
755,0.620252184825136,0.248659484023583,0.252283020211930,0.158002143279100,0.194724220966719,0.179875784505171
716,0.623788627185174,0.254108759679802,0.249561781327291,0.275669606701894,0.150492979148870,0.178742307944130
858,0.604311860230174,0.278545025785751,0.232023448734304,0.244185541162083,0.175977245746161,0.153720720340875
845,0.659933050519219,0.269010148553487,0.231177046607856,0.301887051542692,0.158822198286243,0.164480729737195
668,0.590102705627282,0.192088479379025,0.209608564537159,0.23033379664679,0.174364837136968,0.140801836156987
780,0.617598511353537,0.251373586915138,0.229493730258852,0.214175622695954,0.155619579790919,0.206639944148685
715,0.645848781067736,0.232872971194181,0.189517281185082,0.288207386188063,0.165869963138432,0.160930368981928
843,0.622904705251892,0.295029198942614,0.261497815323131,0.289179343702615,0.175977245746161,0.158410531669826
969,0.639678919993987,0.254108759679802,0.245967461561916,0.255943411389996,0.178742307944130,0.186394027664835
740,0.630855615748439,0.246862287018223,0.244185541162083,0.196743303664015,0.168257318749387,0.140279459933373
744,0.590102705627282,0.203016510694019,0.253194757033311,0.243298519444439,0.156796455796649,0.149133866930996
357,0.428527399760189,0.172268685450245,0.176522456496951,0.203733362812729,0.140801836156987,0.141066417195949
581,0.598988114480156,0.282396577544332,0.274713840722163,0.267121556704060,0.190154027575454,0.150839880430613
705,0.581200590507501,0.217294683481912,0.188884569174318,0.245967461561916,0.140279459933373,0.181605650010004
618,0.593658802575914,0.222081350052879,0.252283020211930,0.242414171861771,0.155619579790919,0.155619579790919
756,0.642323774366231,0.245075200706715,0.203733362812729,0.254108759679802,0.188884569174318,0.143552645462116
803,0.646729776551258,0.252283020211930,0.224521889216861,0.219672052767678,0.181025063276694,0.163123316426449
849,0.639678919993987,0.269010148553487,0.26806502014066,0.206639944148685,0.181025063276694,0.194724220966719
707,0.63703309779987,0.175977245746161,0.211115838461421,0.234581247743386,0.168745733831007,0.149469410107982
757,0.604311860230174,0.259638241659144,0.255024990396885,0.201594638931909,0.167291481291287,0.181605650010004
175,0.531876497718254,0.140279459933373,0.187010622123131,0.171243398019944,0.140279459933373,0.175435913518267
916,0.63703309779987,0.287236372741756,0.266179795115631,0.262430509724191,0.198109430350217,0.183967824035887
784,0.629972659733243,0.247759640188542,0.212638240623736,0.273759486818862,0.156008702799071,0.158002143279100
791,0.646729776551258,0.32159942528535,0.277585234113443,0.347271459448055,0.206639944148685,0.232872971194181
598,0.637915147508898,0.218083551882790,0.257786672914962,0.193398287644562,0.168745733831007,0.180448444205294
612,0.591881082994116,0.251373586915138,0.192741366843982,0.296006914761259,0.140279459933373,0.156008702799071
788,0.61405843859737,0.235439936165745,0.233725581744281,0.262430509724191,0.165869963138432,0.140279459933373
758,0.629972659733243,0.235439936165745,0.249561781327291,0.196066256873814,0.16634019279706,0.158002143279100
808,0.632621179272578,0.274713840722163,0.250466494772263,0.261497815323131,0.198109430350217,0.170736402643872
907,0.628206394540431,0.231177046607856,0.254108759679802,0.245967461561916,0.182778757451073,0.188255890082703
715,0.62555609967103,0.23033379664679,0.261497815323131,0.249561781327291,0.140279459933373,0.155619579790919
842,0.645848781067736,0.322587416871138,0.303851718893881,0.325551793923222,0.219672052767678,0.168257318749387
773,0.630855615748439,0.247759640188542,0.259638241659144,0.240653643199231,0.151897993103576,0.176522456496951
327,0.434198112267997,0.186394027664835,0.179875784505171,0.232023448734304,0.141873944585676,0.172268685450245
1008,0.622904705251892,0.250466494772263,0.241532534498303,0.276626749501763,0.146862120354825,0.173309128978783
714,0.590102705627282,0.238033800236652,0.237166246337142,0.252283020211930,0.156400988328558,0.162235816543637
169,0.478964395469008,0.140279459933373,0.181605650010004,0.194724220966719,0.147497624383717,0.169733635746363
405,0.508293008226672,0.187631241909896,0.158410531669826,0.234581247743386,0.157195124574254,0.140279459933373
351,0.451106215483896,0.152982630801945,0.170233153496669,0.205178843545358,0.141066417195949,0.140279459933373
578,0.598100289370352,0.218876016213984,0.196743303664015,0.242414171861771,0.180448444205294,0.167772573247934
268,0.506470348170507,0.265239772398733,0.248659484023583,0.288207386188063,0.159655442358187,0.162677834203278
782,0.635268667058686,0.303851718893881,0.293075998312143,0.295029198942614,0.175977245746161,0.189517281185082
710,0.606085249352797,0.262430509724191,0.245075200706715,0.253194757033311,0.161362102255135,0.163123316426449
745,0.62555609967103,0.235439936165745,0.225342219919308,0.248659484023583,0.153350162717428,0.157195124574254
836,0.610516199655431,0.277585234113443,0.255943411389996,0.292100571713878,0.175977245746161,0.146237238572002
794,0.644086484322101,0.245967461561916,0.237166246337142,0.238033800236652,0.190794809258731,0.162677834203278
826,0.622020658211421,0.245075200706715,0.221274744825972,0.216509434133377,0.166814026627726,0.140279459933373
212,0.591881082994116,0.145018731380577,0.164024746412181,0.222081350052879,0.140279459933373,0.140279459933373
819,0.626439652176295,0.278545025785751,0.221274744825972,0.295029198942614,0.196743303664015,0.148143904307162
190,0.549891666487745,0.143840891542185,0.188255890082703,0.164480729737195,0.141333283747465,0.183967824035887
448,0.653774177471793,0.437968797820157,0.431364974573073,0.448298759169222,0.327528205863718,0.256863984839407
847,0.6678452031824,0.273759486818862,0.234581247743386,0.278545025785751,0.151897993103576,0.179307075461499
888,0.648491465815105,0.280468392646033,0.231177046607856,0.275669606701894,0.168257318749387,0.203733362812729
319,0.441731771836077,0.171754154191287,0.205907447843523,0.169733635746363,0.158002143279100,0.157597013980819
759,0.629089586309926,0.229493730258852,0.222891426963376,0.247759640188542,0.145319498566922,0.140279459933373
779,0.646729776551258,0.220471637257467,0.204454144375473,0.264301525715948,0.140279459933373,0.156008702799071
214,0.557967132030868,0.140279459933373,0.156796455796649,0.212638240623736,0.140279459933373,0.140279459933373
829,0.637915147508898,0.236301613614802,0.238033800236652,0.245075200706715,0.175435913518267,0.179875784505171
313,0.431364974573073,0.157195124574254,0.171243398019944,0.198798498578782,0.168745733831007,0.158822198286243
771,0.658173830133798,0.265239772398733,0.279506090033501,0.252283020211930,0.170233153496669,0.185172899926102
173,0.448298759169222,0.172787005806565,0.140279459933373,0.520109684798944,0.571387382661058,0.403744670601839
716,0.605198627992826,0.215727826366646,0.202303599215116,0.272806580486754,0.154094323280450,0.140279459933373
730,0.607858057407542,0.218876016213984,0.188884569174318,0.251373586915138,0.143552645462116,0.178181472416481
805,0.638797087949753,0.243298519444439,0.216509434133377,0.226992939983781,0.168257318749387,0.148801114525785
747,0.645848781067736,0.26336509235663,0.23977753355553,0.286266334773665,0.159237162188545,0.170233153496669
733,0.636150937944643,0.285297304030371,0.264301525715948,0.278545025785751,0.200889639762023,0.158002143279100
969,0.629972659733243,0.248659484023583,0.228656878414890,0.223704949036996,0.165403320798019,0.140279459933373
732,0.642323774366231,0.253194757033311,0.218083551882790,0.261497815323131,0.159237162188545,0.183967824035887
763,0.607858057407542,0.184568357977156,0.229493730258852,0.220471637257467,0.140801836156987,0.161362102255135
175,0.534585290557682,0.140279459933373,0.174364837136968,0.180448444205294,0.140279459933373,0.160930368981928
753,0.617598511353537,0.236301613614802,0.276626749501763,0.140279459933373,0.159237162188545,0.140279459933373
921,0.633503788623644,0.297964434643167,0.298944182722262,0.243298519444439,0.178742307944130,0.187010622123131
699,0.624672424998259,0.262430509724191,0.231177046607856,0.208860644258667,0.161797245314680,0.164940248736627
699,0.628206394540431,0.222081350052879,0.257786672914962,0.260567046745838,0.140279459933373,0.158002143279100
789,0.613173084606865,0.238904240888872,0.226165913043895,0.255024990396885,0.161362102255135,0.158822198286243
837,0.622904705251892,0.245075200706715,0.240653643199231,0.222891426963376,0.154850743467635,0.205178843545358
176,0.528260989528785,0.142702524367706,0.141873944585676,0.222081350052879,0.140279459933373,0.140279459933373
925,0.638797087949753,0.264301525715948,0.194724220966719,0.286266334773665,0.147178535004063,0.140279459933373
759,0.644967683931748,0.270905253648299,0.283362392853609,0.221274744825972,0.193398287644562,0.175435913518267
782,0.598100289370352,0.234581247743386,0.16357228121085,0.245075200706715,0.164024746412181,0.164940248736627
790,0.607858057407542,0.246862287018223,0.241532534498303,0.204454144375473,0.189517281185082,0.169733635746363
329,0.448298759169222,0.173835068385563,0.163123316426449,0.170233153496669,0.151542367809210,0.161797245314680
983,0.644086484322101,0.247759640188542,0.240653643199231,0.243298519444439,0.162677834203278,0.140279459933373
711,0.602537880906253,0.226165913043895,0.211875157547888,0.232023448734304,0.152982630801945,0.140279459933373
667,0.622020658211421,0.256863984839407,0.245075200706715,0.211115838461421,0.150839880430613,0.154470991130581
645,0.597212308466731,0.212638240623736,0.196743303664015,0.232872971194181,0.157597013980819,0.140279459933373
542,0.557967132030868,0.274713840722163,0.259638241659144,0.200188610986799,0.208116557082828,0.156796455796649
357,0.460435073421994,0.175977245746161,0.164940248736627,0.226992939983781,0.140279459933373,0.143266847840142
780,0.61494365721071,0.232872971194181,0.264301525715948,0.226165913043895,0.158410531669826,0.140279459933373
779,0.618483198986599,0.232872971194181,0.204454144375473,0.210360301592275,0.170233153496669,0.177071557205383
596,0.617598511353537,0.220471637257467,0.23033379664679,0.240653643199231,0.149133866930996,0.177624558944457
775,0.621136485069615,0.222891426963376,0.278545025785751,0.173835068385563,0.164480729737195,0.163123316426449
745,0.622020658211421,0.233725581744281,0.290152214217331,0.150492979148870,0.171754154191287,0.140279459933373
696,0.632621179272578,0.231177046607856,0.248659484023583,0.260567046745838,0.178742307944130,0.187631241909896
738,0.639678919993987,0.252283020211930,0.221274744825972,0.260567046745838,0.164480729737195,0.140279459933373
364,0.418084423539314,0.158822198286243,0.191439626593958,0.180448444205294,0.172268685450245,0.140279459933373
877,0.668723907006677,0.255024990396885,0.280468392646033,0.238033800236652,0.168257318749387,0.140279459933373
943,0.629972659733243,0.26806502014066,0.253194757033311,0.231177046607856,0.180448444205294,0.140279459933373
424,0.460435073421994,0.177071557205383,0.170233153496669,0.182190212262849,0.153720720340875,0.165869963138432
574,0.574065981658382,0.245075200706715,0.240653643199231,0.190154027575454,0.176522456496951,0.169733635746363
538,0.624672424998259,0.244185541162083,0.231177046607856,0.200188610986799,0.215727826366646,0.147819407725247
758,0.613173084606865,0.219672052767678,0.231177046607856,0.211875157547888,0.140279459933373,0.143840891542185
773,0.608744246353995,0.225342219919308,0.228656878414890,0.219672052767678,0.160930368981928,0.158002143279100
774,0.617598511353537,0.203733362812729,0.265239772398733,0.174898448025698,0.155619579790919,0.159655442358187
739,0.619367756469412,0.278545025785751,0.287236372741756,0.245967461561916,0.187010622123131,0.174898448025698
661,0.588323660284695,0.256863984839407,0.231177046607856,0.191439626593958,0.166814026627726,0.140279459933373
403,0.466939252082330,0.214949882112267,0.227823271636467,0.179875784505171,0.161362102255135,0.175977245746161
474,0.467866722440866,0.208860644258667,0.150839880430613,0.236301613614802,0.162677834203278,0.190794809258731
721,0.608744246353995,0.26336509235663,0.259638241659144,0.140279459933373,0.171754154191287,0.167772573247934
756,0.579418047575081,0.302869127130412,0.300905518027404,0.213405068833102,0.208116557082828,0.169237834303805
908,0.65113325749733,0.252283020211930,0.214949882112267,0.287236372741756,0.14298348025674,0.195393227873188
602,0.565130393380684,0.273759486818862,0.223704949036996,0.257786672914962,0.187631241909896,0.170736402643872
373,0.430419611243593,0.174898448025698,0.162235816543637,0.206639944148685,0.151189670120080,0.140279459933373
364,0.439851241970584,0.164480729737195,0.150148946700048,0.218876016213984,0.140279459933373,0.140279459933373
709,0.615828741507218,0.225342219919308,0.235439936165745,0.218876016213984,0.186394027664835,0.153720720340875
220,0.701183347132507,0.231177046607856,0.241532534498303,0.355144025044986,0.336419918223748,0.209608564537159
694,0.633503788623644,0.242414171861771,0.197424363331222,0.227823271636467,0.155619579790919,0.150492979148870
681,0.612287594171303,0.255943411389996,0.207376318697083,0.246862287018223,0.16357228121085,0.153350162717428
802,0.632621179272578,0.235439936165745,0.228656878414890,0.249561781327291,0.168745733831007,0.164024746412181
775,0.636150937944643,0.262430509724191,0.238904240888872,0.266179795115631,0.173835068385563,0.151189670120080
733,0.631738455286738,0.260567046745838,0.212638240623736,0.256863984839407,0.157195124574254,0.157195124574254
766,0.626439652176295,0.269010148553487,0.275669606701894,0.215727826366646,0.173309128978783,0.158822198286243
698,0.58209159090975,0.235439936165745,0.217294683481912,0.245075200706715,0.152982630801945,0.192741366843982
875,0.659053485350326,0.262430509724191,0.304834801321944,0.220471637257467,0.200188610986799,0.184568357977156
271,0.442671323317129,0.156008702799071,0.170736402643872,0.210360301592275,0.145928733232941,0.140279459933373
743,0.584763524220902,0.234581247743386,0.225342219919308,0.229493730258852,0.164940248736627,0.162677834203278
714,0.597212308466731,0.218876016213984,0.223704949036996,0.235439936165745,0.143840891542185,0.157597013980819
710,0.619367756469412,0.247759640188542,0.247759640188542,0.270905253648299,0.171754154191287,0.187010622123131
460,0.644967683931748,0.256863984839407,0.140279459933373,0.545397189457851,0.598988114480156,0.439851241970584
775,0.629089586309926,0.256863984839407,0.238033800236652,0.258711437790672,0.16634019279706,0.140279459933373
700,0.657294084136253,0.245967461561916,0.214949882112267,0.246862287018223,0.164024746412181,0.140279459933373
1017,0.657294084136253,0.249561781327291,0.267121556704060,0.271855157449252,0.155619579790919,0.195393227873188
732,0.609630293401202,0.269010148553487,0.203733362812729,0.249561781327291,0.140279459933373,0.177624558944457
320,0.426633199381427,0.164940248736627,0.175435913518267,0.222081350052879,0.140279459933373,0.141873944585676
420,0.416179118323367,0.164940248736627,0.187010622123131,0.214949882112267,0.181025063276694,0.165869963138432
639,0.585653817185493,0.238904240888872,0.26806502014066,0.23977753355553,0.265239772398733,0.169733635746363
785,0.613173084606865,0.245967461561916,0.254108759679802,0.205907447843523,0.179307075461499,0.161362102255135
348,0.61405843859737,0.231177046607856,0.205907447843523,0.26806502014066,0.140279459933373,0.180448444205294
706,0.611401966215199,0.207376318697083,0.207376318697083,0.243298519444439,0.174898448025698,0.194724220966719
694,0.573173308757861,0.223704949036996,0.247759640188542,0.182190212262849,0.182190212262849,0.164940248736627
784,0.584763524220902,0.322587416871138,0.278545025785751,0.293075998312143,0.149469410107982,0.214175622695954
786,0.623788627185174,0.255024990396885,0.256863984839407,0.257786672914962,0.144720505822661,0.157195124574254
869,0.618483198986599,0.283362392853609,0.294052217151829,0.255024990396885,0.207376318697083,0.194724220966719
826,0.643205181411445,0.262430509724191,0.273759486818862,0.283362392853609,0.175977245746161,0.187631241909896
790,0.604311860230174,0.234581247743386,0.244185541162083,0.278545025785751,0.148143904307162,0.168257318749387
179,0.53097302992136,0.152618104976752,0.179875784505171,0.211115838461421,0.160502026996677,0.158002143279100
155,0.445487145704544,0.140279459933373,0.140279459933373,0.211115838461421,0.140279459933373,0.144131604573628
516,0.542697607586951,0.254108759679802,0.280468392646033,0.184568357977156,0.183371292540019,0.140279459933373
802,0.605198627992826,0.228656878414890,0.243298519444439,0.236301613614802,0.159237162188545,0.167772573247934
564,0.58209159090975,0.217294683481912,0.233725581744281,0.228656878414890,0.16634019279706,0.161362102255135
761,0.626439652176295,0.222891426963376,0.266179795115631,0.212638240623736,0.173835068385563,0.165403320798019
752,0.62555609967103,0.255943411389996,0.23977753355553,0.209608564537159,0.140279459933373,0.181025063276694
723,0.600763302119727,0.245075200706715,0.261497815323131,0.157195124574254,0.166814026627726,0.164480729737195
425,0.450170855356869,0.164480729737195,0.171243398019944,0.202303599215116,0.144424803121843,0.170233153496669
1004,0.638797087949753,0.274713840722163,0.251373586915138,0.267121556704060,0.235439936165745,0.188255890082703
993,0.65113325749733,0.293075998312143,0.298944182722262,0.295029198942614,0.200889639762023,0.140279459933373
699,0.641442262346675,0.231177046607856,0.246862287018223,0.238904240888872,0.177624558944457,0.144424803121843
729,0.61405843859737,0.225342219919308,0.222081350052879,0.183967824035887,0.144424803121843,0.165869963138432
765,0.550789853506805,0.306802338059224,0.255943411389996,0.296006914761259,0.203733362812729,0.165869963138432
350,0.432309844864813,0.171754154191287,0.205907447843523,0.152618104976752,0.157597013980819,0.159237162188545
685,0.602537880906253,0.246862287018223,0.235439936165745,0.200889639762023,0.143552645462116,0.146548361254107
799,0.626439652176295,0.316661303992259,0.308771540986705,0.266179795115631,0.158002143279100,0.140279459933373
653,0.59454741884471,0.241532534498303,0.241532534498303,0.193398287644562,0.192088479379025,0.179307075461499
703,0.638797087949753,0.250466494772263,0.276626749501763,0.246862287018223,0.203733362812729,0.163123316426449
691,0.56334084744967,0.293075998312143,0.26336509235663,0.293075998312143,0.174898448025698,0.140279459933373
852,0.612287594171303,0.283362392853609,0.241532534498303,0.260567046745838,0.187631241909896,0.154094323280450
866,0.654654294039608,0.312714190948075,0.278545025785751,0.318636108753548,0.174364837136968,0.167291481291287
718,0.629972659733243,0.26336509235663,0.237166246337142,0.260567046745838,0.189517281185082,0.182190212262849
177,0.482650905054512,0.142423961905656,0.196066256873814,0.192088479379025,0.154470991130581,0.165403320798019
815,0.641442262346675,0.269010148553487,0.225342219919308,0.238033800236652,0.157195124574254,0.160502026996677
719,0.603424944919196,0.254108759679802,0.189517281185082,0.234581247743386,0.152982630801945,0.187010622123131
818,0.650252758171119,0.245967461561916,0.23033379664679,0.299924552865763,0.160502026996677,0.183967824035887
779,0.656414246618719,0.295029198942614,0.26806502014066,0.217294683481912,0.178742307944130,0.174898448025698
841,0.617598511353537,0.238033800236652,0.208116557082828,0.242414171861771,0.151897993103576,0.175435913518267
774,0.627323083479833,0.241532534498303,0.259638241659144,0.232872971194181,0.161797245314680,0.164480729737195
820,0.637915147508898,0.288207386188063,0.290152214217331,0.248659484023583,0.190794809258731,0.143552645462116
821,0.661691913619881,0.271855157449252,0.251373586915138,0.242414171861771,0.162235816543637,0.186394027664835
876,0.655534316836593,0.26336509235663,0.258711437790672,0.229493730258852,0.165869963138432,0.160077057692081
325,0.451106215483896,0.182778757451073,0.219672052767678,0.165403320798019,0.190154027575454,0.140279459933373
867,0.65201365997105,0.270905253648299,0.256863984839407,0.272806580486754,0.160930368981928,0.196066256873814
669,0.658173830133798,0.282396577544332,0.269956905233921,0.273759486818862,0.158822198286243,0.140279459933373
805,0.647610671197383,0.246862287018223,0.245967461561916,0.238904240888872,0.166814026627726,0.140279459933373
755,0.608744246353995,0.293075998312143,0.23977753355553,0.252283020211930,0.172787005806565,0.192088479379025
934,0.640560644506718,0.273759486818862,0.244185541162083,0.271855157449252,0.153350162717428,0.162235816543637
204,0.588323660284695,0.140279459933373,0.174898448025698,0.200188610986799,0.140279459933373,0.140279459933373
706,0.618483198986599,0.242414171861771,0.240653643199231,0.178742307944130,0.183371292540019,0.167291481291287
657,0.618483198986599,0.234581247743386,0.252283020211930,0.232023448734304,0.177624558944457,0.159237162188545
883,0.642323774366231,0.227823271636467,0.264301525715948,0.232872971194181,0.182778757451073,0.166814026627726
827,0.631738455286738,0.241532534498303,0.238904240888872,0.164480729737195,0.180448444205294,0.157195124574254
725,0.630855615748439,0.246862287018223,0.222891426963376,0.26336509235663,0.142147774681471,0.147178535004063
766,0.604311860230174,0.211875157547888,0.233725581744281,0.236301613614802,0.165403320798019,0.175977245746161
748,0.611401966215199,0.255943411389996,0.203733362812729,0.277585234113443,0.148801114525785,0.159655442358187
178,0.399901217123282,0.140279459933373,0.173835068385563,0.203016510694019,0.140279459933373,0.166814026627726
724,0.55975922935761,0.293075998312143,0.276626749501763,0.282396577544332,0.181025063276694,0.166814026627726
710,0.598988114480156,0.232872971194181,0.217294683481912,0.226992939983781,0.161797245314680,0.142147774681471
329,0.438910260048710,0.166814026627726,0.197424363331222,0.206639944148685,0.141333283747465,0.161797245314680
690,0.629089586309926,0.237166246337142,0.229493730258852,0.183371292540019,0.190794809258731,0.167772573247934
282,0.459504181093247,0.156400988328558,0.185172899926102,0.197424363331222,0.140279459933373,0.175977245746161
646,0.699431155326687,0.316661303992259,0.282396577544332,0.372772455485757,0.399901217123282,0.279506090033501
755,0.644086484322101,0.218083551882790,0.215727826366646,0.259638241659144,0.166814026627726,0.140279459933373
350,0.658173830133798,0.174898448025698,0.185781454960399,0.200889639762023,0.140279459933373,0.140279459933373
756,0.612287594171303,0.232023448734304,0.226992939983781,0.140279459933373,0.140279459933373,0.179307075461499
870,0.634386284250911,0.261497815323131,0.253194757033311,0.258711437790672,0.173835068385563,0.148143904307162
765,0.61405843859737,0.216509434133377,0.211115838461421,0.194724220966719,0.159655442358187,0.173309128978783
410,0.456708871220304,0.187010622123131,0.159655442358187,0.248659484023583,0.140279459933373,0.172787005806565
746,0.618483198986599,0.222081350052879,0.209608564537159,0.237166246337142,0.145928733232941,0.154850743467635
857,0.649372161207369,0.204454144375473,0.242414171861771,0.227823271636467,0.14298348025674,0.140279459933373
755,0.58030940985411,0.350225945404854,0.33543232376894,0.330492731245164,0.201594638931909,0.169237834303805
204,0.346286080835727,0.154470991130581,0.185781454960399,0.208116557082828,0.165869963138432,0.152982630801945
741,0.59454741884471,0.221274744825972,0.222891426963376,0.266179795115631,0.146237238572002,0.146862120354825
167,0.502821101328797,0.140279459933373,0.186394027664835,0.206639944148685,0.140279459933373,0.140279459933373
765,0.623788627185174,0.265239772398733,0.236301613614802,0.23033379664679,0.174364837136968,0.174364837136968
836,0.669602528491819,0.246862287018223,0.226165913043895,0.250466494772263,0.151542367809210,0.150492979148870
798,0.631738455286738,0.233725581744281,0.231177046607856,0.262430509724191,0.140279459933373,0.156796455796649
738,0.592770024376564,0.262430509724191,0.280468392646033,0.215727826366646,0.172787005806565,0.175977245746161
785,0.623788627185174,0.245075200706715,0.274713840722163,0.203733362812729,0.179875784505171,0.162677834203278
861,0.632621179272578,0.247759640188542,0.275669606701894,0.192088479379025,0.162235816543637,0.174898448025698
766,0.619367756469412,0.223704949036996,0.242414171861771,0.235439936165745,0.153720720340875,0.140279459933373
869,0.647610671197383,0.241532534498303,0.288207386188063,0.199491561253654,0.161797245314680,0.185781454960399
739,0.548993245617665,0.308771540986705,0.190794809258731,0.26336509235663,0.155233599845476,0.200889639762023
847,0.648491465815105,0.280468392646033,0.245075200706715,0.306802338059224,0.140279459933373,0.178742307944130
805,0.641442262346675,0.245075200706715,0.163123316426449,0.292100571713878,0.182778757451073,0.140279459933373
928,0.629089586309926,0.265239772398733,0.221274744825972,0.294052217151829,0.148143904307162,0.182190212262849
751,0.597212308466731,0.227823271636467,0.188255890082703,0.238033800236652,0.158822198286243,0.204454144375473
842,0.641442262346675,0.271855157449252,0.260567046745838,0.253194757033311,0.159237162188545,0.176522456496951
170,0.477118801080669,0.156400988328558,0.152618104976752,0.208860644258667,0.142702524367706,0.153720720340875
764,0.640560644506718,0.213405068833102,0.225342219919308,0.218876016213984,0.192741366843982,0.169237834303805
907,0.63703309779987,0.302869127130412,0.272806580486754,0.301887051542692,0.187010622123131,0.182778757451073
838,0.645848781067736,0.265239772398733,0.264301525715948,0.261497815323131,0.175977245746161,0.181025063276694
844,0.647610671197383,0.280468392646033,0.232023448734304,0.235439936165745,0.184568357977156,0.211115838461421
168,0.478964395469008,0.144720505822661,0.222081350052879,0.140279459933373,0.140279459933373,0.140279459933373
350,0.439851241970584,0.215727826366646,0.183967824035887,0.225342219919308,0.140279459933373,0.146862120354825
756,0.655534316836593,0.261497815323131,0.267121556704060,0.23977753355553,0.188884569174318,0.140279459933373
375,0.617598511353537,0.221274744825972,0.196743303664015,0.353177756395209,0.358090854945044,0.238033800236652
898,0.633503788623644,0.240653643199231,0.225342219919308,0.238904240888872,0.177624558944457,0.183371292540019
794,0.59454741884471,0.228656878414890,0.206639944148685,0.247759640188542,0.16357228121085,0.140279459933373
163,0.489087655334828,0.149469410107982,0.168745733831007,0.178742307944130,0.160930368981928,0.149807763529887
686,0.630855615748439,0.274713840722163,0.245967461561916,0.253194757033311,0.214949882112267,0.162677834203278
689,0.611401966215199,0.269010148553487,0.237166246337142,0.306802338059224,0.190794809258731,0.146862120354825
720,0.600763302119727,0.237166246337142,0.247759640188542,0.211115838461421,0.140279459933373,0.149469410107982
830,0.646729776551258,0.269956905233921,0.269956905233921,0.164480729737195,0.207376318697083,0.140279459933373
169,0.475271623239318,0.140279459933373,0.158002143279100,0.164940248736627,0.151542367809210,0.140279459933373
712,0.629089586309926,0.241532534498303,0.218876016213984,0.201594638931909,0.169237834303805,0.197424363331222
616,0.527356424038935,0.200188610986799,0.229493730258852,0.244185541162083,0.140279459933373,0.168745733831007
736,0.600763302119727,0.218083551882790,0.225342219919308,0.279506090033501,0.171754154191287,0.173835068385563
833,0.641442262346675,0.267121556704060,0.276626749501763,0.288207386188063,0.185172899926102,0.203016510694019
424,0.646729776551258,0.397976414823837,0.372772455485757,0.420938564569721,0.307786743279463,0.305818349289740
730,0.606971725447777,0.245967461561916,0.208116557082828,0.293075998312143,0.182778757451073,0.146237238572002
419,0.432309844864813,0.179875784505171,0.158002143279100,0.176522456496951,0.140279459933373,0.145928733232941
656,0.59454741884471,0.240653643199231,0.209608564537159,0.245075200706715,0.16634019279706,0.152256565618780
794,0.648491465815105,0.255943411389996,0.285297304030371,0.204454144375473,0.160502026996677,0.193398287644562
730,0.63703309779987,0.261497815323131,0.220471637257467,0.266179795115631,0.173309128978783,0.179307075461499
334,0.440791745314472,0.189517281185082,0.192088479379025,0.190794809258731,0.140279459933373,0.171754154191287
788,0.596324170558622,0.290152214217331,0.303851718893881,0.288207386188063,0.185781454960399,0.180448444205294
772,0.649372161207369,0.270905253648299,0.235439936165745,0.216509434133377,0.169733635746363,0.16357228121085
705,0.626439652176295,0.227823271636467,0.26806502014066,0.173309128978783,0.183371292540019,0.146862120354825
897,0.61405843859737,0.327528205863718,0.315674182764382,0.315674182764382,0.145319498566922,0.178742307944130
808,0.653774177471793,0.252283020211930,0.254108759679802,0.232872971194181,0.175977245746161,0.178181472416481
147,0.434198112267997,0.140279459933373,0.145928733232941,0.188884569174318,0.145018731380577,0.177071557205383
805,0.600763302119727,0.264301525715948,0.262430509724191,0.284329312589461,0.169237834303805,0.140279459933373
942,0.662571212990782,0.247759640188542,0.244185541162083,0.243298519444439,0.179875784505171,0.149133866930996
712,0.598988114480156,0.235439936165745,0.187010622123131,0.278545025785751,0.151542367809210,0.147497624383717
913,0.622904705251892,0.238904240888872,0.220471637257467,0.271855157449252,0.195393227873188,0.162235816543637
699,0.574065981658382,0.228656878414890,0.216509434133377,0.196066256873814,0.163123316426449,0.140279459933373
661,0.607858057407542,0.193398287644562,0.212638240623736,0.199491561253654,0.147178535004063,0.16357228121085
960,0.659933050519219,0.284329312589461,0.283362392853609,0.229493730258852,0.181605650010004,0.200889639762023
751,0.604311860230174,0.281431899695417,0.251373586915138,0.251373586915138,0.188255890082703,0.181025063276694
447,0.56334084744967,0.232023448734304,0.235439936165745,0.198109430350217,0.217294683481912,0.140279459933373
763,0.633503788623644,0.266179795115631,0.234581247743386,0.242414171861771,0.140539522938054,0.143840891542185
846,0.6678452031824,0.333456768437105,0.354161056920203,0.294052217151829,0.255943411389996,0.246862287018223
656,0.609630293401202,0.279506090033501,0.244185541162083,0.242414171861771,0.167291481291287,0.140279459933373
671,0.596324170558622,0.222081350052879,0.174898448025698,0.278545025785751,0.151897993103576,0.144424803121843
887,0.611401966215199,0.247759640188542,0.223704949036996,0.232023448734304,0.169237834303805,0.190154027575454
772,0.62555609967103,0.236301613614802,0.218876016213984,0.244185541162083,0.183371292540019,0.155233599845476
155,0.454843116219575,0.141873944585676,0.140279459933373,0.192741366843982,0.143266847840142,0.166814026627726
723,0.58209159090975,0.306802338059224,0.258711437790672,0.307786743279463,0.171243398019944,0.171754154191287
657,0.505558530479263,0.193398287644562,0.198798498578782,0.189517281185082,0.168257318749387,0.167291481291287
279,0.466011361565902,0.172268685450245,0.192741366843982,0.174898448025698,0.147178535004063,0.149807763529887
743,0.629089586309926,0.232872971194181,0.245075200706715,0.16634019279706,0.205178843545358,0.16634019279706
357,0.440791745314472,0.187631241909896,0.175977245746161,0.179307075461499,0.172268685450245,0.140279459933373
186,0.549891666487745,0.140279459933373,0.188255890082703,0.179875784505171,0.140279459933373,0.140279459933373
853,0.641442262346675,0.278545025785751,0.243298519444439,0.257786672914962,0.140279459933373,0.192088479379025
364,0.464154311336516,0.195393227873188,0.190154027575454,0.187631241909896,0.140279459933373,0.140279459933373
892,0.640560644506718,0.294052217151829,0.260567046745838,0.288207386188063,0.152982630801945,0.171243398019944
697,0.634386284250911,0.247759640188542,0.245967461561916,0.233725581744281,0.177624558944457,0.174364837136968
848,0.638797087949753,0.242414171861771,0.188884569174318,0.271855157449252,0.158002143279100,0.158410531669826
801,0.623788627185174,0.242414171861771,0.248659484023583,0.192088479379025,0.152982630801945,0.171243398019944
760,0.628206394540431,0.255943411389996,0.210360301592275,0.245075200706715,0.155233599845476,0.194059239855938
887,0.613173084606865,0.269010148553487,0.259638241659144,0.26336509235663,0.165403320798019,0.179307075461499
735,0.626439652176295,0.255943411389996,0.266179795115631,0.261497815323131,0.23033379664679,0.164024746412181
415,0.552585532749393,0.312714190948075,0.319623752397046,0.319623752397046,0.210360301592275,0.211875157547888
714,0.624672424998259,0.281431899695417,0.26806502014066,0.26806502014066,0.145622826217966,0.140279459933373
319,0.606971725447777,0.270905253648299,0.192088479379025,0.456708871220304,0.478964395469008,0.323575487390111
635,0.631738455286738,0.223704949036996,0.243298519444439,0.218876016213984,0.168745733831007,0.170233153496669
161,0.454843116219575,0.144424803121843,0.140279459933373,0.217294683481912,0.167291481291287,0.140279459933373
723,0.604311860230174,0.233725581744281,0.211875157547888,0.26806502014066,0.140279459933373,0.176522456496951
578,0.639678919993987,0.312714190948075,0.308771540986705,0.273759486818862,0.181025063276694,0.170736402643872
621,0.554380296765044,0.232872971194181,0.229493730258852,0.228656878414890,0.145319498566922,0.140279459933373
194,0.569600673082815,0.144424803121843,0.170736402643872,0.215727826366646,0.140279459933373,0.193398287644562
737,0.602537880906253,0.255024990396885,0.246862287018223,0.209608564537159,0.194059239855938,0.178181472416481
494,0.547195695509664,0.292100571713878,0.249561781327291,0.298944182722262,0.186394027664835,0.146862120354825
661,0.615828741507218,0.241532534498303,0.200889639762023,0.267121556704060,0.167291481291287,0.172787005806565
747,0.600763302119727,0.228656878414890,0.218083551882790,0.204454144375473,0.169237834303805,0.194059239855938
750,0.645848781067736,0.262430509724191,0.269956905233921,0.252283020211930,0.146862120354825,0.183371292540019
770,0.62555609967103,0.222891426963376,0.245075200706715,0.242414171861771,0.160930368981928,0.192741366843982
737,0.611401966215199,0.245967461561916,0.247759640188542,0.232023448734304,0.140279459933373,0.180448444205294
924,0.670481068306923,0.26336509235663,0.218876016213984,0.249561781327291,0.203733362812729,0.147497624383717
741,0.616713692539713,0.228656878414890,0.224521889216861,0.255024990396885,0.178181472416481,0.167772573247934
889,0.649372161207369,0.260567046745838,0.211875157547888,0.278545025785751,0.145018731380577,0.195393227873188
706,0.61494365721071,0.242414171861771,0.200889639762023,0.231177046607856,0.157597013980819,0.140279459933373
859,0.630855615748439,0.253194757033311,0.288207386188063,0.222891426963376,0.173835068385563,0.174898448025698
710,0.63703309779987,0.227823271636467,0.205178843545358,0.23977753355553,0.143266847840142,0.16634019279706
771,0.630855615748439,0.229493730258852,0.251373586915138,0.210360301592275,0.191439626593958,0.224521889216861
711,0.585653817185493,0.228656878414890,0.228656878414890,0.256863984839407,0.140279459933373,0.174364837136968
796,0.637915147508898,0.247759640188542,0.226165913043895,0.276626749501763,0.141333283747465,0.147819407725247
745,0.626439652176295,0.23977753355553,0.213405068833102,0.228656878414890,0.144424803121843,0.164024746412181
703,0.629089586309926,0.238033800236652,0.211115838461421,0.253194757033311,0.148801114525785,0.174364837136968
709,0.622020658211421,0.227823271636467,0.192741366843982,0.211115838461421,0.140279459933373,0.160930368981928
753,0.579418047575081,0.228656878414890,0.258711437790672,0.215727826366646,0.167291481291287,0.154094323280450
576,0.57763477259731,0.215727826366646,0.238033800236652,0.232872971194181,0.149807763529887,0.187010622123131
850,0.652893966371437,0.246862287018223,0.271855157449252,0.163123316426449,0.204454144375473,0.186394027664835
154,0.437968797820157,0.161362102255135,0.204454144375473,0.193398287644562,0.196743303664015,0.187631241909896
809,0.613173084606865,0.274713840722163,0.23977753355553,0.281431899695417,0.169237834303805,0.174364837136968
897,0.643205181411445,0.258711437790672,0.265239772398733,0.245075200706715,0.167772573247934,0.140279459933373
848,0.66608754581422,0.282396577544332,0.273759486818862,0.266179795115631,0.141602453589765,0.140279459933373
814,0.641442262346675,0.262430509724191,0.256863984839407,0.280468392646033,0.140279459933373,0.152982630801945
749,0.626439652176295,0.238033800236652,0.261497815323131,0.229493730258852,0.140279459933373,0.156008702799071
727,0.604311860230174,0.226992939983781,0.233725581744281,0.271855157449252,0.140279459933373,0.140279459933373
757,0.613173084606865,0.269956905233921,0.247759640188542,0.246862287018223,0.194724220966719,0.140279459933373
184,0.551687808366613,0.269956905233921,0.253194757033311,0.269956905233921,0.163123316426449,0.182190212262849
777,0.597212308466731,0.285297304030371,0.265239772398733,0.264301525715948,0.158410531669826,0.173835068385563
768,0.640560644506718,0.236301613614802,0.221274744825972,0.256863984839407,0.173835068385563,0.182778757451073
812,0.643205181411445,0.291125967010989,0.248659484023583,0.286266334773665,0.164024746412181,0.185781454960399
813,0.606971725447777,0.256863984839407,0.222891426963376,0.242414171861771,0.140279459933373,0.182778757451073
624,0.606085249352797,0.246862287018223,0.211875157547888,0.241532534498303,0.189517281185082,0.159237162188545
666,0.607858057407542,0.220471637257467,0.212638240623736,0.214949882112267,0.160930368981928,0.152618104976752
711,0.617598511353537,0.232023448734304,0.192741366843982,0.195393227873188,0.158410531669826,0.16357228121085
623,0.597212308466731,0.247759640188542,0.167291481291287,0.264301525715948,0.140279459933373,0.147178535004063
915,0.615828741507218,0.240653643199231,0.256863984839407,0.245967461561916,0.199491561253654,0.200188610986799
739,0.605198627992826,0.208116557082828,0.251373586915138,0.234581247743386,0.160930368981928,0.165869963138432
398,0.457641082102348,0.192088479379025,0.185172899926102,0.222891426963376,0.164480729737195,0.140279459933373
690,0.630855615748439,0.229493730258852,0.251373586915138,0.217294683481912,0.165403320798019,0.173309128978783
849,0.612287594171303,0.300905518027404,0.216509434133377,0.306802338059224,0.169237834303805,0.161797245314680
164,0.481729856995562,0.140279459933373,0.157597013980819,0.220471637257467,0.160502026996677,0.159655442358187
759,0.629972659733243,0.255024990396885,0.249561781327291,0.225342219919308,0.150492979148870,0.14298348025674
542,0.463225147278761,0.158002143279100,0.171243398019944,0.227823271636467,0.140279459933373,0.168257318749387
313,0.454843116219575,0.198798498578782,0.171243398019944,0.213405068833102,0.144424803121843,0.174364837136968
908,0.642323774366231,0.355144025044986,0.297964434643167,0.349241401529061,0.214949882112267,0.154850743467635
811,0.623788627185174,0.241532534498303,0.272806580486754,0.225342219919308,0.174364837136968,0.176522456496951
685,0.612287594171303,0.240653643199231,0.197424363331222,0.274713840722163,0.140279459933373,0.157597013980819
669,0.645848781067736,0.228656878414890,0.243298519444439,0.244185541162083,0.16634019279706,0.166814026627726
440,0.595435874427052,0.284329312589461,0.270905253648299,0.282396577544332,0.170736402643872,0.155233599845476
799,0.624672424998259,0.287236372741756,0.271855157449252,0.323575487390111,0.298944182722262,0.147819407725247
724,0.606085249352797,0.244185541162083,0.229493730258852,0.238033800236652,0.171243398019944,0.143840891542185
878,0.63703309779987,0.280468392646033,0.271855157449252,0.238033800236652,0.153720720340875,0.140279459933373
744,0.608744246353995,0.250466494772263,0.242414171861771,0.200188610986799,0.153350162717428,0.152982630801945
398,0.416179118323367,0.182190212262849,0.196066256873814,0.156008702799071,0.144720505822661,0.147819407725247
755,0.63703309779987,0.233725581744281,0.227823271636467,0.210360301592275,0.140279459933373,0.16357228121085
726,0.600763302119727,0.217294683481912,0.274713840722163,0.23977753355553,0.159655442358187,0.160502026996677
805,0.627323083479833,0.249561781327291,0.224521889216861,0.203733362812729,0.145622826217966,0.168257318749387
765,0.597212308466731,0.273759486818862,0.233725581744281,0.256863984839407,0.186394027664835,0.193398287644562
915,0.61405843859737,0.286266334773665,0.280468392646033,0.238904240888872,0.191439626593958,0.183967824035887
782,0.629089586309926,0.235439936165745,0.198109430350217,0.232023448734304,0.140279459933373,0.161362102255135
641,0.639678919993987,0.223704949036996,0.235439936165745,0.196066256873814,0.147497624383717,0.174364837136968
751,0.61405843859737,0.26806502014066,0.259638241659144,0.242414171861771,0.141602453589765,0.155233599845476
695,0.595435874427052,0.200889639762023,0.206639944148685,0.251373586915138,0.140279459933373,0.140801836156987
795,0.621136485069615,0.248659484023583,0.284329312589461,0.203733362812729,0.155619579790919,0.160930368981928
806,0.663450425192382,0.266179795115631,0.267121556704060,0.235439936165745,0.174898448025698,0.159237162188545
152,0.446424815327873,0.147497624383717,0.210360301592275,0.164024746412181,0.140279459933373,0.154470991130581
994,0.59099197716754,0.331480818156256,0.274713840722163,0.300905518027404,0.177071557205383,0.180448444205294
917,0.637915147508898,0.246862287018223,0.270905253648299,0.218876016213984,0.188255890082703,0.140279459933373
760,0.609630293401202,0.210360301592275,0.203016510694019,0.235439936165745,0.151542367809210,0.171243398019944
686,0.604311860230174,0.23033379664679,0.221274744825972,0.26336509235663,0.140279459933373,0.170233153496669
682,0.640560644506718,0.297964434643167,0.286266334773665,0.297964434643167,0.164024746412181,0.174364837136968
734,0.620252184825136,0.240653643199231,0.269956905233921,0.140279459933373,0.173309128978783,0.158410531669826
802,0.663450425192382,0.252283020211930,0.270905253648299,0.218876016213984,0.181025063276694,0.140279459933373
360,0.408537424783786,0.149807763529887,0.203733362812729,0.165403320798019,0.143266847840142,0.173835068385563
902,0.655534316836593,0.257786672914962,0.23977753355553,0.238904240888872,0.168257318749387,0.166814026627726
279,0.642323774366231,0.154850743467635,0.200889639762023,0.181605650010004,0.140279459933373,0.166814026627726
399,0.457641082102348,0.170736402643872,0.182190212262849,0.194059239855938,0.140279459933373,0.173309128978783
816,0.655534316836593,0.246862287018223,0.281431899695417,0.217294683481912,0.196743303664015,0.154470991130581
771,0.613173084606865,0.275669606701894,0.250466494772263,0.247759640188542,0.155233599845476,0.165869963138432
554,0.475271623239318,0.208116557082828,0.196066256873814,0.215727826366646,0.147497624383717,0.16357228121085
753,0.648491465815105,0.273759486818862,0.275669606701894,0.260567046745838,0.152256565618780,0.145622826217966
905,0.607858057407542,0.262430509724191,0.255943411389996,0.222081350052879,0.214949882112267,0.204454144375473
294,0.423788147113161,0.159655442358187,0.150148946700048,0.215727826366646,0.141873944585676,0.140279459933373
726,0.622904705251892,0.260567046745838,0.259638241659144,0.225342219919308,0.183371292540019,0.169733635746363
157,0.557070755717787,0.182778757451073,0.147178535004063,0.223704949036996,0.156008702799071,0.178742307944130
698,0.619367756469412,0.225342219919308,0.23977753355553,0.196066256873814,0.171754154191287,0.152982630801945
313,0.677506525321988,0.23977753355553,0.242414171861771,0.259638241659144,0.248659484023583,0.154470991130581
699,0.624672424998259,0.257786672914962,0.162235816543637,0.262430509724191,0.162235816543637,0.16357228121085
807,0.626439652176295,0.245075200706715,0.238904240888872,0.234581247743386,0.151189670120080,0.203016510694019
318,0.433254223593108,0.167772573247934,0.177624558944457,0.197424363331222,0.158822198286243,0.173835068385563
746,0.602537880906253,0.229493730258852,0.160930368981928,0.226165913043895,0.175435913518267,0.160077057692081
916,0.644967683931748,0.322587416871138,0.283362392853609,0.330492731245164,0.211115838461421,0.186394027664835
713,0.599875784998553,0.243298519444439,0.172787005806565,0.265239772398733,0.140279459933373,0.140279459933373
776,0.632621179272578,0.265239772398733,0.292100571713878,0.260567046745838,0.191439626593958,0.193398287644562
717,0.620252184825136,0.23033379664679,0.224521889216861,0.227823271636467,0.161362102255135,0.151189670120080
714,0.624672424998259,0.243298519444439,0.192088479379025,0.283362392853609,0.180448444205294,0.182190212262849
478,0.466939252082330,0.168745733831007,0.181025063276694,0.187631241909896,0.149133866930996,0.162677834203278
169,0.518295090270738,0.145319498566922,0.158410531669826,0.223704949036996,0.140279459933373,0.177624558944457
837,0.634386284250911,0.284329312589461,0.242414171861771,0.281431899695417,0.16357228121085,0.142423961905656
623,0.674872565393281,0.242414171861771,0.242414171861771,0.234581247743386,0.173835068385563,0.140279459933373
970,0.654654294039608,0.278545025785751,0.260567046745838,0.254108759679802,0.156796455796649,0.178742307944130
814,0.655534316836593,0.249561781327291,0.26336509235663,0.244185541162083,0.140279459933373,0.140279459933373
305,0.425685350085428,0.169733635746363,0.214175622695954,0.153350162717428,0.150492979148870,0.160077057692081
778,0.603424944919196,0.236301613614802,0.227823271636467,0.172787005806565,0.194724220966719,0.152982630801945
739,0.61494365721071,0.245967461561916,0.223704949036996,0.243298519444439,0.191439626593958,0.210360301592275
162,0.483571570595327,0.140279459933373,0.185172899926102,0.192088479379025,0.140279459933373,0.140279459933373
650,0.606971725447777,0.243298519444439,0.231177046607856,0.249561781327291,0.171754154191287,0.140279459933373
415,0.45297556976512,0.172268685450245,0.210360301592275,0.185781454960399,0.146862120354825,0.151542367809210
727,0.636150937944643,0.240653643199231,0.289179343702615,0.202303599215116,0.181605650010004,0.177624558944457
751,0.599875784998553,0.225342219919308,0.211875157547888,0.234581247743386,0.184568357977156,0.151542367809210
726,0.612287594171303,0.238904240888872,0.250466494772263,0.202303599215116,0.158002143279100,0.159655442358187
781,0.616713692539713,0.232872971194181,0.200188610986799,0.240653643199231,0.160930368981928,0.190794809258731
798,0.647610671197383,0.262430509724191,0.227823271636467,0.278545025785751,0.153720720340875,0.140279459933373
724,0.637915147508898,0.280468392646033,0.232872971194181,0.267121556704060,0.140279459933373,0.145622826217966
701,0.612287594171303,0.221274744825972,0.188884569174318,0.264301525715948,0.148143904307162,0.161362102255135
857,0.59099197716754,0.238904240888872,0.199491561253654,0.238033800236652,0.16357228121085,0.148801114525785
880,0.636150937944643,0.274713840722163,0.254108759679802,0.234581247743386,0.157597013980819,0.186394027664835
882,0.607858057407542,0.257786672914962,0.291125967010989,0.158002143279100,0.183967824035887,0.179307075461499
169,0.537291706764252,0.140279459933373,0.175977245746161,0.195393227873188,0.166814026627726,0.159237162188545
704,0.607858057407542,0.222891426963376,0.238904240888872,0.199491561253654,0.140279459933373,0.188884569174318
228,0.564235724377818,0.146548361254107,0.190154027575454,0.202303599215116,0.167291481291287,0.171243398019944
802,0.605198627992826,0.267121556704060,0.167291481291287,0.264301525715948,0.140279459933373,0.158822198286243
839,0.612287594171303,0.260567046745838,0.238033800236652,0.237166246337142,0.190154027575454,0.191439626593958
481,0.558863289375474,0.293075998312143,0.296006914761259,0.301887051542692,0.190154027575454,0.181605650010004
878,0.659053485350326,0.249561781327291,0.252283020211930,0.242414171861771,0.181605650010004,0.165403320798019
974,0.63703309779987,0.304834801321944,0.240653643199231,0.262430509724191,0.178742307944130,0.168745733831007
713,0.609630293401202,0.232872971194181,0.234581247743386,0.232872971194181,0.169237834303805,0.148143904307162
727,0.622020658211421,0.271855157449252,0.228656878414890,0.269956905233921,0.174364837136968,0.177624558944457
838,0.641442262346675,0.275669606701894,0.269010148553487,0.254108759679802,0.182190212262849,0.140279459933373
673,0.612287594171303,0.265239772398733,0.215727826366646,0.223704949036996,0.140279459933373,0.145319498566922
771,0.610516199655431,0.235439936165745,0.23977753355553,0.227823271636467,0.140279459933373,0.140279459933373
743,0.618483198986599,0.237166246337142,0.225342219919308,0.262430509724191,0.161362102255135,0.142702524367706
664,0.59454741884471,0.199491561253654,0.197424363331222,0.265239772398733,0.151189670120080,0.148801114525785
795,0.631738455286738,0.241532534498303,0.229493730258852,0.228656878414890,0.164940248736627,0.171754154191287
796,0.584763524220902,0.227823271636467,0.191439626593958,0.205178843545358,0.148471133452426,0.174898448025698
664,0.624672424998259,0.216509434133377,0.186394027664835,0.26336509235663,0.147178535004063,0.187010622123131
897,0.663450425192382,0.26336509235663,0.250466494772263,0.270905253648299,0.158002143279100,0.167772573247934
728,0.61494365721071,0.245075200706715,0.251373586915138,0.197424363331222,0.201594638931909,0.179875784505171
706,0.63703309779987,0.227823271636467,0.248659484023583,0.193398287644562,0.153720720340875,0.165403320798019
326,0.458572851358513,0.163123316426449,0.196066256873814,0.16634019279706,0.149133866930996,0.147497624383717
705,0.598100289370352,0.233725581744281,0.208860644258667,0.266179795115631,0.187631241909896,0.169733635746363
805,0.639678919993987,0.286266334773665,0.227823271636467,0.286266334773665,0.158002143279100,0.203733362812729
772,0.662571212990782,0.267121556704060,0.282396577544332,0.211115838461421,0.181025063276694,0.178742307944130
836,0.628206394540431,0.226992939983781,0.220471637257467,0.265239772398733,0.165869963138432,0.178181472416481
752,0.611401966215199,0.232023448734304,0.254108759679802,0.232872971194181,0.187631241909896,0.140279459933373
926,0.65113325749733,0.267121556704060,0.218083551882790,0.272806580486754,0.180448444205294,0.190154027575454
163,0.473422844172892,0.150148946700048,0.175435913518267,0.196066256873814,0.148471133452426,0.146237238572002
758,0.601650667029677,0.240653643199231,0.261497815323131,0.218083551882790,0.153720720340875,0.174364837136968
779,0.648491465815105,0.251373586915138,0.203733362812729,0.279506090033501,0.170233153496669,0.170233153496669
788,0.666966416344732,0.269956905233921,0.198798498578782,0.238033800236652,0.149469410107982,0.180448444205294
781,0.65201365997105,0.256863984839407,0.203016510694019,0.228656878414890,0.181605650010004,0.195393227873188
279,0.526451579334568,0.216509434133377,0.203016510694019,0.274713840722163,0.187010622123131,0.150492979148870
788,0.655534316836593,0.277585234113443,0.266179795115631,0.255943411389996,0.188884569174318,0.145928733232941
808,0.658173830133798,0.262430509724191,0.210360301592275,0.256863984839407,0.140279459933373,0.167291481291287
755,0.606971725447777,0.23033379664679,0.201594638931909,0.246862287018223,0.149469410107982,0.141333283747465
275,0.67838435938152,0.231177046607856,0.226992939983781,0.333456768437105,0.358090854945044,0.232023448734304
791,0.62555609967103,0.250466494772263,0.226165913043895,0.221274744825972,0.174364837136968,0.179875784505171
848,0.620252184825136,0.238033800236652,0.168745733831007,0.231177046607856,0.175435913518267,0.199491561253654
578,0.59099197716754,0.219672052767678,0.228656878414890,0.26336509235663,0.141333283747465,0.181025063276694
358,0.442671323317129,0.167772573247934,0.217294683481912,0.178742307944130,0.140279459933373,0.162677834203278
737,0.59454741884471,0.23977753355553,0.208116557082828,0.245967461561916,0.168745733831007,0.151189670120080
802,0.642323774366231,0.253194757033311,0.265239772398733,0.253194757033311,0.149807763529887,0.175435913518267
641,0.605198627992826,0.241532534498303,0.177624558944457,0.214175622695954,0.188884569174318,0.208860644258667
719,0.648491465815105,0.282396577544332,0.221274744825972,0.259638241659144,0.165869963138432,0.140279459933373
737,0.599875784998553,0.252283020211930,0.169237834303805,0.270905253648299,0.148801114525785,0.169733635746363
363,0.41331732873535,0.181605650010004,0.191439626593958,0.221274744825972,0.140279459933373,0.140279459933373
731,0.636150937944643,0.265239772398733,0.281431899695417,0.248659484023583,0.182778757451073,0.178181472416481
556,0.622020658211421,0.205907447843523,0.232023448734304,0.224521889216861,0.277585234113443,0.187010622123131
759,0.599875784998553,0.276626749501763,0.220471637257467,0.26336509235663,0.216509434133377,0.225342219919308
799,0.619367756469412,0.254108759679802,0.275669606701894,0.196743303664015,0.196066256873814,0.153720720340875
386,0.467866722440866,0.171243398019944,0.187631241909896,0.183967824035887,0.140279459933373,0.140279459933373
266,0.451106215483896,0.165403320798019,0.190154027575454,0.204454144375473,0.146237238572002,0.145622826217966
830,0.624672424998259,0.280468392646033,0.261497815323131,0.246862287018223,0.216509434133377,0.149133866930996
715,0.617598511353537,0.237166246337142,0.241532534498303,0.200188610986799,0.145319498566922,0.152982630801945
732,0.610516199655431,0.237166246337142,0.269010148553487,0.196743303664015,0.188884569174318,0.159237162188545
820,0.657294084136253,0.255024990396885,0.254108759679802,0.242414171861771,0.140279459933373,0.160930368981928
732,0.638797087949753,0.252283020211930,0.249561781327291,0.232872971194181,0.149133866930996,0.160502026996677
960,0.661691913619881,0.332468835480985,0.308771540986705,0.337407372460796,0.171754154191287,0.190154027575454
687,0.59454741884471,0.216509434133377,0.211115838461421,0.234581247743386,0.146548361254107,0.148471133452426
772,0.63703309779987,0.244185541162083,0.270905253648299,0.234581247743386,0.161362102255135,0.171243398019944
700,0.593658802575914,0.295029198942614,0.288207386188063,0.238904240888872,0.223704949036996,0.211875157547888
801,0.626439652176295,0.283362392853609,0.259638241659144,0.181025063276694,0.175435913518267,0.140279459933373
795,0.611401966215199,0.284329312589461,0.260567046745838,0.206639944148685,0.145018731380577,0.165869963138432
774,0.607858057407542,0.276626749501763,0.227823271636467,0.282396577544332,0.173835068385563,0.182190212262849
827,0.645848781067736,0.255024990396885,0.260567046745838,0.218876016213984,0.160077057692081,0.179875784505171
689,0.615828741507218,0.240653643199231,0.218876016213984,0.257786672914962,0.156796455796649,0.147178535004063
340,0.432309844864813,0.154850743467635,0.155619579790919,0.226992939983781,0.140279459933373,0.140279459933373
744,0.656414246618719,0.251373586915138,0.226165913043895,0.214949882112267,0.180448444205294,0.196066256873814
823,0.613173084606865,0.255943411389996,0.188255890082703,0.224521889216861,0.178181472416481,0.140279459933373
756,0.626439652176295,0.242414171861771,0.228656878414890,0.278545025785751,0.162235816543637,0.140279459933373
705,0.693296511554413,0.273759486818862,0.248659484023583,0.32950458986508,0.249561781327291,0.154470991130581
778,0.61494365721071,0.227823271636467,0.23977753355553,0.206639944148685,0.160077057692081,0.148143904307162
622,0.59099197716754,0.192088479379025,0.234581247743386,0.205178843545358,0.162235816543637,0.154094323280450
722,0.590102705627282,0.217294683481912,0.249561781327291,0.198109430350217,0.164480729737195,0.162235816543637
763,0.626439652176295,0.246862287018223,0.254108759679802,0.189517281185082,0.177071557205383,0.149133866930996
164,0.504646384858735,0.142147774681471,0.140279459933373,0.208860644258667,0.140279459933373,0.140279459933373
897,0.632621179272578,0.235439936165745,0.226165913043895,0.291125967010989,0.140279459933373,0.140279459933373
625,0.657294084136253,0.271855157449252,0.273759486818862,0.207376318697083,0.191439626593958,0.140279459933373
636,0.633503788623644,0.242414171861771,0.251373586915138,0.214175622695954,0.154470991130581,0.150492979148870
753,0.644086484322101,0.250466494772263,0.228656878414890,0.255943411389996,0.165403320798019,0.160502026996677
877,0.650252758171119,0.245967461561916,0.26336509235663,0.267121556704060,0.185781454960399,0.183967824035887
743,0.618483198986599,0.201594638931909,0.179875784505171,0.271855157449252,0.160077057692081,0.160077057692081
419,0.467866722440866,0.290152214217331,0.240653643199231,0.266179795115631,0.172268685450245,0.175435913518267
341,0.453909567952752,0.205907447843523,0.198109430350217,0.204454144375473,0.154850743467635,0.170736402643872
164,0.503733909185275,0.147178535004063,0.140279459933373,0.228656878414890,0.142423961905656,0.168257318749387
320,0.411406907527978,0.198798498578782,0.164940248736627,0.233725581744281,0.160930368981928,0.149469410107982
646,0.583873056414207,0.251373586915138,0.247759640188542,0.280468392646033,0.187631241909896,0.163123316426449
765,0.623788627185174,0.223704949036996,0.23033379664679,0.205178843545358,0.140279459933373,0.154470991130581
754,0.600763302119727,0.255024990396885,0.231177046607856,0.228656878414890,0.160930368981928,0.16634019279706
721,0.629972659733243,0.220471637257467,0.214175622695954,0.227823271636467,0.152618104976752,0.145928733232941
376,0.469720411442728,0.169237834303805,0.216509434133377,0.163123316426449,0.177624558944457,0.162677834203278
153,0.450170855356869,0.140279459933373,0.192088479379025,0.183371292540019,0.174364837136968,0.167291481291287
510,0.477118801080669,0.204454144375473,0.184568357977156,0.183371292540019,0.140279459933373,0.163123316426449
661,0.598988114480156,0.243298519444439,0.216509434133377,0.192741366843982,0.188255890082703,0.146237238572002
767,0.615828741507218,0.245967461561916,0.241532534498303,0.178742307944130,0.164024746412181,0.148801114525785
399,0.458572851358513,0.178742307944130,0.196743303664015,0.233725581744281,0.157597013980819,0.140279459933373
756,0.620252184825136,0.241532534498303,0.250466494772263,0.202303599215116,0.190154027575454,0.219672052767678
793,0.605198627992826,0.275669606701894,0.256863984839407,0.276626749501763,0.170736402643872,0.183371292540019
735,0.617598511353537,0.273759486818862,0.253194757033311,0.205907447843523,0.190154027575454,0.171754154191287
741,0.601650667029677,0.302869127130412,0.283362392853609,0.300905518027404,0.188255890082703,0.140279459933373
888,0.629972659733243,0.257786672914962,0.173835068385563,0.26806502014066,0.140279459933373,0.171243398019944
849,0.636150937944643,0.253194757033311,0.247759640188542,0.217294683481912,0.196066256873814,0.176522456496951
750,0.62555609967103,0.212638240623736,0.222081350052879,0.245967461561916,0.150148946700048,0.179307075461499
441,0.425685350085428,0.16634019279706,0.180448444205294,0.198798498578782,0.141333283747465,0.143840891542185
806,0.639678919993987,0.253194757033311,0.188255890082703,0.269010148553487,0.16357228121085,0.152982630801945
585,0.589213267095234,0.245967461561916,0.259638241659144,0.217294683481912,0.208116557082828,0.164480729737195
816,0.63703309779987,0.229493730258852,0.236301613614802,0.240653643199231,0.140279459933373,0.188255890082703
833,0.604311860230174,0.247759640188542,0.203733362812729,0.285297304030371,0.140279459933373,0.159237162188545
664,0.604311860230174,0.190794809258731,0.190154027575454,0.294052217151829,0.140279459933373,0.205907447843523
727,0.611401966215199,0.267121556704060,0.252283020211930,0.246862287018223,0.182190212262849,0.169237834303805
854,0.641442262346675,0.266179795115631,0.264301525715948,0.225342219919308,0.188884569174318,0.186394027664835
790,0.592770024376564,0.326539995183568,0.297964434643167,0.262430509724191,0.176522456496951,0.172787005806565
1011,0.62555609967103,0.307786743279463,0.252283020211930,0.287236372741756,0.171754154191287,0.161362102255135
330,0.42188893060604,0.154470991130581,0.179875784505171,0.164024746412181,0.140279459933373,0.159655442358187
759,0.629089586309926,0.262430509724191,0.23977753355553,0.278545025785751,0.169237834303805,0.140279459933373
621,0.648491465815105,0.231177046607856,0.255943411389996,0.237166246337142,0.161362102255135,0.140279459933373
790,0.632621179272578,0.260567046745838,0.235439936165745,0.280468392646033,0.160077057692081,0.185172899926102
320,0.418084423539314,0.169237834303805,0.156008702799071,0.200889639762023,0.165869963138432,0.183371292540019
822,0.630855615748439,0.253194757033311,0.218876016213984,0.296985336054750,0.146548361254107,0.159237162188545
423,0.681017412481438,0.253194757033311,0.245967461561916,0.184568357977156,0.199491561253654,0.163123316426449
211,0.586543936638165,0.140279459933373,0.144720505822661,0.217294683481912,0.140279459933373,0.164024746412181
910,0.679262118185675,0.267121556704060,0.279506090033501,0.266179795115631,0.201594638931909,0.141602453589765
563,0.644086484322101,0.249561781327291,0.187631241909896,0.261497815323131,0.196743303664015,0.174898448025698
835,0.637915147508898,0.245075200706715,0.232872971194181,0.259638241659144,0.181605650010004,0.140279459933373
791,0.609630293401202,0.296985336054750,0.226992939983781,0.265239772398733,0.149469410107982,0.152618104976752
739,0.626439652176295,0.208860644258667,0.238033800236652,0.186394027664835,0.169237834303805,0.140279459933373
719,0.617598511353537,0.219672052767678,0.209608564537159,0.222891426963376,0.152256565618780,0.147819407725247
816,0.602537880906253,0.256863984839407,0.250466494772263,0.262430509724191,0.152982630801945,0.183967824035887
364,0.654654294039608,0.275669606701894,0.224521889216861,0.390256851013871,0.433254223593108,0.286266334773665
731,0.610516199655431,0.242414171861771,0.241532534498303,0.253194757033311,0.156400988328558,0.156008702799071
572,0.674872565393281,0.226992939983781,0.227823271636467,0.198798498578782,0.169733635746363,0.156400988328558
794,0.633503788623644,0.237166246337142,0.236301613614802,0.184568357977156,0.148471133452426,0.194059239855938
682,0.629089586309926,0.248659484023583,0.225342219919308,0.227823271636467,0.162677834203278,0.148801114525785
415,0.424736999725661,0.182190212262849,0.178181472416481,0.215727826366646,0.140279459933373,0.145018731380577
779,0.606085249352797,0.208116557082828,0.167772573247934,0.244185541162083,0.140279459933373,0.141602453589765
654,0.595435874427052,0.218083551882790,0.232872971194181,0.220471637257467,0.163123316426449,0.140279459933373
791,0.615828741507218,0.245967461561916,0.23033379664679,0.26336509235663,0.143266847840142,0.192741366843982
743,0.607858057407542,0.213405068833102,0.222081350052879,0.292100571713878,0.140279459933373,0.140279459933373
842,0.662571212990782,0.295029198942614,0.262430509724191,0.269010148553487,0.227823271636467,0.202303599215116
781,0.620252184825136,0.273759486818862,0.276626749501763,0.271855157449252,0.171243398019944,0.181025063276694
717,0.626439652176295,0.226992939983781,0.258711437790672,0.237166246337142,0.160930368981928,0.185172899926102
749,0.622020658211421,0.211875157547888,0.235439936165745,0.218083551882790,0.141066417195949,0.148143904307162
630,0.662571212990782,0.227823271636467,0.206639944148685,0.242414171861771,0.162677834203278,0.170233153496669
933,0.63703309779987,0.354161056920203,0.313700605163659,0.287236372741756,0.187010622123131,0.158410531669826
758,0.640560644506718,0.26336509235663,0.259638241659144,0.201594638931909,0.222081350052879,0.169237834303805
712,0.615828741507218,0.259638241659144,0.281431899695417,0.204454144375473,0.252283020211930,0.216509434133377
811,0.610516199655431,0.279506090033501,0.23033379664679,0.302869127130412,0.154850743467635,0.143840891542185
715,0.626439652176295,0.236301613614802,0.243298519444439,0.210360301592275,0.171754154191287,0.183371292540019
688,0.59099197716754,0.376671178467619,0.305818349289740,0.35612665264182,0.269956905233921,0.198109430350217
718,0.624672424998259,0.211115838461421,0.181025063276694,0.275669606701894,0.140279459933373,0.190154027575454
884,0.641442262346675,0.222081350052879,0.233725581744281,0.285297304030371,0.143552645462116,0.150839880430613
668,0.59454741884471,0.225342219919308,0.214949882112267,0.229493730258852,0.206639944148685,0.16634019279706
760,0.612287594171303,0.232023448734304,0.265239772398733,0.228656878414890,0.148471133452426,0.153350162717428
869,0.636150937944643,0.234581247743386,0.217294683481912,0.272806580486754,0.167291481291287,0.190154027575454
666,0.639678919993987,0.269956905233921,0.26806502014066,0.274713840722163,0.172268685450245,0.164480729737195
287,0.452041119617036,0.165403320798019,0.214175622695954,0.161362102255135,0.169733635746363,0.141873944585676
712,0.601650667029677,0.222891426963376,0.232023448734304,0.224521889216861,0.178742307944130,0.149807763529887
844,0.641442262346675,0.279506090033501,0.225342219919308,0.278545025785751,0.197424363331222,0.196066256873814
719,0.630855615748439,0.226992939983781,0.212638240623736,0.275669606701894,0.146237238572002,0.144424803121843
378,0.434198112267997,0.162677834203278,0.208860644258667,0.200188610986799,0.145622826217966,0.151897993103576
803,0.644967683931748,0.26806502014066,0.269956905233921,0.207376318697083,0.202303599215116,0.153350162717428
319,0.608744246353995,0.149133866930996,0.174898448025698,0.181025063276694,0.174364837136968,0.188884569174318
777,0.644967683931748,0.249561781327291,0.235439936165745,0.215727826366646,0.159655442358187,0.167772573247934
778,0.606085249352797,0.280468392646033,0.274713840722163,0.241532534498303,0.201594638931909,0.146237238572002
669,0.617598511353537,0.281431899695417,0.232872971194181,0.236301613614802,0.184568357977156,0.161362102255135
876,0.649372161207369,0.226992939983781,0.283362392853609,0.23033379664679,0.152982630801945,0.197424363331222
764,0.630855615748439,0.269956905233921,0.262430509724191,0.299924552865763,0.189517281185082,0.140279459933373
330,0.443610401564419,0.176522456496951,0.229493730258852,0.222891426963376,0.140279459933373,0.159655442358187
473,0.584763524220902,0.32950458986508,0.330492731245164,0.303851718893881,0.194059239855938,0.169733635746363
826,0.557967132030868,0.272806580486754,0.26806502014066,0.283362392853609,0.202303599215116,0.148801114525785
625,0.590102705627282,0.235439936165745,0.226165913043895,0.226992939983781,0.178181472416481,0.186394027664835
754,0.622020658211421,0.364953752682284,0.328516409471957,0.332468835480985,0.224521889216861,0.221274744825972
612,0.595435874427052,0.223704949036996,0.243298519444439,0.195393227873188,0.158822198286243,0.173835068385563
795,0.675750628954486,0.249561781327291,0.248659484023583,0.238033800236652,0.16634019279706,0.170233153496669
897,0.618483198986599,0.36005360357005,0.32950458986508,0.312714190948075,0.218083551882790,0.167291481291287
849,0.65113325749733,0.273759486818862,0.244185541162083,0.231177046607856,0.192088479379025,0.188255890082703
765,0.646729776551258,0.258711437790672,0.23033379664679,0.228656878414890,0.208116557082828,0.169237834303805
791,0.646729776551258,0.269010148553487,0.276626749501763,0.214949882112267,0.145319498566922,0.140539522938054
675,0.644967683931748,0.222081350052879,0.187631241909896,0.238904240888872,0.165403320798019,0.182190212262849
726,0.611401966215199,0.218876016213984,0.248659484023583,0.194059239855938,0.140279459933373,0.140279459933373
782,0.599875784998553,0.216509434133377,0.215727826366646,0.222081350052879,0.185781454960399,0.183371292540019
346,0.415225700022613,0.173835068385563,0.172268685450245,0.196066256873814,0.140279459933373,0.142423961905656
744,0.620252184825136,0.250466494772263,0.249561781327291,0.266179795115631,0.175435913518267,0.140279459933373
860,0.598100289370352,0.242414171861771,0.236301613614802,0.222081350052879,0.181025063276694,0.140279459933373
443,0.436084425669404,0.150839880430613,0.214949882112267,0.153720720340875,0.140279459933373,0.140279459933373
853,0.635268667058686,0.338394673319409,0.326539995183568,0.337407372460796,0.241532534498303,0.218876016213984
629,0.608744246353995,0.246862287018223,0.266179795115631,0.260567046745838,0.176522456496951,0.197424363331222
892,0.661691913619881,0.259638241659144,0.245967461561916,0.292100571713878,0.182778757451073,0.169733635746363
574,0.556174158820723,0.194724220966719,0.203733362812729,0.190154027575454,0.190154027575454,0.175977245746161
787,0.600763302119727,0.224521889216861,0.225342219919308,0.196066256873814,0.200188610986799,0.175977245746161
696,0.608744246353995,0.233725581744281,0.23977753355553,0.226165913043895,0.140279459933373,0.141333283747465
685,0.634386284250911,0.270905253648299,0.203733362812729,0.247759640188542,0.170233153496669,0.180448444205294
563,0.600763302119727,0.307786743279463,0.303851718893881,0.261497815323131,0.185172899926102,0.150148946700048
837,0.61494365721071,0.236301613614802,0.258711437790672,0.196066256873814,0.172787005806565,0.159237162188545
747,0.600763302119727,0.211875157547888,0.207376318697083,0.200188610986799,0.156008702799071,0.140279459933373
777,0.611401966215199,0.232872971194181,0.206639944148685,0.245967461561916,0.175977245746161,0.171243398019944
831,0.62555609967103,0.26806502014066,0.221274744825972,0.284329312589461,0.167291481291287,0.181025063276694
667,0.618483198986599,0.253194757033311,0.224521889216861,0.271855157449252,0.150839880430613,0.140279459933373
164,0.491840713366392,0.140279459933373,0.186394027664835,0.195393227873188,0.173309128978783,0.150839880430613
719,0.619367756469412,0.248659484023583,0.208860644258667,0.238033800236652,0.148801114525785,0.140279459933373
648,0.635268667058686,0.243298519444439,0.226165913043895,0.258711437790672,0.158410531669826,0.189517281185082
795,0.641442262346675,0.262430509724191,0.274713840722163,0.220471637257467,0.185172899926102,0.182190212262849
743,0.601650667029677,0.217294683481912,0.218083551882790,0.183371292540019,0.180448444205294,0.145622826217966
906,0.665208590906176,0.271855157449252,0.266179795115631,0.271855157449252,0.156400988328558,0.165869963138432
359,0.452041119617036,0.171754154191287,0.190794809258731,0.222891426963376,0.160930368981928,0.144424803121843
797,0.629972659733243,0.245967461561916,0.278545025785751,0.265239772398733,0.161362102255135,0.140279459933373
714,0.593658802575914,0.232872971194181,0.221274744825972,0.224521889216861,0.155233599845476,0.140279459933373
317,0.415225700022613,0.187631241909896,0.164480729737195,0.207376318697083,0.170233153496669,0.155233599845476
805,0.649372161207369,0.253194757033311,0.265239772398733,0.256863984839407,0.148143904307162,0.190154027575454
757,0.619367756469412,0.243298519444439,0.228656878414890,0.252283020211930,0.167291481291287,0.140279459933373
650,0.597212308466731,0.294052217151829,0.231177046607856,0.253194757033311,0.181605650010004,0.187631241909896
322,0.44923503724365,0.183967824035887,0.188884569174318,0.173835068385563,0.145319498566922,0.16357228121085
840,0.659933050519219,0.261497815323131,0.283362392853609,0.274713840722163,0.204454144375473,0.156796455796649
750,0.618483198986599,0.198798498578782,0.217294683481912,0.267121556704060,0.140279459933373,0.166814026627726
813,0.644967683931748,0.276626749501763,0.244185541162083,0.271855157449252,0.211875157547888,0.140279459933373
764,0.632621179272578,0.256863984839407,0.276626749501763,0.179875784505171,0.177624558944457,0.178742307944130
793,0.613173084606865,0.218083551882790,0.193398287644562,0.226992939983781,0.16357228121085,0.185172899926102
740,0.617598511353537,0.221274744825972,0.196066256873814,0.182778757451073,0.191439626593958,0.160930368981928
709,0.603424944919196,0.216509434133377,0.199491561253654,0.214949882112267,0.140279459933373,0.194059239855938
756,0.610516199655431,0.260567046745838,0.232872971194181,0.232023448734304,0.145622826217966,0.194724220966719
655,0.666966416344732,0.235439936165745,0.211115838461421,0.23977753355553,0.162677834203278,0.192088479379025
647,0.611401966215199,0.242414171861771,0.243298519444439,0.231177046607856,0.162235816543637,0.140279459933373
815,0.627323083479833,0.264301525715948,0.234581247743386,0.277585234113443,0.213405068833102,0.149133866930996
850,0.665208590906176,0.272806580486754,0.286266334773665,0.275669606701894,0.140279459933373,0.153350162717428
643,0.604311860230174,0.254108759679802,0.212638240623736,0.258711437790672,0.146548361254107,0.175435913518267
722,0.636150937944643,0.304834801321944,0.223704949036996,0.279506090033501,0.140279459933373,0.141602453589765
690,0.602537880906253,0.248659484023583,0.222081350052879,0.232872971194181,0.153350162717428,0.178181472416481
460,0.560654953573793,0.383475920330798,0.372772455485757,0.378617765257579,0.290152214217331,0.283362392853609
733,0.691543175287256,0.289179343702615,0.229493730258852,0.316661303992259,0.203733362812729,0.154470991130581
907,0.628206394540431,0.260567046745838,0.284329312589461,0.211875157547888,0.176522456496951,0.171754154191287
812,0.652893966371437,0.279506090033501,0.218083551882790,0.297964434643167,0.140539522938054,0.161797245314680
489,0.640560644506718,0.201594638931909,0.203733362812729,0.224521889216861,0.150492979148870,0.151897993103576
694,0.59454741884471,0.23033379664679,0.221274744825972,0.218876016213984,0.183967824035887,0.140279459933373
294,0.478041795094857,0.160930368981928,0.198798498578782,0.165403320798019,0.141333283747465,0.140279459933373
799,0.622904705251892,0.257786672914962,0.26336509235663,0.247759640188542,0.159237162188545,0.187631241909896
853,0.62555609967103,0.261497815323131,0.222891426963376,0.269010148553487,0.182778757451073,0.171243398019944
795,0.633503788623644,0.288207386188063,0.258711437790672,0.289179343702615,0.174364837136968,0.183967824035887
694,0.604311860230174,0.216509434133377,0.179307075461499,0.249561781327291,0.140539522938054,0.155233599845476
159,0.447362019176649,0.140279459933373,0.150492979148870,0.232023448734304,0.140279459933373,0.160502026996677
755,0.638797087949753,0.237166246337142,0.252283020211930,0.259638241659144,0.184568357977156,0.192741366843982
1013,0.640560644506718,0.243298519444439,0.259638241659144,0.244185541162083,0.168745733831007,0.173309128978783
753,0.606085249352797,0.226165913043895,0.232023448734304,0.188255890082703,0.183371292540019,0.140279459933373
675,0.602537880906253,0.259638241659144,0.232023448734304,0.265239772398733,0.205907447843523,0.151189670120080
726,0.608744246353995,0.212638240623736,0.26336509235663,0.206639944148685,0.158002143279100,0.182190212262849
775,0.585653817185493,0.246862287018223,0.259638241659144,0.222081350052879,0.167772573247934,0.140279459933373
902,0.588323660284695,0.338394673319409,0.280468392646033,0.224521889216861,0.199491561253654,0.160930368981928
750,0.610516199655431,0.269956905233921,0.165403320798019,0.252283020211930,0.173835068385563,0.140279459933373
780,0.639678919993987,0.233725581744281,0.218876016213984,0.240653643199231,0.170233153496669,0.195393227873188
716,0.644967683931748,0.238033800236652,0.257786672914962,0.178181472416481,0.198109430350217,0.149133866930996
352,0.445487145704544,0.206639944148685,0.193398287644562,0.162677834203278,0.179875784505171,0.150148946700048
679,0.613173084606865,0.233725581744281,0.224521889216861,0.198109430350217,0.168745733831007,0.149133866930996
850,0.639678919993987,0.284329312589461,0.257786672914962,0.236301613614802,0.212638240623736,0.140279459933373
827,0.628206394540431,0.265239772398733,0.260567046745838,0.26336509235663,0.177624558944457,0.140279459933373
917,0.631738455286738,0.26336509235663,0.253194757033311,0.247759640188542,0.190794809258731,0.200889639762023
674,0.581200590507501,0.276626749501763,0.290152214217331,0.271855157449252,0.203016510694019,0.140279459933373
280,0.43702685358426,0.152618104976752,0.142423961905656,0.173309128978783,0.140279459933373,0.140279459933373
762,0.610516199655431,0.280468392646033,0.277585234113443,0.243298519444439,0.140279459933373,0.181025063276694
831,0.640560644506718,0.256863984839407,0.255943411389996,0.223704949036996,0.185781454960399,0.157195124574254
769,0.622904705251892,0.245075200706715,0.308771540986705,0.145018731380577,0.205178843545358,0.140279459933373
801,0.611401966215199,0.227823271636467,0.170233153496669,0.318636108753548,0.140279459933373,0.156008702799071
284,0.469720411442728,0.192088479379025,0.179875784505171,0.228656878414890,0.159655442358187,0.148143904307162
596,0.589213267095234,0.23033379664679,0.225342219919308,0.238033800236652,0.156400988328558,0.140279459933373
353,0.433254223593108,0.162677834203278,0.220471637257467,0.183967824035887,0.140279459933373,0.140279459933373
754,0.607858057407542,0.240653643199231,0.250466494772263,0.274713840722163,0.142423961905656,0.151189670120080
903,0.629089586309926,0.292100571713878,0.242414171861771,0.261497815323131,0.200889639762023,0.16634019279706
821,0.618483198986599,0.276626749501763,0.257786672914962,0.238033800236652,0.180448444205294,0.192088479379025
745,0.639678919993987,0.26336509235663,0.223704949036996,0.248659484023583,0.165869963138432,0.161362102255135
591,0.524641044535778,0.228656878414890,0.179307075461499,0.251373586915138,0.212638240623736,0.169237834303805
697,0.622020658211421,0.234581247743386,0.232872971194181,0.256863984839407,0.140279459933373,0.151897993103576
826,0.65201365997105,0.260567046745838,0.224521889216861,0.279506090033501,0.188255890082703,0.193398287644562
832,0.647610671197383,0.307786743279463,0.272806580486754,0.187631241909896,0.232023448734304,0.147819407725247
846,0.641442262346675,0.248659484023583,0.237166246337142,0.265239772398733,0.156796455796649,0.200188610986799
767,0.647610671197383,0.255024990396885,0.252283020211930,0.267121556704060,0.170233153496669,0.214949882112267
212,0.59454741884471,0.160502026996677,0.156796455796649,0.208860644258667,0.140279459933373,0.141066417195949
627,0.604311860230174,0.226992939983781,0.225342219919308,0.214175622695954,0.164480729737195,0.158002143279100
849,0.613173084606865,0.267121556704060,0.269956905233921,0.264301525715948,0.208860644258667,0.160502026996677
895,0.611401966215199,0.261497815323131,0.214949882112267,0.292100571713878,0.140279459933373,0.225342219919308
256,0.617598511353537,0.188884569174318,0.169733635746363,0.271855157449252,0.147178535004063,0.157195124574254
749,0.633503788623644,0.233725581744281,0.257786672914962,0.270905253648299,0.160930368981928,0.196743303664015
774,0.636150937944643,0.267121556704060,0.238033800236652,0.210360301592275,0.173835068385563,0.146548361254107
351,0.443610401564419,0.177071557205383,0.177624558944457,0.195393227873188,0.140279459933373,0.157195124574254
727,0.634386284250911,0.258711437790672,0.216509434133377,0.293075998312143,0.155619579790919,0.159655442358187
623,0.612287594171303,0.295029198942614,0.261497815323131,0.284329312589461,0.171243398019944,0.182778757451073
400,0.464154311336516,0.174364837136968,0.174898448025698,0.220471637257467,0.140279459933373,0.169237834303805
341,0.443610401564419,0.168745733831007,0.161797245314680,0.208116557082828,0.144720505822661,0.140279459933373
819,0.655534316836593,0.253194757033311,0.270905253648299,0.219672052767678,0.192088479379025,0.182778757451073
819,0.664329550930648,0.241532534498303,0.277585234113443,0.247759640188542,0.183371292540019,0.157195124574254
844,0.650252758171119,0.269010148553487,0.285297304030371,0.197424363331222,0.183371292540019,0.159655442358187
733,0.622020658211421,0.26336509235663,0.255024990396885,0.267121556704060,0.151189670120080,0.149133866930996
938,0.630855615748439,0.276626749501763,0.217294683481912,0.252283020211930,0.192088479379025,0.198798498578782
354,0.453909567952752,0.172268685450245,0.140279459933373,0.240653643199231,0.140279459933373,0.150839880430613
902,0.654654294039608,0.284329312589461,0.264301525715948,0.243298519444439,0.174898448025698,0.193398287644562
715,0.608744246353995,0.213405068833102,0.236301613614802,0.214175622695954,0.151189670120080,0.175977245746161
731,0.57763477259731,0.237166246337142,0.269956905233921,0.26806502014066,0.167291481291287,0.140279459933373
782,0.61405843859737,0.242414171861771,0.246862287018223,0.178181472416481,0.165869963138432,0.158002143279100
748,0.622020658211421,0.279506090033501,0.250466494772263,0.167291481291287,0.217294683481912,0.171754154191287
682,0.600763302119727,0.253194757033311,0.23977753355553,0.217294683481912,0.185172899926102,0.186394027664835
754,0.642323774366231,0.255943411389996,0.264301525715948,0.200188610986799,0.163123316426449,0.156796455796649
905,0.626439652176295,0.255024990396885,0.200188610986799,0.168257318749387,0.165869963138432,0.194724220966719
680,0.620252184825136,0.242414171861771,0.253194757033311,0.191439626593958,0.156008702799071,0.174898448025698
739,0.655534316836593,0.269010148553487,0.269010148553487,0.220471637257467,0.218876016213984,0.140279459933373
328,0.462295554374572,0.208116557082828,0.187010622123131,0.188884569174318,0.145622826217966,0.140279459933373
762,0.622904705251892,0.214949882112267,0.232872971194181,0.227823271636467,0.151189670120080,0.16357228121085
776,0.61494365721071,0.260567046745838,0.289179343702615,0.227823271636467,0.188884569174318,0.169237834303805
710,0.588323660284695,0.226992939983781,0.255943411389996,0.198109430350217,0.142423961905656,0.140279459933373
883,0.652893966371437,0.276626749501763,0.227823271636467,0.284329312589461,0.181605650010004,0.181605650010004
808,0.654654294039608,0.296985336054750,0.238033800236652,0.238904240888872,0.188884569174318,0.192741366843982
762,0.598100289370352,0.222891426963376,0.246862287018223,0.200188610986799,0.158002143279100,0.140279459933373
230,0.588323660284695,0.152982630801945,0.208860644258667,0.160930368981928,0.164024746412181,0.140279459933373
811,0.638797087949753,0.266179795115631,0.266179795115631,0.288207386188063,0.183967824035887,0.160077057692081
854,0.629972659733243,0.232023448734304,0.202303599215116,0.282396577544332,0.158822198286243,0.140279459933373
659,0.632621179272578,0.208116557082828,0.238033800236652,0.185172899926102,0.157195124574254,0.145018731380577
771,0.627323083479833,0.262430509724191,0.249561781327291,0.262430509724191,0.143552645462116,0.160502026996677
883,0.644967683931748,0.304834801321944,0.279506090033501,0.286266334773665,0.196066256873814,0.140279459933373
767,0.618483198986599,0.217294683481912,0.185781454960399,0.249561781327291,0.151542367809210,0.155619579790919
161,0.457641082102348,0.140279459933373,0.191439626593958,0.147178535004063,0.140279459933373,0.140279459933373
907,0.630855615748439,0.312714190948075,0.269010148553487,0.222081350052879,0.200188610986799,0.188255890082703
744,0.616713692539713,0.220471637257467,0.261497815323131,0.140279459933373,0.183967824035887,0.165403320798019
836,0.664329550930648,0.301887051542692,0.237166246337142,0.281431899695417,0.159237162188545,0.140279459933373
935,0.61494365721071,0.266179795115631,0.296985336054750,0.226165913043895,0.215727826366646,0.160077057692081
712,0.65201365997105,0.247759640188542,0.214949882112267,0.26806502014066,0.155619579790919,0.140279459933373
730,0.615828741507218,0.226165913043895,0.234581247743386,0.209608564537159,0.171754154191287,0.140279459933373
202,0.554380296765044,0.140801836156987,0.140279459933373,0.254108759679802,0.140279459933373,0.140279459933373
701,0.629972659733243,0.243298519444439,0.253194757033311,0.220471637257467,0.200889639762023,0.142147774681471
702,0.581200590507501,0.23977753355553,0.253194757033311,0.168745733831007,0.169237834303805,0.174898448025698
769,0.637915147508898,0.267121556704060,0.243298519444439,0.287236372741756,0.150839880430613,0.194059239855938
689,0.608744246353995,0.235439936165745,0.235439936165745,0.241532534498303,0.16357228121085,0.145319498566922
766,0.628206394540431,0.299924552865763,0.279506090033501,0.259638241659144,0.187631241909896,0.146237238572002
741,0.615828741507218,0.249561781327291,0.238033800236652,0.232872971194181,0.140279459933373,0.164024746412181
608,0.622020658211421,0.222891426963376,0.190794809258731,0.231177046607856,0.183967824035887,0.155233599845476
658,0.587433883900336,0.286266334773665,0.244185541162083,0.256863984839407,0.194059239855938,0.140279459933373
799,0.636150937944643,0.212638240623736,0.225342219919308,0.261497815323131,0.140279459933373,0.147819407725247
727,0.588323660284695,0.227823271636467,0.216509434133377,0.273759486818862,0.157597013980819,0.192741366843982
690,0.554380296765044,0.255024990396885,0.215727826366646,0.257786672914962,0.154850743467635,0.160930368981928
791,0.681017412481438,0.284329312589461,0.202303599215116,0.305818349289740,0.16634019279706,0.146862120354825
219,0.582982412426427,0.277585234113443,0.262430509724191,0.344314559496454,0.378617765257579,0.225342219919308
678,0.611401966215199,0.23033379664679,0.232023448734304,0.215727826366646,0.173309128978783,0.171243398019944
823,0.628206394540431,0.259638241659144,0.206639944148685,0.226992939983781,0.164024746412181,0.152982630801945
691,0.612287594171303,0.269956905233921,0.248659484023583,0.227823271636467,0.199491561253654,0.188255890082703
634,0.604311860230174,0.226992939983781,0.217294683481912,0.234581247743386,0.156796455796649,0.153350162717428
887,0.657294084136253,0.277585234113443,0.254108759679802,0.236301613614802,0.183967824035887,0.195393227873188
718,0.653774177471793,0.258711437790672,0.261497815323131,0.254108759679802,0.170736402643872,0.175435913518267
362,0.420938564569721,0.160502026996677,0.169237834303805,0.203733362812729,0.140279459933373,0.161797245314680
797,0.61405843859737,0.248659484023583,0.205907447843523,0.285297304030371,0.140279459933373,0.140279459933373
790,0.619367756469412,0.305818349289740,0.26806502014066,0.308771540986705,0.140279459933373,0.162235816543637
919,0.649372161207369,0.282396577544332,0.252283020211930,0.294052217151829,0.196743303664015,0.158410531669826
748,0.628206394540431,0.223704949036996,0.243298519444439,0.206639944148685,0.173309128978783,0.183967824035887
571,0.600763302119727,0.226992939983781,0.26336509235663,0.23977753355553,0.140279459933373,0.14298348025674
930,0.641442262346675,0.245075200706715,0.255024990396885,0.295029198942614,0.155619579790919,0.182190212262849
967,0.680139802349038,0.282396577544332,0.244185541162083,0.236301613614802,0.190154027575454,0.200889639762023
730,0.618483198986599,0.213405068833102,0.182190212262849,0.23033379664679,0.167291481291287,0.167291481291287
815,0.66608754581422,0.279506090033501,0.254108759679802,0.23033379664679,0.181025063276694,0.147178535004063
746,0.626439652176295,0.218083551882790,0.229493730258852,0.222081350052879,0.169237834303805,0.143266847840142
748,0.628206394540431,0.266179795115631,0.281431899695417,0.227823271636467,0.152982630801945,0.140279459933373
741,0.606971725447777,0.248659484023583,0.229493730258852,0.26806502014066,0.152256565618780,0.140279459933373
764,0.620252184825136,0.246862287018223,0.233725581744281,0.248659484023583,0.158822198286243,0.159655442358187
854,0.607858057407542,0.301887051542692,0.284329312589461,0.214175622695954,0.179875784505171,0.185172899926102
262,0.57763477259731,0.337407372460796,0.308771540986705,0.26806502014066,0.218876016213984,0.183371292540019
705,0.626439652176295,0.261497815323131,0.211115838461421,0.269956905233921,0.16357228121085,0.203733362812729
718,0.548094589195255,0.283362392853609,0.250466494772263,0.208116557082828,0.177624558944457,0.163123316426449
867,0.621136485069615,0.254108759679802,0.247759640188542,0.265239772398733,0.142702524367706,0.176522456496951
750,0.640560644506718,0.218083551882790,0.245075200706715,0.247759640188542,0.157597013980819,0.183371292540019
659,0.600763302119727,0.233725581744281,0.203016510694019,0.210360301592275,0.162677834203278,0.140279459933373
800,0.673994424070159,0.281431899695417,0.254108759679802,0.218876016213984,0.180448444205294,0.157195124574254
217,0.566024855998128,0.140279459933373,0.174898448025698,0.169733635746363,0.140279459933373,0.152256565618780
842,0.609630293401202,0.256863984839407,0.220471637257467,0.269956905233921,0.141873944585676,0.201594638931909
220,0.6976787165068,0.238904240888872,0.212638240623736,0.301887051542692,0.279506090033501,0.226165913043895
411,0.420938564569721,0.195393227873188,0.183371292540019,0.194059239855938,0.145928733232941,0.140279459933373
461,0.653774177471793,0.246862287018223,0.232872971194181,0.243298519444439,0.194059239855938,0.140279459933373
891,0.646729776551258,0.303851718893881,0.233725581744281,0.305818349289740,0.152618104976752,0.171754154191287
823,0.592770024376564,0.243298519444439,0.254108759679802,0.245075200706715,0.185172899926102,0.155233599845476
780,0.606971725447777,0.215727826366646,0.269010148553487,0.207376318697083,0.141602453589765,0.165869963138432
883,0.620252184825136,0.222081350052879,0.222891426963376,0.238033800236652,0.145928733232941,0.140279459933373
765,0.598988114480156,0.237166246337142,0.208860644258667,0.294052217151829,0.171243398019944,0.140279459933373
896,0.652893966371437,0.286266334773665,0.203016510694019,0.267121556704060,0.169237834303805,0.181025063276694
208,0.422838791105066,0.162235816543637,0.141873944585676,0.245967461561916,0.140279459933373,0.149807763529887
806,0.629089586309926,0.226165913043895,0.23033379664679,0.236301613614802,0.147497624383717,0.159237162188545
155,0.39218977751084,0.147819407725247,0.142147774681471,0.209608564537159,0.140279459933373,0.140279459933373
855,0.646729776551258,0.246862287018223,0.222891426963376,0.233725581744281,0.182778757451073,0.187631241909896
632,0.610516199655431,0.237166246337142,0.259638241659144,0.196066256873814,0.185781454960399,0.153720720340875
926,0.62555609967103,0.272806580486754,0.222081350052879,0.273759486818862,0.188255890082703,0.155233599845476
733,0.620252184825136,0.272806580486754,0.303851718893881,0.208116557082828,0.198109430350217,0.194724220966719
463,0.617598511353537,0.254108759679802,0.257786672914962,0.308771540986705,0.251373586915138,0.171754154191287
424,0.709940740769691,0.287236372741756,0.140279459933373,0.490923390673098,0.532779695838002,0.386384998416716
668,0.618483198986599,0.220471637257467,0.214175622695954,0.245075200706715,0.182778757451073,0.156008702799071
452,0.44923503724365,0.149807763529887,0.175977245746161,0.204454144375473,0.149807763529887,0.152982630801945
787,0.632621179272578,0.26336509235663,0.23977753355553,0.296006914761259,0.148143904307162,0.140279459933373
416,0.468793774829766,0.186394027664835,0.209608564537159,0.187010622123131,0.159655442358187,0.140801836156987
710,0.598100289370352,0.238033800236652,0.245967461561916,0.26806502014066,0.16357228121085,0.154850743467635
666,0.624672424998259,0.218083551882790,0.233725581744281,0.235439936165745,0.140279459933373,0.178742307944130
152,0.439851241970584,0.162235816543637,0.193398287644562,0.16357228121085,0.140279459933373,0.147819407725247
720,0.598988114480156,0.226165913043895,0.215727826366646,0.225342219919308,0.203016510694019,0.181605650010004
159,0.442671323317129,0.140279459933373,0.170736402643872,0.196066256873814,0.140279459933373,0.156008702799071
761,0.644967683931748,0.260567046745838,0.253194757033311,0.197424363331222,0.161362102255135,0.158002143279100
712,0.624672424998259,0.247759640188542,0.246862287018223,0.232023448734304,0.151189670120080,0.204454144375473
705,0.610516199655431,0.253194757033311,0.238033800236652,0.248659484023583,0.166814026627726,0.140279459933373
805,0.652893966371437,0.281431899695417,0.238904240888872,0.280468392646033,0.163123316426449,0.172787005806565
265,0.632621179272578,0.238033800236652,0.140279459933373,0.637915147508898,0.688035700062894,0.539995796104345
780,0.63703309779987,0.273759486818862,0.238904240888872,0.256863984839407,0.182778757451073,0.154094323280450
693,0.629089586309926,0.252283020211930,0.234581247743386,0.243298519444439,0.156400988328558,0.140279459933373
212,0.475271623239318,0.205907447843523,0.140279459933373,0.484491855840873,0.538193325982493,0.381534098529382
684,0.604311860230174,0.219672052767678,0.235439936165745,0.233725581744281,0.165869963138432,0.145928733232941
713,0.620252184825136,0.23033379664679,0.236301613614802,0.173309128978783,0.16634019279706,0.158410531669826
878,0.657294084136253,0.26336509235663,0.258711437790672,0.240653643199231,0.169733635746363,0.164024746412181
505,0.615828741507218,0.221274744825972,0.184568357977156,0.229493730258852,0.175977245746161,0.146862120354825
157,0.451106215483896,0.145928733232941,0.161797245314680,0.208860644258667,0.140279459933373,0.140279459933373
390,0.459504181093247,0.179307075461499,0.223704949036996,0.140279459933373,0.142702524367706,0.140279459933373
348,0.397976414823837,0.164480729737195,0.196743303664015,0.192088479379025,0.156400988328558,0.165869963138432
758,0.61494365721071,0.26336509235663,0.267121556704060,0.269956905233921,0.157597013980819,0.164480729737195
149,0.527356424038935,0.505558530479263,0.473422844172892,0.500080663267207,0.365932579194558,0.353177756395209
443,0.58209159090975,0.195393227873188,0.225342219919308,0.250466494772263,0.183967824035887,0.140279459933373
687,0.589213267095234,0.238033800236652,0.249561781327291,0.196066256873814,0.171243398019944,0.211115838461421
961,0.635268667058686,0.269956905233921,0.254108759679802,0.265239772398733,0.182778757451073,0.207376318697083
688,0.606085249352797,0.233725581744281,0.201594638931909,0.233725581744281,0.159237162188545,0.183371292540019
340,0.456708871220304,0.186394027664835,0.205178843545358,0.152618104976752,0.146548361254107,0.162235816543637
725,0.608744246353995,0.229493730258852,0.222891426963376,0.228656878414890,0.151542367809210,0.167291481291287
1009,0.642323774366231,0.277585234113443,0.214175622695954,0.276626749501763,0.161362102255135,0.201594638931909
743,0.607858057407542,0.255943411389996,0.205907447843523,0.264301525715948,0.152618104976752,0.178181472416481
655,0.606085249352797,0.292100571713878,0.23033379664679,0.276626749501763,0.169733635746363,0.201594638931909
728,0.623788627185174,0.247759640188542,0.250466494772263,0.234581247743386,0.161362102255135,0.178181472416481
295,0.623788627185174,0.140279459933373,0.140279459933373,0.693296511554413,0.738802828036142,0.591881082994116
771,0.610516199655431,0.253194757033311,0.278545025785751,0.214949882112267,0.167291481291287,0.182190212262849
751,0.672237905577799,0.247759640188542,0.222891426963376,0.272806580486754,0.147178535004063,0.161362102255135
706,0.608744246353995,0.246862287018223,0.241532534498303,0.233725581744281,0.160077057692081,0.148143904307162
661,0.606085249352797,0.214175622695954,0.240653643199231,0.257786672914962,0.140279459933373,0.178181472416481
692,0.620252184825136,0.219672052767678,0.242414171861771,0.226165913043895,0.154850743467635,0.154470991130581
688,0.596324170558622,0.220471637257467,0.208116557082828,0.198798498578782,0.147819407725247,0.169237834303805
658,0.609630293401202,0.232023448734304,0.243298519444439,0.23977753355553,0.143266847840142,0.188884569174318
735,0.632621179272578,0.248659484023583,0.210360301592275,0.297964434643167,0.185172899926102,0.190794809258731
825,0.65113325749733,0.286266334773665,0.277585234113443,0.231177046607856,0.181605650010004,0.194059239855938
771,0.619367756469412,0.355144025044986,0.348256569656263,0.307786743279463,0.211115838461421,0.210360301592275
773,0.624672424998259,0.238033800236652,0.240653643199231,0.218083551882790,0.158002143279100,0.140279459933373
811,0.629972659733243,0.278545025785751,0.252283020211930,0.291125967010989,0.181605650010004,0.178742307944130
638,0.634386284250911,0.267121556704060,0.226165913043895,0.245967461561916,0.180448444205294,0.184568357977156
745,0.629089586309926,0.253194757033311,0.191439626593958,0.26336509235663,0.143266847840142,0.140279459933373
788,0.587433883900336,0.226992939983781,0.210360301592275,0.255943411389996,0.140279459933373,0.147178535004063
858,0.634386284250911,0.269956905233921,0.261497815323131,0.279506090033501,0.153350162717428,0.150148946700048
824,0.629089586309926,0.245075200706715,0.237166246337142,0.269010148553487,0.162677834203278,0.151189670120080
707,0.659933050519219,0.283362392853609,0.248659484023583,0.265239772398733,0.163123316426449,0.188884569174318
806,0.649372161207369,0.270905253648299,0.296985336054750,0.259638241659144,0.163123316426449,0.198109430350217
842,0.587433883900336,0.226992939983781,0.250466494772263,0.269010148553487,0.140279459933373,0.162235816543637
739,0.657294084136253,0.270905253648299,0.264301525715948,0.186394027664835,0.214175622695954,0.171243398019944
306,0.407579902497849,0.158410531669826,0.154850743467635,0.205907447843523,0.140279459933373,0.140279459933373
775,0.579418047575081,0.222891426963376,0.227823271636467,0.226992939983781,0.161362102255135,0.149807763529887
777,0.638797087949753,0.247759640188542,0.225342219919308,0.229493730258852,0.150839880430613,0.171754154191287
168,0.521016538660012,0.151542367809210,0.146237238572002,0.219672052767678,0.140279459933373,0.189517281185082
881,0.647610671197383,0.333456768437105,0.299924552865763,0.309756707604237,0.225342219919308,0.172268685450245
762,0.644967683931748,0.257786672914962,0.222081350052879,0.225342219919308,0.200188610986799,0.154470991130581
734,0.622904705251892,0.259638241659144,0.254108759679802,0.266179795115631,0.154094323280450,0.152618104976752
766,0.622904705251892,0.218083551882790,0.242414171861771,0.189517281185082,0.168257318749387,0.140279459933373
705,0.606971725447777,0.240653643199231,0.214949882112267,0.252283020211930,0.151542367809210,0.162677834203278
887,0.61405843859737,0.212638240623736,0.215727826366646,0.209608564537159,0.16357228121085,0.195393227873188
690,0.59454741884471,0.188255890082703,0.208116557082828,0.224521889216861,0.140279459933373,0.173835068385563
743,0.606971725447777,0.238904240888872,0.267121556704060,0.256863984839407,0.170736402643872,0.140279459933373
924,0.640560644506718,0.257786672914962,0.26806502014066,0.256863984839407,0.152982630801945,0.157195124574254
722,0.617598511353537,0.260567046745838,0.204454144375473,0.296006914761259,0.140279459933373,0.215727826366646
672,0.617598511353537,0.288207386188063,0.282396577544332,0.273759486818862,0.200889639762023,0.152982630801945
828,0.661691913619881,0.23977753355553,0.232023448734304,0.214175622695954,0.186394027664835,0.141333283747465
784,0.617598511353537,0.222081350052879,0.250466494772263,0.226165913043895,0.145622826217966,0.201594638931909
764,0.527356424038935,0.352194131843378,0.345300444024283,0.346286080835727,0.269956905233921,0.260567046745838
783,0.61405843859737,0.234581247743386,0.237166246337142,0.257786672914962,0.140279459933373,0.144131604573628
217,0.512844066957349,0.140279459933373,0.160930368981928,0.196743303664015,0.152982630801945,0.140279459933373
714,0.592770024376564,0.236301613614802,0.177624558944457,0.246862287018223,0.178181472416481,0.140279459933373
535,0.568707020795868,0.193398287644562,0.185781454960399,0.238904240888872,0.140279459933373,0.140279459933373
319,0.720442270270379,0.255024990396885,0.245075200706715,0.351210191887716,0.375697185802696,0.231177046607856
722,0.621136485069615,0.211115838461421,0.212638240623736,0.244185541162083,0.165869963138432,0.169237834303805
793,0.640560644506718,0.269956905233921,0.271855157449252,0.218876016213984,0.218876016213984,0.208860644258667
158,0.446424815327873,0.168745733831007,0.172787005806565,0.194059239855938,0.140279459933373,0.140279459933373
775,0.637915147508898,0.274713840722163,0.223704949036996,0.305818349289740,0.199491561253654,0.178181472416481
848,0.622020658211421,0.259638241659144,0.226992939983781,0.228656878414890,0.175435913518267,0.151189670120080
701,0.605198627992826,0.231177046607856,0.198109430350217,0.285297304030371,0.177624558944457,0.152256565618780
768,0.596324170558622,0.228656878414890,0.182778757451073,0.258711437790672,0.182190212262849,0.175435913518267
805,0.629089586309926,0.276626749501763,0.275669606701894,0.225342219919308,0.192741366843982,0.148143904307162
773,0.622020658211421,0.250466494772263,0.251373586915138,0.187010622123131,0.187010622123131,0.227823271636467
609,0.61494365721071,0.257786672914962,0.193398287644562,0.26336509235663,0.164940248736627,0.143840891542185
726,0.586543936638165,0.235439936165745,0.196743303664015,0.193398287644562,0.184568357977156,0.140279459933373
801,0.609630293401202,0.286266334773665,0.252283020211930,0.304834801321944,0.140279459933373,0.166814026627726
433,0.437968797820157,0.182778757451073,0.174898448025698,0.208116557082828,0.140279459933373,0.147178535004063
158,0.465083048709257,0.140279459933373,0.167772573247934,0.194059239855938,0.140279459933373,0.183967824035887
848,0.610516199655431,0.231177046607856,0.225342219919308,0.225342219919308,0.185172899926102,0.143266847840142
731,0.591881082994116,0.266179795115631,0.200889639762023,0.276626749501763,0.140279459933373,0.180448444205294
729,0.631738455286738,0.229493730258852,0.227823271636467,0.215727826366646,0.178181472416481,0.140279459933373
458,0.630855615748439,0.246862287018223,0.238904240888872,0.276626749501763,0.155233599845476,0.16634019279706
771,0.623788627185174,0.256863984839407,0.198798498578782,0.23977753355553,0.140279459933373,0.166814026627726
702,0.609630293401202,0.242414171861771,0.183371292540019,0.276626749501763,0.140279459933373,0.140279459933373
152,0.444549008408857,0.140279459933373,0.140279459933373,0.175435913518267,0.140279459933373,0.145622826217966
678,0.63703309779987,0.228656878414890,0.182190212262849,0.279506090033501,0.156400988328558,0.160502026996677
630,0.626439652176295,0.260567046745838,0.235439936165745,0.23033379664679,0.147819407725247,0.140279459933373
986,0.644086484322101,0.299924552865763,0.253194757033311,0.290152214217331,0.154094323280450,0.204454144375473
176,0.535487690890414,0.151542367809210,0.180448444205294,0.181025063276694,0.161797245314680,0.140279459933373
769,0.633503788623644,0.259638241659144,0.264301525715948,0.225342219919308,0.175435913518267,0.142423961905656
734,0.626439652176295,0.283362392853609,0.217294683481912,0.273759486818862,0.141066417195949,0.141873944585676
859,0.633503788623644,0.26806502014066,0.26336509235663,0.204454144375473,0.156796455796649,0.149807763529887
725,0.636150937944643,0.217294683481912,0.217294683481912,0.196743303664015,0.177624558944457,0.163123316426449
695,0.633503788623644,0.238033800236652,0.218876016213984,0.237166246337142,0.16357228121085,0.172787005806565
766,0.644967683931748,0.259638241659144,0.229493730258852,0.261497815323131,0.197424363331222,0.151897993103576
272,0.67838435938152,0.234581247743386,0.216509434133377,0.328516409471957,0.346286080835727,0.195393227873188
176,0.528260989528785,0.140279459933373,0.206639944148685,0.16357228121085,0.140279459933373,0.140279459933373
838,0.609630293401202,0.254108759679802,0.222081350052879,0.232872971194181,0.160930368981928,0.156796455796649
748,0.619367756469412,0.247759640188542,0.233725581744281,0.232023448734304,0.194059239855938,0.16634019279706
880,0.615828741507218,0.277585234113443,0.283362392853609,0.251373586915138,0.169237834303805,0.158002143279100
803,0.644086484322101,0.251373586915138,0.267121556704060,0.205907447843523,0.184568357977156,0.149469410107982
327,0.464154311336516,0.178742307944130,0.199491561253654,0.198109430350217,0.165403320798019,0.176522456496951
768,0.628206394540431,0.242414171861771,0.244185541162083,0.202303599215116,0.201594638931909,0.143840891542185
783,0.595435874427052,0.32159942528535,0.295029198942614,0.325551793923222,0.140279459933373,0.172268685450245
345,0.436084425669404,0.178742307944130,0.140279459933373,0.226165913043895,0.155619579790919,0.173309128978783
702,0.628206394540431,0.220471637257467,0.196743303664015,0.277585234113443,0.162677834203278,0.159237162188545
777,0.645848781067736,0.251373586915138,0.249561781327291,0.256863984839407,0.158822198286243,0.184568357977156
770,0.578526502286961,0.213405068833102,0.226165913043895,0.241532534498303,0.159655442358187,0.140279459933373
291,0.393155485097713,0.156008702799071,0.140279459933373,0.192088479379025,0.140279459933373,0.140279459933373
181,0.5417972538608,0.140279459933373,0.146237238572002,0.221274744825972,0.168257318749387,0.149133866930996
911,0.604311860230174,0.255943411389996,0.273759486818862,0.275669606701894,0.156400988328558,0.182190212262849
867,0.636150937944643,0.250466494772263,0.275669606701894,0.238904240888872,0.208860644258667,0.180448444205294
912,0.65113325749733,0.345300444024283,0.328516409471957,0.381534098529382,0.234581247743386,0.220471637257467
724,0.604311860230174,0.241532534498303,0.235439936165745,0.26336509235663,0.160502026996677,0.152618104976752
494,0.613173084606865,0.245075200706715,0.216509434133377,0.229493730258852,0.181025063276694,0.154850743467635
912,0.622904705251892,0.256863984839407,0.23033379664679,0.273759486818862,0.190794809258731,0.178742307944130
707,0.602537880906253,0.218876016213984,0.196066256873814,0.264301525715948,0.140279459933373,0.177624558944457
796,0.617598511353537,0.271855157449252,0.242414171861771,0.279506090033501,0.179875784505171,0.165869963138432
648,0.606971725447777,0.241532534498303,0.200889639762023,0.257786672914962,0.164024746412181,0.146548361254107
747,0.611401966215199,0.26336509235663,0.225342219919308,0.271855157449252,0.142423961905656,0.149133866930996
706,0.624672424998259,0.250466494772263,0.261497815323131,0.213405068833102,0.186394027664835,0.140279459933373
597,0.593658802575914,0.277585234113443,0.273759486818862,0.228656878414890,0.199491561253654,0.181605650010004
958,0.655534316836593,0.370820382306947,0.336419918223748,0.326539995183568,0.242414171861771,0.169733635746363
658,0.606085249352797,0.208860644258667,0.242414171861771,0.182190212262849,0.199491561253654,0.156400988328558
325,0.439851241970584,0.158410531669826,0.175977245746161,0.227823271636467,0.140279459933373,0.151189670120080
617,0.583873056414207,0.236301613614802,0.218876016213984,0.244185541162083,0.149133866930996,0.150148946700048
379,0.469720411442728,0.203733362812729,0.208116557082828,0.266179795115631,0.169237834303805,0.140279459933373
802,0.640560644506718,0.258711437790672,0.26336509235663,0.281431899695417,0.160502026996677,0.171754154191287
761,0.615828741507218,0.311728055196152,0.310742219942023,0.217294683481912,0.167772573247934,0.158002143279100
770,0.66608754581422,0.245075200706715,0.250466494772263,0.278545025785751,0.181025063276694,0.182190212262849
171,0.521923099581909,0.155233599845476,0.197424363331222,0.23977753355553,0.171243398019944,0.144720505822661
698,0.639678919993987,0.255024990396885,0.227823271636467,0.236301613614802,0.179307075461499,0.167772573247934
692,0.592770024376564,0.23033379664679,0.266179795115631,0.162677834203278,0.189517281185082,0.166814026627726
763,0.637915147508898,0.257786672914962,0.219672052767678,0.255024990396885,0.168257318749387,0.179307075461499
743,0.659053485350326,0.243298519444439,0.222891426963376,0.232872971194181,0.173835068385563,0.158002143279100
247,0.617598511353537,0.140279459933373,0.178742307944130,0.203016510694019,0.154850743467635,0.151189670120080
769,0.622904705251892,0.253194757033311,0.218876016213984,0.267121556704060,0.170736402643872,0.170736402643872
324,0.462295554374572,0.176522456496951,0.219672052767678,0.140279459933373,0.155619579790919,0.140279459933373
190,0.562445761046978,0.140279459933373,0.171243398019944,0.174898448025698,0.142147774681471,0.141066417195949
641,0.604311860230174,0.211115838461421,0.264301525715948,0.200188610986799,0.16357228121085,0.152256565618780
891,0.635268667058686,0.254108759679802,0.229493730258852,0.274713840722163,0.164940248736627,0.182190212262849
637,0.59099197716754,0.244185541162083,0.214949882112267,0.23977753355553,0.177624558944457,0.158002143279100
722,0.606085249352797,0.246862287018223,0.214949882112267,0.233725581744281,0.205907447843523,0.205178843545358
666,0.608744246353995,0.254108759679802,0.246862287018223,0.222891426963376,0.168257318749387,0.188884569174318
899,0.652893966371437,0.26806502014066,0.273759486818862,0.251373586915138,0.169237834303805,0.175435913518267
871,0.636150937944643,0.269010148553487,0.266179795115631,0.26336509235663,0.213405068833102,0.153720720340875
322,0.422838791105066,0.178181472416481,0.204454144375473,0.179875784505171,0.143552645462116,0.140279459933373
770,0.662571212990782,0.267121556704060,0.264301525715948,0.236301613614802,0.197424363331222,0.184568357977156
806,0.644086484322101,0.233725581744281,0.242414171861771,0.23977753355553,0.160930368981928,0.176522456496951
787,0.623788627185174,0.252283020211930,0.266179795115631,0.26336509235663,0.159237162188545,0.152618104976752
770,0.657294084136253,0.253194757033311,0.262430509724191,0.255024990396885,0.140279459933373,0.173309128978783
758,0.613173084606865,0.229493730258852,0.205178843545358,0.26336509235663,0.155233599845476,0.140279459933373
729,0.645848781067736,0.26806502014066,0.267121556704060,0.269956905233921,0.203016510694019,0.153350162717428
718,0.612287594171303,0.232023448734304,0.222891426963376,0.159655442358187,0.203016510694019,0.185172899926102
672,0.588323660284695,0.256863984839407,0.232872971194181,0.213405068833102,0.167291481291287,0.170233153496669
783,0.630855615748439,0.290152214217331,0.238033800236652,0.246862287018223,0.199491561253654,0.183371292540019
731,0.601650667029677,0.235439936165745,0.215727826366646,0.218876016213984,0.201594638931909,0.140279459933373
616,0.621136485069615,0.233725581744281,0.235439936165745,0.219672052767678,0.151542367809210,0.140279459933373
827,0.624672424998259,0.275669606701894,0.235439936165745,0.190154027575454,0.192088479379025,0.182778757451073
248,0.615828741507218,0.148471133452426,0.182778757451073,0.201594638931909,0.156008702799071,0.184568357977156
1004,0.639678919993987,0.258711437790672,0.259638241659144,0.232872971194181,0.182778757451073,0.197424363331222
776,0.618483198986599,0.227823271636467,0.255943411389996,0.272806580486754,0.140279459933373,0.140279459933373
606,0.616713692539713,0.279506090033501,0.260567046745838,0.185781454960399,0.180448444205294,0.140279459933373
782,0.617598511353537,0.283362392853609,0.259638241659144,0.283362392853609,0.187010622123131,0.148143904307162
710,0.627323083479833,0.26336509235663,0.223704949036996,0.215727826366646,0.168745733831007,0.160930368981928
907,0.622904705251892,0.266179795115631,0.235439936165745,0.26336509235663,0.191439626593958,0.207376318697083
841,0.650252758171119,0.26336509235663,0.246862287018223,0.251373586915138,0.16357228121085,0.140279459933373
906,0.659053485350326,0.301887051542692,0.282396577544332,0.235439936165745,0.162677834203278,0.158822198286243
722,0.628206394540431,0.228656878414890,0.219672052767678,0.210360301592275,0.140279459933373,0.178742307944130
733,0.600763302119727,0.245967461561916,0.190794809258731,0.232872971194181,0.168257318749387,0.140279459933373
939,0.647610671197383,0.291125967010989,0.266179795115631,0.307786743279463,0.208860644258667,0.192741366843982
809,0.602537880906253,0.224521889216861,0.224521889216861,0.255024990396885,0.162677834203278,0.170736402643872
782,0.603424944919196,0.255024990396885,0.245075200706715,0.255943411389996,0.16634019279706,0.188884569174318
777,0.658173830133798,0.250466494772263,0.227823271636467,0.246862287018223,0.177624558944457,0.209608564537159
834,0.642323774366231,0.299924552865763,0.264301525715948,0.266179795115631,0.185781454960399,0.149469410107982
882,0.626439652176295,0.256863984839407,0.273759486818862,0.219672052767678,0.216509434133377,0.141066417195949
797,0.631738455286738,0.243298519444439,0.207376318697083,0.258711437790672,0.151542367809210,0.157195124574254
755,0.617598511353537,0.248659484023583,0.218083551882790,0.226165913043895,0.168745733831007,0.149807763529887
746,0.642323774366231,0.240653643199231,0.253194757033311,0.205178843545358,0.176522456496951,0.154470991130581
793,0.610516199655431,0.238033800236652,0.245075200706715,0.228656878414890,0.144131604573628,0.140279459933373
730,0.629972659733243,0.219672052767678,0.235439936165745,0.23977753355553,0.166814026627726,0.160930368981928
248,0.403744670601839,0.164024746412181,0.140539522938054,0.214949882112267,0.140279459933373,0.154094323280450
874,0.623788627185174,0.258711437790672,0.256863984839407,0.26336509235663,0.187010622123131,0.146548361254107
765,0.661691913619881,0.269010148553487,0.256863984839407,0.237166246337142,0.190794809258731,0.141873944585676
348,0.470646634478409,0.187631241909896,0.218876016213984,0.190154027575454,0.140279459933373,0.159237162188545
224,0.502821101328797,0.157195124574254,0.178742307944130,0.255024990396885,0.140279459933373,0.140279459933373
700,0.590102705627282,0.246862287018223,0.206639944148685,0.244185541162083,0.174364837136968,0.140279459933373
851,0.626439652176295,0.281431899695417,0.262430509724191,0.284329312589461,0.241532534498303,0.174364837136968
698,0.641442262346675,0.259638241659144,0.236301613614802,0.259638241659144,0.183967824035887,0.197424363331222
190,0.485411763012758,0.311728055196152,0.266179795115631,0.301887051542692,0.201594638931909,0.157195124574254
760,0.647610671197383,0.222891426963376,0.221274744825972,0.296985336054750,0.147178535004063,0.173309128978783
760,0.622020658211421,0.251373586915138,0.231177046607856,0.203733362812729,0.158822198286243,0.172268685450245
331,0.65201365997105,0.16634019279706,0.196743303664015,0.184568357977156,0.159655442358187,0.160502026996677
687,0.605198627992826,0.23033379664679,0.237166246337142,0.208860644258667,0.162235816543637,0.175977245746161
676,0.633503788623644,0.237166246337142,0.223704949036996,0.186394027664835,0.185781454960399,0.156796455796649
763,0.622020658211421,0.278545025785751,0.255943411389996,0.219672052767678,0.202303599215116,0.206639944148685
655,0.627323083479833,0.255943411389996,0.235439936165745,0.255943411389996,0.179875784505171,0.181605650010004
830,0.637915147508898,0.361034414931008,0.302869127130412,0.306802338059224,0.177071557205383,0.16357228121085
377,0.466939252082330,0.179307075461499,0.231177046607856,0.191439626593958,0.152256565618780,0.153720720340875
558,0.557967132030868,0.391223565654671,0.352194131843378,0.355144025044986,0.249561781327291,0.223704949036996
168,0.507381840049532,0.145319498566922,0.159237162188545,0.211115838461421,0.167291481291287,0.140279459933373
721,0.590102705627282,0.194059239855938,0.23977753355553,0.181025063276694,0.157597013980819,0.141602453589765
167,0.513753336846181,0.146862120354825,0.158822198286243,0.200188610986799,0.149133866930996,0.153350162717428
779,0.596324170558622,0.234581247743386,0.245967461561916,0.179875784505171,0.167772573247934,0.181025063276694
887,0.638797087949753,0.269956905233921,0.245075200706715,0.277585234113443,0.170233153496669,0.140279459933373
270,0.420938564569721,0.166814026627726,0.183967824035887,0.185781454960399,0.140279459933373,0.187631241909896
704,0.620252184825136,0.224521889216861,0.227823271636467,0.255943411389996,0.140279459933373,0.140279459933373
187,0.483571570595327,0.140279459933373,0.208116557082828,0.140279459933373,0.151542367809210,0.14298348025674
228,0.576742857104671,0.179307075461499,0.159237162188545,0.222081350052879,0.140279459933373,0.164940248736627
608,0.619367756469412,0.374722731821464,0.362014841934518,0.301887051542692,0.226992939983781,0.173835068385563
753,0.659053485350326,0.287236372741756,0.271855157449252,0.204454144375473,0.180448444205294,0.173835068385563
734,0.590102705627282,0.290152214217331,0.237166246337142,0.305818349289740,0.162235816543637,0.140279459933373
595,0.59099197716754,0.310742219942023,0.296985336054750,0.277585234113443,0.181025063276694,0.188255890082703
631,0.606971725447777,0.242414171861771,0.218083551882790,0.227823271636467,0.159655442358187,0.164480729737195
207,0.586543936638165,0.14298348025674,0.145928733232941,0.220471637257467,0.140279459933373,0.141066417195949
157,0.470646634478409,0.155233599845476,0.191439626593958,0.179307075461499,0.142423961905656,0.174898448025698
790,0.638797087949753,0.241532534498303,0.216509434133377,0.250466494772263,0.152256565618780,0.159237162188545
707,0.586543936638165,0.221274744825972,0.234581247743386,0.231177046607856,0.152982630801945,0.179307075461499
306,0.675750628954486,0.225342219919308,0.200889639762023,0.327528205863718,0.37179664134119,0.218083551882790
683,0.642323774366231,0.242414171861771,0.218083551882790,0.260567046745838,0.175435913518267,0.140279459933373
200,0.576742857104671,0.140279459933373,0.183967824035887,0.196743303664015,0.140279459933373,0.142147774681471
662,0.58209159090975,0.304834801321944,0.298944182722262,0.301887051542692,0.161362102255135,0.169237834303805
759,0.608744246353995,0.232023448734304,0.255943411389996,0.205178843545358,0.188255890082703,0.164940248736627
662,0.596324170558622,0.222891426963376,0.208860644258667,0.238904240888872,0.170233153496669,0.178181472416481
644,0.593658802575914,0.259638241659144,0.200188610986799,0.245075200706715,0.187010622123131,0.154850743467635
204,0.548094589195255,0.152618104976752,0.173835068385563,0.214175622695954,0.181605650010004,0.185781454960399
929,0.629089586309926,0.354161056920203,0.33543232376894,0.265239772398733,0.214949882112267,0.162677834203278
739,0.623788627185174,0.218083551882790,0.232872971194181,0.23977753355553,0.158822198286243,0.140279459933373
709,0.612287594171303,0.225342219919308,0.217294683481912,0.253194757033311,0.177624558944457,0.140279459933373
735,0.619367756469412,0.226165913043895,0.214175622695954,0.277585234113443,0.140279459933373,0.158410531669826
163,0.470646634478409,0.140279459933373,0.143552645462116,0.188884569174318,0.140279459933373,0.140279459933373
802,0.621136485069615,0.244185541162083,0.261497815323131,0.279506090033501,0.164480729737195,0.185172899926102
762,0.644967683931748,0.242414171861771,0.23977753355553,0.245967461561916,0.210360301592275,0.140279459933373
838,0.648491465815105,0.247759640188542,0.26806502014066,0.256863984839407,0.140279459933373,0.144424803121843
349,0.464154311336516,0.181605650010004,0.16634019279706,0.182190212262849,0.191439626593958,0.152982630801945
651,0.606971725447777,0.241532534498303,0.251373586915138,0.226992939983781,0.170233153496669,0.16634019279706
217,0.591881082994116,0.169733635746363,0.179307075461499,0.169237834303805,0.157597013980819,0.157597013980819
656,0.623788627185174,0.247759640188542,0.255943411389996,0.171243398019944,0.189517281185082,0.154094323280450
812,0.646729776551258,0.319623752397046,0.292100571713878,0.308771540986705,0.224521889216861,0.152256565618780
733,0.619367756469412,0.256863984839407,0.255943411389996,0.205907447843523,0.168745733831007,0.140279459933373
776,0.622020658211421,0.254108759679802,0.23033379664679,0.236301613614802,0.182190212262849,0.188884569174318
712,0.631738455286738,0.288207386188063,0.256863984839407,0.295029198942614,0.160077057692081,0.143840891542185
776,0.636150937944643,0.252283020211930,0.227823271636467,0.285297304030371,0.150492979148870,0.159237162188545
717,0.607858057407542,0.218876016213984,0.220471637257467,0.223704949036996,0.160930368981928,0.201594638931909
796,0.657294084136253,0.317648619366148,0.316661303992259,0.257786672914962,0.207376318697083,0.146548361254107
798,0.623788627185174,0.23033379664679,0.258711437790672,0.213405068833102,0.16357228121085,0.207376318697083
835,0.599875784998553,0.228656878414890,0.240653643199231,0.209608564537159,0.149807763529887,0.181605650010004
789,0.654654294039608,0.264301525715948,0.23033379664679,0.264301525715948,0.201594638931909,0.155233599845476
764,0.588323660284695,0.296006914761259,0.295029198942614,0.260567046745838,0.194724220966719,0.163123316426449
956,0.648491465815105,0.276626749501763,0.257786672914962,0.322587416871138,0.204454144375473,0.194724220966719
740,0.622020658211421,0.270905253648299,0.233725581744281,0.244185541162083,0.167772573247934,0.179875784505171
760,0.619367756469412,0.23977753355553,0.194724220966719,0.245967461561916,0.154850743467635,0.140279459933373
710,0.59099197716754,0.249561781327291,0.203016510694019,0.227823271636467,0.140279459933373,0.170736402643872
170,0.513753336846181,0.140279459933373,0.174364837136968,0.192088479379025,0.140279459933373,0.140279459933373
254,0.57763477259731,0.290152214217331,0.242414171861771,0.277585234113443,0.142147774681471,0.204454144375473
765,0.616713692539713,0.231177046607856,0.181025063276694,0.217294683481912,0.175977245746161,0.140279459933373
728,0.613173084606865,0.238033800236652,0.227823271636467,0.217294683481912,0.145928733232941,0.174364837136968
745,0.646729776551258,0.26806502014066,0.260567046745838,0.265239772398733,0.140279459933373,0.161362102255135
726,0.635268667058686,0.26336509235663,0.245075200706715,0.258711437790672,0.192741366843982,0.140279459933373
164,0.478041795094857,0.159655442358187,0.177071557205383,0.183371292540019,0.170233153496669,0.140279459933373
953,0.642323774366231,0.270905253648299,0.261497815323131,0.254108759679802,0.203016510694019,0.165869963138432
760,0.620252184825136,0.226992939983781,0.248659484023583,0.219672052767678,0.182778757451073,0.140279459933373
849,0.627323083479833,0.235439936165745,0.271855157449252,0.193398287644562,0.168257318749387,0.214175622695954
895,0.629089586309926,0.258711437790672,0.264301525715948,0.232872971194181,0.170736402643872,0.185172899926102
737,0.695049586089508,0.276626749501763,0.290152214217331,0.215727826366646,0.204454144375473,0.170233153496669
755,0.615828741507218,0.249561781327291,0.251373586915138,0.199491561253654,0.160502026996677,0.172268685450245
157,0.447362019176649,0.140279459933373,0.188255890082703,0.16634019279706,0.140279459933373,0.140279459933373
827,0.574065981658382,0.273759486818862,0.241532534498303,0.26336509235663,0.160930368981928,0.203016510694019
266,0.634386284250911,0.164480729737195,0.168745733831007,0.224521889216861,0.152256565618780,0.147178535004063
761,0.605198627992826,0.221274744825972,0.224521889216861,0.289179343702615,0.157597013980819,0.216509434133377
728,0.605198627992826,0.256863984839407,0.234581247743386,0.310742219942023,0.145018731380577,0.140279459933373
802,0.670481068306923,0.258711437790672,0.238033800236652,0.300905518027404,0.16357228121085,0.159237162188545
667,0.637915147508898,0.226992939983781,0.222891426963376,0.259638241659144,0.149807763529887,0.188255890082703
369,0.427580548847338,0.155619579790919,0.167772573247934,0.200188610986799,0.140279459933373,0.149133866930996
614,0.565130393380684,0.290152214217331,0.238033800236652,0.278545025785751,0.145928733232941,0.153350162717428
769,0.63703309779987,0.260567046745838,0.252283020211930,0.237166246337142,0.140279459933373,0.196066256873814
461,0.643205181411445,0.214949882112267,0.200188610986799,0.220471637257467,0.141602453589765,0.163123316426449
752,0.604311860230174,0.235439936165745,0.252283020211930,0.200889639762023,0.16634019279706,0.181605650010004
755,0.621136485069615,0.324563618926047,0.284329312589461,0.306802338059224,0.150492979148870,0.190794809258731
719,0.587433883900336,0.222891426963376,0.183371292540019,0.226992939983781,0.168257318749387,0.147819407725247
438,0.460435073421994,0.200188610986799,0.194059239855938,0.222891426963376,0.158410531669826,0.156400988328558
396,0.458572851358513,0.152982630801945,0.162677834203278,0.197424363331222,0.156008702799071,0.140279459933373
749,0.61494365721071,0.293075998312143,0.298944182722262,0.232872971194181,0.193398287644562,0.151542367809210
693,0.597212308466731,0.251373586915138,0.231177046607856,0.252283020211930,0.194724220966719,0.161362102255135
814,0.621136485069615,0.305818349289740,0.291125967010989,0.249561781327291,0.175977245746161,0.162235816543637
795,0.598100289370352,0.260567046745838,0.280468392646033,0.272806580486754,0.152618104976752,0.189517281185082
815,0.659933050519219,0.246862287018223,0.246862287018223,0.215727826366646,0.158002143279100,0.155619579790919
801,0.598100289370352,0.210360301592275,0.159655442358187,0.259638241659144,0.153720720340875,0.160930368981928
735,0.611401966215199,0.218876016213984,0.23977753355553,0.245075200706715,0.161362102255135,0.183967824035887
723,0.611401966215199,0.261497815323131,0.256863984839407,0.205907447843523,0.187010622123131,0.190154027575454
804,0.642323774366231,0.242414171861771,0.208860644258667,0.240653643199231,0.160502026996677,0.184568357977156
792,0.629089586309926,0.261497815323131,0.233725581744281,0.226165913043895,0.166814026627726,0.172787005806565
834,0.627323083479833,0.245967461561916,0.254108759679802,0.198798498578782,0.174898448025698,0.164024746412181
731,0.637915147508898,0.258711437790672,0.251373586915138,0.236301613614802,0.165869963138432,0.140279459933373
839,0.622020658211421,0.232872971194181,0.211115838461421,0.271855157449252,0.151189670120080,0.140279459933373
779,0.59454741884471,0.183371292540019,0.198798498578782,0.272806580486754,0.145319498566922,0.140279459933373
796,0.638797087949753,0.264301525715948,0.236301613614802,0.252283020211930,0.169733635746363,0.165869963138432
726,0.622020658211421,0.247759640188542,0.233725581744281,0.208860644258667,0.161362102255135,0.160077057692081
875,0.596324170558622,0.223704949036996,0.240653643199231,0.198109430350217,0.156400988328558,0.174364837136968
882,0.620252184825136,0.214949882112267,0.160930368981928,0.287236372741756,0.140279459933373,0.177071557205383
331,0.458572851358513,0.190794809258731,0.177071557205383,0.203733362812729,0.158002143279100,0.171243398019944
834,0.612287594171303,0.235439936165745,0.240653643199231,0.279506090033501,0.145622826217966,0.192741366843982
752,0.617598511353537,0.255024990396885,0.243298519444439,0.219672052767678,0.174898448025698,0.140279459933373
175,0.531876497718254,0.140279459933373,0.158410531669826,0.216509434133377,0.140279459933373,0.201594638931909
727,0.602537880906253,0.271855157449252,0.238033800236652,0.269956905233921,0.170233153496669,0.140279459933373
706,0.619367756469412,0.246862287018223,0.221274744825972,0.255024990396885,0.182778757451073,0.188884569174318
687,0.627323083479833,0.254108759679802,0.196743303664015,0.270905253648299,0.178181472416481,0.197424363331222
747,0.631738455286738,0.251373586915138,0.256863984839407,0.271855157449252,0.176522456496951,0.174364837136968
776,0.644086484322101,0.257786672914962,0.217294683481912,0.226165913043895,0.227823271636467,0.206639944148685
782,0.647610671197383,0.26336509235663,0.278545025785751,0.244185541162083,0.191439626593958,0.140279459933373
805,0.634386284250911,0.265239772398733,0.266179795115631,0.204454144375473,0.181605650010004,0.203016510694019
775,0.62555609967103,0.245967461561916,0.238033800236652,0.248659484023583,0.154470991130581,0.191439626593958
641,0.617598511353537,0.265239772398733,0.255943411389996,0.203016510694019,0.192088479379025,0.174364837136968
708,0.629972659733243,0.232023448734304,0.193398287644562,0.23033379664679,0.146862120354825,0.151542367809210
777,0.606085249352797,0.192741366843982,0.170736402643872,0.296985336054750,0.145928733232941,0.193398287644562
732,0.603424944919196,0.200188610986799,0.218083551882790,0.222081350052879,0.152618104976752,0.140279459933373
299,0.424736999725661,0.168745733831007,0.218876016213984,0.189517281185082,0.164024746412181,0.140279459933373
774,0.613173084606865,0.257786672914962,0.218083551882790,0.254108759679802,0.177071557205383,0.156796455796649
607,0.549891666487745,0.277585234113443,0.282396577544332,0.164024746412181,0.205907447843523,0.140279459933373
692,0.655534316836593,0.233725581744281,0.255943411389996,0.223704949036996,0.151542367809210,0.160502026996677
701,0.608744246353995,0.245075200706715,0.182778757451073,0.245075200706715,0.176522456496951,0.143266847840142
715,0.616713692539713,0.237166246337142,0.245075200706715,0.185781454960399,0.156796455796649,0.149469410107982
804,0.620252184825136,0.236301613614802,0.257786672914962,0.193398287644562,0.162235816543637,0.145018731380577
930,0.658173830133798,0.26806502014066,0.215727826366646,0.290152214217331,0.175977245746161,0.140279459933373
583,0.644967683931748,0.267121556704060,0.23977753355553,0.259638241659144,0.182190212262849,0.170233153496669
701,0.617598511353537,0.227823271636467,0.196066256873814,0.244185541162083,0.144720505822661,0.160930368981928
698,0.604311860230174,0.23033379664679,0.240653643199231,0.233725581744281,0.173309128978783,0.140279459933373
742,0.622904705251892,0.218083551882790,0.251373586915138,0.223704949036996,0.194059239855938,0.185781454960399
605,0.650252758171119,0.254108759679802,0.198798498578782,0.273759486818862,0.141333283747465,0.182190212262849
877,0.644967683931748,0.242414171861771,0.227823271636467,0.264301525715948,0.172787005806565,0.140279459933373
818,0.621136485069615,0.292100571713878,0.296006914761259,0.226992939983781,0.207376318697083,0.151189670120080
676,0.613173084606865,0.226992939983781,0.218876016213984,0.271855157449252,0.179875784505171,0.140279459933373
390,0.472497848634527,0.245967461561916,0.168257318749387,0.243298519444439,0.164024746412181,0.192741366843982
770,0.640560644506718,0.240653643199231,0.248659484023583,0.265239772398733,0.159655442358187,0.180448444205294
669,0.65113325749733,0.238904240888872,0.214175622695954,0.265239772398733,0.157597013980819,0.151542367809210
805,0.633503788623644,0.240653643199231,0.251373586915138,0.291125967010989,0.183967824035887,0.165869963138432
480,0.458572851358513,0.172787005806565,0.180448444205294,0.202303599215116,0.140279459933373,0.149469410107982
663,0.596324170558622,0.317648619366148,0.278545025785751,0.308771540986705,0.209608564537159,0.169733635746363
718,0.629972659733243,0.302869127130412,0.306802338059224,0.256863984839407,0.188255890082703,0.214175622695954
871,0.658173830133798,0.26806502014066,0.271855157449252,0.266179795115631,0.177071557205383,0.223704949036996
230,0.66608754581422,0.218876016213984,0.180448444205294,0.430419611243593,0.447362019176649,0.292100571713878
890,0.637915147508898,0.334444602573969,0.309756707604237,0.255943411389996,0.171243398019944,0.211875157547888
807,0.646729776551258,0.332468835480985,0.277585234113443,0.302869127130412,0.235439936165745,0.208116557082828
873,0.608744246353995,0.257786672914962,0.26336509235663,0.234581247743386,0.183967824035887,0.180448444205294
761,0.631738455286738,0.211115838461421,0.194059239855938,0.232023448734304,0.155619579790919,0.161362102255135
758,0.661691913619881,0.298944182722262,0.277585234113443,0.284329312589461,0.187010622123131,0.14298348025674
302,0.657294084136253,0.226992939983781,0.194059239855938,0.325551793923222,0.377644706128292,0.226992939983781
971,0.644967683931748,0.244185541162083,0.233725581744281,0.209608564537159,0.153350162717428,0.146862120354825
747,0.59454741884471,0.244185541162083,0.224521889216861,0.226992939983781,0.170233153496669,0.165403320798019
691,0.607858057407542,0.206639944148685,0.249561781327291,0.143266847840142,0.174364837136968,0.171243398019944
777,0.624672424998259,0.246862287018223,0.248659484023583,0.177071557205383,0.172268685450245,0.169237834303805
821,0.662571212990782,0.269010148553487,0.267121556704060,0.248659484023583,0.182778757451073,0.168257318749387
795,0.601650667029677,0.222891426963376,0.218876016213984,0.205178843545358,0.149807763529887,0.190794809258731
639,0.649372161207369,0.245075200706715,0.194724220966719,0.235439936165745,0.187010622123131,0.149469410107982
899,0.629972659733243,0.258711437790672,0.243298519444439,0.209608564537159,0.182778757451073,0.218876016213984
931,0.661691913619881,0.308771540986705,0.285297304030371,0.318636108753548,0.205907447843523,0.162235816543637
654,0.61494365721071,0.225342219919308,0.241532534498303,0.171243398019944,0.171754154191287,0.140279459933373
677,0.63703309779987,0.236301613614802,0.226992939983781,0.260567046745838,0.140279459933373,0.140279459933373
894,0.623788627185174,0.249561781327291,0.286266334773665,0.176522456496951,0.207376318697083,0.186394027664835
781,0.633503788623644,0.229493730258852,0.198109430350217,0.26806502014066,0.152618104976752,0.140279459933373
836,0.620252184825136,0.237166246337142,0.208860644258667,0.235439936165745,0.166814026627726,0.157597013980819
720,0.610516199655431,0.223704949036996,0.208860644258667,0.204454144375473,0.140279459933373,0.148801114525785
764,0.616713692539713,0.215727826366646,0.23033379664679,0.222891426963376,0.156008702799071,0.140279459933373
849,0.629089586309926,0.223704949036996,0.199491561253654,0.233725581744281,0.161797245314680,0.175435913518267
588,0.627323083479833,0.316661303992259,0.299924552865763,0.283362392853609,0.221274744825972,0.185781454960399
868,0.642323774366231,0.253194757033311,0.259638241659144,0.253194757033311,0.141066417195949,0.169237834303805
796,0.6678452031824,0.283362392853609,0.262430509724191,0.292100571713878,0.159237162188545,0.173309128978783
754,0.646729776551258,0.258711437790672,0.226992939983781,0.273759486818862,0.148471133452426,0.167772573247934
931,0.654654294039608,0.272806580486754,0.284329312589461,0.140279459933373,0.193398287644562,0.190794809258731
733,0.560654953573793,0.251373586915138,0.199491561253654,0.182190212262849,0.212638240623736,0.181605650010004
831,0.652893966371437,0.269010148553487,0.238033800236652,0.276626749501763,0.150492979148870,0.157597013980819
952,0.606971725447777,0.359072414588444,0.299924552865763,0.299924552865763,0.150148946700048,0.185172899926102
333,0.426633199381427,0.184568357977156,0.187631241909896,0.192088479379025,0.170233153496669,0.177624558944457
728,0.644086484322101,0.304834801321944,0.279506090033501,0.232023448734304,0.191439626593958,0.205178843545358
570,0.601650667029677,0.231177046607856,0.242414171861771,0.264301525715948,0.150839880430613,0.171754154191287
664,0.634386284250911,0.23033379664679,0.182190212262849,0.266179795115631,0.145319498566922,0.169237834303805
771,0.649372161207369,0.226165913043895,0.223704949036996,0.265239772398733,0.152982630801945,0.182778757451073
883,0.653774177471793,0.307786743279463,0.294052217151829,0.326539995183568,0.205178843545358,0.173835068385563
760,0.639678919993987,0.285297304030371,0.244185541162083,0.269956905233921,0.171243398019944,0.179875784505171
660,0.560654953573793,0.206639944148685,0.219672052767678,0.222081350052879,0.140279459933373,0.171243398019944
788,0.635268667058686,0.244185541162083,0.227823271636467,0.183967824035887,0.167291481291287,0.140279459933373
720,0.635268667058686,0.247759640188542,0.220471637257467,0.242414171861771,0.175977245746161,0.140279459933373
890,0.605198627992826,0.284329312589461,0.245075200706715,0.266179795115631,0.171754154191287,0.173309128978783
882,0.630855615748439,0.194059239855938,0.266179795115631,0.140279459933373,0.173309128978783,0.140279459933373
732,0.618483198986599,0.224521889216861,0.26336509235663,0.213405068833102,0.150492979148870,0.164480729737195
730,0.654654294039608,0.26806502014066,0.238904240888872,0.261497815323131,0.205907447843523,0.177071557205383
781,0.62555609967103,0.271855157449252,0.265239772398733,0.226992939983781,0.159655442358187,0.160502026996677
690,0.634386284250911,0.235439936165745,0.285297304030371,0.255943411389996,0.179875784505171,0.170233153496669
704,0.617598511353537,0.229493730258852,0.218083551882790,0.26336509235663,0.140279459933373,0.196743303664015
792,0.59099197716754,0.254108759679802,0.260567046745838,0.255024990396885,0.181025063276694,0.174898448025698
684,0.604311860230174,0.203016510694019,0.192088479379025,0.226165913043895,0.141066417195949,0.160077057692081
192,0.509203854805391,0.140279459933373,0.162235816543637,0.220471637257467,0.141873944585676,0.146862120354825
785,0.621136485069615,0.245075200706715,0.237166246337142,0.246862287018223,0.170736402643872,0.155233599845476
322,0.439851241970584,0.147497624383717,0.159237162188545,0.223704949036996,0.140279459933373,0.140279459933373
416,0.419036311953547,0.141873944585676,0.157195124574254,0.192088479379025,0.140279459933373,0.162235816543637
660,0.617598511353537,0.196066256873814,0.223704949036996,0.264301525715948,0.153720720340875,0.140279459933373
350,0.435141512434088,0.182190212262849,0.140279459933373,0.206639944148685,0.140279459933373,0.152982630801945
310,0.44923503724365,0.178742307944130,0.182778757451073,0.200188610986799,0.151542367809210,0.140279459933373
741,0.599875784998553,0.208860644258667,0.255024990396885,0.211875157547888,0.140279459933373,0.160077057692081
767,0.649372161207369,0.257786672914962,0.264301525715948,0.215727826366646,0.187010622123131,0.158410531669826
756,0.62555609967103,0.229493730258852,0.291125967010989,0.164480729737195,0.165869963138432,0.140279459933373
959,0.664329550930648,0.308771540986705,0.272806580486754,0.303851718893881,0.206639944148685,0.199491561253654
678,0.603424944919196,0.218876016213984,0.224521889216861,0.213405068833102,0.155619579790919,0.140279459933373
708,0.628206394540431,0.211875157547888,0.204454144375473,0.245967461561916,0.142147774681471,0.152982630801945
693,0.633503788623644,0.224521889216861,0.168745733831007,0.253194757033311,0.140279459933373,0.229493730258852
849,0.615828741507218,0.26806502014066,0.267121556704060,0.201594638931909,0.161797245314680,0.164940248736627
661,0.656414246618719,0.226992939983781,0.223704949036996,0.248659484023583,0.161797245314680,0.158002143279100
626,0.561550463611059,0.270905253648299,0.23033379664679,0.255943411389996,0.206639944148685,0.158410531669826
790,0.629089586309926,0.23033379664679,0.196743303664015,0.264301525715948,0.140279459933373,0.173309128978783
586,0.593658802575914,0.218083551882790,0.231177046607856,0.236301613614802,0.177071557205383,0.183967824035887
773,0.59454741884471,0.236301613614802,0.229493730258852,0.224521889216861,0.152256565618780,0.193398287644562
831,0.657294084136253,0.267121556704060,0.258711437790672,0.255943411389996,0.173309128978783,0.202303599215116
784,0.677506525321988,0.292100571713878,0.262430509724191,0.297964434643167,0.165869963138432,0.202303599215116
680,0.612287594171303,0.226992939983781,0.192741366843982,0.287236372741756,0.155233599845476,0.145018731380577
506,0.68364980472056,0.251373586915138,0.227823271636467,0.341355528691973,0.366910990862085,0.255024990396885
160,0.457641082102348,0.140279459933373,0.144720505822661,0.213405068833102,0.149469410107982,0.156400988328558
708,0.61405843859737,0.240653643199231,0.219672052767678,0.234581247743386,0.165403320798019,0.150839880430613
692,0.598100289370352,0.202303599215116,0.224521889216861,0.207376318697083,0.156400988328558,0.155233599845476
374,0.466011361565902,0.190154027575454,0.175977245746161,0.213405068833102,0.140279459933373,0.151542367809210
708,0.589213267095234,0.271855157449252,0.232872971194181,0.247759640188542,0.190154027575454,0.140279459933373
705,0.640560644506718,0.252283020211930,0.227823271636467,0.226992939983781,0.183967824035887,0.150492979148870
834,0.634386284250911,0.266179795115631,0.216509434133377,0.255024990396885,0.186394027664835,0.157597013980819
683,0.608744246353995,0.276626749501763,0.291125967010989,0.331480818156256,0.254108759679802,0.229493730258852
715,0.621136485069615,0.253194757033311,0.203733362812729,0.255024990396885,0.140279459933373,0.165403320798019
370,0.441731771836077,0.147497624383717,0.175977245746161,0.206639944148685,0.140801836156987,0.160502026996677
763,0.638797087949753,0.238904240888872,0.259638241659144,0.236301613614802,0.164940248736627,0.191439626593958
406,0.466011361565902,0.156008702799071,0.179875784505171,0.216509434133377,0.140279459933373,0.140279459933373
653,0.620252184825136,0.242414171861771,0.225342219919308,0.261497815323131,0.165403320798019,0.140279459933373
375,0.40182397040703,0.183371292540019,0.197424363331222,0.178742307944130,0.140279459933373,0.164480729737195
206,0.517387345588464,0.142423961905656,0.171754154191287,0.179875784505171,0.150148946700048,0.150839880430613
343,0.428527399760189,0.169237834303805,0.16634019279706,0.172268685450245,0.140279459933373,0.161797245314680
686,0.618483198986599,0.224521889216861,0.188884569174318,0.238904240888872,0.171754154191287,0.141602453589765
753,0.62555609967103,0.252283020211930,0.253194757033311,0.225342219919308,0.14298348025674,0.157195124574254
624,0.608744246353995,0.215727826366646,0.214175622695954,0.233725581744281,0.174898448025698,0.149469410107982
794,0.655534316836593,0.238904240888872,0.251373586915138,0.224521889216861,0.190154027575454,0.169237834303805
849,0.606085249352797,0.261497815323131,0.228656878414890,0.254108759679802,0.140279459933373,0.151897993103576
768,0.636150937944643,0.196066256873814,0.156008702799071,0.256863984839407,0.140279459933373,0.177071557205383
870,0.617598511353537,0.256863984839407,0.259638241659144,0.242414171861771,0.140279459933373,0.175435913518267
817,0.653774177471793,0.26806502014066,0.266179795115631,0.228656878414890,0.149807763529887,0.140279459933373
765,0.637915147508898,0.241532534498303,0.182778757451073,0.299924552865763,0.140279459933373,0.151189670120080
673,0.602537880906253,0.196066256873814,0.218083551882790,0.236301613614802,0.166814026627726,0.140279459933373
681,0.605198627992826,0.214175622695954,0.238033800236652,0.222891426963376,0.162677834203278,0.140279459933373
620,0.659053485350326,0.252283020211930,0.228656878414890,0.270905253648299,0.178181472416481,0.174898448025698
849,0.63703309779987,0.238033800236652,0.284329312589461,0.248659484023583,0.155619579790919,0.164024746412181
798,0.631738455286738,0.237166246337142,0.232872971194181,0.228656878414890,0.140279459933373,0.192088479379025
1015,0.649372161207369,0.276626749501763,0.267121556704060,0.192741366843982,0.189517281185082,0.159237162188545
804,0.631738455286738,0.275669606701894,0.295029198942614,0.219672052767678,0.192741366843982,0.140279459933373
776,0.622020658211421,0.264301525715948,0.255943411389996,0.200889639762023,0.164024746412181,0.140279459933373
640,0.620252184825136,0.232023448734304,0.222891426963376,0.211115838461421,0.160502026996677,0.173835068385563
616,0.617598511353537,0.257786672914962,0.235439936165745,0.198798498578782,0.178742307944130,0.140279459933373
379,0.42188893060604,0.173835068385563,0.160930368981928,0.23977753355553,0.178181472416481,0.177624558944457
593,0.638797087949753,0.282396577544332,0.222891426963376,0.288207386188063,0.160077057692081,0.190794809258731
738,0.609630293401202,0.270905253648299,0.26336509235663,0.252283020211930,0.147819407725247,0.140279459933373
823,0.591881082994116,0.196066256873814,0.181025063276694,0.264301525715948,0.174364837136968,0.140279459933373
840,0.630855615748439,0.296985336054750,0.251373586915138,0.252283020211930,0.195393227873188,0.167772573247934
351,0.717817599970381,0.269010148553487,0.242414171861771,0.346286080835727,0.362994878061971,0.209608564537159
782,0.591881082994116,0.23977753355553,0.245967461561916,0.225342219919308,0.177071557205383,0.174898448025698
681,0.639678919993987,0.260567046745838,0.245075200706715,0.229493730258852,0.173309128978783,0.188255890082703
725,0.605198627992826,0.226165913043895,0.274713840722163,0.165869963138432,0.141873944585676,0.202303599215116
666,0.57585075439854,0.220471637257467,0.226992939983781,0.237166246337142,0.14298348025674,0.161362102255135
1000,0.593658802575914,0.194059239855938,0.238033800236652,0.201594638931909,0.140279459933373,0.140279459933373
986,0.699431155326687,0.333456768437105,0.310742219942023,0.294052217151829,0.182778757451073,0.140279459933373
741,0.616713692539713,0.267121556704060,0.249561781327291,0.208116557082828,0.178742307944130,0.170233153496669
718,0.629972659733243,0.242414171861771,0.269010148553487,0.169733635746363,0.173835068385563,0.195393227873188
723,0.647610671197383,0.259638241659144,0.261497815323131,0.240653643199231,0.149469410107982,0.154094323280450
681,0.611401966215199,0.269956905233921,0.264301525715948,0.256863984839407,0.142423961905656,0.154470991130581
957,0.642323774366231,0.301887051542692,0.277585234113443,0.278545025785751,0.164480729737195,0.164024746412181
379,0.696802403180819,0.222891426963376,0.201594638931909,0.37179664134119,0.391223565654671,0.295029198942614
851,0.63703309779987,0.238033800236652,0.26336509235663,0.221274744825972,0.140279459933373,0.173309128978783
257,0.44923503724365,0.187010622123131,0.208116557082828,0.218083551882790,0.157597013980819,0.167772573247934
673,0.534585290557682,0.317648619366148,0.247759640188542,0.262430509724191,0.254108759679802,0.193398287644562
592,0.634386284250911,0.26336509235663,0.284329312589461,0.267121556704060,0.145018731380577,0.140279459933373
172,0.506470348170507,0.140279459933373,0.210360301592275,0.179875784505171,0.140279459933373,0.158822198286243
853,0.665208590906176,0.279506090033501,0.256863984839407,0.223704949036996,0.173835068385563,0.167772573247934
384,0.659053485350326,0.245075200706715,0.190154027575454,0.304834801321944,0.325551793923222,0.178742307944130
733,0.601650667029677,0.265239772398733,0.243298519444439,0.292100571713878,0.158002143279100,0.167291481291287
688,0.606971725447777,0.226165913043895,0.220471637257467,0.201594638931909,0.168745733831007,0.155233599845476
899,0.708189724424737,0.339381807952053,0.315674182764382,0.296985336054750,0.220471637257467,0.198109430350217
165,0.471572446139952,0.140279459933373,0.150492979148870,0.186394027664835,0.146862120354825,0.163123316426449
867,0.647610671197383,0.283362392853609,0.258711437790672,0.273759486818862,0.157195124574254,0.178742307944130
857,0.628206394540431,0.237166246337142,0.232872971194181,0.223704949036996,0.179307075461499,0.140279459933373
744,0.63703309779987,0.269010148553487,0.222081350052879,0.298944182722262,0.168257318749387,0.174898448025698
814,0.637915147508898,0.251373586915138,0.232872971194181,0.231177046607856,0.145319498566922,0.156796455796649
823,0.618483198986599,0.23977753355553,0.273759486818862,0.243298519444439,0.144424803121843,0.201594638931909
624,0.602537880906253,0.235439936165745,0.178181472416481,0.269956905233921,0.171243398019944,0.156400988328558
738,0.65201365997105,0.243298519444439,0.208116557082828,0.245075200706715,0.148143904307162,0.152618104976752
843,0.620252184825136,0.302869127130412,0.247759640188542,0.275669606701894,0.192741366843982,0.145622826217966
425,0.452041119617036,0.177071557205383,0.140279459933373,0.23033379664679,0.154470991130581,0.140279459933373
842,0.668723907006677,0.272806580486754,0.211115838461421,0.245075200706715,0.151897993103576,0.182190212262849
669,0.606971725447777,0.234581247743386,0.206639944148685,0.242414171861771,0.140279459933373,0.145928733232941
755,0.630855615748439,0.276626749501763,0.259638241659144,0.222081350052879,0.146862120354825,0.179307075461499
722,0.603424944919196,0.222081350052879,0.258711437790672,0.249561781327291,0.174898448025698,0.140279459933373
847,0.612287594171303,0.23977753355553,0.193398287644562,0.242414171861771,0.148801114525785,0.189517281185082
778,0.621136485069615,0.297964434643167,0.293075998312143,0.306802338059224,0.164480729737195,0.141333283747465
939,0.643205181411445,0.245967461561916,0.218876016213984,0.237166246337142,0.153350162717428,0.140279459933373
892,0.657294084136253,0.279506090033501,0.282396577544332,0.174898448025698,0.190154027575454,0.172268685450245
184,0.550789853506805,0.153350162717428,0.201594638931909,0.185172899926102,0.148801114525785,0.162677834203278
712,0.606085249352797,0.223704949036996,0.222891426963376,0.199491561253654,0.173309128978783,0.154850743467635
821,0.674872565393281,0.287236372741756,0.26336509235663,0.226992939983781,0.188255890082703,0.197424363331222
770,0.602537880906253,0.243298519444439,0.218083551882790,0.204454144375473,0.145319498566922,0.144720505822661
186,0.553483028327823,0.145928733232941,0.157597013980819,0.207376318697083,0.140279459933373,0.142423961905656
168,0.508293008226672,0.157597013980819,0.198109430350217,0.167291481291287,0.179875784505171,0.184568357977156
268,0.631738455286738,0.196066256873814,0.214175622695954,0.199491561253654,0.172787005806565,0.166814026627726
662,0.604311860230174,0.234581247743386,0.246862287018223,0.252283020211930,0.168745733831007,0.140279459933373
720,0.608744246353995,0.253194757033311,0.222891426963376,0.269010148553487,0.197424363331222,0.140279459933373
769,0.660812526368302,0.270905253648299,0.279506090033501,0.217294683481912,0.151897993103576,0.160502026996677
822,0.702935295982236,0.252283020211930,0.250466494772263,0.175977245746161,0.183371292540019,0.140279459933373
748,0.657294084136253,0.271855157449252,0.260567046745838,0.247759640188542,0.187010622123131,0.203016510694019
421,0.466939252082330,0.177071557205383,0.185172899926102,0.194059239855938,0.140279459933373,0.149133866930996
566,0.628206394540431,0.248659484023583,0.218083551882790,0.252283020211930,0.140279459933373,0.148471133452426
782,0.630855615748439,0.210360301592275,0.223704949036996,0.241532534498303,0.164940248736627,0.158822198286243
725,0.639678919993987,0.251373586915138,0.208116557082828,0.253194757033311,0.150148946700048,0.192741366843982
176,0.5417972538608,0.155619579790919,0.162677834203278,0.205178843545358,0.144720505822661,0.148143904307162
720,0.643205181411445,0.229493730258852,0.223704949036996,0.185172899926102,0.152618104976752,0.140279459933373
896,0.6976787165068,0.302869127130412,0.316661303992259,0.348256569656263,0.205907447843523,0.182190212262849
349,0.676628615387707,0.218083551882790,0.172268685450245,0.409494432911366,0.451106215483896,0.298944182722262
859,0.664329550930648,0.274713840722163,0.294052217151829,0.256863984839407,0.140279459933373,0.187631241909896
257,0.597212308466731,0.140279459933373,0.140279459933373,0.664329550930648,0.71606756116802,0.551687808366613
173,0.515570951288053,0.140279459933373,0.219672052767678,0.140279459933373,0.156008702799071,0.154470991130581
766,0.61405843859737,0.240653643199231,0.150839880430613,0.264301525715948,0.167291481291287,0.172268685450245
165,0.477118801080669,0.142147774681471,0.140279459933373,0.206639944148685,0.140279459933373,0.145928733232941
828,0.640560644506718,0.269956905233921,0.188884569174318,0.316661303992259,0.140279459933373,0.145319498566922
723,0.622904705251892,0.208116557082828,0.254108759679802,0.242414171861771,0.140279459933373,0.174364837136968
753,0.63703309779987,0.227823271636467,0.165869963138432,0.310742219942023,0.159237162188545,0.186394027664835
716,0.635268667058686,0.253194757033311,0.237166246337142,0.255024990396885,0.16357228121085,0.159237162188545
975,0.620252184825136,0.255943411389996,0.190154027575454,0.267121556704060,0.175435913518267,0.147497624383717
731,0.606971725447777,0.246862287018223,0.269010148553487,0.148471133452426,0.154850743467635,0.140279459933373
623,0.619367756469412,0.270905253648299,0.23033379664679,0.261497815323131,0.199491561253654,0.199491561253654
825,0.632621179272578,0.276626749501763,0.274713840722163,0.200889639762023,0.177624558944457,0.199491561253654
723,0.621136485069615,0.249561781327291,0.249561781327291,0.242414171861771,0.190794809258731,0.140279459933373
732,0.590102705627282,0.224521889216861,0.197424363331222,0.256863984839407,0.153350162717428,0.140279459933373
750,0.598100289370352,0.235439936165745,0.190154027575454,0.241532534498303,0.179875784505171,0.140279459933373
743,0.617598511353537,0.264301525715948,0.246862287018223,0.260567046745838,0.193398287644562,0.229493730258852
190,0.552585532749393,0.140279459933373,0.150839880430613,0.253194757033311,0.140279459933373,0.140279459933373
637,0.590102705627282,0.238033800236652,0.200188610986799,0.255943411389996,0.160502026996677,0.156400988328558
328,0.658173830133798,0.227823271636467,0.200889639762023,0.313700605163659,0.330492731245164,0.221274744825972
729,0.633503788623644,0.269956905233921,0.254108759679802,0.208860644258667,0.177624558944457,0.171754154191287
285,0.688035700062894,0.252283020211930,0.176522456496951,0.346286080835727,0.352194131843378,0.202303599215116
445,0.452041119617036,0.183371292540019,0.173835068385563,0.225342219919308,0.140279459933373,0.140279459933373
794,0.672237905577799,0.276626749501763,0.238033800236652,0.296985336054750,0.141873944585676,0.178742307944130
553,0.600763302119727,0.339381807952053,0.277585234113443,0.365932579194558,0.296985336054750,0.229493730258852
766,0.606971725447777,0.245075200706715,0.222081350052879,0.244185541162083,0.147497624383717,0.153720720340875
1008,0.642323774366231,0.276626749501763,0.214949882112267,0.298944182722262,0.143552645462116,0.208860644258667
816,0.631738455286738,0.236301613614802,0.254108759679802,0.256863984839407,0.162677834203278,0.181605650010004
789,0.628206394540431,0.387353706987488,0.348256569656263,0.282396577544332,0.228656878414890,0.16357228121085
846,0.642323774366231,0.315674182764382,0.324563618926047,0.367888982200334,0.273759486818862,0.179307075461499
340,0.436084425669404,0.192088479379025,0.234581247743386,0.188884569174318,0.140279459933373,0.148143904307162
645,0.596324170558622,0.275669606701894,0.258711437790672,0.297964434643167,0.155233599845476,0.168745733831007
689,0.598988114480156,0.23977753355553,0.222891426963376,0.251373586915138,0.167291481291287,0.188884569174318
864,0.622904705251892,0.274713840722163,0.251373586915138,0.255943411389996,0.158410531669826,0.145622826217966
718,0.623788627185174,0.248659484023583,0.271855157449252,0.26336509235663,0.177071557205383,0.178181472416481
737,0.642323774366231,0.262430509724191,0.240653643199231,0.284329312589461,0.152982630801945,0.190154027575454
628,0.621136485069615,0.206639944148685,0.224521889216861,0.252283020211930,0.142702524367706,0.148471133452426
728,0.612287594171303,0.211115838461421,0.189517281185082,0.222891426963376,0.140279459933373,0.187010622123131
673,0.585653817185493,0.250466494772263,0.232023448734304,0.250466494772263,0.158002143279100,0.140279459933373
784,0.632621179272578,0.244185541162083,0.200188610986799,0.285297304030371,0.156400988328558,0.169733635746363
704,0.59454741884471,0.233725581744281,0.223704949036996,0.225342219919308,0.170233153496669,0.184568357977156
660,0.61405843859737,0.267121556704060,0.272806580486754,0.234581247743386,0.194059239855938,0.142702524367706
707,0.636150937944643,0.210360301592275,0.265239772398733,0.203733362812729,0.176522456496951,0.150839880430613
723,0.578526502286961,0.201594638931909,0.189517281185082,0.232023448734304,0.181605650010004,0.154094323280450
651,0.658173830133798,0.238904240888872,0.243298519444439,0.264301525715948,0.147178535004063,0.140279459933373
916,0.618483198986599,0.269010148553487,0.269010148553487,0.196066256873814,0.211115838461421,0.164480729737195
355,0.438910260048710,0.171243398019944,0.222081350052879,0.16634019279706,0.140279459933373,0.140279459933373
807,0.622020658211421,0.244185541162083,0.205178843545358,0.265239772398733,0.182778757451073,0.188255890082703
793,0.613173084606865,0.275669606701894,0.281431899695417,0.211875157547888,0.225342219919308,0.207376318697083
857,0.632621179272578,0.222891426963376,0.219672052767678,0.272806580486754,0.140539522938054,0.164940248736627
336,0.43702685358426,0.216509434133377,0.245075200706715,0.189517281185082,0.218876016213984,0.180448444205294
167,0.501907959152939,0.140279459933373,0.173835068385563,0.222081350052879,0.140279459933373,0.181605650010004
731,0.622904705251892,0.23977753355553,0.285297304030371,0.195393227873188,0.178181472416481,0.140279459933373
787,0.634386284250911,0.238904240888872,0.226165913043895,0.225342219919308,0.160930368981928,0.175977245746161
1018,0.610516199655431,0.361034414931008,0.35612665264182,0.351210191887716,0.226165913043895,0.178742307944130
164,0.39893907178823,0.157195124574254,0.173835068385563,0.210360301592275,0.140279459933373,0.140279459933373
801,0.619367756469412,0.261497815323131,0.234581247743386,0.266179795115631,0.156796455796649,0.170233153496669
708,0.578526502286961,0.216509434133377,0.157597013980819,0.225342219919308,0.153720720340875,0.150148946700048
833,0.653774177471793,0.252283020211930,0.211115838461421,0.293075998312143,0.161362102255135,0.140279459933373
728,0.616713692539713,0.229493730258852,0.255024990396885,0.203016510694019,0.171754154191287,0.167772573247934
578,0.590102705627282,0.242414171861771,0.171754154191287,0.225342219919308,0.170736402643872,0.153720720340875
655,0.58030940985411,0.222891426963376,0.245075200706715,0.23977753355553,0.162235816543637,0.164940248736627
641,0.615828741507218,0.245967461561916,0.251373586915138,0.177624558944457,0.171243398019944,0.171754154191287
664,0.597212308466731,0.232023448734304,0.212638240623736,0.240653643199231,0.151189670120080,0.218083551882790
982,0.630855615748439,0.314687276192053,0.280468392646033,0.280468392646033,0.213405068833102,0.140279459933373
410,0.442671323317129,0.155619579790919,0.187010622123131,0.168745733831007,0.143552645462116,0.158822198286243
169,0.513753336846181,0.145018731380577,0.209608564537159,0.202303599215116,0.140279459933373,0.211875157547888
759,0.596324170558622,0.274713840722163,0.197424363331222,0.308771540986705,0.182778757451073,0.148471133452426
891,0.630855615748439,0.36005360357005,0.363974517009122,0.303851718893881,0.309756707604237,0.226992939983781
168,0.512844066957349,0.162235816543637,0.152618104976752,0.193398287644562,0.140279459933373,0.153350162717428
819,0.610516199655431,0.215727826366646,0.23977753355553,0.246862287018223,0.158410531669826,0.147819407725247
833,0.623788627185174,0.252283020211930,0.245075200706715,0.235439936165745,0.148143904307162,0.153350162717428
940,0.610516199655431,0.257786672914962,0.265239772398733,0.237166246337142,0.176522456496951,0.140279459933373
658,0.587433883900336,0.223704949036996,0.221274744825972,0.196066256873814,0.165869963138432,0.166814026627726
359,0.436084425669404,0.144720505822661,0.164480729737195,0.213405068833102,0.140279459933373,0.140279459933373
195,0.566024855998128,0.140279459933373,0.202303599215116,0.164480729737195,0.140279459933373,0.140279459933373
760,0.641442262346675,0.258711437790672,0.264301525715948,0.258711437790672,0.159237162188545,0.140279459933373
842,0.647610671197383,0.312714190948075,0.311728055196152,0.264301525715948,0.201594638931909,0.170233153496669
727,0.621136485069615,0.244185541162083,0.207376318697083,0.238033800236652,0.150492979148870,0.140279459933373
741,0.628206394540431,0.241532534498303,0.218876016213984,0.209608564537159,0.141873944585676,0.188884569174318
740,0.607858057407542,0.264301525715948,0.211115838461421,0.267121556704060,0.184568357977156,0.140279459933373
890,0.590102705627282,0.238904240888872,0.246862287018223,0.232023448734304,0.161362102255135,0.165403320798019
711,0.613173084606865,0.249561781327291,0.234581247743386,0.245967461561916,0.150492979148870,0.183967824035887
258,0.604311860230174,0.179875784505171,0.140279459933373,0.517387345588464,0.581200590507501,0.403744670601839
807,0.644967683931748,0.241532534498303,0.221274744825972,0.265239772398733,0.164024746412181,0.153720720340875
860,0.66608754581422,0.273759486818862,0.245075200706715,0.242414171861771,0.147819407725247,0.147497624383717
724,0.616713692539713,0.241532534498303,0.237166246337142,0.264301525715948,0.140539522938054,0.172268685450245
648,0.592770024376564,0.227823271636467,0.234581247743386,0.192088479379025,0.151189670120080,0.152618104976752
797,0.631738455286738,0.216509434133377,0.255024990396885,0.215727826366646,0.178742307944130,0.140279459933373
824,0.629089586309926,0.275669606701894,0.236301613614802,0.246862287018223,0.172268685450245,0.151897993103576
774,0.622904705251892,0.248659484023583,0.225342219919308,0.228656878414890,0.158822198286243,0.156796455796649
730,0.662571212990782,0.293075998312143,0.261497815323131,0.26806502014066,0.16634019279706,0.140279459933373
971,0.621136485069615,0.260567046745838,0.23033379664679,0.277585234113443,0.140279459933373,0.187010622123131
754,0.610516199655431,0.260567046745838,0.248659484023583,0.229493730258852,0.185172899926102,0.16357228121085
753,0.636150937944643,0.26806502014066,0.190154027575454,0.280468392646033,0.171754154191287,0.142147774681471
853,0.671359527115958,0.252283020211930,0.225342219919308,0.258711437790672,0.140279459933373,0.170233153496669
746,0.610516199655431,0.187631241909896,0.140279459933373,0.26336509235663,0.140279459933373,0.206639944148685
285,0.380562464597876,0.149133866930996,0.173835068385563,0.197424363331222,0.160077057692081,0.164940248736627
883,0.618483198986599,0.32159942528535,0.301887051542692,0.270905253648299,0.166814026627726,0.179875784505171
666,0.585653817185493,0.294052217151829,0.271855157449252,0.300905518027404,0.149807763529887,0.193398287644562
656,0.59454741884471,0.210360301592275,0.223704949036996,0.212638240623736,0.165869963138432,0.140279459933373
885,0.615828741507218,0.242414171861771,0.244185541162083,0.213405068833102,0.149469410107982,0.161362102255135
722,0.639678919993987,0.283362392853609,0.238904240888872,0.264301525715948,0.178742307944130,0.183371292540019
777,0.611401966215199,0.252283020211930,0.238033800236652,0.26336509235663,0.210360301592275,0.172787005806565
776,0.630855615748439,0.265239772398733,0.245967461561916,0.257786672914962,0.167772573247934,0.155233599845476
741,0.623788627185174,0.231177046607856,0.215727826366646,0.231177046607856,0.163123316426449,0.151189670120080
768,0.636150937944643,0.232023448734304,0.228656878414890,0.198109430350217,0.183371292540019,0.194059239855938
843,0.653774177471793,0.274713840722163,0.247759640188542,0.259638241659144,0.195393227873188,0.166814026627726
255,0.624672424998259,0.140279459933373,0.161797245314680,0.226165913043895,0.140279459933373,0.158822198286243
721,0.639678919993987,0.233725581744281,0.227823271636467,0.238904240888872,0.150839880430613,0.140279459933373
708,0.610516199655431,0.233725581744281,0.225342219919308,0.231177046607856,0.168257318749387,0.140279459933373
850,0.637915147508898,0.250466494772263,0.222891426963376,0.226992939983781,0.159655442358187,0.145018731380577
154,0.456708871220304,0.140279459933373,0.140279459933373,0.227823271636467,0.140279459933373,0.140279459933373
696,0.616713692539713,0.246862287018223,0.183371292540019,0.308771540986705,0.245967461561916,0.140279459933373
725,0.58030940985411,0.209608564537159,0.236301613614802,0.173835068385563,0.176522456496951,0.140279459933373
781,0.639678919993987,0.260567046745838,0.203016510694019,0.244185541162083,0.160502026996677,0.170736402643872
896,0.633503788623644,0.243298519444439,0.261497815323131,0.217294683481912,0.142423961905656,0.153350162717428
716,0.637915147508898,0.23033379664679,0.249561781327291,0.241532534498303,0.161797245314680,0.140279459933373
663,0.568707020795868,0.320611530912211,0.228656878414890,0.226165913043895,0.179875784505171,0.140279459933373
707,0.65113325749733,0.26336509235663,0.273759486818862,0.160930368981928,0.148143904307162,0.161797245314680
666,0.629089586309926,0.226992939983781,0.198798498578782,0.252283020211930,0.162235816543637,0.160930368981928
758,0.617598511353537,0.237166246337142,0.238033800236652,0.181025063276694,0.166814026627726,0.148471133452426
640,0.597212308466731,0.203733362812729,0.218083551882790,0.218083551882790,0.145319498566922,0.151897993103576
817,0.61494365721071,0.227823271636467,0.204454144375473,0.262430509724191,0.140279459933373,0.175435913518267
616,0.566024855998128,0.219672052767678,0.203016510694019,0.231177046607856,0.190154027575454,0.169237834303805
764,0.631738455286738,0.255024990396885,0.245967461561916,0.266179795115631,0.172268685450245,0.167772573247934
747,0.599875784998553,0.209608564537159,0.143840891542185,0.260567046745838,0.140279459933373,0.173835068385563
655,0.59099197716754,0.223704949036996,0.238033800236652,0.215727826366646,0.154470991130581,0.148471133452426
767,0.616713692539713,0.242414171861771,0.181025063276694,0.272806580486754,0.142147774681471,0.166814026627726
762,0.622020658211421,0.246862287018223,0.256863984839407,0.253194757033311,0.177071557205383,0.144131604573628
710,0.624672424998259,0.288207386188063,0.238904240888872,0.282396577544332,0.222081350052879,0.245075200706715
898,0.61405843859737,0.243298519444439,0.245967461561916,0.225342219919308,0.226165913043895,0.140279459933373
728,0.61405843859737,0.210360301592275,0.23033379664679,0.241532534498303,0.152256565618780,0.149469410107982
174,0.5390946884908,0.146862120354825,0.208860644258667,0.141873944585676,0.168257318749387,0.165403320798019
804,0.637915147508898,0.240653643199231,0.228656878414890,0.262430509724191,0.16357228121085,0.169237834303805
777,0.629089586309926,0.322587416871138,0.291125967010989,0.252283020211930,0.174364837136968,0.178181472416481
646,0.61405843859737,0.246862287018223,0.249561781327291,0.232023448734304,0.182778757451073,0.183371292540019
703,0.622020658211421,0.223704949036996,0.232872971194181,0.215727826366646,0.160930368981928,0.140279459933373
793,0.599875784998553,0.215727826366646,0.231177046607856,0.214175622695954,0.164024746412181,0.184568357977156
886,0.680139802349038,0.349241401529061,0.322587416871138,0.346286080835727,0.192741366843982,0.190154027575454
678,0.70643848072778,0.262430509724191,0.140279459933373,0.442671323317129,0.476195411202944,0.320611530912211
773,0.637915147508898,0.256863984839407,0.235439936165745,0.265239772398733,0.142702524367706,0.183967824035887
665,0.61494365721071,0.243298519444439,0.250466494772263,0.214175622695954,0.150148946700048,0.140279459933373
805,0.623788627185174,0.245967461561916,0.209608564537159,0.262430509724191,0.140279459933373,0.140279459933373
695,0.600763302119727,0.238904240888872,0.232872971194181,0.207376318697083,0.173835068385563,0.140279459933373
720,0.584763524220902,0.221274744825972,0.26336509235663,0.214175622695954,0.153350162717428,0.214949882112267
154,0.451106215483896,0.140279459933373,0.198109430350217,0.178181472416481,0.140279459933373,0.149469410107982
777,0.648491465815105,0.284329312589461,0.259638241659144,0.265239772398733,0.203016510694019,0.199491561253654
217,0.597212308466731,0.150492979148870,0.140279459933373,0.196066256873814,0.150492979148870,0.140279459933373
852,0.635268667058686,0.295029198942614,0.295029198942614,0.260567046745838,0.184568357977156,0.175435913518267
696,0.598100289370352,0.251373586915138,0.224521889216861,0.265239772398733,0.166814026627726,0.167772573247934
775,0.639678919993987,0.245075200706715,0.216509434133377,0.190794809258731,0.165869963138432,0.147178535004063
689,0.668723907006677,0.249561781327291,0.227823271636467,0.271855157449252,0.141873944585676,0.198798498578782
729,0.636150937944643,0.26336509235663,0.228656878414890,0.304834801321944,0.205178843545358,0.161797245314680
586,0.588323660284695,0.229493730258852,0.254108759679802,0.213405068833102,0.140279459933373,0.163123316426449
717,0.586543936638165,0.23033379664679,0.194059239855938,0.238033800236652,0.170233153496669,0.140279459933373
786,0.61494365721071,0.280468392646033,0.276626749501763,0.276626749501763,0.192088479379025,0.171243398019944
754,0.611401966215199,0.206639944148685,0.226165913043895,0.180448444205294,0.158822198286243,0.142702524367706
871,0.695926026550246,0.248659484023583,0.271855157449252,0.218083551882790,0.187631241909896,0.194059239855938
615,0.606971725447777,0.205907447843523,0.204454144375473,0.247759640188542,0.148143904307162,0.188255890082703
157,0.454843116219575,0.140279459933373,0.184568357977156,0.185781454960399,0.140279459933373,0.140279459933373
838,0.633503788623644,0.235439936165745,0.269956905233921,0.232872971194181,0.140279459933373,0.178742307944130
411,0.478964395469008,0.208116557082828,0.189517281185082,0.261497815323131,0.148471133452426,0.147819407725247
613,0.601650667029677,0.208116557082828,0.175977245746161,0.247759640188542,0.141873944585676,0.164480729737195
719,0.634386284250911,0.256863984839407,0.229493730258852,0.251373586915138,0.141602453589765,0.164480729737195
702,0.626439652176295,0.277585234113443,0.276626749501763,0.236301613614802,0.191439626593958,0.143840891542185
429,0.699431155326687,0.267121556704060,0.243298519444439,0.224521889216861,0.204454144375473,0.164024746412181
788,0.644086484322101,0.255024990396885,0.255024990396885,0.209608564537159,0.167291481291287,0.140279459933373
167,0.502821101328797,0.140279459933373,0.145928733232941,0.191439626593958,0.140279459933373,0.140801836156987
950,0.63703309779987,0.295029198942614,0.221274744825972,0.254108759679802,0.188255890082703,0.152256565618780
831,0.622020658211421,0.232872971194181,0.211875157547888,0.23033379664679,0.204454144375473,0.173309128978783
776,0.645848781067736,0.245075200706715,0.231177046607856,0.224521889216861,0.174898448025698,0.170736402643872
932,0.676628615387707,0.286266334773665,0.250466494772263,0.259638241659144,0.190154027575454,0.181605650010004
747,0.596324170558622,0.269010148553487,0.249561781327291,0.269956905233921,0.227823271636467,0.168257318749387
527,0.603424944919196,0.214175622695954,0.197424363331222,0.251373586915138,0.159655442358187,0.14298348025674
839,0.637915147508898,0.258711437790672,0.26806502014066,0.219672052767678,0.148471133452426,0.164940248736627
849,0.62555609967103,0.238033800236652,0.206639944148685,0.235439936165745,0.178742307944130,0.146862120354825
654,0.587433883900336,0.283362392853609,0.262430509724191,0.293075998312143,0.155619579790919,0.188884569174318
743,0.606085249352797,0.245075200706715,0.23977753355553,0.214949882112267,0.167291481291287,0.174898448025698
796,0.644086484322101,0.249561781327291,0.218876016213984,0.259638241659144,0.214949882112267,0.164940248736627
349,0.418084423539314,0.140279459933373,0.140279459933373,0.215727826366646,0.140279459933373,0.159655442358187
835,0.632621179272578,0.237166246337142,0.245075200706715,0.250466494772263,0.159237162188545,0.147819407725247
770,0.635268667058686,0.235439936165745,0.259638241659144,0.240653643199231,0.140279459933373,0.142423961905656
664,0.612287594171303,0.259638241659144,0.289179343702615,0.193398287644562,0.165869963138432,0.140279459933373
780,0.626439652176295,0.23977753355553,0.197424363331222,0.220471637257467,0.158410531669826,0.167291481291287
437,0.585653817185493,0.259638241659144,0.238904240888872,0.227823271636467,0.192088479379025,0.194724220966719
763,0.602537880906253,0.318636108753548,0.276626749501763,0.297964434643167,0.183371292540019,0.164940248736627
907,0.612287594171303,0.267121556704060,0.252283020211930,0.224521889216861,0.165869963138432,0.203016510694019
920,0.644967683931748,0.275669606701894,0.260567046745838,0.26336509235663,0.173835068385563,0.185172899926102
776,0.603424944919196,0.298944182722262,0.285297304030371,0.232872971194181,0.183371292540019,0.179307075461499
708,0.634386284250911,0.229493730258852,0.197424363331222,0.255024990396885,0.140279459933373,0.160502026996677
695,0.598100289370352,0.279506090033501,0.249561781327291,0.238033800236652,0.183371292540019,0.146237238572002
787,0.639678919993987,0.243298519444439,0.242414171861771,0.23033379664679,0.171243398019944,0.16634019279706
938,0.654654294039608,0.26336509235663,0.259638241659144,0.255024990396885,0.173309128978783,0.16357228121085
662,0.605198627992826,0.260567046745838,0.238904240888872,0.218876016213984,0.194059239855938,0.173309128978783
788,0.648491465815105,0.252283020211930,0.291125967010989,0.192088479379025,0.172268685450245,0.153720720340875
743,0.613173084606865,0.224521889216861,0.225342219919308,0.213405068833102,0.174364837136968,0.140279459933373
718,0.632621179272578,0.226992939983781,0.238904240888872,0.256863984839407,0.140279459933373,0.141602453589765
938,0.699431155326687,0.317648619366148,0.283362392853609,0.287236372741756,0.196743303664015,0.168745733831007
687,0.579418047575081,0.32159942528535,0.26336509235663,0.328516409471957,0.164024746412181,0.187010622123131
685,0.61494365721071,0.243298519444439,0.240653643199231,0.200889639762023,0.145622826217966,0.154470991130581
887,0.642323774366231,0.286266334773665,0.231177046607856,0.276626749501763,0.187631241909896,0.201594638931909
842,0.635268667058686,0.273759486818862,0.232872971194181,0.290152214217331,0.172268685450245,0.161797245314680
704,0.554380296765044,0.280468392646033,0.259638241659144,0.269956905233921,0.174364837136968,0.157195124574254
599,0.567813168189284,0.271855157449252,0.269010148553487,0.211115838461421,0.173835068385563,0.203733362812729
681,0.591881082994116,0.200188610986799,0.223704949036996,0.23977753355553,0.164480729737195,0.156400988328558
861,0.618483198986599,0.255943411389996,0.213405068833102,0.273759486818862,0.184568357977156,0.211115838461421
702,0.629089586309926,0.276626749501763,0.258711437790672,0.237166246337142,0.171243398019944,0.172787005806565
756,0.631738455286738,0.250466494772263,0.26806502014066,0.242414171861771,0.178181472416481,0.173309128978783
980,0.648491465815105,0.257786672914962,0.227823271636467,0.301887051542692,0.140279459933373,0.140279459933373
736,0.624672424998259,0.218876016213984,0.226165913043895,0.240653643199231,0.140279459933373,0.172787005806565
919,0.701183347132507,0.381534098529382,0.364953752682284,0.351210191887716,0.232872971194181,0.171243398019944
842,0.623788627185174,0.252283020211930,0.228656878414890,0.215727826366646,0.140279459933373,0.185781454960399
824,0.645848781067736,0.281431899695417,0.298944182722262,0.238904240888872,0.177624558944457,0.173309128978783
402,0.443610401564419,0.201594638931909,0.183371292540019,0.179307075461499,0.160502026996677,0.158410531669826
791,0.661691913619881,0.244185541162083,0.238033800236652,0.225342219919308,0.140279459933373,0.150839880430613
907,0.63703309779987,0.237166246337142,0.194059239855938,0.249561781327291,0.155619579790919,0.166814026627726
396,0.474347434968947,0.187010622123131,0.156400988328558,0.218083551882790,0.164940248736627,0.183371292540019
700,0.584763524220902,0.246862287018223,0.202303599215116,0.298944182722262,0.180448444205294,0.177071557205383
384,0.476195411202944,0.173835068385563,0.203016510694019,0.208860644258667,0.140279459933373,0.167772573247934
774,0.649372161207369,0.234581247743386,0.219672052767678,0.232023448734304,0.140279459933373,0.140279459933373
774,0.619367756469412,0.237166246337142,0.203016510694019,0.232023448734304,0.156796455796649,0.209608564537159
766,0.621136485069615,0.245075200706715,0.243298519444439,0.255943411389996,0.140279459933373,0.140279459933373
710,0.620252184825136,0.277585234113443,0.262430509724191,0.291125967010989,0.252283020211930,0.147497624383717
802,0.665208590906176,0.259638241659144,0.264301525715948,0.274713840722163,0.146862120354825,0.140279459933373
753,0.59454741884471,0.251373586915138,0.220471637257467,0.262430509724191,0.187631241909896,0.156400988328558
805,0.613173084606865,0.246862287018223,0.16357228121085,0.201594638931909,0.187010622123131,0.140279459933373
753,0.624672424998259,0.240653643199231,0.222891426963376,0.245967461561916,0.208116557082828,0.173835068385563
750,0.599875784998553,0.219672052767678,0.203733362812729,0.216509434133377,0.16634019279706,0.162235816543637
737,0.616713692539713,0.243298519444439,0.23033379664679,0.264301525715948,0.177071557205383,0.172787005806565
710,0.623788627185174,0.245967461561916,0.23033379664679,0.257786672914962,0.148801114525785,0.196743303664015
651,0.61494365721071,0.245967461561916,0.196066256873814,0.270905253648299,0.151542367809210,0.150492979148870
317,0.6678452031824,0.26336509235663,0.140279459933373,0.61405843859737,0.662571212990782,0.492757675678563
655,0.609630293401202,0.212638240623736,0.210360301592275,0.218083551882790,0.145319498566922,0.154094323280450
635,0.606971725447777,0.206639944148685,0.211115838461421,0.218083551882790,0.167291481291287,0.183967824035887
640,0.622020658211421,0.218876016213984,0.211115838461421,0.235439936165745,0.162235816543637,0.155233599845476
680,0.597212308466731,0.203016510694019,0.202303599215116,0.269956905233921,0.140279459933373,0.140279459933373
730,0.617598511353537,0.245075200706715,0.228656878414890,0.255024990396885,0.169237834303805,0.169733635746363
154,0.333456768437105,0.140279459933373,0.204454144375473,0.156796455796649,0.142147774681471,0.140279459933373
707,0.630855615748439,0.269956905233921,0.238904240888872,0.23977753355553,0.177624558944457,0.165869963138432
699,0.617598511353537,0.232872971194181,0.179875784505171,0.272806580486754,0.140279459933373,0.162677834203278
905,0.637915147508898,0.309756707604237,0.257786672914962,0.32159942528535,0.182778757451073,0.187631241909896
675,0.597212308466731,0.215727826366646,0.188884569174318,0.237166246337142,0.140279459933373,0.155619579790919
827,0.605198627992826,0.246862287018223,0.23033379664679,0.219672052767678,0.151897993103576,0.140279459933373
743,0.622904705251892,0.223704949036996,0.170233153496669,0.242414171861771,0.165869963138432,0.140279459933373
676,0.569600673082815,0.200889639762023,0.255024990396885,0.197424363331222,0.173309128978783,0.140279459933373
684,0.635268667058686,0.240653643199231,0.205178843545358,0.260567046745838,0.167291481291287,0.198798498578782
881,0.642323774366231,0.242414171861771,0.226165913043895,0.270905253648299,0.178742307944130,0.156008702799071
345,0.466011361565902,0.174898448025698,0.172787005806565,0.219672052767678,0.140279459933373,0.160077057692081
751,0.629089586309926,0.256863984839407,0.238904240888872,0.257786672914962,0.177624558944457,0.158002143279100
844,0.623788627185174,0.252283020211930,0.275669606701894,0.155233599845476,0.190794809258731,0.140279459933373
795,0.624672424998259,0.275669606701894,0.232872971194181,0.26806502014066,0.158410531669826,0.177624558944457
249,0.608744246353995,0.160930368981928,0.140279459933373,0.255024990396885,0.140279459933373,0.140279459933373
669,0.576742857104671,0.240653643199231,0.252283020211930,0.249561781327291,0.167291481291287,0.140279459933373
769,0.637915147508898,0.298944182722262,0.279506090033501,0.264301525715948,0.197424363331222,0.140279459933373
750,0.621136485069615,0.249561781327291,0.228656878414890,0.23033379664679,0.163123316426449,0.183371292540019
605,0.645848781067736,0.226165913043895,0.182190212262849,0.248659484023583,0.157597013980819,0.177624558944457
161,0.467866722440866,0.151189670120080,0.183371292540019,0.214175622695954,0.140279459933373,0.172268685450245
152,0.451106215483896,0.140279459933373,0.140279459933373,0.210360301592275,0.140279459933373,0.178181472416481
799,0.654654294039608,0.260567046745838,0.214175622695954,0.269010148553487,0.197424363331222,0.185781454960399
697,0.615828741507218,0.281431899695417,0.220471637257467,0.280468392646033,0.196066256873814,0.174364837136968
797,0.59099197716754,0.224521889216861,0.217294683481912,0.246862287018223,0.149807763529887,0.142147774681471
866,0.621136485069615,0.238033800236652,0.169237834303805,0.262430509724191,0.140279459933373,0.140279459933373
351,0.440791745314472,0.166814026627726,0.198798498578782,0.165869963138432,0.140279459933373,0.183371292540019
180,0.439851241970584,0.154094323280450,0.170233153496669,0.220471637257467,0.140279459933373,0.140279459933373
779,0.600763302119727,0.269010148553487,0.220471637257467,0.254108759679802,0.140279459933373,0.153720720340875
314,0.537291706764252,0.240653643199231,0.203733362812729,0.279506090033501,0.188255890082703,0.182778757451073
190,0.565130393380684,0.159655442358187,0.140279459933373,0.231177046607856,0.140279459933373,0.140279459933373
722,0.611401966215199,0.255024990396885,0.236301613614802,0.255943411389996,0.163123316426449,0.151189670120080
640,0.609630293401202,0.222081350052879,0.204454144375473,0.251373586915138,0.16634019279706,0.167291481291287
793,0.637915147508898,0.260567046745838,0.313700605163659,0.225342219919308,0.178742307944130,0.173309128978783
786,0.617598511353537,0.23977753355553,0.194059239855938,0.288207386188063,0.148143904307162,0.140279459933373
655,0.609630293401202,0.250466494772263,0.237166246337142,0.260567046745838,0.140539522938054,0.153720720340875
799,0.598988114480156,0.224521889216861,0.170736402643872,0.224521889216861,0.186394027664835,0.152618104976752
859,0.65201365997105,0.265239772398733,0.255024990396885,0.245075200706715,0.145018731380577,0.231177046607856
335,0.466939252082330,0.169733635746363,0.189517281185082,0.206639944148685,0.140279459933373,0.140279459933373
821,0.647610671197383,0.254108759679802,0.229493730258852,0.294052217151829,0.180448444205294,0.192741366843982
758,0.63703309779987,0.245075200706715,0.261497815323131,0.232023448734304,0.16357228121085,0.174898448025698
435,0.482650905054512,0.192088479379025,0.172268685450245,0.151897993103576,0.164940248736627,0.149133866930996
744,0.612287594171303,0.226992939983781,0.196066256873814,0.241532534498303,0.169237834303805,0.140279459933373
666,0.627323083479833,0.223704949036996,0.205178843545358,0.252283020211930,0.153350162717428,0.140279459933373
728,0.616713692539713,0.233725581744281,0.223704949036996,0.196066256873814,0.185172899926102,0.207376318697083
165,0.493674279807102,0.140279459933373,0.140801836156987,0.212638240623736,0.140279459933373,0.158410531669826
175,0.524641044535778,0.140279459933373,0.185172899926102,0.226165913043895,0.160077057692081,0.174364837136968
780,0.650252758171119,0.297964434643167,0.255943411389996,0.294052217151829,0.254108759679802,0.195393227873188
776,0.62555609967103,0.240653643199231,0.214949882112267,0.245075200706715,0.140279459933373,0.177624558944457
699,0.603424944919196,0.226992939983781,0.198798498578782,0.232872971194181,0.175435913518267,0.156008702799071
744,0.620252184825136,0.269010148553487,0.227823271636467,0.219672052767678,0.140279459933373,0.165403320798019
297,0.672237905577799,0.232023448734304,0.210360301592275,0.32950458986508,0.350225945404854,0.247759640188542
369,0.439851241970584,0.143266847840142,0.218876016213984,0.177624558944457,0.140279459933373,0.172787005806565
752,0.639678919993987,0.277585234113443,0.215727826366646,0.203733362812729,0.188255890082703,0.184568357977156
855,0.623788627185174,0.273759486818862,0.227823271636467,0.262430509724191,0.175977245746161,0.140279459933373
705,0.629972659733243,0.251373586915138,0.186394027664835,0.243298519444439,0.152618104976752,0.177624558944457
954,0.629089586309926,0.237166246337142,0.234581247743386,0.302869127130412,0.160077057692081,0.173309128978783
735,0.633503788623644,0.188255890082703,0.255943411389996,0.202303599215116,0.142702524367706,0.185172899926102
949,0.63703309779987,0.255943411389996,0.241532534498303,0.240653643199231,0.140279459933373,0.165869963138432
781,0.636150937944643,0.255943411389996,0.26336509235663,0.186394027664835,0.165869963138432,0.140279459933373
677,0.622904705251892,0.218876016213984,0.257786672914962,0.195393227873188,0.188884569174318,0.145319498566922
625,0.578526502286961,0.208860644258667,0.176522456496951,0.254108759679802,0.149469410107982,0.198798498578782
662,0.589213267095234,0.219672052767678,0.222891426963376,0.238904240888872,0.145018731380577,0.150492979148870
864,0.641442262346675,0.26806502014066,0.222891426963376,0.290152214217331,0.140279459933373,0.157597013980819
704,0.600763302119727,0.242414171861771,0.251373586915138,0.205907447843523,0.198109430350217,0.175977245746161
590,0.585653817185493,0.269956905233921,0.265239772398733,0.238033800236652,0.171243398019944,0.164480729737195
805,0.600763302119727,0.245967461561916,0.229493730258852,0.252283020211930,0.156796455796649,0.146862120354825
794,0.616713692539713,0.219672052767678,0.231177046607856,0.235439936165745,0.154850743467635,0.143266847840142
766,0.644967683931748,0.241532534498303,0.223704949036996,0.283362392853609,0.150492979148870,0.185172899926102
895,0.681894949187986,0.276626749501763,0.243298519444439,0.266179795115631,0.164940248736627,0.222081350052879
297,0.43702685358426,0.190154027575454,0.191439626593958,0.224521889216861,0.140279459933373,0.142423961905656
699,0.606971725447777,0.187631241909896,0.262430509724191,0.171754154191287,0.167291481291287,0.163123316426449
834,0.66608754581422,0.342342090635241,0.325551793923222,0.275669606701894,0.159655442358187,0.161362102255135
727,0.607858057407542,0.212638240623736,0.264301525715948,0.207376318697083,0.169733635746363,0.175435913518267
723,0.642323774366231,0.253194757033311,0.250466494772263,0.272806580486754,0.151189670120080,0.182190212262849
763,0.607858057407542,0.237166246337142,0.188884569174318,0.23977753355553,0.140279459933373,0.196743303664015
758,0.622904705251892,0.281431899695417,0.248659484023583,0.270905253648299,0.164024746412181,0.146237238572002
788,0.612287594171303,0.227823271636467,0.234581247743386,0.148801114525785,0.185781454960399,0.156796455796649
374,0.488169238277247,0.194059239855938,0.141066417195949,0.199491561253654,0.140279459933373,0.140279459933373
721,0.629089586309926,0.256863984839407,0.208116557082828,0.291125967010989,0.140279459933373,0.148471133452426
516,0.624672424998259,0.320611530912211,0.288207386188063,0.253194757033311,0.214949882112267,0.202303599215116
915,0.648491465815105,0.26806502014066,0.26336509235663,0.252283020211930,0.176522456496951,0.158002143279100
757,0.62555609967103,0.276626749501763,0.273759486818862,0.205907447843523,0.167772573247934,0.187631241909896
837,0.666966416344732,0.265239772398733,0.233725581744281,0.241532534498303,0.153720720340875,0.178181472416481
904,0.59099197716754,0.232023448734304,0.192741366843982,0.290152214217331,0.154094323280450,0.172787005806565
711,0.61494365721071,0.211115838461421,0.228656878414890,0.203733362812729,0.145018731380577,0.140279459933373
714,0.645848781067736,0.313700605163659,0.260567046745838,0.32950458986508,0.218876016213984,0.196066256873814
756,0.610516199655431,0.218876016213984,0.249561781327291,0.241532534498303,0.142423961905656,0.190794809258731
349,0.426633199381427,0.140801836156987,0.177071557205383,0.204454144375473,0.140279459933373,0.146862120354825
334,0.414271770359505,0.188884569174318,0.140279459933373,0.202303599215116,0.159655442358187,0.194059239855938
607,0.574958463059337,0.291125967010989,0.250466494772263,0.269010148553487,0.168257318749387,0.171243398019944
786,0.624672424998259,0.225342219919308,0.198109430350217,0.246862287018223,0.140279459933373,0.167291481291287
803,0.646729776551258,0.269956905233921,0.257786672914962,0.297964434643167,0.155233599845476,0.166814026627726
835,0.637915147508898,0.279506090033501,0.251373586915138,0.265239772398733,0.194724220966719,0.207376318697083
758,0.611401966215199,0.245075200706715,0.237166246337142,0.236301613614802,0.168257318749387,0.198109430350217
726,0.622020658211421,0.213405068833102,0.242414171861771,0.238033800236652,0.162677834203278,0.140279459933373
788,0.642323774366231,0.249561781327291,0.252283020211930,0.233725581744281,0.172268685450245,0.162235816543637
328,0.462295554374572,0.155619579790919,0.159655442358187,0.209608564537159,0.140279459933373,0.142147774681471
763,0.633503788623644,0.26336509235663,0.261497815323131,0.277585234113443,0.207376318697083,0.172787005806565
498,0.458572851358513,0.200889639762023,0.214949882112267,0.225342219919308,0.140279459933373,0.165869963138432
794,0.608744246353995,0.234581247743386,0.260567046745838,0.206639944148685,0.140539522938054,0.210360301592275
937,0.668723907006677,0.270905253648299,0.225342219919308,0.245967461561916,0.168745733831007,0.148143904307162
830,0.624672424998259,0.257786672914962,0.246862287018223,0.170736402643872,0.152982630801945,0.148801114525785
240,0.586543936638165,0.188884569174318,0.187631241909896,0.196066256873814,0.161362102255135,0.182190212262849
714,0.644086484322101,0.227823271636467,0.260567046745838,0.220471637257467,0.164480729737195,0.172268685450245
368,0.442671323317129,0.189517281185082,0.197424363331222,0.186394027664835,0.153720720340875,0.147497624383717
179,0.375697185802696,0.140279459933373,0.148143904307162,0.245075200706715,0.140279459933373,0.167772573247934
792,0.611401966215199,0.260567046745838,0.247759640188542,0.250466494772263,0.147497624383717,0.149807763529887
721,0.590102705627282,0.245075200706715,0.26806502014066,0.247759640188542,0.182778757451073,0.223704949036996
289,0.428527399760189,0.145622826217966,0.148801114525785,0.211875157547888,0.165403320798019,0.154850743467635
738,0.624672424998259,0.258711437790672,0.250466494772263,0.227823271636467,0.192088479379025,0.140279459933373
179,0.5390946884908,0.145928733232941,0.16357228121085,0.174898448025698,0.159655442358187,0.148801114525785
677,0.604311860230174,0.249561781327291,0.238033800236652,0.311728055196152,0.203733362812729,0.169733635746363
582,0.62555609967103,0.249561781327291,0.23033379664679,0.235439936165745,0.173835068385563,0.190794809258731
653,0.595435874427052,0.253194757033311,0.215727826366646,0.274713840722163,0.208116557082828,0.188255890082703
728,0.681017412481438,0.265239772398733,0.210360301592275,0.266179795115631,0.150148946700048,0.183967824035887
674,0.605198627992826,0.224521889216861,0.214175622695954,0.26336509235663,0.151897993103576,0.177071557205383
706,0.63703309779987,0.284329312589461,0.259638241659144,0.265239772398733,0.196743303664015,0.154094323280450
724,0.649372161207369,0.228656878414890,0.23033379664679,0.289179343702615,0.140279459933373,0.168745733831007
900,0.6678452031824,0.281431899695417,0.244185541162083,0.282396577544332,0.142423961905656,0.165403320798019
820,0.639678919993987,0.275669606701894,0.297964434643167,0.205178843545358,0.140279459933373,0.172787005806565
788,0.606971725447777,0.242414171861771,0.195393227873188,0.247759640188542,0.165869963138432,0.157597013980819
780,0.637915147508898,0.240653643199231,0.255943411389996,0.228656878414890,0.185172899926102,0.147178535004063
726,0.629089586309926,0.278545025785751,0.212638240623736,0.265239772398733,0.140279459933373,0.151897993103576
939,0.644967683931748,0.264301525715948,0.250466494772263,0.294052217151829,0.191439626593958,0.187631241909896
878,0.658173830133798,0.279506090033501,0.279506090033501,0.255943411389996,0.169237834303805,0.205907447843523
736,0.602537880906253,0.235439936165745,0.241532534498303,0.202303599215116,0.154470991130581,0.191439626593958
730,0.642323774366231,0.269010148553487,0.227823271636467,0.271855157449252,0.173835068385563,0.179307075461499
396,0.447362019176649,0.178181472416481,0.151542367809210,0.181025063276694,0.140279459933373,0.148801114525785
726,0.613173084606865,0.243298519444439,0.218876016213984,0.246862287018223,0.167291481291287,0.185781454960399
758,0.616713692539713,0.272806580486754,0.257786672914962,0.203733362812729,0.16357228121085,0.140279459933373
725,0.641442262346675,0.299924552865763,0.253194757033311,0.272806580486754,0.198109430350217,0.140279459933373
874,0.629972659733243,0.272806580486754,0.246862287018223,0.275669606701894,0.140279459933373,0.182778757451073
574,0.59099197716754,0.225342219919308,0.233725581744281,0.218083551882790,0.140279459933373,0.140279459933373
787,0.630855615748439,0.245967461561916,0.252283020211930,0.251373586915138,0.164940248736627,0.155233599845476
712,0.63703309779987,0.218083551882790,0.219672052767678,0.188255890082703,0.183371292540019,0.147497624383717
818,0.595435874427052,0.251373586915138,0.250466494772263,0.224521889216861,0.165403320798019,0.195393227873188
753,0.634386284250911,0.245075200706715,0.23033379664679,0.251373586915138,0.140279459933373,0.143840891542185
878,0.627323083479833,0.260567046745838,0.221274744825972,0.197424363331222,0.179307075461499,0.158002143279100
776,0.627323083479833,0.337407372460796,0.327528205863718,0.296006914761259,0.224521889216861,0.140279459933373
433,0.45297556976512,0.147819407725247,0.142147774681471,0.209608564537159,0.140279459933373,0.140279459933373
737,0.636150937944643,0.225342219919308,0.222891426963376,0.233725581744281,0.147497624383717,0.140279459933373
776,0.631738455286738,0.242414171861771,0.247759640188542,0.237166246337142,0.157597013980819,0.147819407725247
730,0.628206394540431,0.238904240888872,0.266179795115631,0.255024990396885,0.179875784505171,0.140279459933373
829,0.639678919993987,0.26806502014066,0.171243398019944,0.288207386188063,0.155619579790919,0.140801836156987
338,0.397013246974146,0.169733635746363,0.207376318697083,0.196743303664015,0.140279459933373,0.171754154191287
454,0.43702685358426,0.194724220966719,0.212638240623736,0.200889639762023,0.140279459933373,0.151897993103576
736,0.585653817185493,0.214949882112267,0.247759640188542,0.194059239855938,0.185781454960399,0.140279459933373
703,0.593658802575914,0.256863984839407,0.226992939983781,0.249561781327291,0.140279459933373,0.140539522938054
668,0.576742857104671,0.210360301592275,0.212638240623736,0.191439626593958,0.150492979148870,0.155619579790919
662,0.598100289370352,0.218876016213984,0.243298519444439,0.231177046607856,0.155619579790919,0.156008702799071
689,0.579418047575081,0.199491561253654,0.227823271636467,0.227823271636467,0.175435913518267,0.146548361254107
780,0.612287594171303,0.235439936165745,0.244185541162083,0.251373586915138,0.142702524367706,0.178742307944130
809,0.65113325749733,0.285297304030371,0.231177046607856,0.248659484023583,0.158002143279100,0.154094323280450
783,0.61494365721071,0.203016510694019,0.260567046745838,0.221274744825972,0.173309128978783,0.217294683481912
286,0.611401966215199,0.348256569656263,0.248659484023583,0.439851241970584,0.457641082102348,0.288207386188063
634,0.590102705627282,0.229493730258852,0.247759640188542,0.198798498578782,0.181605650010004,0.215727826366646
802,0.65113325749733,0.277585234113443,0.235439936165745,0.264301525715948,0.166814026627726,0.173835068385563
264,0.62555609967103,0.160502026996677,0.185781454960399,0.203733362812729,0.147178535004063,0.140279459933373
359,0.422838791105066,0.168257318749387,0.188884569174318,0.195393227873188,0.141066417195949,0.173835068385563
779,0.641442262346675,0.236301613614802,0.251373586915138,0.251373586915138,0.141066417195949,0.181025063276694
188,0.481729856995562,0.140279459933373,0.175435913518267,0.184568357977156,0.164024746412181,0.183967824035887
405,0.450170855356869,0.177071557205383,0.188884569174318,0.226992939983781,0.168745733831007,0.16634019279706
809,0.66608754581422,0.252283020211930,0.252283020211930,0.26806502014066,0.140279459933373,0.211875157547888
299,0.409494432911366,0.153720720340875,0.140279459933373,0.232872971194181,0.140279459933373,0.150839880430613
685,0.613173084606865,0.205907447843523,0.179307075461499,0.262430509724191,0.150492979148870,0.149469410107982
666,0.595435874427052,0.219672052767678,0.229493730258852,0.198109430350217,0.177624558944457,0.155233599845476
763,0.645848781067736,0.258711437790672,0.248659484023583,0.248659484023583,0.160930368981928,0.141066417195949
846,0.634386284250911,0.241532534498303,0.264301525715948,0.234581247743386,0.140279459933373,0.203016510694019
810,0.629089586309926,0.290152214217331,0.217294683481912,0.269956905233921,0.167772573247934,0.158410531669826
298,0.499166505254691,0.164480729737195,0.178181472416481,0.185172899926102,0.140279459933373,0.155619579790919
756,0.627323083479833,0.281431899695417,0.255943411389996,0.226992939983781,0.185781454960399,0.173835068385563
755,0.604311860230174,0.243298519444439,0.224521889216861,0.23977753355553,0.146862120354825,0.208116557082828
758,0.655534316836593,0.280468392646033,0.227823271636467,0.267121556704060,0.172787005806565,0.140279459933373
774,0.610516199655431,0.260567046745838,0.203733362812729,0.255943411389996,0.180448444205294,0.203733362812729
751,0.622904705251892,0.249561781327291,0.222081350052879,0.264301525715948,0.142423961905656,0.140279459933373
841,0.65201365997105,0.229493730258852,0.228656878414890,0.255024990396885,0.184568357977156,0.188255890082703
799,0.63703309779987,0.278545025785751,0.274713840722163,0.236301613614802,0.164480729737195,0.158822198286243
374,0.428527399760189,0.169733635746363,0.145928733232941,0.222081350052879,0.140279459933373,0.140279459933373
400,0.459504181093247,0.16357228121085,0.145622826217966,0.225342219919308,0.140279459933373,0.140279459933373
713,0.602537880906253,0.227823271636467,0.252283020211930,0.196743303664015,0.190794809258731,0.183967824035887
345,0.425685350085428,0.192741366843982,0.175435913518267,0.202303599215116,0.140279459933373,0.178181472416481
374,0.440791745314472,0.205907447843523,0.227823271636467,0.16357228121085,0.188884569174318,0.191439626593958
362,0.43702685358426,0.168257318749387,0.178181472416481,0.176522456496951,0.158410531669826,0.142423961905656
791,0.632621179272578,0.259638241659144,0.245967461561916,0.255024990396885,0.178742307944130,0.176522456496951
844,0.606085249352797,0.233725581744281,0.243298519444439,0.182778757451073,0.168257318749387,0.195393227873188
964,0.618483198986599,0.252283020211930,0.287236372741756,0.213405068833102,0.157195124574254,0.140279459933373
368,0.437968797820157,0.190154027575454,0.186394027664835,0.207376318697083,0.164480729737195,0.140279459933373
811,0.641442262346675,0.221274744825972,0.215727826366646,0.251373586915138,0.140539522938054,0.182778757451073
853,0.641442262346675,0.265239772398733,0.217294683481912,0.23033379664679,0.170736402643872,0.161797245314680
810,0.604311860230174,0.23977753355553,0.226992939983781,0.245075200706715,0.168745733831007,0.140279459933373
753,0.57763477259731,0.238033800236652,0.221274744825972,0.218083551882790,0.157195124574254,0.167291481291287
778,0.627323083479833,0.338394673319409,0.301887051542692,0.348256569656263,0.273759486818862,0.235439936165745
710,0.616713692539713,0.231177046607856,0.203016510694019,0.245967461561916,0.161362102255135,0.160502026996677
672,0.622904705251892,0.222891426963376,0.255024990396885,0.182778757451073,0.140279459933373,0.186394027664835
706,0.602537880906253,0.220471637257467,0.177624558944457,0.221274744825972,0.160502026996677,0.142423961905656
786,0.61405843859737,0.234581247743386,0.255024990396885,0.243298519444439,0.147819407725247,0.205178843545358
802,0.629972659733243,0.236301613614802,0.220471637257467,0.229493730258852,0.153720720340875,0.140279459933373
757,0.657294084136253,0.304834801321944,0.255943411389996,0.256863984839407,0.174898448025698,0.173835068385563
774,0.63703309779987,0.279506090033501,0.272806580486754,0.253194757033311,0.185781454960399,0.177624558944457
840,0.640560644506718,0.243298519444439,0.265239772398733,0.273759486818862,0.164940248736627,0.162235816543637
829,0.653774177471793,0.266179795115631,0.245967461561916,0.259638241659144,0.150839880430613,0.154850743467635
649,0.596324170558622,0.214949882112267,0.245967461561916,0.174364837136968,0.158002143279100,0.140279459933373
729,0.659933050519219,0.254108759679802,0.246862287018223,0.222891426963376,0.183371292540019,0.171754154191287
506,0.597212308466731,0.284329312589461,0.242414171861771,0.265239772398733,0.190154027575454,0.176522456496951
745,0.639678919993987,0.216509434133377,0.238904240888872,0.223704949036996,0.155233599845476,0.160077057692081
919,0.646729776551258,0.275669606701894,0.243298519444439,0.287236372741756,0.145319498566922,0.168257318749387
191,0.495506422283226,0.160502026996677,0.161797245314680,0.16634019279706,0.140279459933373,0.140279459933373
395,0.439851241970584,0.181605650010004,0.196743303664015,0.198798498578782,0.162235816543637,0.140279459933373
934,0.668723907006677,0.26336509235663,0.290152214217331,0.267121556704060,0.183967824035887,0.144424803121843
858,0.675750628954486,0.254108759679802,0.232023448734304,0.325551793923222,0.178181472416481,0.207376318697083
982,0.598100289370352,0.307786743279463,0.283362392853609,0.308771540986705,0.205178843545358,0.140279459933373
461,0.469720411442728,0.163123316426449,0.196743303664015,0.229493730258852,0.140279459933373,0.158822198286243
738,0.622904705251892,0.242414171861771,0.214175622695954,0.266179795115631,0.162235816543637,0.195393227873188
781,0.650252758171119,0.270905253648299,0.232023448734304,0.252283020211930,0.188884569174318,0.173309128978783
654,0.618483198986599,0.245967461561916,0.229493730258852,0.226165913043895,0.143840891542185,0.181025063276694
830,0.642323774366231,0.300905518027404,0.205178843545358,0.298944182722262,0.153720720340875,0.205178843545358
794,0.597212308466731,0.249561781327291,0.218083551882790,0.257786672914962,0.140279459933373,0.170233153496669
671,0.604311860230174,0.231177046607856,0.233725581744281,0.260567046745838,0.145319498566922,0.140279459933373
864,0.637915147508898,0.254108759679802,0.250466494772263,0.206639944148685,0.187010622123131,0.172787005806565
288,0.447362019176649,0.162677834203278,0.187010622123131,0.16357228121085,0.159237162188545,0.149469410107982
658,0.634386284250911,0.248659484023583,0.226165913043895,0.23033379664679,0.180448444205294,0.160077057692081
840,0.636150937944643,0.279506090033501,0.261497815323131,0.175977245746161,0.178742307944130,0.178181472416481
225,0.549891666487745,0.179875784505171,0.140279459933373,0.348256569656263,0.39218977751084,0.261497815323131
903,0.617598511353537,0.258711437790672,0.231177046607856,0.248659484023583,0.168745733831007,0.140279459933373
751,0.610516199655431,0.264301525715948,0.241532534498303,0.267121556704060,0.185781454960399,0.175977245746161
786,0.647610671197383,0.247759640188542,0.274713840722163,0.256863984839407,0.168745733831007,0.140279459933373
677,0.576742857104671,0.228656878414890,0.242414171861771,0.195393227873188,0.161797245314680,0.170736402643872
422,0.711691533511214,0.301887051542692,0.227823271636467,0.330492731245164,0.301887051542692,0.200188610986799
737,0.602537880906253,0.245967461561916,0.242414171861771,0.241532534498303,0.172787005806565,0.145928733232941
591,0.611401966215199,0.296985336054750,0.265239772398733,0.309756707604237,0.229493730258852,0.140279459933373
751,0.635268667058686,0.248659484023583,0.243298519444439,0.205178843545358,0.182778757451073,0.160502026996677
758,0.648491465815105,0.26336509235663,0.289179343702615,0.255024990396885,0.205907447843523,0.140279459933373
376,0.461365530470573,0.198109430350217,0.168257318749387,0.216509434133377,0.140279459933373,0.171754154191287
818,0.612287594171303,0.242414171861771,0.172268685450245,0.269956905233921,0.188884569174318,0.140279459933373
794,0.615828741507218,0.251373586915138,0.258711437790672,0.233725581744281,0.154470991130581,0.175435913518267
824,0.67838435938152,0.260567046745838,0.269956905233921,0.256863984839407,0.144424803121843,0.203016510694019
727,0.621136485069615,0.258711437790672,0.228656878414890,0.250466494772263,0.151189670120080,0.140279459933373
326,0.699431155326687,0.276626749501763,0.240653643199231,0.357108931824631,0.354161056920203,0.235439936165745
718,0.627323083479833,0.26336509235663,0.26336509235663,0.206639944148685,0.185781454960399,0.188255890082703
785,0.622020658211421,0.235439936165745,0.262430509724191,0.222891426963376,0.182190212262849,0.178742307944130
785,0.628206394540431,0.234581247743386,0.245075200706715,0.222081350052879,0.165403320798019,0.164024746412181
675,0.591881082994116,0.23977753355553,0.198798498578782,0.219672052767678,0.158002143279100,0.165403320798019
716,0.628206394540431,0.222081350052879,0.238904240888872,0.195393227873188,0.140279459933373,0.200188610986799
841,0.618483198986599,0.214949882112267,0.226165913043895,0.253194757033311,0.147819407725247,0.171754154191287
712,0.639678919993987,0.242414171861771,0.216509434133377,0.275669606701894,0.146862120354825,0.140801836156987
843,0.663450425192382,0.287236372741756,0.26806502014066,0.267121556704060,0.157597013980819,0.154094323280450
725,0.634386284250911,0.266179795115631,0.231177046607856,0.269956905233921,0.171754154191287,0.164024746412181
822,0.639678919993987,0.26806502014066,0.256863984839407,0.269010148553487,0.140279459933373,0.183371292540019
833,0.62555609967103,0.280468392646033,0.269010148553487,0.205907447843523,0.186394027664835,0.160077057692081
771,0.635268667058686,0.253194757033311,0.231177046607856,0.251373586915138,0.175977245746161,0.167772573247934
779,0.61405843859737,0.250466494772263,0.238904240888872,0.23977753355553,0.149469410107982,0.140279459933373
681,0.584763524220902,0.257786672914962,0.203733362812729,0.275669606701894,0.148801114525785,0.166814026627726
406,0.557967132030868,0.304834801321944,0.271855157449252,0.265239772398733,0.195393227873188,0.155233599845476
749,0.593658802575914,0.267121556704060,0.153350162717428,0.26336509235663,0.168257318749387,0.140279459933373
301,0.441731771836077,0.172787005806565,0.203016510694019,0.174898448025698,0.140279459933373,0.174898448025698
909,0.637915147508898,0.258711437790672,0.226165913043895,0.240653643199231,0.188255890082703,0.185172899926102
819,0.630855615748439,0.255024990396885,0.162677834203278,0.259638241659144,0.142423961905656,0.140279459933373
711,0.624672424998259,0.324563618926047,0.32950458986508,0.297964434643167,0.208116557082828,0.140279459933373
871,0.634386284250911,0.238904240888872,0.256863984839407,0.270905253648299,0.160502026996677,0.199491561253654
396,0.454843116219575,0.152982630801945,0.196066256873814,0.190794809258731,0.140279459933373,0.147178535004063
586,0.585653817185493,0.314687276192053,0.306802338059224,0.309756707604237,0.225342219919308,0.174364837136968
754,0.637915147508898,0.267121556704060,0.283362392853609,0.198109430350217,0.185172899926102,0.162235816543637
779,0.606085249352797,0.238033800236652,0.252283020211930,0.214175622695954,0.165403320798019,0.162677834203278
702,0.606085249352797,0.205178843545358,0.26336509235663,0.218083551882790,0.164480729737195,0.140279459933373
853,0.646729776551258,0.297964434643167,0.276626749501763,0.309756707604237,0.141873944585676,0.147178535004063
180,0.555277339714655,0.200188610986799,0.203016510694019,0.222891426963376,0.179875784505171,0.193398287644562
864,0.643205181411445,0.260567046745838,0.244185541162083,0.305818349289740,0.155233599845476,0.157597013980819
872,0.638797087949753,0.267121556704060,0.270905253648299,0.200188610986799,0.174364837136968,0.170736402643872
198,0.469720411442728,0.140279459933373,0.145319498566922,0.221274744825972,0.149807763529887,0.165869963138432
796,0.615828741507218,0.209608564537159,0.217294683481912,0.231177046607856,0.160930368981928,0.161362102255135
825,0.631738455286738,0.266179795115631,0.26336509235663,0.258711437790672,0.16357228121085,0.205178843545358
825,0.623788627185174,0.261497815323131,0.285297304030371,0.202303599215116,0.184568357977156,0.140279459933373
338,0.432309844864813,0.169237834303805,0.143840891542185,0.191439626593958,0.147178535004063,0.181025063276694
160,0.466011361565902,0.140801836156987,0.178181472416481,0.182190212262849,0.152256565618780,0.140279459933373
394,0.476195411202944,0.206639944148685,0.170736402643872,0.228656878414890,0.151897993103576,0.140279459933373
1022,0.670481068306923,0.361034414931008,0.303851718893881,0.306802338059224,0.205178843545358,0.184568357977156
813,0.610516199655431,0.235439936165745,0.223704949036996,0.240653643199231,0.154094323280450,0.154094323280450
561,0.515570951288053,0.225342219919308,0.183967824035887,0.23977753355553,0.145319498566922,0.167291481291287
856,0.640560644506718,0.269010148553487,0.157597013980819,0.261497815323131,0.175977245746161,0.140279459933373
727,0.629972659733243,0.270905253648299,0.255024990396885,0.265239772398733,0.154094323280450,0.151189670120080
948,0.645848781067736,0.294052217151829,0.271855157449252,0.279506090033501,0.173309128978783,0.208116557082828
472,0.478041795094857,0.168257318749387,0.206639944148685,0.210360301592275,0.140279459933373,0.155233599845476
699,0.588323660284695,0.245967461561916,0.211115838461421,0.149133866930996,0.170736402643872,0.149133866930996
385,0.644967683931748,0.216509434133377,0.188255890082703,0.32159942528535,0.32950458986508,0.217294683481912
773,0.617598511353537,0.23977753355553,0.23977753355553,0.248659484023583,0.146548361254107,0.170736402643872
165,0.468793774829766,0.140279459933373,0.140279459933373,0.224521889216861,0.140279459933373,0.144131604573628
802,0.627323083479833,0.274713840722163,0.255024990396885,0.211875157547888,0.174364837136968,0.156008702799071
795,0.65113325749733,0.283362392853609,0.211115838461421,0.272806580486754,0.149807763529887,0.168745733831007
861,0.644086484322101,0.222891426963376,0.232023448734304,0.165403320798019,0.161797245314680,0.140279459933373
325,0.454843116219575,0.164940248736627,0.144720505822661,0.212638240623736,0.140279459933373,0.150839880430613
692,0.612287594171303,0.315674182764382,0.274713840722163,0.332468835480985,0.208116557082828,0.182190212262849
731,0.598988114480156,0.189517281185082,0.215727826366646,0.228656878414890,0.145622826217966,0.160077057692081
664,0.613173084606865,0.228656878414890,0.213405068833102,0.238904240888872,0.177071557205383,0.174898448025698
688,0.596324170558622,0.234581247743386,0.204454144375473,0.223704949036996,0.175977245746161,0.148143904307162
796,0.653774177471793,0.237166246337142,0.245075200706715,0.249561781327291,0.189517281185082,0.154470991130581
810,0.616713692539713,0.219672052767678,0.270905253648299,0.259638241659144,0.146548361254107,0.141066417195949
308,0.453909567952752,0.182778757451073,0.179875784505171,0.260567046745838,0.140279459933373,0.140279459933373
229,0.619367756469412,0.140279459933373,0.173309128978783,0.196066256873814,0.151542367809210,0.163123316426449
773,0.629089586309926,0.250466494772263,0.258711437790672,0.246862287018223,0.161797245314680,0.225342219919308
773,0.619367756469412,0.241532534498303,0.203016510694019,0.256863984839407,0.166814026627726,0.174364837136968
786,0.604311860230174,0.279506090033501,0.242414171861771,0.269956905233921,0.201594638931909,0.140279459933373
754,0.59454741884471,0.35612665264182,0.326539995183568,0.328516409471957,0.202303599215116,0.178742307944130
748,0.623788627185174,0.244185541162083,0.188884569174318,0.264301525715948,0.170233153496669,0.171243398019944
694,0.623788627185174,0.250466494772263,0.214175622695954,0.240653643199231,0.145018731380577,0.205907447843523
732,0.585653817185493,0.217294683481912,0.185172899926102,0.241532534498303,0.164480729737195,0.165869963138432
745,0.636150937944643,0.331480818156256,0.303851718893881,0.313700605163659,0.201594638931909,0.229493730258852
610,0.566024855998128,0.301887051542692,0.302869127130412,0.314687276192053,0.203016510694019,0.170736402643872
622,0.619367756469412,0.234581247743386,0.262430509724191,0.234581247743386,0.152256565618780,0.169733635746363
833,0.620252184825136,0.229493730258852,0.221274744825972,0.232023448734304,0.159237162188545,0.156008702799071
875,0.634386284250911,0.250466494772263,0.254108759679802,0.214175622695954,0.162235816543637,0.171754154191287
836,0.668723907006677,0.272806580486754,0.264301525715948,0.291125967010989,0.155619579790919,0.218083551882790
850,0.620252184825136,0.255943411389996,0.198798498578782,0.287236372741756,0.140279459933373,0.140279459933373
738,0.617598511353537,0.234581247743386,0.254108759679802,0.228656878414890,0.180448444205294,0.148801114525785
685,0.574958463059337,0.209608564537159,0.197424363331222,0.176522456496951,0.156796455796649,0.188884569174318
767,0.622020658211421,0.245075200706715,0.213405068833102,0.251373586915138,0.153350162717428,0.170736402643872
691,0.612287594171303,0.221274744825972,0.208860644258667,0.23977753355553,0.146862120354825,0.140279459933373
790,0.628206394540431,0.251373586915138,0.265239772398733,0.162677834203278,0.177071557205383,0.140279459933373
287,0.663450425192382,0.23033379664679,0.265239772398733,0.323575487390111,0.367888982200334,0.241532534498303
783,0.61405843859737,0.266179795115631,0.245075200706715,0.23977753355553,0.192741366843982,0.183371292540019
791,0.631738455286738,0.243298519444439,0.260567046745838,0.185781454960399,0.188884569174318,0.152982630801945
784,0.608744246353995,0.227823271636467,0.222891426963376,0.243298519444439,0.147178535004063,0.146862120354825
690,0.571387382661058,0.223704949036996,0.236301613614802,0.196743303664015,0.140279459933373,0.178742307944130
680,0.616713692539713,0.285297304030371,0.243298519444439,0.276626749501763,0.157597013980819,0.175977245746161
811,0.607858057407542,0.257786672914962,0.249561781327291,0.232872971194181,0.142147774681471,0.143552645462116
252,0.61405843859737,0.14298348025674,0.140539522938054,0.23977753355553,0.140279459933373,0.179875784505171
792,0.646729776551258,0.298944182722262,0.293075998312143,0.250466494772263,0.182778757451073,0.140279459933373
871,0.595435874427052,0.377644706128292,0.290152214217331,0.331480818156256,0.205907447843523,0.218876016213984
689,0.634386284250911,0.232872971194181,0.246862287018223,0.237166246337142,0.149133866930996,0.140279459933373
676,0.608744246353995,0.222891426963376,0.190794809258731,0.248659484023583,0.140279459933373,0.185781454960399
589,0.578526502286961,0.240653643199231,0.261497815323131,0.202303599215116,0.161797245314680,0.140279459933373
879,0.609630293401202,0.246862287018223,0.245075200706715,0.232023448734304,0.173309128978783,0.207376318697083
661,0.601650667029677,0.249561781327291,0.203733362812729,0.26336509235663,0.156008702799071,0.140279459933373
771,0.634386284250911,0.23977753355553,0.250466494772263,0.246862287018223,0.191439626593958,0.178181472416481
203,0.581200590507501,0.140279459933373,0.216509434133377,0.170736402643872,0.16357228121085,0.157597013980819
921,0.668723907006677,0.307786743279463,0.281431899695417,0.315674182764382,0.192088479379025,0.193398287644562
751,0.582982412426427,0.240653643199231,0.245075200706715,0.237166246337142,0.152618104976752,0.140279459933373
698,0.613173084606865,0.234581247743386,0.200188610986799,0.281431899695417,0.188884569174318,0.140279459933373
920,0.595435874427052,0.222081350052879,0.205907447843523,0.256863984839407,0.140279459933373,0.173835068385563
246,0.578526502286961,0.290152214217331,0.158002143279100,0.424736999725661,0.452041119617036,0.325551793923222
806,0.641442262346675,0.288207386188063,0.278545025785751,0.237166246337142,0.214949882112267,0.155619579790919
652,0.606085249352797,0.232023448734304,0.241532534498303,0.247759640188542,0.176522456496951,0.156008702799071
753,0.599875784998553,0.233725581744281,0.194724220966719,0.243298519444439,0.176522456496951,0.172268685450245
373,0.446424815327873,0.199491561253654,0.186394027664835,0.218083551882790,0.158822198286243,0.162677834203278
681,0.59099197716754,0.215727826366646,0.242414171861771,0.238904240888872,0.167291481291287,0.161362102255135
804,0.608744246353995,0.244185541162083,0.267121556704060,0.173309128978783,0.175977245746161,0.186394027664835
845,0.606971725447777,0.226992939983781,0.202303599215116,0.277585234113443,0.140279459933373,0.140279459933373
776,0.586543936638165,0.222081350052879,0.232023448734304,0.214949882112267,0.163123316426449,0.183967824035887
947,0.644086484322101,0.253194757033311,0.266179795115631,0.242414171861771,0.168257318749387,0.140279459933373
166,0.483571570595327,0.140279459933373,0.196743303664015,0.165869963138432,0.148801114525785,0.140279459933373
809,0.618483198986599,0.245075200706715,0.247759640188542,0.257786672914962,0.162235816543637,0.211875157547888
837,0.649372161207369,0.247759640188542,0.235439936165745,0.279506090033501,0.167291481291287,0.140279459933373
695,0.610516199655431,0.233725581744281,0.208116557082828,0.218876016213984,0.164480729737195,0.178181472416481
154,0.44923503724365,0.140279459933373,0.171754154191287,0.160930368981928,0.140279459933373,0.167291481291287
1015,0.657294084136253,0.26806502014066,0.229493730258852,0.275669606701894,0.165869963138432,0.168745733831007
674,0.598100289370352,0.282396577544332,0.270905253648299,0.278545025785751,0.203733362812729,0.209608564537159
798,0.618483198986599,0.243298519444439,0.222081350052879,0.232023448734304,0.167772573247934,0.140279459933373
352,0.441731771836077,0.161362102255135,0.149469410107982,0.189517281185082,0.155233599845476,0.140279459933373
743,0.645848781067736,0.233725581744281,0.196066256873814,0.246862287018223,0.162677834203278,0.153350162717428
738,0.592770024376564,0.205178843545358,0.203016510694019,0.215727826366646,0.170736402643872,0.151542367809210
242,0.57585075439854,0.215727826366646,0.214175622695954,0.40662186593712,0.472497848634527,0.306802338059224
709,0.592770024376564,0.255943411389996,0.252283020211930,0.226165913043895,0.152982630801945,0.140279459933373
811,0.581200590507501,0.278545025785751,0.283362392853609,0.210360301592275,0.167772573247934,0.140279459933373
821,0.606085249352797,0.241532534498303,0.198109430350217,0.211115838461421,0.173309128978783,0.158822198286243
744,0.631738455286738,0.255943411389996,0.23977753355553,0.261497815323131,0.164024746412181,0.153720720340875
777,0.61494365721071,0.237166246337142,0.195393227873188,0.271855157449252,0.143552645462116,0.169733635746363
761,0.616713692539713,0.216509434133377,0.227823271636467,0.183371292540019,0.156400988328558,0.140279459933373
727,0.623788627185174,0.222891426963376,0.246862287018223,0.182190212262849,0.183967824035887,0.154094323280450
354,0.428527399760189,0.197424363331222,0.206639944148685,0.208860644258667,0.183967824035887,0.192741366843982
829,0.615828741507218,0.275669606701894,0.238033800236652,0.26336509235663,0.151897993103576,0.177624558944457
666,0.621136485069615,0.238033800236652,0.224521889216861,0.231177046607856,0.196743303664015,0.181605650010004
774,0.601650667029677,0.227823271636467,0.23033379664679,0.213405068833102,0.161362102255135,0.140279459933373
800,0.602537880906253,0.256863984839407,0.269010148553487,0.273759486818862,0.140279459933373,0.140279459933373
752,0.623788627185174,0.250466494772263,0.236301613614802,0.288207386188063,0.192088479379025,0.196066256873814
661,0.579418047575081,0.296985336054750,0.26806502014066,0.179307075461499,0.187010622123131,0.145928733232941
831,0.581200590507501,0.246862287018223,0.215727826366646,0.269010148553487,0.183371292540019,0.140279459933373
855,0.650252758171119,0.262430509724191,0.257786672914962,0.269956905233921,0.182778757451073,0.180448444205294
723,0.629972659733243,0.269956905233921,0.257786672914962,0.286266334773665,0.179875784505171,0.171243398019944
198,0.495506422283226,0.170233153496669,0.194059239855938,0.145319498566922,0.140279459933373,0.140279459933373
341,0.439851241970584,0.156400988328558,0.188255890082703,0.155619579790919,0.151897993103576,0.156400988328558
165,0.497337158291481,0.140279459933373,0.167291481291287,0.201594638931909,0.145622826217966,0.163123316426449
749,0.68715866078394,0.245967461561916,0.250466494772263,0.226992939983781,0.144720505822661,0.146862120354825
799,0.618483198986599,0.231177046607856,0.208116557082828,0.199491561253654,0.201594638931909,0.152256565618780
810,0.629089586309926,0.232023448734304,0.218876016213984,0.218876016213984,0.185172899926102,0.169237834303805
898,0.636150937944643,0.270905253648299,0.265239772398733,0.292100571713878,0.218083551882790,0.140279459933373
657,0.613173084606865,0.235439936165745,0.241532534498303,0.223704949036996,0.185172899926102,0.155233599845476
841,0.642323774366231,0.256863984839407,0.232872971194181,0.181025063276694,0.140279459933373,0.140279459933373
180,0.365932579194558,0.140279459933373,0.191439626593958,0.196066256873814,0.140279459933373,0.145319498566922
329,0.418084423539314,0.203733362812729,0.173835068385563,0.190794809258731,0.142147774681471,0.180448444205294
725,0.622904705251892,0.231177046607856,0.245967461561916,0.212638240623736,0.171754154191287,0.16634019279706
750,0.647610671197383,0.292100571713878,0.302869127130412,0.205907447843523,0.174898448025698,0.181025063276694
350,0.451106215483896,0.192741366843982,0.232872971194181,0.23977753355553,0.140279459933373,0.153350162717428
741,0.586543936638165,0.220471637257467,0.278545025785751,0.145319498566922,0.140279459933373,0.194059239855938
658,0.636150937944643,0.222891426963376,0.235439936165745,0.245075200706715,0.140279459933373,0.164480729737195
737,0.603424944919196,0.254108759679802,0.245967461561916,0.269010148553487,0.174364837136968,0.140279459933373
163,0.50099448051522,0.146862120354825,0.140801836156987,0.236301613614802,0.140279459933373,0.172268685450245
658,0.579418047575081,0.288207386188063,0.279506090033501,0.274713840722163,0.166814026627726,0.214175622695954
164,0.490923390673098,0.145622826217966,0.149133866930996,0.231177046607856,0.142423961905656,0.140279459933373
367,0.528260989528785,0.178742307944130,0.215727826366646,0.204454144375473,0.161797245314680,0.163123316426449
353,0.438910260048710,0.175977245746161,0.148801114525785,0.206639944148685,0.140279459933373,0.149469410107982
798,0.631738455286738,0.254108759679802,0.256863984839407,0.258711437790672,0.167291481291287,0.149469410107982
816,0.629089586309926,0.218083551882790,0.256863984839407,0.191439626593958,0.149807763529887,0.175435913518267
385,0.446424815327873,0.185781454960399,0.168257318749387,0.162677834203278,0.140279459933373,0.140279459933373
325,0.688912670590823,0.228656878414890,0.188884569174318,0.389289635189169,0.432309844864813,0.290152214217331
758,0.631738455286738,0.260567046745838,0.26336509235663,0.249561781327291,0.199491561253654,0.181605650010004
768,0.660812526368302,0.258711437790672,0.271855157449252,0.221274744825972,0.168745733831007,0.158002143279100
678,0.624672424998259,0.246862287018223,0.214175622695954,0.255943411389996,0.170736402643872,0.160077057692081
651,0.606971725447777,0.226992939983781,0.218083551882790,0.233725581744281,0.185172899926102,0.175435913518267
728,0.633503788623644,0.235439936165745,0.195393227873188,0.247759640188542,0.140539522938054,0.195393227873188
841,0.616713692539713,0.226165913043895,0.208860644258667,0.227823271636467,0.140279459933373,0.140279459933373
777,0.611401966215199,0.238904240888872,0.249561781327291,0.216509434133377,0.177071557205383,0.167772573247934
780,0.604311860230174,0.241532534498303,0.179875784505171,0.283362392853609,0.160930368981928,0.152256565618780
857,0.673116204346268,0.281431899695417,0.305818349289740,0.225342219919308,0.210360301592275,0.192741366843982
706,0.627323083479833,0.274713840722163,0.259638241659144,0.235439936165745,0.185781454960399,0.173835068385563
870,0.630855615748439,0.264301525715948,0.198109430350217,0.252283020211930,0.14298348025674,0.190154027575454
713,0.644967683931748,0.245075200706715,0.225342219919308,0.251373586915138,0.171754154191287,0.140279459933373
676,0.644967683931748,0.269010148553487,0.215727826366646,0.261497815323131,0.149807763529887,0.151189670120080
698,0.63703309779987,0.231177046607856,0.216509434133377,0.212638240623736,0.178181472416481,0.208116557082828
786,0.632621179272578,0.248659484023583,0.228656878414890,0.222891426963376,0.16357228121085,0.140279459933373
729,0.564235724377818,0.326539995183568,0.276626749501763,0.260567046745838,0.194724220966719,0.211875157547888
844,0.659053485350326,0.247759640188542,0.205907447843523,0.306802338059224,0.146862120354825,0.182190212262849
692,0.451106215483896,0.140279459933373,0.254108759679802,0.140279459933373,0.140279459933373,0.150839880430613
770,0.617598511353537,0.273759486818862,0.270905253648299,0.238904240888872,0.196066256873814,0.149133866930996
336,0.422838791105066,0.173835068385563,0.16357228121085,0.236301613614802,0.140279459933373,0.176522456496951
744,0.634386284250911,0.244185541162083,0.228656878414890,0.212638240623736,0.177624558944457,0.158410531669826
767,0.659933050519219,0.249561781327291,0.292100571713878,0.202303599215116,0.203733362812729,0.153720720340875
845,0.650252758171119,0.260567046745838,0.271855157449252,0.241532534498303,0.163123316426449,0.193398287644562
658,0.597212308466731,0.246862287018223,0.226992939983781,0.23033379664679,0.155619579790919,0.171243398019944
221,0.51920253600366,0.183371292540019,0.255024990396885,0.187010622123131,0.143552645462116,0.140279459933373
733,0.622904705251892,0.273759486818862,0.241532534498303,0.250466494772263,0.187631241909896,0.140279459933373
655,0.606085249352797,0.23977753355553,0.193398287644562,0.238033800236652,0.152982630801945,0.180448444205294
829,0.613173084606865,0.275669606701894,0.200889639762023,0.267121556704060,0.164940248736627,0.167772573247934
699,0.590102705627282,0.290152214217331,0.273759486818862,0.241532534498303,0.189517281185082,0.176522456496951
579,0.701183347132507,0.191439626593958,0.186394027664835,0.226165913043895,0.162235816543637,0.140279459933373
732,0.628206394540431,0.211115838461421,0.255024990396885,0.167772573247934,0.16357228121085,0.16634019279706
465,0.457641082102348,0.157597013980819,0.198798498578782,0.205907447843523,0.140279459933373,0.140279459933373
723,0.59454741884471,0.223704949036996,0.183967824035887,0.246862287018223,0.146862120354825,0.164480729737195
671,0.598988114480156,0.215727826366646,0.253194757033311,0.173835068385563,0.162677834203278,0.140279459933373
698,0.599875784998553,0.295029198942614,0.296985336054750,0.298944182722262,0.202303599215116,0.163123316426449
170,0.510114381882143,0.140279459933373,0.182190212262849,0.145622826217966,0.140279459933373,0.140279459933373
854,0.657294084136253,0.276626749501763,0.261497815323131,0.231177046607856,0.160930368981928,0.160930368981928
765,0.590102705627282,0.217294683481912,0.204454144375473,0.238904240888872,0.142423961905656,0.189517281185082
797,0.658173830133798,0.380562464597876,0.378617765257579,0.313700605163659,0.245967461561916,0.252283020211930
663,0.628206394540431,0.248659484023583,0.251373586915138,0.311728055196152,0.208860644258667,0.160930368981928
794,0.613173084606865,0.196066256873814,0.198109430350217,0.278545025785751,0.140279459933373,0.182190212262849
970,0.644967683931748,0.253194757033311,0.199491561253654,0.238033800236652,0.172787005806565,0.196743303664015
168,0.505558530479263,0.149469410107982,0.199491561253654,0.207376318697083,0.140279459933373,0.190154027575454
494,0.56334084744967,0.209608564537159,0.233725581744281,0.234581247743386,0.182778757451073,0.140279459933373
740,0.601650667029677,0.203016510694019,0.225342219919308,0.213405068833102,0.140279459933373,0.140279459933373
744,0.601650667029677,0.242414171861771,0.237166246337142,0.231177046607856,0.166814026627726,0.171243398019944
716,0.607858057407542,0.222891426963376,0.183371292540019,0.250466494772263,0.155233599845476,0.169237834303805
810,0.61405843859737,0.275669606701894,0.258711437790672,0.306802338059224,0.157195124574254,0.229493730258852
369,0.431364974573073,0.162677834203278,0.169733635746363,0.170736402643872,0.140279459933373,0.159237162188545
356,0.412362374614871,0.189517281185082,0.210360301592275,0.187010622123131,0.140279459933373,0.147497624383717
778,0.622904705251892,0.236301613614802,0.211115838461421,0.252283020211930,0.165869963138432,0.140279459933373
809,0.615828741507218,0.247759640188542,0.224521889216861,0.207376318697083,0.191439626593958,0.152256565618780
828,0.647610671197383,0.255943411389996,0.264301525715948,0.218083551882790,0.158410531669826,0.164024746412181
857,0.668723907006677,0.287236372741756,0.264301525715948,0.314687276192053,0.177624558944457,0.169733635746363
751,0.613173084606865,0.23977753355553,0.177071557205383,0.250466494772263,0.171754154191287,0.140279459933373
734,0.635268667058686,0.224521889216861,0.221274744825972,0.226165913043895,0.180448444205294,0.140279459933373
742,0.627323083479833,0.23977753355553,0.26336509235663,0.171243398019944,0.170233153496669,0.158002143279100
748,0.598100289370352,0.245075200706715,0.254108759679802,0.167772573247934,0.180448444205294,0.140279459933373
825,0.644967683931748,0.26336509235663,0.257786672914962,0.254108759679802,0.178181472416481,0.194059239855938
841,0.639678919993987,0.255943411389996,0.229493730258852,0.264301525715948,0.199491561253654,0.165869963138432
771,0.630855615748439,0.205178843545358,0.216509434133377,0.226992939983781,0.171754154191287,0.140279459933373
751,0.61405843859737,0.303851718893881,0.281431899695417,0.269956905233921,0.172787005806565,0.189517281185082
401,0.462295554374572,0.177071557205383,0.181025063276694,0.227823271636467,0.143552645462116,0.206639944148685
854,0.659933050519219,0.308771540986705,0.305818349289740,0.293075998312143,0.243298519444439,0.179307075461499
795,0.631738455286738,0.245075200706715,0.254108759679802,0.161797245314680,0.184568357977156,0.163123316426449
733,0.677506525321988,0.26336509235663,0.255024990396885,0.238033800236652,0.175977245746161,0.16634019279706
343,0.660812526368302,0.161362102255135,0.177624558944457,0.238904240888872,0.154094323280450,0.156400988328558
373,0.457641082102348,0.169733635746363,0.190794809258731,0.222891426963376,0.174364837136968,0.140279459933373
946,0.65113325749733,0.286266334773665,0.273759486818862,0.252283020211930,0.183967824035887,0.140279459933373
734,0.627323083479833,0.292100571713878,0.281431899695417,0.253194757033311,0.177624558944457,0.165869963138432
934,0.62555609967103,0.39893907178823,0.352194131843378,0.362014841934518,0.177071557205383,0.168257318749387
633,0.578526502286961,0.305818349289740,0.290152214217331,0.258711437790672,0.218876016213984,0.188884569174318
620,0.506470348170507,0.216509434133377,0.202303599215116,0.216509434133377,0.140279459933373,0.198109430350217
625,0.598100289370352,0.215727826366646,0.202303599215116,0.254108759679802,0.164940248736627,0.170736402643872
766,0.63703309779987,0.235439936165745,0.237166246337142,0.249561781327291,0.167291481291287,0.165403320798019
720,0.61494365721071,0.242414171861771,0.190154027575454,0.256863984839407,0.140279459933373,0.140279459933373
695,0.611401966215199,0.224521889216861,0.211875157547888,0.224521889216861,0.160930368981928,0.179307075461499
807,0.587433883900336,0.238904240888872,0.260567046745838,0.214949882112267,0.150839880430613,0.180448444205294
268,0.479886604427388,0.140279459933373,0.140279459933373,0.207376318697083,0.140279459933373,0.140279459933373
798,0.629089586309926,0.232023448734304,0.207376318697083,0.240653643199231,0.167291481291287,0.169733635746363
827,0.646729776551258,0.272806580486754,0.226992939983781,0.260567046745838,0.152618104976752,0.158002143279100
226,0.394120687044045,0.140279459933373,0.217294683481912,0.150839880430613,0.154094323280450,0.160077057692081
342,0.452041119617036,0.183967824035887,0.198798498578782,0.149469410107982,0.141873944585676,0.140279459933373
748,0.65113325749733,0.242414171861771,0.259638241659144,0.198109430350217,0.176522456496951,0.158002143279100
669,0.61494365721071,0.215727826366646,0.211115838461421,0.234581247743386,0.141066417195949,0.174898448025698
651,0.601650667029677,0.216509434133377,0.177071557205383,0.244185541162083,0.143266847840142,0.140279459933373
759,0.628206394540431,0.262430509724191,0.196743303664015,0.291125967010989,0.151189670120080,0.173835068385563
707,0.633503788623644,0.294052217151829,0.267121556704060,0.301887051542692,0.179307075461499,0.155619579790919
786,0.639678919993987,0.222891426963376,0.237166246337142,0.251373586915138,0.158002143279100,0.140279459933373
696,0.610516199655431,0.282396577544332,0.286266334773665,0.280468392646033,0.187010622123131,0.181605650010004
756,0.628206394540431,0.245075200706715,0.248659484023583,0.245967461561916,0.190794809258731,0.154470991130581
854,0.659053485350326,0.281431899695417,0.280468392646033,0.264301525715948,0.146548361254107,0.150148946700048
667,0.593658802575914,0.23033379664679,0.257786672914962,0.164940248736627,0.170736402643872,0.165869963138432
670,0.615828741507218,0.274713840722163,0.275669606701894,0.181605650010004,0.184568357977156,0.140279459933373
630,0.538193325982493,0.273759486818862,0.275669606701894,0.275669606701894,0.161362102255135,0.140279459933373
353,0.430419611243593,0.16357228121085,0.202303599215116,0.140279459933373,0.160930368981928,0.140279459933373
768,0.622904705251892,0.238033800236652,0.265239772398733,0.205178843545358,0.172787005806565,0.141066417195949
828,0.646729776551258,0.278545025785751,0.291125967010989,0.252283020211930,0.159237162188545,0.177624558944457
365,0.69417308126887,0.265239772398733,0.231177046607856,0.374722731821464,0.380562464597876,0.261497815323131
900,0.663450425192382,0.228656878414890,0.197424363331222,0.211115838461421,0.154094323280450,0.183967824035887
819,0.629972659733243,0.271855157449252,0.285297304030371,0.249561781327291,0.177071557205383,0.195393227873188
878,0.641442262346675,0.231177046607856,0.232023448734304,0.178181472416481,0.164024746412181,0.144424803121843
687,0.643205181411445,0.266179795115631,0.244185541162083,0.232872971194181,0.156400988328558,0.140279459933373
345,0.433254223593108,0.172787005806565,0.218083551882790,0.198109430350217,0.174364837136968,0.140279459933373
704,0.646729776551258,0.265239772398733,0.175977245746161,0.269956905233921,0.173309128978783,0.168257318749387
728,0.603424944919196,0.248659484023583,0.174898448025698,0.252283020211930,0.140279459933373,0.16634019279706
728,0.63703309779987,0.277585234113443,0.278545025785751,0.222081350052879,0.179307075461499,0.178181472416481
673,0.598988114480156,0.274713840722163,0.240653643199231,0.290152214217331,0.146237238572002,0.153720720340875
813,0.644086484322101,0.235439936165745,0.23033379664679,0.249561781327291,0.154470991130581,0.140279459933373
716,0.611401966215199,0.245075200706715,0.243298519444439,0.232023448734304,0.162677834203278,0.165403320798019
349,0.443610401564419,0.144131604573628,0.153720720340875,0.205178843545358,0.140279459933373,0.153350162717428
168,0.39604956908159,0.164480729737195,0.192741366843982,0.220471637257467,0.156008702799071,0.151189670120080
789,0.647610671197383,0.245075200706715,0.231177046607856,0.241532534498303,0.158822198286243,0.170736402643872
393,0.455776216619560,0.179307075461499,0.184568357977156,0.196743303664015,0.140279459933373,0.140279459933373
612,0.610516199655431,0.203016510694019,0.221274744825972,0.229493730258852,0.153350162717428,0.182190212262849
734,0.634386284250911,0.212638240623736,0.232023448734304,0.235439936165745,0.146862120354825,0.160502026996677
794,0.608744246353995,0.288207386188063,0.274713840722163,0.190794809258731,0.212638240623736,0.206639944148685
771,0.627323083479833,0.245075200706715,0.277585234113443,0.228656878414890,0.150148946700048,0.169733635746363
901,0.671359527115958,0.273759486818862,0.247759640188542,0.305818349289740,0.175977245746161,0.181605650010004
794,0.598988114480156,0.286266334773665,0.217294683481912,0.285297304030371,0.156008702799071,0.144424803121843
713,0.611401966215199,0.228656878414890,0.242414171861771,0.226992939983781,0.140279459933373,0.160077057692081
743,0.603424944919196,0.226992939983781,0.167291481291287,0.247759640188542,0.156796455796649,0.140279459933373
954,0.682772413069105,0.243298519444439,0.264301525715948,0.346286080835727,0.145928733232941,0.140801836156987
846,0.615828741507218,0.253194757033311,0.212638240623736,0.222081350052879,0.161797245314680,0.194059239855938
667,0.598100289370352,0.213405068833102,0.211115838461421,0.197424363331222,0.155619579790919,0.144424803121843
779,0.624672424998259,0.247759640188542,0.206639944148685,0.258711437790672,0.140279459933373,0.150839880430613
758,0.617598511353537,0.233725581744281,0.228656878414890,0.23977753355553,0.162235816543637,0.175435913518267
245,0.617598511353537,0.140279459933373,0.187631241909896,0.178742307944130,0.141873944585676,0.179875784505171
717,0.583873056414207,0.244185541162083,0.222081350052879,0.255024990396885,0.165869963138432,0.182190212262849
786,0.596324170558622,0.228656878414890,0.202303599215116,0.273759486818862,0.177624558944457,0.154850743467635
1018,0.653774177471793,0.296985336054750,0.281431899695417,0.212638240623736,0.179875784505171,0.179307075461499
649,0.604311860230174,0.238904240888872,0.225342219919308,0.226165913043895,0.160930368981928,0.142702524367706
611,0.613173084606865,0.245967461561916,0.250466494772263,0.241532534498303,0.169733635746363,0.207376318697083
174,0.53097302992136,0.156400988328558,0.151542367809210,0.181605650010004,0.150492979148870,0.177071557205383
585,0.634386284250911,0.245967461561916,0.224521889216861,0.257786672914962,0.178742307944130,0.155619579790919
360,0.489087655334828,0.200188610986799,0.140279459933373,0.249561781327291,0.174364837136968,0.161362102255135
714,0.637915147508898,0.247759640188542,0.269956905233921,0.218876016213984,0.151897993103576,0.197424363331222
673,0.618483198986599,0.211115838461421,0.205178843545358,0.218876016213984,0.181605650010004,0.140279459933373
828,0.648491465815105,0.262430509724191,0.210360301592275,0.255943411389996,0.160930368981928,0.173835068385563
796,0.600763302119727,0.242414171861771,0.214949882112267,0.238904240888872,0.176522456496951,0.196743303664015
623,0.607858057407542,0.242414171861771,0.233725581744281,0.254108759679802,0.173309128978783,0.158822198286243
732,0.619367756469412,0.220471637257467,0.210360301592275,0.214949882112267,0.146862120354825,0.140279459933373
819,0.65113325749733,0.291125967010989,0.279506090033501,0.256863984839407,0.151897993103576,0.140279459933373
761,0.622020658211421,0.245075200706715,0.252283020211930,0.218876016213984,0.140279459933373,0.150839880430613
697,0.566024855998128,0.224521889216861,0.192741366843982,0.211875157547888,0.167772573247934,0.188255890082703
167,0.499166505254691,0.156008702799071,0.153720720340875,0.198798498578782,0.188884569174318,0.140279459933373
719,0.63703309779987,0.23977753355553,0.157195124574254,0.269956905233921,0.151542367809210,0.208860644258667
346,0.44923503724365,0.213405068833102,0.173835068385563,0.158822198286243,0.157195124574254,0.140279459933373
725,0.622020658211421,0.246862287018223,0.221274744825972,0.26806502014066,0.152982630801945,0.140279459933373
758,0.646729776551258,0.231177046607856,0.252283020211930,0.269956905233921,0.171243398019944,0.187010622123131
682,0.565130393380684,0.218876016213984,0.195393227873188,0.229493730258852,0.164024746412181,0.140279459933373
287,0.677506525321988,0.275669606701894,0.222891426963376,0.353177756395209,0.391223565654671,0.242414171861771
642,0.613173084606865,0.256863984839407,0.236301613614802,0.245075200706715,0.172268685450245,0.143266847840142
743,0.624672424998259,0.252283020211930,0.237166246337142,0.222081350052879,0.203733362812729,0.226992939983781
814,0.629972659733243,0.346286080835727,0.358090854945044,0.35612665264182,0.225342219919308,0.174898448025698
729,0.613173084606865,0.178181472416481,0.252283020211930,0.201594638931909,0.140279459933373,0.140279459933373
203,0.57763477259731,0.140279459933373,0.201594638931909,0.201594638931909,0.140279459933373,0.140279459933373
811,0.65201365997105,0.255024990396885,0.235439936165745,0.270905253648299,0.172787005806565,0.156796455796649
860,0.601650667029677,0.206639944148685,0.262430509724191,0.200889639762023,0.180448444205294,0.188884569174318
739,0.612287594171303,0.244185541162083,0.218083551882790,0.286266334773665,0.140279459933373,0.148143904307162
491,0.71606756116802,0.241532534498303,0.140279459933373,0.458572851358513,0.505558530479263,0.364953752682284
542,0.566919113760625,0.176522456496951,0.235439936165745,0.195393227873188,0.155619579790919,0.140279459933373
872,0.631738455286738,0.264301525715948,0.274713840722163,0.249561781327291,0.172787005806565,0.152618104976752
685,0.695049586089508,0.311728055196152,0.219672052767678,0.434198112267997,0.465083048709257,0.300905518027404
732,0.602537880906253,0.256863984839407,0.247759640188542,0.250466494772263,0.207376318697083,0.165869963138432
696,0.596324170558622,0.219672052767678,0.228656878414890,0.226992939983781,0.148471133452426,0.141602453589765
726,0.597212308466731,0.200889639762023,0.211115838461421,0.245967461561916,0.140279459933373,0.140279459933373
998,0.656414246618719,0.279506090033501,0.273759486818862,0.279506090033501,0.210360301592275,0.140279459933373
218,0.486331294331022,0.140279459933373,0.199491561253654,0.182778757451073,0.165869963138432,0.146548361254107
790,0.629972659733243,0.219672052767678,0.245967461561916,0.206639944148685,0.174898448025698,0.154470991130581
850,0.62555609967103,0.280468392646033,0.236301613614802,0.270905253648299,0.143266847840142,0.171243398019944
212,0.627323083479833,0.223704949036996,0.185781454960399,0.328516409471957,0.340368763820501,0.225342219919308
794,0.576742857104671,0.261497815323131,0.241532534498303,0.244185541162083,0.168745733831007,0.159237162188545
874,0.623788627185174,0.233725581744281,0.190794809258731,0.269956905233921,0.214949882112267,0.147497624383717
728,0.591881082994116,0.238904240888872,0.206639944148685,0.236301613614802,0.153720720340875,0.145622826217966
879,0.626439652176295,0.265239772398733,0.269010148553487,0.238033800236652,0.164940248736627,0.175977245746161
664,0.61494365721071,0.238033800236652,0.238033800236652,0.251373586915138,0.145018731380577,0.181025063276694
622,0.617598511353537,0.278545025785751,0.247759640188542,0.312714190948075,0.150839880430613,0.147178535004063
750,0.602537880906253,0.238033800236652,0.245967461561916,0.231177046607856,0.155619579790919,0.173309128978783
738,0.616713692539713,0.257786672914962,0.227823271636467,0.287236372741756,0.162677834203278,0.168257318749387
708,0.617598511353537,0.296985336054750,0.281431899695417,0.265239772398733,0.151189670120080,0.187631241909896
765,0.632621179272578,0.275669606701894,0.238904240888872,0.262430509724191,0.185781454960399,0.162677834203278
389,0.503733909185275,0.238033800236652,0.196743303664015,0.245967461561916,0.155619579790919,0.140279459933373
410,0.668723907006677,0.183967824035887,0.151542367809210,0.245967461561916,0.140279459933373,0.154094323280450
542,0.574065981658382,0.255024990396885,0.255943411389996,0.226992939983781,0.154094323280450,0.156008702799071
861,0.629089586309926,0.35612665264182,0.357108931824631,0.320611530912211,0.205907447843523,0.195393227873188
704,0.600763302119727,0.208860644258667,0.192088479379025,0.227823271636467,0.140279459933373,0.140279459933373
776,0.637915147508898,0.26336509235663,0.241532534498303,0.256863984839407,0.141333283747465,0.151897993103576
670,0.624672424998259,0.23033379664679,0.147497624383717,0.254108759679802,0.172787005806565,0.145622826217966
563,0.546296562840502,0.295029198942614,0.26336509235663,0.271855157449252,0.224521889216861,0.155619579790919
656,0.599875784998553,0.288207386188063,0.284329312589461,0.259638241659144,0.174898448025698,0.140279459933373
848,0.644086484322101,0.236301613614802,0.198798498578782,0.250466494772263,0.140279459933373,0.154470991130581
685,0.592770024376564,0.246862287018223,0.253194757033311,0.217294683481912,0.165403320798019,0.140279459933373
200,0.584763524220902,0.163123316426449,0.185781454960399,0.171754154191287,0.140279459933373,0.160502026996677
748,0.591881082994116,0.246862287018223,0.255024990396885,0.265239772398733,0.169237834303805,0.194724220966719
810,0.61405843859737,0.232023448734304,0.206639944148685,0.250466494772263,0.180448444205294,0.160502026996677
990,0.641442262346675,0.284329312589461,0.267121556704060,0.272806580486754,0.174364837136968,0.153720720340875
784,0.615828741507218,0.238033800236652,0.245075200706715,0.236301613614802,0.192088479379025,0.162235816543637
419,0.461365530470573,0.225342219919308,0.185172899926102,0.183967824035887,0.167772573247934,0.167772573247934
766,0.631738455286738,0.256863984839407,0.215727826366646,0.234581247743386,0.181605650010004,0.172787005806565
161,0.493674279807102,0.140279459933373,0.140279459933373,0.243298519444439,0.140279459933373,0.152256565618780
743,0.589213267095234,0.214175622695954,0.178742307944130,0.234581247743386,0.140279459933373,0.140279459933373
383,0.454843116219575,0.152256565618780,0.189517281185082,0.187631241909896,0.140279459933373,0.172787005806565
661,0.612287594171303,0.222891426963376,0.208116557082828,0.191439626593958,0.140279459933373,0.164480729737195
855,0.656414246618719,0.346286080835727,0.296985336054750,0.277585234113443,0.197424363331222,0.159237162188545
152,0.446424815327873,0.140279459933373,0.154470991130581,0.171243398019944,0.140279459933373,0.173835068385563
165,0.587433883900336,0.185781454960399,0.182190212262849,0.226992939983781,0.162235816543637,0.165869963138432
828,0.645848781067736,0.270905253648299,0.233725581744281,0.288207386188063,0.155619579790919,0.208116557082828
945,0.613173084606865,0.297964434643167,0.301887051542692,0.220471637257467,0.190154027575454,0.164024746412181
664,0.616713692539713,0.226992939983781,0.225342219919308,0.245075200706715,0.172268685450245,0.156796455796649
752,0.643205181411445,0.234581247743386,0.223704949036996,0.302869127130412,0.150148946700048,0.16357228121085
760,0.631738455286738,0.261497815323131,0.244185541162083,0.246862287018223,0.166814026627726,0.222891426963376
873,0.606971725447777,0.368866547920421,0.337407372460796,0.270905253648299,0.23033379664679,0.166814026627726
850,0.615828741507218,0.26806502014066,0.228656878414890,0.214949882112267,0.174898448025698,0.170736402643872
582,0.606085249352797,0.213405068833102,0.182778757451073,0.226165913043895,0.151542367809210,0.140279459933373
710,0.619367756469412,0.232023448734304,0.249561781327291,0.226992939983781,0.165403320798019,0.198109430350217
808,0.615828741507218,0.236301613614802,0.190794809258731,0.240653643199231,0.145622826217966,0.200889639762023
733,0.610516199655431,0.226992939983781,0.215727826366646,0.295029198942614,0.140279459933373,0.146237238572002
633,0.659933050519219,0.255024990396885,0.265239772398733,0.244185541162083,0.180448444205294,0.182190212262849
696,0.621136485069615,0.395085382089401,0.37179664134119,0.39893907178823,0.305818349289740,0.290152214217331
350,0.436084425669404,0.187631241909896,0.179307075461499,0.203016510694019,0.188884569174318,0.140279459933373
746,0.620252184825136,0.226992939983781,0.229493730258852,0.260567046745838,0.146237238572002,0.153720720340875
747,0.62555609967103,0.234581247743386,0.246862287018223,0.256863984839407,0.174364837136968,0.182778757451073
601,0.603424944919196,0.285297304030371,0.273759486818862,0.249561781327291,0.177071557205383,0.158002143279100
832,0.660812526368302,0.304834801321944,0.214949882112267,0.282396577544332,0.140279459933373,0.192088479379025
681,0.593658802575914,0.264301525715948,0.227823271636467,0.283362392853609,0.140279459933373,0.158410531669826
742,0.650252758171119,0.237166246337142,0.270905253648299,0.235439936165745,0.178742307944130,0.173835068385563
718,0.611401966215199,0.238033800236652,0.226165913043895,0.200188610986799,0.189517281185082,0.171243398019944
750,0.619367756469412,0.261497815323131,0.26336509235663,0.258711437790672,0.177071557205383,0.188884569174318
837,0.613173084606865,0.332468835480985,0.324563618926047,0.255024990396885,0.197424363331222,0.188884569174318
896,0.595435874427052,0.277585234113443,0.270905253648299,0.240653643199231,0.197424363331222,0.156400988328558
306,0.450170855356869,0.166814026627726,0.177071557205383,0.191439626593958,0.165403320798019,0.141602453589765
859,0.615828741507218,0.238904240888872,0.248659484023583,0.270905253648299,0.140279459933373,0.16357228121085
507,0.467866722440866,0.209608564537159,0.223704949036996,0.186394027664835,0.148801114525785,0.198109430350217
970,0.623788627185174,0.256863984839407,0.257786672914962,0.207376318697083,0.164940248736627,0.184568357977156
774,0.586543936638165,0.274713840722163,0.280468392646033,0.296006914761259,0.192741366843982,0.202303599215116
596,0.622020658211421,0.297964434643167,0.279506090033501,0.259638241659144,0.198109430350217,0.161797245314680
160,0.454843116219575,0.156400988328558,0.183967824035887,0.199491561253654,0.140279459933373,0.163123316426449
180,0.555277339714655,0.170736402643872,0.175435913518267,0.190794809258731,0.149469410107982,0.166814026627726
810,0.633503788623644,0.256863984839407,0.282396577544332,0.276626749501763,0.175977245746161,0.198798498578782
845,0.658173830133798,0.302869127130412,0.294052217151829,0.252283020211930,0.214949882112267,0.169733635746363
753,0.627323083479833,0.259638241659144,0.247759640188542,0.255943411389996,0.159655442358187,0.152982630801945
748,0.62555609967103,0.245967461561916,0.175435913518267,0.253194757033311,0.165869963138432,0.159237162188545
822,0.644967683931748,0.266179795115631,0.224521889216861,0.257786672914962,0.175977245746161,0.171754154191287
652,0.618483198986599,0.238904240888872,0.217294683481912,0.255943411389996,0.147819407725247,0.16634019279706
801,0.623788627185174,0.228656878414890,0.179307075461499,0.255024990396885,0.157597013980819,0.189517281185082
723,0.582982412426427,0.199491561253654,0.237166246337142,0.232023448734304,0.162677834203278,0.149133866930996
745,0.629972659733243,0.240653643199231,0.227823271636467,0.235439936165745,0.140279459933373,0.146862120354825
355,0.432309844864813,0.154094323280450,0.140279459933373,0.212638240623736,0.155619579790919,0.160502026996677
861,0.598988114480156,0.253194757033311,0.228656878414890,0.236301613614802,0.155619579790919,0.140279459933373
643,0.652893966371437,0.244185541162083,0.257786672914962,0.277585234113443,0.140279459933373,0.168257318749387
691,0.649372161207369,0.226165913043895,0.186394027664835,0.269956905233921,0.169237834303805,0.157195124574254
785,0.636150937944643,0.249561781327291,0.249561781327291,0.248659484023583,0.172787005806565,0.208116557082828
228,0.597212308466731,0.170233153496669,0.23033379664679,0.140279459933373,0.158822198286243,0.140279459933373
749,0.61405843859737,0.242414171861771,0.260567046745838,0.235439936165745,0.140279459933373,0.161797245314680
204,0.590102705627282,0.193398287644562,0.214949882112267,0.183371292540019,0.171243398019944,0.154850743467635
816,0.619367756469412,0.256863984839407,0.210360301592275,0.265239772398733,0.162677834203278,0.160502026996677
802,0.639678919993987,0.259638241659144,0.235439936165745,0.245967461561916,0.167291481291287,0.140279459933373
717,0.659933050519219,0.238904240888872,0.285297304030371,0.197424363331222,0.161797245314680,0.194724220966719
242,0.61494365721071,0.169733635746363,0.154094323280450,0.231177046607856,0.140279459933373,0.160077057692081
656,0.642323774366231,0.257786672914962,0.233725581744281,0.23977753355553,0.160077057692081,0.156008702799071
734,0.61405843859737,0.193398287644562,0.243298519444439,0.212638240623736,0.140279459933373,0.150492979148870
812,0.61494365721071,0.226165913043895,0.220471637257467,0.227823271636467,0.140279459933373,0.156008702799071
407,0.462295554374572,0.200188610986799,0.172268685450245,0.207376318697083,0.162677834203278,0.155233599845476
821,0.634386284250911,0.293075998312143,0.304834801321944,0.269010148553487,0.183967824035887,0.185781454960399
486,0.67838435938152,0.152982630801945,0.177624558944457,0.228656878414890,0.141333283747465,0.207376318697083
776,0.649372161207369,0.265239772398733,0.250466494772263,0.255943411389996,0.171243398019944,0.140279459933373
723,0.603424944919196,0.221274744825972,0.208116557082828,0.201594638931909,0.140279459933373,0.140279459933373
338,0.429473753439024,0.141602453589765,0.202303599215116,0.199491561253654,0.157195124574254,0.170233153496669
601,0.598100289370352,0.213405068833102,0.203016510694019,0.243298519444439,0.158822198286243,0.140279459933373
327,0.70906526078053,0.246862287018223,0.156796455796649,0.384446102799712,0.39604956908159,0.259638241659144
912,0.613173084606865,0.309756707604237,0.278545025785751,0.294052217151829,0.194724220966719,0.170233153496669
815,0.681894949187986,0.26336509235663,0.226165913043895,0.308771540986705,0.167291481291287,0.187631241909896
720,0.640560644506718,0.264301525715948,0.241532534498303,0.250466494772263,0.156400988328558,0.149807763529887
777,0.640560644506718,0.259638241659144,0.208860644258667,0.286266334773665,0.151897993103576,0.140279459933373
784,0.619367756469412,0.254108759679802,0.274713840722163,0.174898448025698,0.192741366843982,0.182190212262849
853,0.630855615748439,0.306802338059224,0.285297304030371,0.278545025785751,0.177624558944457,0.140279459933373
643,0.587433883900336,0.229493730258852,0.166814026627726,0.269956905233921,0.142702524367706,0.158822198286243
321,0.490005705397473,0.173309128978783,0.186394027664835,0.205907447843523,0.140279459933373,0.16634019279706
719,0.626439652176295,0.223704949036996,0.238033800236652,0.250466494772263,0.140279459933373,0.140279459933373
919,0.636150937944643,0.261497815323131,0.259638241659144,0.226992939983781,0.173309128978783,0.214949882112267
878,0.630855615748439,0.233725581744281,0.261497815323131,0.231177046607856,0.161362102255135,0.140279459933373
706,0.59454741884471,0.229493730258852,0.277585234113443,0.144131604573628,0.164024746412181,0.16634019279706
823,0.649372161207369,0.282396577544332,0.185781454960399,0.296985336054750,0.161797245314680,0.192088479379025
938,0.669602528491819,0.318636108753548,0.298944182722262,0.306802338059224,0.175435913518267,0.147178535004063
215,0.585653817185493,0.140279459933373,0.232023448734304,0.141333283747465,0.165403320798019,0.149469410107982
981,0.630855615748439,0.247759640188542,0.217294683481912,0.260567046745838,0.176522456496951,0.200188610986799
666,0.583873056414207,0.234581247743386,0.241532534498303,0.249561781327291,0.172787005806565,0.154470991130581
906,0.655534316836593,0.385415796280043,0.370820382306947,0.372772455485757,0.26336509235663,0.209608564537159
184,0.547195695509664,0.140279459933373,0.217294683481912,0.140279459933373,0.169237834303805,0.145018731380577
765,0.597212308466731,0.309756707604237,0.252283020211930,0.303851718893881,0.170736402643872,0.193398287644562
697,0.621136485069615,0.236301613614802,0.26336509235663,0.224521889216861,0.156400988328558,0.191439626593958
771,0.636150937944643,0.266179795115631,0.218083551882790,0.275669606701894,0.161362102255135,0.196066256873814
745,0.583873056414207,0.247759640188542,0.272806580486754,0.256863984839407,0.182778757451073,0.196743303664015
840,0.633503788623644,0.260567046745838,0.269956905233921,0.245967461561916,0.142147774681471,0.146548361254107
742,0.65113325749733,0.237166246337142,0.262430509724191,0.232872971194181,0.140279459933373,0.140279459933373
786,0.644967683931748,0.285297304030371,0.253194757033311,0.227823271636467,0.158410531669826,0.140279459933373
685,0.587433883900336,0.218083551882790,0.188255890082703,0.184568357977156,0.140279459933373,0.147497624383717
791,0.630855615748439,0.264301525715948,0.223704949036996,0.235439936165745,0.157597013980819,0.161362102255135
531,0.603424944919196,0.272806580486754,0.276626749501763,0.261497815323131,0.205907447843523,0.171754154191287
775,0.628206394540431,0.270905253648299,0.234581247743386,0.256863984839407,0.158410531669826,0.168745733831007
1017,0.72219179685515,0.368866547920421,0.36005360357005,0.343328438016707,0.207376318697083,0.203016510694019
461,0.490005705397473,0.182778757451073,0.197424363331222,0.192741366843982,0.152618104976752,0.157597013980819
762,0.646729776551258,0.260567046745838,0.26336509235663,0.217294683481912,0.201594638931909,0.140279459933373
513,0.586543936638165,0.249561781327291,0.255024990396885,0.272806580486754,0.250466494772263,0.165403320798019
849,0.644086484322101,0.276626749501763,0.223704949036996,0.238033800236652,0.140279459933373,0.149807763529887
698,0.644086484322101,0.286266334773665,0.287236372741756,0.257786672914962,0.170736402643872,0.190154027575454
802,0.608744246353995,0.246862287018223,0.214175622695954,0.222081350052879,0.189517281185082,0.16634019279706
676,0.612287594171303,0.246862287018223,0.241532534498303,0.249561781327291,0.164480729737195,0.157597013980819
794,0.652893966371437,0.270905253648299,0.245075200706715,0.259638241659144,0.167772573247934,0.140279459933373
664,0.588323660284695,0.218083551882790,0.205907447843523,0.274713840722163,0.140279459933373,0.149807763529887
766,0.613173084606865,0.254108759679802,0.193398287644562,0.240653643199231,0.162677834203278,0.208116557082828
758,0.609630293401202,0.255943411389996,0.206639944148685,0.275669606701894,0.140279459933373,0.171754154191287
763,0.644967683931748,0.269010148553487,0.212638240623736,0.299924552865763,0.190154027575454,0.140279459933373
773,0.629972659733243,0.276626749501763,0.237166246337142,0.281431899695417,0.185781454960399,0.188884569174318
595,0.562445761046978,0.280468392646033,0.253194757033311,0.277585234113443,0.174898448025698,0.141873944585676
742,0.610516199655431,0.242414171861771,0.211875157547888,0.228656878414890,0.152618104976752,0.140279459933373
927,0.650252758171119,0.246862287018223,0.261497815323131,0.289179343702615,0.140279459933373,0.140279459933373
214,0.590102705627282,0.211115838461421,0.200889639762023,0.361034414931008,0.374722731821464,0.182778757451073
722,0.606085249352797,0.233725581744281,0.275669606701894,0.140279459933373,0.202303599215116,0.168257318749387
322,0.40662186593712,0.140279459933373,0.160502026996677,0.237166246337142,0.140279459933373,0.141333283747465
677,0.600763302119727,0.207376318697083,0.211875157547888,0.196066256873814,0.140279459933373,0.192088479379025
835,0.63703309779987,0.270905253648299,0.255943411389996,0.232872971194181,0.178742307944130,0.142423961905656
716,0.588323660284695,0.249561781327291,0.220471637257467,0.249561781327291,0.158002143279100,0.164480729737195
730,0.590102705627282,0.218083551882790,0.188884569174318,0.266179795115631,0.146237238572002,0.16357228121085
578,0.589213267095234,0.247759640188542,0.244185541162083,0.253194757033311,0.162235816543637,0.169237834303805
639,0.599875784998553,0.206639944148685,0.262430509724191,0.158822198286243,0.156796455796649,0.151542367809210
675,0.615828741507218,0.243298519444439,0.214175622695954,0.265239772398733,0.147497624383717,0.151897993103576
834,0.626439652176295,0.264301525715948,0.236301613614802,0.260567046745838,0.140279459933373,0.154850743467635
669,0.596324170558622,0.23033379664679,0.224521889216861,0.246862287018223,0.158822198286243,0.16357228121085
444,0.599875784998553,0.255943411389996,0.188884569174318,0.367888982200334,0.353177756395209,0.211115838461421
645,0.61494365721071,0.255024990396885,0.220471637257467,0.247759640188542,0.160077057692081,0.144131604573628
801,0.636150937944643,0.264301525715948,0.255024990396885,0.223704949036996,0.178742307944130,0.161362102255135
512,0.63703309779987,0.235439936165745,0.270905253648299,0.218876016213984,0.179307075461499,0.177624558944457
916,0.621136485069615,0.260567046745838,0.252283020211930,0.215727826366646,0.176522456496951,0.194724220966719
202,0.447362019176649,0.245075200706715,0.220471637257467,0.280468392646033,0.323575487390111,0.196066256873814
786,0.646729776551258,0.261497815323131,0.261497815323131,0.317648619366148,0.153720720340875,0.157597013980819
614,0.608744246353995,0.222891426963376,0.237166246337142,0.182190212262849,0.164940248736627,0.140279459933373
794,0.631738455286738,0.339381807952053,0.257786672914962,0.320611530912211,0.140279459933373,0.140279459933373
704,0.608744246353995,0.238904240888872,0.241532534498303,0.185781454960399,0.170233153496669,0.140279459933373
784,0.655534316836593,0.281431899695417,0.203733362812729,0.26336509235663,0.178181472416481,0.205907447843523
808,0.643205181411445,0.289179343702615,0.275669606701894,0.221274744825972,0.192741366843982,0.227823271636467
948,0.629972659733243,0.274713840722163,0.269956905233921,0.255943411389996,0.190154027575454,0.155233599845476
964,0.647610671197383,0.276626749501763,0.23033379664679,0.291125967010989,0.179875784505171,0.140279459933373
720,0.588323660284695,0.229493730258852,0.206639944148685,0.298944182722262,0.140279459933373,0.194724220966719
793,0.646729776551258,0.324563618926047,0.303851718893881,0.284329312589461,0.154850743467635,0.175435913518267
762,0.668723907006677,0.262430509724191,0.272806580486754,0.235439936165745,0.172268685450245,0.144424803121843
833,0.644967683931748,0.250466494772263,0.232872971194181,0.208116557082828,0.201594638931909,0.165403320798019
676,0.611401966215199,0.251373586915138,0.222081350052879,0.23977753355553,0.171754154191287,0.173309128978783
365,0.417132025922147,0.164024746412181,0.192741366843982,0.157195124574254,0.148143904307162,0.142423961905656
678,0.601650667029677,0.249561781327291,0.211115838461421,0.274713840722163,0.165403320798019,0.167291481291287
710,0.638797087949753,0.241532534498303,0.219672052767678,0.248659484023583,0.140279459933373,0.192088479379025
182,0.475271623239318,0.158822198286243,0.156796455796649,0.255943411389996,0.140279459933373,0.164024746412181
963,0.637915147508898,0.288207386188063,0.289179343702615,0.254108759679802,0.211875157547888,0.166814026627726
669,0.615828741507218,0.259638241659144,0.218083551882790,0.261497815323131,0.167291481291287,0.178181472416481
798,0.578526502286961,0.237166246337142,0.211115838461421,0.243298519444439,0.157195124574254,0.152982630801945
762,0.633503788623644,0.219672052767678,0.156008702799071,0.255943411389996,0.152618104976752,0.171243398019944
703,0.618483198986599,0.222891426963376,0.205178843545358,0.276626749501763,0.140279459933373,0.151897993103576
370,0.42188893060604,0.177071557205383,0.204454144375473,0.140279459933373,0.140279459933373,0.159655442358187
742,0.564235724377818,0.210360301592275,0.236301613614802,0.203016510694019,0.140279459933373,0.143266847840142
170,0.543597713584787,0.140279459933373,0.201594638931909,0.144131604573628,0.172787005806565,0.162677834203278
872,0.610516199655431,0.277585234113443,0.23033379664679,0.275669606701894,0.160930368981928,0.197424363331222
678,0.622904705251892,0.296006914761259,0.278545025785751,0.23033379664679,0.231177046607856,0.205907447843523
696,0.612287594171303,0.236301613614802,0.223704949036996,0.259638241659144,0.168257318749387,0.177071557205383
735,0.612287594171303,0.234581247743386,0.238033800236652,0.269010148553487,0.140279459933373,0.169733635746363
753,0.631738455286738,0.250466494772263,0.207376318697083,0.232872971194181,0.157195124574254,0.158822198286243
391,0.464154311336516,0.189517281185082,0.202303599215116,0.167291481291287,0.140279459933373,0.182778757451073
695,0.616713692539713,0.211875157547888,0.200188610986799,0.210360301592275,0.153350162717428,0.140279459933373
862,0.619367756469412,0.215727826366646,0.215727826366646,0.225342219919308,0.159655442358187,0.174898448025698
286,0.423788147113161,0.174364837136968,0.179875784505171,0.203016510694019,0.141873944585676,0.140279459933373
702,0.641442262346675,0.252283020211930,0.269010148553487,0.182190212262849,0.170233153496669,0.140279459933373
748,0.632621179272578,0.198109430350217,0.199491561253654,0.249561781327291,0.140279459933373,0.158002143279100
481,0.606971725447777,0.287236372741756,0.269010148553487,0.242414171861771,0.143840891542185,0.159237162188545
821,0.659933050519219,0.277585234113443,0.270905253648299,0.260567046745838,0.149807763529887,0.181605650010004
927,0.665208590906176,0.274713840722163,0.198109430350217,0.289179343702615,0.207376318697083,0.204454144375473
769,0.641442262346675,0.23033379664679,0.203733362812729,0.245967461561916,0.156008702799071,0.167772573247934
371,0.430419611243593,0.176522456496951,0.196066256873814,0.200188610986799,0.154094323280450,0.143266847840142
780,0.598988114480156,0.228656878414890,0.240653643199231,0.253194757033311,0.16634019279706,0.140279459933373
890,0.660812526368302,0.259638241659144,0.255943411389996,0.246862287018223,0.150839880430613,0.187010622123131
761,0.658173830133798,0.258711437790672,0.252283020211930,0.254108759679802,0.184568357977156,0.140279459933373
912,0.668723907006677,0.289179343702615,0.305818349289740,0.323575487390111,0.213405068833102,0.196066256873814
370,0.435141512434088,0.159655442358187,0.188255890082703,0.195393227873188,0.140539522938054,0.178742307944130
781,0.622904705251892,0.236301613614802,0.204454144375473,0.271855157449252,0.188255890082703,0.171754154191287
849,0.626439652176295,0.250466494772263,0.252283020211930,0.248659484023583,0.152982630801945,0.210360301592275
832,0.627323083479833,0.245967461561916,0.218083551882790,0.245967461561916,0.177624558944457,0.165403320798019
663,0.61405843859737,0.232872971194181,0.233725581744281,0.224521889216861,0.146862120354825,0.183967824035887
781,0.631738455286738,0.234581247743386,0.238033800236652,0.216509434133377,0.174364837136968,0.145018731380577
699,0.636150937944643,0.244185541162083,0.286266334773665,0.23977753355553,0.151542367809210,0.168745733831007
782,0.619367756469412,0.269956905233921,0.226165913043895,0.278545025785751,0.145928733232941,0.147819407725247
786,0.618483198986599,0.270905253648299,0.249561781327291,0.274713840722163,0.155619579790919,0.140279459933373
873,0.657294084136253,0.281431899695417,0.253194757033311,0.270905253648299,0.183371292540019,0.177624558944457
798,0.619367756469412,0.264301525715948,0.247759640188542,0.245075200706715,0.172787005806565,0.183967824035887
701,0.607858057407542,0.226992939983781,0.233725581744281,0.238904240888872,0.140279459933373,0.140279459933373
821,0.627323083479833,0.262430509724191,0.254108759679802,0.248659484023583,0.181025063276694,0.188884569174318
786,0.622020658211421,0.244185541162083,0.231177046607856,0.232023448734304,0.179875784505171,0.140279459933373
653,0.592770024376564,0.218876016213984,0.242414171861771,0.222891426963376,0.154094323280450,0.151189670120080
157,0.291125967010989,0.140279459933373,0.174898448025698,0.196066256873814,0.140279459933373,0.179875784505171
781,0.605198627992826,0.26806502014066,0.223704949036996,0.273759486818862,0.167291481291287,0.163123316426449
720,0.620252184825136,0.267121556704060,0.243298519444439,0.257786672914962,0.192088479379025,0.185781454960399
877,0.623788627185174,0.260567046745838,0.231177046607856,0.271855157449252,0.140279459933373,0.157597013980819
808,0.631738455286738,0.23977753355553,0.222891426963376,0.289179343702615,0.14298348025674,0.152618104976752
823,0.6678452031824,0.266179795115631,0.212638240623736,0.284329312589461,0.193398287644562,0.23977753355553
743,0.61405843859737,0.231177046607856,0.250466494772263,0.216509434133377,0.181605650010004,0.161797245314680
803,0.644086484322101,0.253194757033311,0.211115838461421,0.271855157449252,0.190154027575454,0.154850743467635
827,0.604311860230174,0.245967461561916,0.247759640188542,0.228656878414890,0.180448444205294,0.162235816543637
812,0.624672424998259,0.243298519444439,0.214949882112267,0.256863984839407,0.156008702799071,0.178742307944130
615,0.602537880906253,0.218876016213984,0.236301613614802,0.241532534498303,0.146548361254107,0.194724220966719
743,0.618483198986599,0.245075200706715,0.214175622695954,0.26806502014066,0.149807763529887,0.187010622123131
157,0.467866722440866,0.164024746412181,0.175977245746161,0.207376318697083,0.168257318749387,0.168745733831007
743,0.59099197716754,0.208116557082828,0.223704949036996,0.248659484023583,0.157195124574254,0.140279459933373
872,0.639678919993987,0.283362392853609,0.205907447843523,0.287236372741756,0.189517281185082,0.171754154191287
765,0.623788627185174,0.26806502014066,0.228656878414890,0.245075200706715,0.184568357977156,0.140279459933373
682,0.606971725447777,0.238904240888872,0.195393227873188,0.255024990396885,0.157597013980819,0.140279459933373
741,0.633503788623644,0.252283020211930,0.23033379664679,0.233725581744281,0.177624558944457,0.165869963138432
697,0.592770024376564,0.211875157547888,0.190794809258731,0.265239772398733,0.150148946700048,0.140279459933373
312,0.451106215483896,0.152256565618780,0.168257318749387,0.184568357977156,0.140279459933373,0.147819407725247
816,0.604311860230174,0.235439936165745,0.184568357977156,0.232872971194181,0.157597013980819,0.156008702799071
459,0.695049586089508,0.232023448734304,0.238904240888872,0.303851718893881,0.332468835480985,0.232872971194181
702,0.634386284250911,0.248659484023583,0.233725581744281,0.271855157449252,0.140539522938054,0.148801114525785
683,0.640560644506718,0.257786672914962,0.264301525715948,0.282396577544332,0.16634019279706,0.145928733232941
828,0.636150937944643,0.26336509235663,0.226992939983781,0.262430509724191,0.192088479379025,0.149807763529887
645,0.634386284250911,0.255024990396885,0.218876016213984,0.279506090033501,0.175435913518267,0.198109430350217
746,0.609630293401202,0.274713840722163,0.252283020211930,0.221274744825972,0.154850743467635,0.144424803121843
764,0.650252758171119,0.256863984839407,0.223704949036996,0.281431899695417,0.140279459933373,0.157597013980819
834,0.622020658211421,0.247759640188542,0.234581247743386,0.271855157449252,0.170233153496669,0.189517281185082
712,0.619367756469412,0.212638240623736,0.245967461561916,0.182778757451073,0.185781454960399,0.171754154191287
849,0.65113325749733,0.257786672914962,0.227823271636467,0.238033800236652,0.171754154191287,0.146548361254107
733,0.605198627992826,0.214175622695954,0.208860644258667,0.23977753355553,0.149469410107982,0.140279459933373
797,0.647610671197383,0.282396577544332,0.248659484023583,0.264301525715948,0.185172899926102,0.196066256873814
703,0.622020658211421,0.222891426963376,0.199491561253654,0.245075200706715,0.157597013980819,0.160077057692081
873,0.659933050519219,0.326539995183568,0.299924552865763,0.339381807952053,0.189517281185082,0.145928733232941
788,0.635268667058686,0.23977753355553,0.232023448734304,0.241532534498303,0.146237238572002,0.140279459933373
616,0.624672424998259,0.256863984839407,0.247759640188542,0.255943411389996,0.167772573247934,0.157597013980819
701,0.617598511353537,0.241532534498303,0.226992939983781,0.218876016213984,0.159237162188545,0.140279459933373
725,0.595435874427052,0.241532534498303,0.200889639762023,0.256863984839407,0.159655442358187,0.167772573247934
685,0.600763302119727,0.231177046607856,0.170233153496669,0.232872971194181,0.150492979148870,0.144424803121843
473,0.55975922935761,0.273759486818862,0.255024990396885,0.269010148553487,0.162235816543637,0.193398287644562
725,0.596324170558622,0.228656878414890,0.214175622695954,0.248659484023583,0.170736402643872,0.148143904307162
664,0.582982412426427,0.259638241659144,0.233725581744281,0.223704949036996,0.205178843545358,0.140279459933373
829,0.66608754581422,0.302869127130412,0.278545025785751,0.255943411389996,0.140279459933373,0.192741366843982
429,0.43702685358426,0.192088479379025,0.159655442358187,0.204454144375473,0.151189670120080,0.178181472416481
241,0.622020658211421,0.266179795115631,0.140279459933373,0.600763302119727,0.65113325749733,0.492757675678563
695,0.600763302119727,0.232023448734304,0.222891426963376,0.265239772398733,0.140279459933373,0.145319498566922
910,0.631738455286738,0.235439936165745,0.222081350052879,0.26336509235663,0.140279459933373,0.196066256873814
772,0.616713692539713,0.214175622695954,0.234581247743386,0.234581247743386,0.161797245314680,0.140279459933373
818,0.663450425192382,0.267121556704060,0.262430509724191,0.242414171861771,0.155619579790919,0.140279459933373
502,0.473422844172892,0.162677834203278,0.199491561253654,0.187631241909896,0.160077057692081,0.143840891542185
920,0.65201365997105,0.271855157449252,0.275669606701894,0.256863984839407,0.143266847840142,0.181025063276694
824,0.627323083479833,0.240653643199231,0.208860644258667,0.269010148553487,0.140279459933373,0.167772573247934
788,0.644086484322101,0.292100571713878,0.286266334773665,0.238033800236652,0.228656878414890,0.174898448025698
693,0.618483198986599,0.249561781327291,0.222081350052879,0.202303599215116,0.176522456496951,0.177624558944457
735,0.63703309779987,0.265239772398733,0.289179343702615,0.231177046607856,0.216509434133377,0.198109430350217
816,0.637915147508898,0.265239772398733,0.259638241659144,0.215727826366646,0.193398287644562,0.160077057692081
727,0.61494365721071,0.205178843545358,0.183967824035887,0.276626749501763,0.140279459933373,0.150839880430613
723,0.574958463059337,0.275669606701894,0.262430509724191,0.286266334773665,0.168745733831007,0.209608564537159
671,0.598988114480156,0.244185541162083,0.232023448734304,0.178181472416481,0.158410531669826,0.159655442358187
736,0.632621179272578,0.254108759679802,0.265239772398733,0.274713840722163,0.179875784505171,0.166814026627726
760,0.621136485069615,0.258711437790672,0.288207386188063,0.182778757451073,0.175977245746161,0.177071557205383
806,0.641442262346675,0.237166246337142,0.222891426963376,0.286266334773665,0.171243398019944,0.150839880430613
828,0.613173084606865,0.245967461561916,0.23977753355553,0.206639944148685,0.159655442358187,0.157597013980819
726,0.590102705627282,0.236301613614802,0.196066256873814,0.212638240623736,0.156008702799071,0.152618104976752
611,0.647610671197383,0.310742219942023,0.312714190948075,0.275669606701894,0.154094323280450,0.174364837136968
523,0.567813168189284,0.290152214217331,0.251373586915138,0.278545025785751,0.164940248736627,0.147497624383717
692,0.609630293401202,0.234581247743386,0.254108759679802,0.224521889216861,0.158410531669826,0.182190212262849
320,0.442671323317129,0.194059239855938,0.219672052767678,0.198109430350217,0.140279459933373,0.155233599845476
584,0.605198627992826,0.278545025785751,0.222891426963376,0.283362392853609,0.181605650010004,0.145018731380577
368,0.43702685358426,0.183371292540019,0.228656878414890,0.160077057692081,0.16357228121085,0.164480729737195
878,0.647610671197383,0.290152214217331,0.269010148553487,0.269010148553487,0.185172899926102,0.164024746412181
733,0.616713692539713,0.277585234113443,0.249561781327291,0.228656878414890,0.175435913518267,0.185172899926102
675,0.617598511353537,0.245967461561916,0.26336509235663,0.232023448734304,0.190154027575454,0.185172899926102
889,0.647610671197383,0.271855157449252,0.278545025785751,0.23033379664679,0.142423961905656,0.156008702799071
154,0.452041119617036,0.140279459933373,0.199491561253654,0.191439626593958,0.145928733232941,0.142423961905656
732,0.611401966215199,0.257786672914962,0.247759640188542,0.206639944148685,0.140279459933373,0.140279459933373
294,0.472497848634527,0.165869963138432,0.164940248736627,0.242414171861771,0.140279459933373,0.140279459933373
818,0.649372161207369,0.234581247743386,0.275669606701894,0.273759486818862,0.140279459933373,0.168257318749387
769,0.524641044535778,0.258711437790672,0.190154027575454,0.255943411389996,0.140279459933373,0.149807763529887
818,0.618483198986599,0.245075200706715,0.302869127130412,0.253194757033311,0.172787005806565,0.173835068385563
747,0.644967683931748,0.23033379664679,0.233725581744281,0.182190212262849,0.168745733831007,0.151542367809210
747,0.619367756469412,0.240653643199231,0.260567046745838,0.216509434133377,0.16634019279706,0.16357228121085
419,0.442671323317129,0.170233153496669,0.160502026996677,0.223704949036996,0.140279459933373,0.161797245314680
741,0.608744246353995,0.259638241659144,0.238904240888872,0.251373586915138,0.161797245314680,0.208116557082828
167,0.499166505254691,0.147819407725247,0.140279459933373,0.208860644258667,0.162677834203278,0.140279459933373
753,0.621136485069615,0.211875157547888,0.164940248736627,0.277585234113443,0.171754154191287,0.147497624383717
185,0.560654953573793,0.174898448025698,0.164024746412181,0.199491561253654,0.145622826217966,0.171243398019944
929,0.652893966371437,0.323575487390111,0.302869127130412,0.246862287018223,0.203016510694019,0.192088479379025
942,0.597212308466731,0.311728055196152,0.305818349289740,0.253194757033311,0.199491561253654,0.180448444205294
824,0.742297850464998,0.305818349289740,0.248659484023583,0.299924552865763,0.26806502014066,0.183371292540019
427,0.522829369551227,0.255024990396885,0.222891426963376,0.265239772398733,0.151542367809210,0.146237238572002
773,0.644967683931748,0.318636108753548,0.277585234113443,0.280468392646033,0.164940248736627,0.192088479379025
881,0.631738455286738,0.301887051542692,0.291125967010989,0.292100571713878,0.257786672914962,0.186394027664835
678,0.603424944919196,0.251373586915138,0.198798498578782,0.293075998312143,0.181025063276694,0.170233153496669
295,0.604311860230174,0.146237238572002,0.158002143279100,0.247759640188542,0.140279459933373,0.163123316426449
860,0.644086484322101,0.261497815323131,0.241532534498303,0.231177046607856,0.182190212262849,0.152982630801945
169,0.518295090270738,0.149807763529887,0.140279459933373,0.190794809258731,0.140279459933373,0.178181472416481
796,0.642323774366231,0.253194757033311,0.26806502014066,0.296006914761259,0.172268685450245,0.140279459933373
303,0.725690256401728,0.247759640188542,0.216509434133377,0.353177756395209,0.353177756395209,0.188255890082703
818,0.624672424998259,0.214175622695954,0.26336509235663,0.146548361254107,0.173309128978783,0.140279459933373
570,0.59099197716754,0.233725581744281,0.228656878414890,0.257786672914962,0.151542367809210,0.162677834203278
824,0.659053485350326,0.253194757033311,0.260567046745838,0.278545025785751,0.166814026627726,0.162677834203278
786,0.627323083479833,0.256863984839407,0.223704949036996,0.260567046745838,0.182778757451073,0.160930368981928
740,0.628206394540431,0.261497815323131,0.195393227873188,0.246862287018223,0.166814026627726,0.208116557082828
773,0.609630293401202,0.249561781327291,0.227823271636467,0.232872971194181,0.181025063276694,0.150492979148870
752,0.596324170558622,0.222081350052879,0.200889639762023,0.179307075461499,0.152982630801945,0.158822198286243
236,0.68540437369446,0.223704949036996,0.190154027575454,0.373747820375976,0.403744670601839,0.275669606701894
842,0.613173084606865,0.259638241659144,0.242414171861771,0.223704949036996,0.196743303664015,0.192088479379025
758,0.592770024376564,0.309756707604237,0.305818349289740,0.311728055196152,0.196066256873814,0.201594638931909
589,0.602537880906253,0.261497815323131,0.245967461561916,0.244185541162083,0.174898448025698,0.148801114525785
798,0.635268667058686,0.258711437790672,0.232872971194181,0.303851718893881,0.158822198286243,0.169237834303805
781,0.621136485069615,0.26336509235663,0.212638240623736,0.255943411389996,0.155233599845476,0.164024746412181
750,0.626439652176295,0.226992939983781,0.251373586915138,0.178742307944130,0.190794809258731,0.140279459933373
733,0.624672424998259,0.224521889216861,0.277585234113443,0.141066417195949,0.165869963138432,0.140279459933373
689,0.59454741884471,0.208860644258667,0.246862287018223,0.185781454960399,0.140279459933373,0.140279459933373
754,0.632621179272578,0.233725581744281,0.203016510694019,0.266179795115631,0.145928733232941,0.149469410107982
797,0.633503788623644,0.269010148553487,0.236301613614802,0.295029198942614,0.162235816543637,0.176522456496951
427,0.629972659733243,0.255024990396885,0.140279459933373,0.622020658211421,0.672237905577799,0.507381840049532
867,0.598988114480156,0.247759640188542,0.225342219919308,0.302869127130412,0.166814026627726,0.153720720340875
158,0.461365530470573,0.160930368981928,0.178742307944130,0.178181472416481,0.144131604573628,0.195393227873188
719,0.606971725447777,0.238033800236652,0.175977245746161,0.248659484023583,0.162235816543637,0.175435913518267
254,0.434198112267997,0.196066256873814,0.185172899926102,0.205907447843523,0.167772573247934,0.140279459933373
851,0.622904705251892,0.248659484023583,0.246862287018223,0.209608564537159,0.205178843545358,0.192088479379025
763,0.644967683931748,0.255024990396885,0.218083551882790,0.261497815323131,0.187631241909896,0.158002143279100
654,0.642323774366231,0.271855157449252,0.250466494772263,0.205907447843523,0.180448444205294,0.154850743467635
745,0.595435874427052,0.227823271636467,0.211875157547888,0.244185541162083,0.142423961905656,0.175977245746161
577,0.586543936638165,0.214175622695954,0.262430509724191,0.194059239855938,0.167291481291287,0.191439626593958
755,0.610516199655431,0.212638240623736,0.229493730258852,0.231177046607856,0.140279459933373,0.194724220966719
681,0.590102705627282,0.225342219919308,0.246862287018223,0.174898448025698,0.145928733232941,0.153350162717428
686,0.583873056414207,0.258711437790672,0.250466494772263,0.26806502014066,0.160502026996677,0.163123316426449
826,0.606971725447777,0.262430509724191,0.236301613614802,0.354161056920203,0.306802338059224,0.208116557082828
661,0.607858057407542,0.266179795115631,0.237166246337142,0.269010148553487,0.152256565618780,0.163123316426449
707,0.596324170558622,0.219672052767678,0.232872971194181,0.152618104976752,0.143552645462116,0.168745733831007
745,0.609630293401202,0.255943411389996,0.186394027664835,0.257786672914962,0.194724220966719,0.177071557205383
663,0.565130393380684,0.296985336054750,0.270905253648299,0.291125967010989,0.226165913043895,0.169237834303805
823,0.647610671197383,0.208860644258667,0.208116557082828,0.236301613614802,0.140279459933373,0.154094323280450
818,0.615828741507218,0.247759640188542,0.210360301592275,0.273759486818862,0.160930368981928,0.158822198286243
682,0.584763524220902,0.232023448734304,0.220471637257467,0.242414171861771,0.140279459933373,0.203016510694019
678,0.63703309779987,0.238033800236652,0.227823271636467,0.246862287018223,0.181025063276694,0.159655442358187
261,0.455776216619560,0.179875784505171,0.186394027664835,0.205178843545358,0.140801836156987,0.140279459933373
830,0.606971725447777,0.209608564537159,0.198109430350217,0.237166246337142,0.171243398019944,0.202303599215116
734,0.621136485069615,0.226165913043895,0.213405068833102,0.234581247743386,0.146862120354825,0.140279459933373
573,0.690666407645512,0.256863984839407,0.218876016213984,0.238033800236652,0.205907447843523,0.183371292540019
669,0.617598511353537,0.233725581744281,0.245075200706715,0.197424363331222,0.140279459933373,0.140279459933373
717,0.61405843859737,0.261497815323131,0.225342219919308,0.255024990396885,0.140279459933373,0.166814026627726
827,0.587433883900336,0.264301525715948,0.254108759679802,0.221274744825972,0.168745733831007,0.188255890082703
146,0.43702685358426,0.148801114525785,0.140279459933373,0.243298519444439,0.140279459933373,0.140279459933373
322,0.441731771836077,0.170233153496669,0.167291481291287,0.190794809258731,0.150148946700048,0.178181472416481
561,0.596324170558622,0.259638241659144,0.236301613614802,0.244185541162083,0.211875157547888,0.212638240623736
762,0.610516199655431,0.238033800236652,0.243298519444439,0.190154027575454,0.152982630801945,0.149133866930996
670,0.615828741507218,0.231177046607856,0.221274744825972,0.245967461561916,0.185172899926102,0.171754154191287
816,0.620252184825136,0.265239772398733,0.281431899695417,0.217294683481912,0.140279459933373,0.164940248736627
413,0.461365530470573,0.183371292540019,0.140279459933373,0.222891426963376,0.164480729737195,0.157597013980819
776,0.59099197716754,0.202303599215116,0.199491561253654,0.215727826366646,0.158410531669826,0.194059239855938
773,0.636150937944643,0.210360301592275,0.260567046745838,0.200889639762023,0.166814026627726,0.192741366843982
771,0.599875784998553,0.243298519444439,0.214949882112267,0.275669606701894,0.140279459933373,0.140279459933373
746,0.624672424998259,0.232023448734304,0.295029198942614,0.191439626593958,0.146237238572002,0.163123316426449
725,0.643205181411445,0.259638241659144,0.226165913043895,0.265239772398733,0.141873944585676,0.143266847840142
825,0.633503788623644,0.273759486818862,0.251373586915138,0.249561781327291,0.175977245746161,0.187631241909896
544,0.626439652176295,0.231177046607856,0.246862287018223,0.235439936165745,0.164480729737195,0.148471133452426
180,0.544497573622266,0.140279459933373,0.154094323280450,0.206639944148685,0.140279459933373,0.151542367809210
770,0.637915147508898,0.205907447843523,0.219672052767678,0.248659484023583,0.160930368981928,0.182190212262849
686,0.581200590507501,0.231177046607856,0.194724220966719,0.245075200706715,0.177624558944457,0.157195124574254
720,0.621136485069615,0.207376318697083,0.233725581744281,0.167772573247934,0.140279459933373,0.140279459933373
733,0.617598511353537,0.226165913043895,0.222081350052879,0.214175622695954,0.177071557205383,0.174364837136968
347,0.450170855356869,0.183371292540019,0.194059239855938,0.197424363331222,0.145622826217966,0.140279459933373
875,0.601650667029677,0.214949882112267,0.218083551882790,0.23033379664679,0.152618104976752,0.140279459933373
676,0.588323660284695,0.221274744825972,0.174898448025698,0.208860644258667,0.157597013980819,0.183371292540019
727,0.605198627992826,0.241532534498303,0.246862287018223,0.198109430350217,0.148801114525785,0.168257318749387
735,0.587433883900336,0.269956905233921,0.262430509724191,0.260567046745838,0.185172899926102,0.175977245746161
262,0.411406907527978,0.174898448025698,0.155619579790919,0.232872971194181,0.146862120354825,0.190794809258731
703,0.598100289370352,0.232872971194181,0.155619579790919,0.252283020211930,0.142147774681471,0.194059239855938
467,0.472497848634527,0.180448444205294,0.140279459933373,0.238904240888872,0.146237238572002,0.140279459933373
721,0.584763524220902,0.241532534498303,0.231177046607856,0.218083551882790,0.158822198286243,0.140279459933373
752,0.638797087949753,0.250466494772263,0.238033800236652,0.231177046607856,0.171243398019944,0.144131604573628
701,0.68364980472056,0.140279459933373,0.140279459933373,0.725690256401728,0.775470723254567,0.611401966215199
728,0.61405843859737,0.277585234113443,0.289179343702615,0.248659484023583,0.16357228121085,0.166814026627726
674,0.695049586089508,0.299924552865763,0.244185541162083,0.432309844864813,0.462295554374572,0.344314559496454
772,0.604311860230174,0.228656878414890,0.238904240888872,0.236301613614802,0.156796455796649,0.198798498578782
905,0.658173830133798,0.278545025785751,0.269010148553487,0.232023448734304,0.161797245314680,0.181025063276694
853,0.654654294039608,0.26806502014066,0.255024990396885,0.255943411389996,0.174898448025698,0.162235816543637
752,0.616713692539713,0.248659484023583,0.232872971194181,0.282396577544332,0.146862120354825,0.182778757451073
720,0.630855615748439,0.269956905233921,0.298944182722262,0.271855157449252,0.165869963138432,0.140279459933373
695,0.593658802575914,0.247759640188542,0.185172899926102,0.256863984839407,0.198109430350217,0.143840891542185
870,0.595435874427052,0.235439936165745,0.238904240888872,0.224521889216861,0.143840891542185,0.140279459933373
270,0.430419611243593,0.198109430350217,0.198109430350217,0.190794809258731,0.140279459933373,0.16357228121085
816,0.637915147508898,0.242414171861771,0.208860644258667,0.273759486818862,0.152618104976752,0.140279459933373
332,0.44923503724365,0.171243398019944,0.174364837136968,0.196066256873814,0.140279459933373,0.152982630801945
817,0.566024855998128,0.261497815323131,0.273759486818862,0.195393227873188,0.211875157547888,0.187631241909896
457,0.664329550930648,0.257786672914962,0.236301613614802,0.258711437790672,0.212638240623736,0.187631241909896
148,0.440791745314472,0.140279459933373,0.140279459933373,0.189517281185082,0.140279459933373,0.149133866930996
615,0.572280442910804,0.307786743279463,0.274713840722163,0.298944182722262,0.161797245314680,0.196743303664015
251,0.622020658211421,0.248659484023583,0.254108759679802,0.216509434133377,0.164940248736627,0.169733635746363
780,0.628206394540431,0.250466494772263,0.203016510694019,0.224521889216861,0.160930368981928,0.168745733831007
697,0.616713692539713,0.237166246337142,0.199491561253654,0.266179795115631,0.149133866930996,0.160930368981928
347,0.444549008408857,0.183967824035887,0.201594638931909,0.190154027575454,0.140279459933373,0.156400988328558
704,0.620252184825136,0.292100571713878,0.279506090033501,0.296985336054750,0.199491561253654,0.208860644258667
246,0.645848781067736,0.229493730258852,0.209608564537159,0.246862287018223,0.182190212262849,0.140279459933373
684,0.589213267095234,0.224521889216861,0.232023448734304,0.243298519444439,0.141602453589765,0.140279459933373
397,0.429473753439024,0.154470991130581,0.167772573247934,0.234581247743386,0.159655442358187,0.144720505822661
241,0.452041119617036,0.186394027664835,0.23033379664679,0.222081350052879,0.171754154191287,0.179307075461499
765,0.630855615748439,0.214175622695954,0.211115838461421,0.221274744825972,0.189517281185082,0.172787005806565
773,0.669602528491819,0.295029198942614,0.279506090033501,0.256863984839407,0.202303599215116,0.159237162188545
984,0.646729776551258,0.252283020211930,0.244185541162083,0.260567046745838,0.161362102255135,0.170233153496669
760,0.626439652176295,0.269010148553487,0.275669606701894,0.172787005806565,0.187010622123131,0.151189670120080
681,0.606971725447777,0.232872971194181,0.234581247743386,0.213405068833102,0.167772573247934,0.16634019279706
247,0.700307281851228,0.216509434133377,0.208116557082828,0.347271459448055,0.367888982200334,0.211875157547888
944,0.586543936638165,0.328516409471957,0.26336509235663,0.311728055196152,0.189517281185082,0.196066256873814
834,0.626439652176295,0.261497815323131,0.26336509235663,0.232023448734304,0.185781454960399,0.154470991130581
890,0.564235724377818,0.260567046745838,0.260567046745838,0.251373586915138,0.196066256873814,0.179307075461499
785,0.659933050519219,0.226992939983781,0.26806502014066,0.213405068833102,0.159237162188545,0.180448444205294
727,0.629089586309926,0.254108759679802,0.223704949036996,0.226165913043895,0.186394027664835,0.140279459933373
654,0.646729776551258,0.245967461561916,0.237166246337142,0.194059239855938,0.161362102255135,0.167772573247934
822,0.629089586309926,0.281431899695417,0.264301525715948,0.236301613614802,0.172268685450245,0.170233153496669
773,0.640560644506718,0.228656878414890,0.249561781327291,0.223704949036996,0.144424803121843,0.173835068385563
656,0.637915147508898,0.272806580486754,0.258711437790672,0.258711437790672,0.184568357977156,0.178742307944130
325,0.439851241970584,0.165869963138432,0.165403320798019,0.205907447843523,0.140279459933373,0.140279459933373
427,0.443610401564419,0.180448444205294,0.188884569174318,0.182778757451073,0.156008702799071,0.151542367809210
583,0.629972659733243,0.244185541162083,0.23033379664679,0.269010148553487,0.173835068385563,0.184568357977156
755,0.659933050519219,0.243298519444439,0.259638241659144,0.238033800236652,0.154094323280450,0.186394027664835
840,0.618483198986599,0.274713840722163,0.260567046745838,0.278545025785751,0.154470991130581,0.147497624383717
850,0.638797087949753,0.232872971194181,0.271855157449252,0.207376318697083,0.147819407725247,0.164480729737195
371,0.640560644506718,0.227823271636467,0.209608564537159,0.307786743279463,0.274713840722163,0.182778757451073
819,0.659933050519219,0.275669606701894,0.275669606701894,0.234581247743386,0.221274744825972,0.186394027664835
680,0.606085249352797,0.246862287018223,0.208116557082828,0.226165913043895,0.172787005806565,0.140279459933373
942,0.537291706764252,0.275669606701894,0.245967461561916,0.246862287018223,0.175977245746161,0.175977245746161
841,0.606085249352797,0.288207386188063,0.287236372741756,0.272806580486754,0.162235816543637,0.179875784505171
664,0.609630293401202,0.225342219919308,0.237166246337142,0.192088479379025,0.14298348025674,0.164480729737195
874,0.649372161207369,0.264301525715948,0.248659484023583,0.269010148553487,0.140279459933373,0.179307075461499
777,0.607858057407542,0.269956905233921,0.26336509235663,0.202303599215116,0.164940248736627,0.140279459933373
199,0.581200590507501,0.14298348025674,0.150839880430613,0.226165913043895,0.140279459933373,0.140279459933373
864,0.637915147508898,0.247759640188542,0.222081350052879,0.271855157449252,0.172268685450245,0.159237162188545
331,0.450170855356869,0.168745733831007,0.168257318749387,0.211115838461421,0.155619579790919,0.141333283747465
759,0.609630293401202,0.228656878414890,0.222081350052879,0.269010148553487,0.154470991130581,0.148143904307162
732,0.605198627992826,0.231177046607856,0.262430509724191,0.215727826366646,0.170736402643872,0.180448444205294
786,0.633503788623644,0.219672052767678,0.235439936165745,0.219672052767678,0.165403320798019,0.172268685450245
878,0.648491465815105,0.266179795115631,0.247759640188542,0.248659484023583,0.160077057692081,0.145319498566922
952,0.644967683931748,0.331480818156256,0.287236372741756,0.32950458986508,0.188255890082703,0.213405068833102
721,0.645848781067736,0.266179795115631,0.242414171861771,0.244185541162083,0.165403320798019,0.151542367809210
715,0.648491465815105,0.245075200706715,0.251373586915138,0.228656878414890,0.155233599845476,0.164024746412181
702,0.607858057407542,0.256863984839407,0.241532534498303,0.253194757033311,0.165869963138432,0.170233153496669
770,0.585653817185493,0.249561781327291,0.235439936165745,0.266179795115631,0.154850743467635,0.145319498566922
787,0.657294084136253,0.261497815323131,0.195393227873188,0.290152214217331,0.140279459933373,0.183967824035887
648,0.602537880906253,0.228656878414890,0.183967824035887,0.248659484023583,0.140279459933373,0.164480729737195
819,0.620252184825136,0.297964434643167,0.257786672914962,0.269956905233921,0.165403320798019,0.150492979148870
710,0.612287594171303,0.207376318697083,0.203733362812729,0.234581247743386,0.187010622123131,0.152982630801945
815,0.654654294039608,0.257786672914962,0.241532534498303,0.212638240623736,0.151897993103576,0.160930368981928
368,0.456708871220304,0.203733362812729,0.192741366843982,0.231177046607856,0.173835068385563,0.175435913518267
802,0.631738455286738,0.286266334773665,0.260567046745838,0.214949882112267,0.165403320798019,0.193398287644562
871,0.599875784998553,0.293075998312143,0.273759486818862,0.232023448734304,0.145622826217966,0.180448444205294
591,0.58030940985411,0.370820382306947,0.364953752682284,0.322587416871138,0.270905253648299,0.181605650010004
813,0.635268667058686,0.244185541162083,0.243298519444439,0.236301613614802,0.140279459933373,0.167291481291287
163,0.463225147278761,0.140539522938054,0.183371292540019,0.23033379664679,0.143552645462116,0.162677834203278
611,0.548094589195255,0.308771540986705,0.273759486818862,0.292100571713878,0.172787005806565,0.153350162717428
817,0.627323083479833,0.333456768437105,0.281431899695417,0.285297304030371,0.212638240623736,0.203016510694019
640,0.59099197716754,0.214949882112267,0.229493730258852,0.191439626593958,0.145928733232941,0.157195124574254
741,0.644086484322101,0.251373586915138,0.241532534498303,0.282396577544332,0.140279459933373,0.140279459933373
733,0.599875784998553,0.278545025785751,0.273759486818862,0.254108759679802,0.169733635746363,0.142702524367706
661,0.598988114480156,0.227823271636467,0.245075200706715,0.242414171861771,0.173309128978783,0.140279459933373
764,0.637915147508898,0.403744670601839,0.384446102799712,0.407579902497849,0.317648619366148,0.265239772398733
750,0.622904705251892,0.255024990396885,0.246862287018223,0.221274744825972,0.185781454960399,0.173835068385563
735,0.618483198986599,0.209608564537159,0.208116557082828,0.259638241659144,0.140279459933373,0.140279459933373
843,0.619367756469412,0.259638241659144,0.26336509235663,0.227823271636467,0.166814026627726,0.183371292540019
787,0.601650667029677,0.214175622695954,0.189517281185082,0.250466494772263,0.150839880430613,0.161797245314680
737,0.598988114480156,0.227823271636467,0.219672052767678,0.253194757033311,0.175977245746161,0.140279459933373
786,0.652893966371437,0.276626749501763,0.234581247743386,0.293075998312143,0.167772573247934,0.140279459933373
746,0.608744246353995,0.218083551882790,0.23033379664679,0.234581247743386,0.214175622695954,0.186394027664835
671,0.604311860230174,0.224521889216861,0.246862287018223,0.228656878414890,0.175435913518267,0.140279459933373
780,0.591881082994116,0.23977753355553,0.206639944148685,0.259638241659144,0.145018731380577,0.173309128978783
175,0.515570951288053,0.140279459933373,0.192741366843982,0.172787005806565,0.140279459933373,0.167291481291287
644,0.608744246353995,0.229493730258852,0.251373586915138,0.218876016213984,0.140279459933373,0.176522456496951
377,0.435141512434088,0.164480729737195,0.170736402643872,0.207376318697083,0.140279459933373,0.140279459933373
824,0.655534316836593,0.284329312589461,0.267121556704060,0.276626749501763,0.170736402643872,0.179307075461499
205,0.581200590507501,0.140279459933373,0.211875157547888,0.160502026996677,0.145319498566922,0.140539522938054
150,0.461365530470573,0.156008702799071,0.140279459933373,0.214949882112267,0.158410531669826,0.140279459933373
893,0.606085249352797,0.260567046745838,0.231177046607856,0.231177046607856,0.178181472416481,0.182190212262849
887,0.615828741507218,0.273759486818862,0.238904240888872,0.221274744825972,0.164024746412181,0.140279459933373
795,0.608744246353995,0.345300444024283,0.315674182764382,0.334444602573969,0.269010148553487,0.179875784505171
624,0.588323660284695,0.210360301592275,0.197424363331222,0.23977753355553,0.154850743467635,0.140279459933373
757,0.582982412426427,0.258711437790672,0.241532534498303,0.238904240888872,0.141066417195949,0.169733635746363
841,0.662571212990782,0.276626749501763,0.252283020211930,0.241532534498303,0.166814026627726,0.180448444205294
707,0.606971725447777,0.236301613614802,0.226992939983781,0.192741366843982,0.162235816543637,0.164940248736627
810,0.617598511353537,0.255943411389996,0.212638240623736,0.185172899926102,0.148471133452426,0.140279459933373
802,0.593658802575914,0.240653643199231,0.235439936165745,0.180448444205294,0.166814026627726,0.168257318749387
689,0.622020658211421,0.235439936165745,0.212638240623736,0.221274744825972,0.140279459933373,0.182190212262849
858,0.669602528491819,0.278545025785751,0.274713840722163,0.23977753355553,0.158410531669826,0.157195124574254
153,0.381534098529382,0.154094323280450,0.164940248736627,0.217294683481912,0.156008702799071,0.140279459933373
181,0.448298759169222,0.158002143279100,0.187010622123131,0.205907447843523,0.140279459933373,0.140279459933373
914,0.659053485350326,0.255943411389996,0.248659484023583,0.222891426963376,0.160077057692081,0.159655442358187
851,0.619367756469412,0.270905253648299,0.254108759679802,0.273759486818862,0.16357228121085,0.140279459933373
575,0.59454741884471,0.217294683481912,0.246862287018223,0.227823271636467,0.158822198286243,0.140279459933373
592,0.595435874427052,0.253194757033311,0.196066256873814,0.251373586915138,0.146548361254107,0.205907447843523
183,0.552585532749393,0.147178535004063,0.148801114525785,0.183371292540019,0.140279459933373,0.155233599845476
708,0.595435874427052,0.248659484023583,0.183371292540019,0.267121556704060,0.140279459933373,0.205178843545358
738,0.644967683931748,0.253194757033311,0.254108759679802,0.274713840722163,0.141333283747465,0.16634019279706
775,0.623788627185174,0.192088479379025,0.180448444205294,0.248659484023583,0.150839880430613,0.165869963138432
694,0.586543936638165,0.225342219919308,0.227823271636467,0.270905253648299,0.177624558944457,0.140279459933373
723,0.606971725447777,0.289179343702615,0.260567046745838,0.233725581744281,0.147497624383717,0.167772573247934
844,0.660812526368302,0.255943411389996,0.219672052767678,0.251373586915138,0.140279459933373,0.169733635746363
729,0.611401966215199,0.261497815323131,0.225342219919308,0.261497815323131,0.175977245746161,0.188255890082703
898,0.626439652176295,0.248659484023583,0.226165913043895,0.202303599215116,0.154470991130581,0.165403320798019
320,0.66608754581422,0.205907447843523,0.232023448734304,0.323575487390111,0.33543232376894,0.216509434133377
588,0.62555609967103,0.215727826366646,0.246862287018223,0.158410531669826,0.140279459933373,0.162235816543637
745,0.621136485069615,0.225342219919308,0.218876016213984,0.272806580486754,0.140279459933373,0.162677834203278
211,0.418084423539314,0.168745733831007,0.189517281185082,0.218083551882790,0.151542367809210,0.140279459933373
948,0.650252758171119,0.256863984839407,0.259638241659144,0.199491561253654,0.190154027575454,0.140279459933373
637,0.608744246353995,0.224521889216861,0.227823271636467,0.260567046745838,0.16357228121085,0.187010622123131
739,0.607858057407542,0.207376318697083,0.253194757033311,0.188255890082703,0.165869963138432,0.171243398019944
741,0.605198627992826,0.238904240888872,0.212638240623736,0.288207386188063,0.171754154191287,0.191439626593958
774,0.603424944919196,0.222081350052879,0.222891426963376,0.231177046607856,0.164480729737195,0.140279459933373
187,0.552585532749393,0.140279459933373,0.194059239855938,0.196066256873814,0.140279459933373,0.177071557205383
727,0.603424944919196,0.226165913043895,0.196066256873814,0.241532534498303,0.140279459933373,0.140279459933373
647,0.604311860230174,0.237166246337142,0.226165913043895,0.218876016213984,0.170736402643872,0.140279459933373
825,0.657294084136253,0.252283020211930,0.250466494772263,0.255024990396885,0.150839880430613,0.194724220966719
843,0.596324170558622,0.324563618926047,0.276626749501763,0.270905253648299,0.188255890082703,0.205907447843523
187,0.564235724377818,0.163123316426449,0.177624558944457,0.195393227873188,0.157195124574254,0.150839880430613
243,0.588323660284695,0.172787005806565,0.150839880430613,0.259638241659144,0.165869963138432,0.149133866930996
364,0.67838435938152,0.240653643199231,0.227823271636467,0.343328438016707,0.35612665264182,0.196743303664015
396,0.447362019176649,0.140279459933373,0.211875157547888,0.179875784505171,0.145928733232941,0.16634019279706
640,0.606085249352797,0.297964434643167,0.245075200706715,0.252283020211930,0.167291481291287,0.167772573247934
832,0.664329550930648,0.261497815323131,0.229493730258852,0.250466494772263,0.140279459933373,0.202303599215116
828,0.628206394540431,0.244185541162083,0.205907447843523,0.284329312589461,0.145928733232941,0.193398287644562
313,0.41331732873535,0.183371292540019,0.148471133452426,0.205178843545358,0.140279459933373,0.140279459933373
814,0.600763302119727,0.258711437790672,0.261497815323131,0.196743303664015,0.156400988328558,0.146237238572002
884,0.663450425192382,0.255024990396885,0.245075200706715,0.248659484023583,0.164480729737195,0.140279459933373
780,0.647610671197383,0.216509434133377,0.285297304030371,0.254108759679802,0.182190212262849,0.140279459933373
860,0.633503788623644,0.266179795115631,0.243298519444439,0.279506090033501,0.177071557205383,0.163123316426449
623,0.642323774366231,0.256863984839407,0.140279459933373,0.273759486818862,0.156008702799071,0.140279459933373
544,0.584763524220902,0.315674182764382,0.286266334773665,0.314687276192053,0.204454144375473,0.167772573247934
763,0.629972659733243,0.258711437790672,0.211115838461421,0.287236372741756,0.140279459933373,0.173309128978783
609,0.613173084606865,0.219672052767678,0.203733362812729,0.232023448734304,0.160077057692081,0.140279459933373
171,0.524641044535778,0.140279459933373,0.162235816543637,0.171243398019944,0.153350162717428,0.151897993103576
714,0.620252184825136,0.211115838461421,0.188884569174318,0.222891426963376,0.162235816543637,0.140279459933373
640,0.619367756469412,0.246862287018223,0.246862287018223,0.242414171861771,0.163123316426449,0.145928733232941
701,0.598988114480156,0.221274744825972,0.283362392853609,0.170736402643872,0.174898448025698,0.151542367809210
774,0.642323774366231,0.264301525715948,0.277585234113443,0.203733362812729,0.203016510694019,0.160077057692081
783,0.593658802575914,0.203016510694019,0.252283020211930,0.180448444205294,0.174898448025698,0.165869963138432
763,0.616713692539713,0.216509434133377,0.238904240888872,0.187010622123131,0.178181472416481,0.191439626593958
445,0.606971725447777,0.215727826366646,0.214949882112267,0.235439936165745,0.200889639762023,0.151189670120080
876,0.624672424998259,0.270905253648299,0.238033800236652,0.240653643199231,0.192741366843982,0.16634019279706
169,0.437968797820157,0.183967824035887,0.16357228121085,0.386384998416716,0.439851241970584,0.292100571713878
328,0.432309844864813,0.147497624383717,0.199491561253654,0.178742307944130,0.157195124574254,0.175977245746161
881,0.554380296765044,0.357108931824631,0.310742219942023,0.326539995183568,0.207376318697083,0.208860644258667
718,0.578526502286961,0.225342219919308,0.199491561253654,0.262430509724191,0.158410531669826,0.182778757451073
836,0.624672424998259,0.305818349289740,0.235439936165745,0.264301525715948,0.163123316426449,0.170736402643872
922,0.641442262346675,0.286266334773665,0.265239772398733,0.296006914761259,0.184568357977156,0.205178843545358
835,0.607858057407542,0.247759640188542,0.222891426963376,0.271855157449252,0.171243398019944,0.140279459933373
759,0.635268667058686,0.256863984839407,0.259638241659144,0.273759486818862,0.145928733232941,0.159237162188545
815,0.638797087949753,0.23033379664679,0.197424363331222,0.197424363331222,0.140279459933373,0.140279459933373
830,0.604311860230174,0.298944182722262,0.278545025785751,0.306802338059224,0.170736402643872,0.179307075461499
800,0.656414246618719,0.255024990396885,0.207376318697083,0.178742307944130,0.164024746412181,0.168257318749387
731,0.610516199655431,0.236301613614802,0.23977753355553,0.219672052767678,0.165869963138432,0.160502026996677
740,0.641442262346675,0.232872971194181,0.183371292540019,0.218083551882790,0.167772573247934,0.207376318697083
792,0.656414246618719,0.236301613614802,0.231177046607856,0.192741366843982,0.205178843545358,0.151897993103576
705,0.600763302119727,0.216509434133377,0.213405068833102,0.238904240888872,0.170736402643872,0.160077057692081
857,0.632621179272578,0.266179795115631,0.250466494772263,0.26336509235663,0.195393227873188,0.155619579790919
731,0.567813168189284,0.211875157547888,0.190154027575454,0.240653643199231,0.159655442358187,0.153350162717428
764,0.649372161207369,0.249561781327291,0.26336509235663,0.261497815323131,0.16634019279706,0.182778757451073
727,0.608744246353995,0.257786672914962,0.247759640188542,0.257786672914962,0.140279459933373,0.140279459933373
734,0.61494365721071,0.211115838461421,0.194059239855938,0.209608564537159,0.190154027575454,0.140279459933373
708,0.623788627185174,0.280468392646033,0.197424363331222,0.267121556704060,0.168745733831007,0.140279459933373
765,0.620252184825136,0.235439936165745,0.23033379664679,0.209608564537159,0.192741366843982,0.163123316426449
685,0.611401966215199,0.214949882112267,0.265239772398733,0.220471637257467,0.141873944585676,0.148143904307162
689,0.623788627185174,0.248659484023583,0.229493730258852,0.241532534498303,0.140279459933373,0.168745733831007
620,0.606085249352797,0.222891426963376,0.215727826366646,0.227823271636467,0.151189670120080,0.149807763529887
257,0.626439652176295,0.148471133452426,0.151189670120080,0.177624558944457,0.148801114525785,0.140279459933373
713,0.644086484322101,0.249561781327291,0.251373586915138,0.252283020211930,0.177624558944457,0.140279459933373
350,0.434198112267997,0.167291481291287,0.168745733831007,0.255024990396885,0.140279459933373,0.140279459933373
731,0.644086484322101,0.233725581744281,0.177624558944457,0.244185541162083,0.142702524367706,0.154470991130581
831,0.631738455286738,0.234581247743386,0.23977753355553,0.257786672914962,0.175977245746161,0.208116557082828
815,0.606971725447777,0.290152214217331,0.250466494772263,0.288207386188063,0.150148946700048,0.207376318697083
835,0.585653817185493,0.227823271636467,0.232872971194181,0.245967461561916,0.186394027664835,0.159655442358187
749,0.630855615748439,0.241532534498303,0.243298519444439,0.23977753355553,0.171243398019944,0.140279459933373
887,0.671359527115958,0.266179795115631,0.286266334773665,0.258711437790672,0.147178535004063,0.200889639762023
172,0.505558530479263,0.140279459933373,0.152618104976752,0.194059239855938,0.153720720340875,0.169237834303805
731,0.61494365721071,0.23977753355553,0.248659484023583,0.197424363331222,0.164480729737195,0.173309128978783
867,0.629089586309926,0.258711437790672,0.282396577544332,0.187631241909896,0.158822198286243,0.170233153496669
716,0.59099197716754,0.236301613614802,0.180448444205294,0.273759486818862,0.165869963138432,0.140279459933373
498,0.482650905054512,0.162235816543637,0.196066256873814,0.215727826366646,0.177071557205383,0.176522456496951
740,0.605198627992826,0.249561781327291,0.222081350052879,0.251373586915138,0.167772573247934,0.150492979148870
862,0.645848781067736,0.26806502014066,0.23033379664679,0.260567046745838,0.191439626593958,0.180448444205294
816,0.645848781067736,0.232872971194181,0.208116557082828,0.211115838461421,0.164940248736627,0.140279459933373
813,0.661691913619881,0.259638241659144,0.241532534498303,0.243298519444439,0.140279459933373,0.194724220966719
959,0.602537880906253,0.281431899695417,0.240653643199231,0.317648619366148,0.168257318749387,0.177624558944457
731,0.650252758171119,0.258711437790672,0.228656878414890,0.235439936165745,0.154470991130581,0.159237162188545
723,0.623788627185174,0.224521889216861,0.250466494772263,0.236301613614802,0.164940248736627,0.153720720340875
654,0.602537880906253,0.197424363331222,0.232023448734304,0.252283020211930,0.143840891542185,0.149807763529887
750,0.59099197716754,0.214175622695954,0.238033800236652,0.222891426963376,0.158410531669826,0.150148946700048
703,0.634386284250911,0.236301613614802,0.253194757033311,0.215727826366646,0.150148946700048,0.151189670120080
821,0.636150937944643,0.261497815323131,0.252283020211930,0.262430509724191,0.151897993103576,0.218083551882790
725,0.636150937944643,0.211875157547888,0.229493730258852,0.216509434133377,0.154470991130581,0.191439626593958
763,0.628206394540431,0.221274744825972,0.223704949036996,0.256863984839407,0.155619579790919,0.142423961905656
756,0.62555609967103,0.243298519444439,0.190154027575454,0.258711437790672,0.140279459933373,0.158410531669826
786,0.642323774366231,0.244185541162083,0.232023448734304,0.253194757033311,0.177071557205383,0.151189670120080
793,0.630855615748439,0.214949882112267,0.206639944148685,0.259638241659144,0.150839880430613,0.140279459933373
679,0.629089586309926,0.310742219942023,0.290152214217331,0.26336509235663,0.190794809258731,0.192088479379025
841,0.608744246353995,0.309756707604237,0.247759640188542,0.32159942528535,0.192088479379025,0.190154027575454
166,0.503733909185275,0.140279459933373,0.140279459933373,0.207376318697083,0.148471133452426,0.160077057692081
736,0.606971725447777,0.175435913518267,0.194724220966719,0.247759640188542,0.166814026627726,0.168745733831007
744,0.601650667029677,0.211875157547888,0.198798498578782,0.253194757033311,0.190154027575454,0.169237834303805
807,0.62555609967103,0.231177046607856,0.215727826366646,0.232872971194181,0.156008702799071,0.162677834203278
868,0.662571212990782,0.275669606701894,0.260567046745838,0.26336509235663,0.151542367809210,0.140279459933373
732,0.650252758171119,0.272806580486754,0.266179795115631,0.217294683481912,0.176522456496951,0.172787005806565
860,0.638797087949753,0.293075998312143,0.285297304030371,0.265239772398733,0.203733362812729,0.209608564537159
213,0.538193325982493,0.154850743467635,0.240653643199231,0.169237834303805,0.167772573247934,0.140279459933373
744,0.591881082994116,0.344314559496454,0.295029198942614,0.364953752682284,0.226992939983781,0.219672052767678
841,0.627323083479833,0.303851718893881,0.245075200706715,0.288207386188063,0.181025063276694,0.158822198286243
755,0.613173084606865,0.214949882112267,0.218083551882790,0.255943411389996,0.153350162717428,0.178742307944130
583,0.604311860230174,0.215727826366646,0.211115838461421,0.220471637257467,0.140279459933373,0.140279459933373
382,0.459504181093247,0.192741366843982,0.222891426963376,0.176522456496951,0.158002143279100,0.174364837136968
738,0.629089586309926,0.251373586915138,0.232023448734304,0.236301613614802,0.155233599845476,0.149469410107982
388,0.441731771836077,0.203733362812729,0.188884569174318,0.23977753355553,0.191439626593958,0.211115838461421
753,0.613173084606865,0.246862287018223,0.286266334773665,0.155233599845476,0.198798498578782,0.140279459933373
404,0.456708871220304,0.185172899926102,0.201594638931909,0.176522456496951,0.16357228121085,0.140279459933373
797,0.622020658211421,0.246862287018223,0.275669606701894,0.226165913043895,0.196066256873814,0.210360301592275
817,0.589213267095234,0.231177046607856,0.238033800236652,0.224521889216861,0.151189670120080,0.170233153496669
829,0.645848781067736,0.231177046607856,0.229493730258852,0.23033379664679,0.167291481291287,0.201594638931909
161,0.475271623239318,0.154850743467635,0.145018731380577,0.215727826366646,0.140279459933373,0.167772573247934
602,0.591881082994116,0.265239772398733,0.261497815323131,0.225342219919308,0.202303599215116,0.150839880430613
722,0.629972659733243,0.226165913043895,0.226992939983781,0.155619579790919,0.206639944148685,0.140279459933373
178,0.535487690890414,0.146862120354825,0.140279459933373,0.232023448734304,0.140279459933373,0.179307075461499
789,0.644086484322101,0.274713840722163,0.235439936165745,0.316661303992259,0.140279459933373,0.173835068385563
765,0.65113325749733,0.235439936165745,0.273759486818862,0.222081350052879,0.173309128978783,0.155233599845476
682,0.608744246353995,0.245075200706715,0.245967461561916,0.208860644258667,0.174898448025698,0.174364837136968
776,0.650252758171119,0.301887051542692,0.288207386188063,0.302869127130412,0.140279459933373,0.205907447843523
191,0.546296562840502,0.143266847840142,0.178181472416481,0.228656878414890,0.140279459933373,0.148471133452426
750,0.654654294039608,0.26806502014066,0.273759486818862,0.234581247743386,0.159237162188545,0.142702524367706
761,0.61494365721071,0.227823271636467,0.226165913043895,0.252283020211930,0.174364837136968,0.167291481291287
852,0.663450425192382,0.260567046745838,0.238904240888872,0.278545025785751,0.140279459933373,0.202303599215116
783,0.626439652176295,0.234581247743386,0.223704949036996,0.229493730258852,0.176522456496951,0.175435913518267
713,0.622020658211421,0.23033379664679,0.233725581744281,0.186394027664835,0.169733635746363,0.173835068385563
860,0.598988114480156,0.252283020211930,0.247759640188542,0.217294683481912,0.161797245314680,0.154094323280450
714,0.606971725447777,0.289179343702615,0.247759640188542,0.270905253648299,0.191439626593958,0.146237238572002
526,0.70906526078053,0.348256569656263,0.289179343702615,0.416179118323367,0.435141512434088,0.284329312589461
724,0.606085249352797,0.245967461561916,0.273759486818862,0.158410531669826,0.167772573247934,0.164940248736627
324,0.390256851013871,0.167291481291287,0.150492979148870,0.222891426963376,0.140279459933373,0.155233599845476
616,0.600763302119727,0.221274744825972,0.23033379664679,0.196743303664015,0.156400988328558,0.140279459933373
656,0.621136485069615,0.273759486818862,0.226165913043895,0.262430509724191,0.172787005806565,0.140279459933373
744,0.643205181411445,0.246862287018223,0.252283020211930,0.208116557082828,0.163123316426449,0.198798498578782
449,0.461365530470573,0.160077057692081,0.227823271636467,0.140279459933373,0.161362102255135,0.151897993103576
658,0.598988114480156,0.209608564537159,0.258711437790672,0.223704949036996,0.154470991130581,0.187631241909896
667,0.626439652176295,0.234581247743386,0.246862287018223,0.218876016213984,0.147178535004063,0.140279459933373
681,0.588323660284695,0.245075200706715,0.211115838461421,0.256863984839407,0.153350162717428,0.140279459933373
975,0.591881082994116,0.255024990396885,0.247759640188542,0.280468392646033,0.154094323280450,0.196066256873814
774,0.632621179272578,0.227823271636467,0.23033379664679,0.244185541162083,0.140279459933373,0.168257318749387
708,0.608744246353995,0.247759640188542,0.237166246337142,0.234581247743386,0.178181472416481,0.143552645462116
247,0.61405843859737,0.170233153496669,0.16634019279706,0.179875784505171,0.156400988328558,0.141602453589765
697,0.616713692539713,0.259638241659144,0.26806502014066,0.217294683481912,0.185172899926102,0.140279459933373
842,0.62555609967103,0.285297304030371,0.235439936165745,0.238904240888872,0.193398287644562,0.151897993103576
771,0.617598511353537,0.241532534498303,0.237166246337142,0.236301613614802,0.160502026996677,0.198109430350217
745,0.644967683931748,0.23977753355553,0.259638241659144,0.162235816543637,0.178181472416481,0.208860644258667
703,0.604311860230174,0.224521889216861,0.237166246337142,0.23977753355553,0.142423961905656,0.140279459933373
1003,0.661691913619881,0.250466494772263,0.282396577544332,0.278545025785751,0.146548361254107,0.152982630801945
740,0.603424944919196,0.227823271636467,0.229493730258852,0.265239772398733,0.147178535004063,0.175435913518267
738,0.631738455286738,0.267121556704060,0.208860644258667,0.290152214217331,0.140279459933373,0.153720720340875
372,0.415225700022613,0.167772573247934,0.222891426963376,0.161362102255135,0.161797245314680,0.146548361254107
305,0.450170855356869,0.175977245746161,0.222081350052879,0.209608564537159,0.147497624383717,0.164940248736627
699,0.602537880906253,0.223704949036996,0.220471637257467,0.237166246337142,0.147819407725247,0.141602453589765
707,0.621136485069615,0.273759486818862,0.234581247743386,0.240653643199231,0.158822198286243,0.171243398019944
835,0.622020658211421,0.244185541162083,0.219672052767678,0.235439936165745,0.198798498578782,0.16634019279706
396,0.436084425669404,0.175435913518267,0.198109430350217,0.242414171861771,0.174898448025698,0.156400988328558
885,0.66608754581422,0.265239772398733,0.259638241659144,0.259638241659144,0.147178535004063,0.161797245314680
871,0.658173830133798,0.290152214217331,0.298944182722262,0.23033379664679,0.260567046745838,0.173309128978783
669,0.585653817185493,0.238033800236652,0.241532534498303,0.174364837136968,0.173309128978783,0.140279459933373
761,0.610516199655431,0.238033800236652,0.208116557082828,0.232023448734304,0.180448444205294,0.146237238572002
912,0.636150937944643,0.249561781327291,0.243298519444439,0.259638241659144,0.140279459933373,0.150839880430613
684,0.597212308466731,0.214175622695954,0.208116557082828,0.192741366843982,0.162235816543637,0.156796455796649
328,0.477118801080669,0.164480729737195,0.172787005806565,0.171243398019944,0.144131604573628,0.149469410107982
877,0.632621179272578,0.253194757033311,0.280468392646033,0.221274744825972,0.152618104976752,0.154470991130581
970,0.648491465815105,0.270905253648299,0.256863984839407,0.287236372741756,0.170233153496669,0.205178843545358
783,0.600763302119727,0.251373586915138,0.223704949036996,0.264301525715948,0.199491561253654,0.140279459933373
748,0.617598511353537,0.243298519444439,0.223704949036996,0.259638241659144,0.184568357977156,0.192741366843982
531,0.568707020795868,0.225342219919308,0.266179795115631,0.254108759679802,0.192741366843982,0.162235816543637
680,0.606971725447777,0.237166246337142,0.190154027575454,0.250466494772263,0.146548361254107,0.140279459933373
748,0.602537880906253,0.26806502014066,0.261497815323131,0.216509434133377,0.171754154191287,0.211875157547888
710,0.620252184825136,0.269956905233921,0.222891426963376,0.258711437790672,0.172268685450245,0.178742307944130
405,0.469720411442728,0.215727826366646,0.158410531669826,0.238904240888872,0.140279459933373,0.185781454960399
739,0.604311860230174,0.33543232376894,0.296006914761259,0.289179343702615,0.145018731380577,0.151542367809210
902,0.637915147508898,0.275669606701894,0.265239772398733,0.297964434643167,0.168257318749387,0.187631241909896
795,0.602537880906253,0.224521889216861,0.216509434133377,0.225342219919308,0.167772573247934,0.140279459933373
334,0.42188893060604,0.187010622123131,0.158822198286243,0.241532534498303,0.140279459933373,0.217294683481912
786,0.606085249352797,0.205178843545358,0.229493730258852,0.229493730258852,0.157597013980819,0.159237162188545
642,0.588323660284695,0.260567046745838,0.224521889216861,0.229493730258852,0.175977245746161,0.176522456496951
737,0.623788627185174,0.352194131843378,0.330492731245164,0.320611530912211,0.220471637257467,0.191439626593958
842,0.623788627185174,0.269956905233921,0.253194757033311,0.241532534498303,0.214175622695954,0.198798498578782
162,0.453909567952752,0.145928733232941,0.170233153496669,0.182778757451073,0.141333283747465,0.140279459933373
802,0.646729776551258,0.257786672914962,0.252283020211930,0.185172899926102,0.212638240623736,0.143840891542185
734,0.613173084606865,0.206639944148685,0.203733362812729,0.205907447843523,0.140279459933373,0.140279459933373
824,0.612287594171303,0.220471637257467,0.253194757033311,0.242414171861771,0.160930368981928,0.169237834303805
672,0.611401966215199,0.199491561253654,0.219672052767678,0.23033379664679,0.140279459933373,0.154094323280450
527,0.68540437369446,0.248659484023583,0.200188610986799,0.362014841934518,0.407579902497849,0.244185541162083
484,0.509203854805391,0.214949882112267,0.181025063276694,0.236301613614802,0.159237162188545,0.142423961905656
826,0.645848781067736,0.26806502014066,0.260567046745838,0.254108759679802,0.149133866930996,0.161362102255135
754,0.648491465815105,0.251373586915138,0.247759640188542,0.195393227873188,0.190154027575454,0.155233599845476
762,0.598988114480156,0.256863984839407,0.259638241659144,0.265239772398733,0.222891426963376,0.160502026996677
676,0.622904705251892,0.237166246337142,0.199491561253654,0.237166246337142,0.194724220966719,0.170233153496669
769,0.627323083479833,0.218876016213984,0.235439936165745,0.222081350052879,0.157597013980819,0.177071557205383
798,0.612287594171303,0.325551793923222,0.258711437790672,0.286266334773665,0.182190212262849,0.188255890082703
809,0.640560644506718,0.251373586915138,0.242414171861771,0.233725581744281,0.181025063276694,0.161797245314680
744,0.606085249352797,0.228656878414890,0.238033800236652,0.204454144375473,0.175977245746161,0.203016510694019
714,0.658173830133798,0.249561781327291,0.211875157547888,0.236301613614802,0.181025063276694,0.183967824035887
646,0.593658802575914,0.200188610986799,0.257786672914962,0.255024990396885,0.183967824035887,0.196743303664015
870,0.633503788623644,0.250466494772263,0.199491561253654,0.206639944148685,0.142147774681471,0.151542367809210
163,0.412362374614871,0.150839880430613,0.148143904307162,0.235439936165745,0.140279459933373,0.141873944585676
701,0.573173308757861,0.255943411389996,0.211115838461421,0.245967461561916,0.165869963138432,0.168257318749387
636,0.612287594171303,0.274713840722163,0.257786672914962,0.299924552865763,0.203733362812729,0.158822198286243
843,0.631738455286738,0.328516409471957,0.325551793923222,0.313700605163659,0.212638240623736,0.200188610986799
815,0.646729776551258,0.257786672914962,0.254108759679802,0.217294683481912,0.155619579790919,0.140279459933373
785,0.637915147508898,0.265239772398733,0.185781454960399,0.247759640188542,0.169237834303805,0.208116557082828
352,0.466939252082330,0.176522456496951,0.147178535004063,0.222081350052879,0.140279459933373,0.140279459933373
364,0.474347434968947,0.177071557205383,0.174898448025698,0.200188610986799,0.175435913518267,0.155619579790919
680,0.556174158820723,0.343328438016707,0.322587416871138,0.237166246337142,0.220471637257467,0.178181472416481
924,0.629972659733243,0.296985336054750,0.277585234113443,0.281431899695417,0.179875784505171,0.140279459933373
670,0.646729776551258,0.270905253648299,0.245075200706715,0.289179343702615,0.165403320798019,0.172268685450245
757,0.627323083479833,0.26806502014066,0.251373586915138,0.262430509724191,0.173309128978783,0.192088479379025
797,0.61405843859737,0.262430509724191,0.233725581744281,0.199491561253654,0.188884569174318,0.140279459933373
724,0.58030940985411,0.216509434133377,0.195393227873188,0.212638240623736,0.153720720340875,0.147819407725247
253,0.615828741507218,0.165403320798019,0.201594638931909,0.178181472416481,0.148471133452426,0.145319498566922
713,0.61405843859737,0.232023448734304,0.255943411389996,0.152256565618780,0.146862120354825,0.140279459933373
344,0.442671323317129,0.148801114525785,0.177624558944457,0.214175622695954,0.140279459933373,0.140279459933373
191,0.316661303992259,0.145622826217966,0.141066417195949,0.212638240623736,0.158822198286243,0.158822198286243
625,0.598988114480156,0.229493730258852,0.244185541162083,0.208116557082828,0.164940248736627,0.175435913518267
348,0.429473753439024,0.153350162717428,0.171243398019944,0.211875157547888,0.160077057692081,0.144720505822661
433,0.650252758171119,0.330492731245164,0.267121556704060,0.312714190948075,0.257786672914962,0.155233599845476
875,0.601650667029677,0.288207386188063,0.229493730258852,0.260567046745838,0.158410531669826,0.172268685450245
754,0.590102705627282,0.236301613614802,0.200889639762023,0.241532534498303,0.172268685450245,0.140279459933373
763,0.617598511353537,0.228656878414890,0.241532534498303,0.232872971194181,0.147497624383717,0.152982630801945
724,0.601650667029677,0.231177046607856,0.218083551882790,0.250466494772263,0.140279459933373,0.140279459933373
281,0.673994424070159,0.233725581744281,0.196066256873814,0.362014841934518,0.394120687044045,0.200188610986799
168,0.387353706987488,0.151189670120080,0.140279459933373,0.223704949036996,0.167291481291287,0.140279459933373
728,0.608744246353995,0.205907447843523,0.201594638931909,0.258711437790672,0.141602453589765,0.171243398019944
745,0.617598511353537,0.275669606701894,0.236301613614802,0.319623752397046,0.179307075461499,0.140279459933373
660,0.58209159090975,0.221274744825972,0.244185541162083,0.225342219919308,0.140279459933373,0.150492979148870
789,0.604311860230174,0.228656878414890,0.264301525715948,0.201594638931909,0.168257318749387,0.140279459933373
166,0.476195411202944,0.142702524367706,0.235439936165745,0.140279459933373,0.140279459933373,0.140279459933373
738,0.65201365997105,0.251373586915138,0.255943411389996,0.233725581744281,0.140279459933373,0.193398287644562
1000,0.643205181411445,0.296006914761259,0.259638241659144,0.249561781327291,0.174364837136968,0.192088479379025
945,0.640560644506718,0.283362392853609,0.293075998312143,0.232872971194181,0.195393227873188,0.144424803121843
633,0.570494126543261,0.295029198942614,0.284329312589461,0.287236372741756,0.181605650010004,0.140279459933373
690,0.603424944919196,0.217294683481912,0.191439626593958,0.23033379664679,0.152618104976752,0.141602453589765
725,0.65201365997105,0.26806502014066,0.242414171861771,0.229493730258852,0.143552645462116,0.173309128978783
815,0.624672424998259,0.256863984839407,0.23977753355553,0.216509434133377,0.191439626593958,0.191439626593958
869,0.656414246618719,0.279506090033501,0.214175622695954,0.288207386188063,0.140279459933373,0.185172899926102
990,0.6678452031824,0.283362392853609,0.226165913043895,0.316661303992259,0.140279459933373,0.161362102255135
279,0.422838791105066,0.167291481291287,0.140279459933373,0.218083551882790,0.158410531669826,0.140279459933373
921,0.639678919993987,0.237166246337142,0.262430509724191,0.254108759679802,0.154850743467635,0.175435913518267
852,0.642323774366231,0.236301613614802,0.205907447843523,0.252283020211930,0.164480729737195,0.142702524367706
371,0.452041119617036,0.202303599215116,0.245967461561916,0.140801836156987,0.170736402643872,0.168745733831007
767,0.629972659733243,0.250466494772263,0.259638241659144,0.218083551882790,0.173309128978783,0.140279459933373
781,0.63703309779987,0.249561781327291,0.213405068833102,0.288207386188063,0.161362102255135,0.185172899926102
236,0.595435874427052,0.302869127130412,0.264301525715948,0.265239772398733,0.205178843545358,0.196066256873814
275,0.459504181093247,0.192741366843982,0.162235816543637,0.210360301592275,0.173835068385563,0.187631241909896
847,0.637915147508898,0.369843682925459,0.367888982200334,0.257786672914962,0.244185541162083,0.140279459933373
675,0.610516199655431,0.242414171861771,0.210360301592275,0.211115838461421,0.158822198286243,0.167772573247934
325,0.65113325749733,0.233725581744281,0.174898448025698,0.351210191887716,0.35612665264182,0.242414171861771
945,0.603424944919196,0.234581247743386,0.279506090033501,0.211115838461421,0.147178535004063,0.140279459933373
746,0.601650667029677,0.199491561253654,0.250466494772263,0.193398287644562,0.158410531669826,0.156008702799071
203,0.397013246974146,0.140279459933373,0.140279459933373,0.199491561253654,0.140279459933373,0.140279459933373
783,0.619367756469412,0.243298519444439,0.203733362812729,0.237166246337142,0.158002143279100,0.14298348025674
887,0.649372161207369,0.241532534498303,0.214175622695954,0.292100571713878,0.140279459933373,0.152618104976752
824,0.621136485069615,0.233725581744281,0.254108759679802,0.228656878414890,0.218876016213984,0.183371292540019
926,0.648491465815105,0.281431899695417,0.271855157449252,0.252283020211930,0.148471133452426,0.153350162717428
160,0.359072414588444,0.140279459933373,0.142147774681471,0.190154027575454,0.148801114525785,0.140279459933373
766,0.602537880906253,0.244185541162083,0.241532534498303,0.270905253648299,0.194724220966719,0.193398287644562
688,0.599875784998553,0.218876016213984,0.211875157547888,0.238033800236652,0.153350162717428,0.173835068385563
329,0.443610401564419,0.16357228121085,0.189517281185082,0.193398287644562,0.149469410107982,0.146548361254107
258,0.609630293401202,0.155233599845476,0.140279459933373,0.507381840049532,0.569600673082815,0.414271770359505
775,0.630855615748439,0.33543232376894,0.309756707604237,0.319623752397046,0.184568357977156,0.140279459933373
708,0.658173830133798,0.271855157449252,0.23033379664679,0.269010148553487,0.170233153496669,0.140279459933373
585,0.558863289375474,0.259638241659144,0.269010148553487,0.232023448734304,0.215727826366646,0.187631241909896
899,0.643205181411445,0.261497815323131,0.271855157449252,0.214949882112267,0.16634019279706,0.140279459933373
819,0.615828741507218,0.226992939983781,0.223704949036996,0.188884569174318,0.155233599845476,0.149469410107982
814,0.631738455286738,0.269956905233921,0.242414171861771,0.273759486818862,0.153720720340875,0.140279459933373
716,0.583873056414207,0.212638240623736,0.190794809258731,0.188884569174318,0.175977245746161,0.182778757451073
802,0.629972659733243,0.238033800236652,0.276626749501763,0.242414171861771,0.167291481291287,0.142147774681471
771,0.666966416344732,0.243298519444439,0.240653643199231,0.264301525715948,0.140279459933373,0.160077057692081
776,0.603424944919196,0.222891426963376,0.222891426963376,0.214175622695954,0.169237834303805,0.160077057692081
783,0.626439652176295,0.23033379664679,0.224521889216861,0.253194757033311,0.160930368981928,0.174898448025698
740,0.609630293401202,0.259638241659144,0.270905253648299,0.188255890082703,0.160502026996677,0.185781454960399
641,0.59099197716754,0.260567046745838,0.245075200706715,0.244185541162083,0.222891426963376,0.187010622123131
998,0.656414246618719,0.273759486818862,0.293075998312143,0.315674182764382,0.156008702799071,0.140279459933373
692,0.621136485069615,0.216509434133377,0.210360301592275,0.194059239855938,0.192088479379025,0.150492979148870
676,0.606085249352797,0.208860644258667,0.234581247743386,0.243298519444439,0.153720720340875,0.190154027575454
725,0.574065981658382,0.304834801321944,0.272806580486754,0.298944182722262,0.202303599215116,0.170736402643872
965,0.657294084136253,0.265239772398733,0.23977753355553,0.213405068833102,0.143840891542185,0.205907447843523
698,0.615828741507218,0.248659484023583,0.258711437790672,0.200188610986799,0.172268685450245,0.194059239855938
765,0.601650667029677,0.225342219919308,0.272806580486754,0.198109430350217,0.162235816543637,0.176522456496951
997,0.631738455286738,0.258711437790672,0.265239772398733,0.184568357977156,0.186394027664835,0.147497624383717
488,0.675750628954486,0.258711437790672,0.223704949036996,0.258711437790672,0.203016510694019,0.153350162717428
763,0.626439652176295,0.246862287018223,0.251373586915138,0.170233153496669,0.156008702799071,0.154094323280450
798,0.587433883900336,0.209608564537159,0.255943411389996,0.183967824035887,0.174898448025698,0.140279459933373
829,0.61494365721071,0.238904240888872,0.214175622695954,0.256863984839407,0.183967824035887,0.169237834303805
699,0.617598511353537,0.206639944148685,0.246862287018223,0.188255890082703,0.161362102255135,0.171243398019944
734,0.609630293401202,0.234581247743386,0.234581247743386,0.238033800236652,0.188255890082703,0.140279459933373
150,0.434198112267997,0.140279459933373,0.233725581744281,0.140279459933373,0.154850743467635,0.167772573247934
769,0.604311860230174,0.238033800236652,0.210360301592275,0.249561781327291,0.181025063276694,0.140279459933373
759,0.598988114480156,0.228656878414890,0.220471637257467,0.234581247743386,0.157597013980819,0.140279459933373
755,0.640560644506718,0.251373586915138,0.264301525715948,0.228656878414890,0.171243398019944,0.140279459933373
769,0.602537880906253,0.277585234113443,0.250466494772263,0.265239772398733,0.170736402643872,0.140279459933373
739,0.65201365997105,0.269010148553487,0.220471637257467,0.26336509235663,0.198798498578782,0.181025063276694
727,0.599875784998553,0.23977753355553,0.218876016213984,0.178181472416481,0.181605650010004,0.159655442358187
938,0.646729776551258,0.303851718893881,0.288207386188063,0.278545025785751,0.161797245314680,0.160930368981928
808,0.634386284250911,0.261497815323131,0.203016510694019,0.258711437790672,0.172268685450245,0.187010622123131
668,0.58209159090975,0.308771540986705,0.315674182764382,0.218083551882790,0.205178843545358,0.172268685450245
672,0.616713692539713,0.315674182764382,0.289179343702615,0.269956905233921,0.225342219919308,0.183967824035887
710,0.619367756469412,0.211115838461421,0.197424363331222,0.243298519444439,0.155619579790919,0.150839880430613
687,0.599875784998553,0.222891426963376,0.252283020211930,0.171243398019944,0.178742307944130,0.170233153496669
773,0.627323083479833,0.259638241659144,0.185172899926102,0.279506090033501,0.182778757451073,0.187631241909896
763,0.611401966215199,0.255024990396885,0.245075200706715,0.214175622695954,0.212638240623736,0.171243398019944
693,0.586543936638165,0.241532534498303,0.236301613614802,0.198109430350217,0.152618104976752,0.167772573247934
787,0.629972659733243,0.288207386188063,0.267121556704060,0.269010148553487,0.168745733831007,0.171243398019944
881,0.630855615748439,0.279506090033501,0.285297304030371,0.222891426963376,0.190794809258731,0.177071557205383
708,0.646729776551258,0.249561781327291,0.256863984839407,0.196066256873814,0.165403320798019,0.152256565618780
719,0.617598511353537,0.251373586915138,0.218876016213984,0.218876016213984,0.156796455796649,0.151189670120080
198,0.570494126543261,0.142423961905656,0.140279459933373,0.218876016213984,0.140279459933373,0.167772573247934
786,0.609630293401202,0.221274744825972,0.228656878414890,0.245967461561916,0.159237162188545,0.164024746412181
432,0.462295554374572,0.179875784505171,0.171243398019944,0.181025063276694,0.160930368981928,0.140279459933373
783,0.634386284250911,0.226165913043895,0.217294683481912,0.257786672914962,0.168257318749387,0.172787005806565
525,0.568707020795868,0.220471637257467,0.237166246337142,0.255024990396885,0.160077057692081,0.150148946700048
752,0.61405843859737,0.254108759679802,0.232023448734304,0.245967461561916,0.150492979148870,0.164024746412181
668,0.604311860230174,0.226992939983781,0.246862287018223,0.228656878414890,0.154094323280450,0.181025063276694
766,0.644086484322101,0.260567046745838,0.258711437790672,0.213405068833102,0.205178843545358,0.141602453589765
335,0.448298759169222,0.155619579790919,0.165403320798019,0.192741366843982,0.140279459933373,0.157195124574254
328,0.431364974573073,0.148801114525785,0.178181472416481,0.212638240623736,0.140279459933373,0.140279459933373
796,0.640560644506718,0.256863984839407,0.222081350052879,0.240653643199231,0.140279459933373,0.140279459933373
415,0.460435073421994,0.159655442358187,0.159237162188545,0.178181472416481,0.163123316426449,0.149469410107982
639,0.619367756469412,0.237166246337142,0.215727826366646,0.245075200706715,0.187010622123131,0.142702524367706
730,0.627323083479833,0.241532534498303,0.234581247743386,0.242414171861771,0.168257318749387,0.176522456496951
839,0.622904705251892,0.245967461561916,0.204454144375473,0.264301525715948,0.170736402643872,0.151897993103576
830,0.65201365997105,0.272806580486754,0.238033800236652,0.260567046745838,0.153350162717428,0.161362102255135
961,0.660812526368302,0.296006914761259,0.255943411389996,0.280468392646033,0.199491561253654,0.177624558944457
599,0.593658802575914,0.251373586915138,0.238033800236652,0.203733362812729,0.181025063276694,0.169237834303805
556,0.607858057407542,0.278545025785751,0.266179795115631,0.283362392853609,0.227823271636467,0.191439626593958
828,0.630855615748439,0.282396577544332,0.281431899695417,0.266179795115631,0.187010622123131,0.200889639762023
745,0.608744246353995,0.233725581744281,0.234581247743386,0.253194757033311,0.183967824035887,0.154094323280450
805,0.63703309779987,0.278545025785751,0.272806580486754,0.229493730258852,0.171243398019944,0.165403320798019
225,0.486331294331022,0.194724220966719,0.183371292540019,0.231177046607856,0.167291481291287,0.181605650010004
807,0.607858057407542,0.208116557082828,0.202303599215116,0.232872971194181,0.149133866930996,0.140279459933373
529,0.673116204346268,0.287236372741756,0.241532534498303,0.264301525715948,0.187010622123131,0.169237834303805
695,0.611401966215199,0.244185541162083,0.228656878414890,0.247759640188542,0.184568357977156,0.160077057692081
753,0.626439652176295,0.218083551882790,0.235439936165745,0.192741366843982,0.158822198286243,0.140279459933373
830,0.61494365721071,0.297964434643167,0.286266334773665,0.297964434643167,0.201594638931909,0.194059239855938
736,0.591881082994116,0.236301613614802,0.208116557082828,0.26806502014066,0.156008702799071,0.140279459933373
891,0.630855615748439,0.261497815323131,0.256863984839407,0.213405068833102,0.156008702799071,0.165869963138432
853,0.58030940985411,0.233725581744281,0.240653643199231,0.250466494772263,0.144424803121843,0.185172899926102
243,0.40566331506169,0.171243398019944,0.201594638931909,0.142702524367706,0.140279459933373,0.140279459933373
634,0.623788627185174,0.258711437790672,0.262430509724191,0.231177046607856,0.152256565618780,0.145928733232941
666,0.59454741884471,0.198798498578782,0.194724220966719,0.250466494772263,0.140279459933373,0.161362102255135
249,0.624672424998259,0.156008702799071,0.206639944148685,0.179307075461499,0.155233599845476,0.161362102255135
744,0.61494365721071,0.238904240888872,0.218876016213984,0.260567046745838,0.160502026996677,0.152256565618780
805,0.643205181411445,0.297964434643167,0.26806502014066,0.259638241659144,0.190154027575454,0.141602453589765
656,0.606085249352797,0.238904240888872,0.162235816543637,0.258711437790672,0.142147774681471,0.140279459933373
853,0.642323774366231,0.269010148553487,0.273759486818862,0.211115838461421,0.193398287644562,0.140279459933373
693,0.588323660284695,0.213405068833102,0.233725581744281,0.236301613614802,0.175977245746161,0.181605650010004
822,0.663450425192382,0.269956905233921,0.270905253648299,0.254108759679802,0.172268685450245,0.159237162188545
844,0.618483198986599,0.255024990396885,0.194059239855938,0.226165913043895,0.178181472416481,0.146237238572002
775,0.628206394540431,0.313700605163659,0.273759486818862,0.344314559496454,0.334444602573969,0.226992939983781
840,0.602537880906253,0.275669606701894,0.288207386188063,0.183967824035887,0.181605650010004,0.172787005806565
769,0.618483198986599,0.238904240888872,0.222891426963376,0.208116557082828,0.140279459933373,0.140279459933373
808,0.612287594171303,0.257786672914962,0.189517281185082,0.258711437790672,0.171243398019944,0.161362102255135
661,0.617598511353537,0.229493730258852,0.238033800236652,0.222081350052879,0.160077057692081,0.162235816543637
873,0.658173830133798,0.26336509235663,0.276626749501763,0.269956905233921,0.165869963138432,0.203016510694019
676,0.542697607586951,0.252283020211930,0.23977753355553,0.246862287018223,0.179875784505171,0.158410531669826
957,0.601650667029677,0.279506090033501,0.259638241659144,0.222081350052879,0.258711437790672,0.187631241909896
719,0.608744246353995,0.232872971194181,0.217294683481912,0.246862287018223,0.174364837136968,0.159655442358187
708,0.612287594171303,0.228656878414890,0.211875157547888,0.167772573247934,0.166814026627726,0.163123316426449
764,0.602537880906253,0.199491561253654,0.217294683481912,0.226992939983781,0.151542367809210,0.140279459933373
717,0.661691913619881,0.218083551882790,0.261497815323131,0.232023448734304,0.157195124574254,0.183967824035887
649,0.578526502286961,0.228656878414890,0.213405068833102,0.199491561253654,0.171243398019944,0.140279459933373
653,0.630855615748439,0.251373586915138,0.232023448734304,0.23977753355553,0.159655442358187,0.177071557205383
848,0.62555609967103,0.241532534498303,0.214949882112267,0.219672052767678,0.160077057692081,0.159237162188545
810,0.645848781067736,0.26806502014066,0.229493730258852,0.257786672914962,0.196066256873814,0.168257318749387
436,0.468793774829766,0.190794809258731,0.205178843545358,0.200889639762023,0.140279459933373,0.16634019279706
170,0.39218977751084,0.172787005806565,0.179307075461499,0.200889639762023,0.173309128978783,0.208116557082828
665,0.61405843859737,0.233725581744281,0.206639944148685,0.215727826366646,0.140279459933373,0.140279459933373
730,0.613173084606865,0.241532534498303,0.206639944148685,0.222891426963376,0.155619579790919,0.140279459933373
179,0.511024591546248,0.140279459933373,0.205178843545358,0.211875157547888,0.154470991130581,0.140279459933373
718,0.641442262346675,0.257786672914962,0.247759640188542,0.236301613614802,0.140279459933373,0.183967824035887
784,0.620252184825136,0.275669606701894,0.284329312589461,0.232872971194181,0.162677834203278,0.182190212262849
309,0.436084425669404,0.164940248736627,0.154850743467635,0.214949882112267,0.140279459933373,0.140279459933373
857,0.631738455286738,0.267121556704060,0.237166246337142,0.287236372741756,0.140279459933373,0.150148946700048
689,0.624672424998259,0.214175622695954,0.245075200706715,0.211875157547888,0.177624558944457,0.140279459933373
356,0.429473753439024,0.157195124574254,0.158410531669826,0.216509434133377,0.140279459933373,0.170233153496669
922,0.644086484322101,0.292100571713878,0.285297304030371,0.280468392646033,0.173309128978783,0.140279459933373
881,0.636150937944643,0.271855157449252,0.236301613614802,0.211115838461421,0.167291481291287,0.166814026627726
834,0.629089586309926,0.265239772398733,0.223704949036996,0.26336509235663,0.146862120354825,0.201594638931909
490,0.629089586309926,0.252283020211930,0.251373586915138,0.217294683481912,0.163123316426449,0.165403320798019
695,0.627323083479833,0.261497815323131,0.248659484023583,0.274713840722163,0.196066256873814,0.153720720340875
794,0.609630293401202,0.214949882112267,0.187010622123131,0.272806580486754,0.149133866930996,0.140279459933373
869,0.604311860230174,0.232872971194181,0.240653643199231,0.257786672914962,0.170233153496669,0.178181472416481
898,0.626439652176295,0.33543232376894,0.298944182722262,0.264301525715948,0.189517281185082,0.141066417195949
887,0.630855615748439,0.273759486818862,0.261497815323131,0.252283020211930,0.157597013980819,0.205178843545358
722,0.589213267095234,0.226992939983781,0.192741366843982,0.309756707604237,0.171754154191287,0.140279459933373
539,0.632621179272578,0.282396577544332,0.280468392646033,0.253194757033311,0.165403320798019,0.194059239855938
877,0.642323774366231,0.312714190948075,0.269956905233921,0.300905518027404,0.160930368981928,0.187010622123131
736,0.615828741507218,0.266179795115631,0.255024990396885,0.292100571713878,0.140279459933373,0.171754154191287
793,0.623788627185174,0.258711437790672,0.282396577544332,0.280468392646033,0.196743303664015,0.16357228121085
684,0.603424944919196,0.238904240888872,0.243298519444439,0.205178843545358,0.147178535004063,0.148143904307162
822,0.643205181411445,0.265239772398733,0.206639944148685,0.284329312589461,0.16357228121085,0.197424363331222
760,0.638797087949753,0.256863984839407,0.231177046607856,0.205178843545358,0.188255890082703,0.140279459933373
516,0.69417308126887,0.294052217151829,0.231177046607856,0.312714190948075,0.266179795115631,0.222891426963376
236,0.607858057407542,0.156796455796649,0.221274744825972,0.177071557205383,0.145622826217966,0.161362102255135
830,0.650252758171119,0.23977753355553,0.247759640188542,0.269010148553487,0.150492979148870,0.200188610986799
671,0.612287594171303,0.250466494772263,0.217294683481912,0.234581247743386,0.177624558944457,0.152982630801945
800,0.608744246353995,0.302869127130412,0.307786743279463,0.235439936165745,0.184568357977156,0.196066256873814
471,0.647610671197383,0.233725581744281,0.203016510694019,0.256863984839407,0.150492979148870,0.173835068385563
798,0.62555609967103,0.259638241659144,0.255024990396885,0.234581247743386,0.156008702799071,0.143552645462116
627,0.601650667029677,0.201594638931909,0.216509434133377,0.222891426963376,0.14298348025674,0.188884569174318
740,0.61494365721071,0.289179343702615,0.262430509724191,0.266179795115631,0.185781454960399,0.156008702799071
765,0.65201365997105,0.243298519444439,0.234581247743386,0.241532534498303,0.162677834203278,0.200889639762023
794,0.640560644506718,0.269010148553487,0.23033379664679,0.253194757033311,0.140801836156987,0.150492979148870
655,0.621136485069615,0.229493730258852,0.226165913043895,0.248659484023583,0.150839880430613,0.146548361254107
244,0.459504181093247,0.147819407725247,0.194059239855938,0.172268685450245,0.140279459933373,0.175435913518267
743,0.645848781067736,0.259638241659144,0.23977753355553,0.197424363331222,0.147819407725247,0.198109430350217
833,0.640560644506718,0.262430509724191,0.222891426963376,0.255024990396885,0.188255890082703,0.203016510694019
165,0.507381840049532,0.148801114525785,0.229493730258852,0.157597013980819,0.152256565618780,0.140279459933373
655,0.591881082994116,0.264301525715948,0.26336509235663,0.238033800236652,0.177071557205383,0.175435913518267
746,0.616713692539713,0.332468835480985,0.291125967010989,0.318636108753548,0.158002143279100,0.194724220966719
325,0.632621179272578,0.204454144375473,0.140279459933373,0.470646634478409,0.521923099581909,0.361034414931008
777,0.633503788623644,0.279506090033501,0.26336509235663,0.23977753355553,0.183371292540019,0.151897993103576
804,0.617598511353537,0.265239772398733,0.260567046745838,0.246862287018223,0.140279459933373,0.162677834203278
790,0.655534316836593,0.245075200706715,0.279506090033501,0.250466494772263,0.152618104976752,0.219672052767678
841,0.640560644506718,0.258711437790672,0.271855157449252,0.261497815323131,0.175435913518267,0.180448444205294
274,0.434198112267997,0.162677834203278,0.190154027575454,0.173309128978783,0.140279459933373,0.140279459933373
767,0.578526502286961,0.255024990396885,0.247759640188542,0.257786672914962,0.174364837136968,0.140279459933373
302,0.473422844172892,0.159237162188545,0.174898448025698,0.204454144375473,0.142423961905656,0.140279459933373
724,0.58209159090975,0.190794809258731,0.188884569174318,0.259638241659144,0.140279459933373,0.152256565618780
741,0.643205181411445,0.276626749501763,0.219672052767678,0.292100571713878,0.174898448025698,0.169237834303805
724,0.615828741507218,0.240653643199231,0.210360301592275,0.241532534498303,0.178181472416481,0.170736402643872
690,0.604311860230174,0.362014841934518,0.350225945404854,0.304834801321944,0.247759640188542,0.245967461561916
858,0.65113325749733,0.247759640188542,0.218876016213984,0.240653643199231,0.191439626593958,0.140279459933373
170,0.351210191887716,0.161797245314680,0.217294683481912,0.198798498578782,0.174898448025698,0.182190212262849
790,0.657294084136253,0.372772455485757,0.334444602573969,0.286266334773665,0.216509434133377,0.180448444205294
665,0.617598511353537,0.205178843545358,0.243298519444439,0.226165913043895,0.152256565618780,0.156796455796649
760,0.612287594171303,0.243298519444439,0.177624558944457,0.240653643199231,0.152982630801945,0.183967824035887
227,0.341355528691973,0.147497624383717,0.206639944148685,0.210360301592275,0.141873944585676,0.172268685450245
170,0.469720411442728,0.144720505822661,0.202303599215116,0.140279459933373,0.140279459933373,0.140279459933373
700,0.607858057407542,0.221274744825972,0.253194757033311,0.190154027575454,0.158410531669826,0.208860644258667
813,0.636150937944643,0.26336509235663,0.226992939983781,0.309756707604237,0.247759640188542,0.188255890082703
752,0.588323660284695,0.292100571713878,0.255024990396885,0.276626749501763,0.194059239855938,0.172787005806565
656,0.611401966215199,0.243298519444439,0.236301613614802,0.219672052767678,0.167772573247934,0.186394027664835
216,0.45297556976512,0.164480729737195,0.150148946700048,0.215727826366646,0.140279459933373,0.148801114525785
168,0.478964395469008,0.183967824035887,0.190154027575454,0.198798498578782,0.165869963138432,0.191439626593958
726,0.613173084606865,0.244185541162083,0.208860644258667,0.242414171861771,0.159237162188545,0.140279459933373
868,0.623788627185174,0.250466494772263,0.182190212262849,0.296006914761259,0.162235816543637,0.150148946700048
849,0.653774177471793,0.285297304030371,0.299924552865763,0.281431899695417,0.187631241909896,0.212638240623736
862,0.617598511353537,0.351210191887716,0.310742219942023,0.301887051542692,0.190794809258731,0.143552645462116
726,0.610516199655431,0.240653643199231,0.192088479379025,0.223704949036996,0.192088479379025,0.168745733831007
723,0.652893966371437,0.228656878414890,0.218876016213984,0.271855157449252,0.147819407725247,0.171243398019944
811,0.608744246353995,0.270905253648299,0.285297304030371,0.222891426963376,0.245075200706715,0.169237834303805
789,0.606971725447777,0.26336509235663,0.269956905233921,0.190794809258731,0.185781454960399,0.147178535004063
1012,0.665208590906176,0.23977753355553,0.238904240888872,0.269010148553487,0.185781454960399,0.169733635746363
794,0.610516199655431,0.224521889216861,0.264301525715948,0.217294683481912,0.158002143279100,0.140279459933373
312,0.452041119617036,0.172268685450245,0.190794809258731,0.209608564537159,0.154094323280450,0.171243398019944
837,0.628206394540431,0.255024990396885,0.200889639762023,0.284329312589461,0.140279459933373,0.194724220966719
983,0.669602528491819,0.309756707604237,0.302869127130412,0.26336509235663,0.219672052767678,0.189517281185082
164,0.489087655334828,0.140279459933373,0.200188610986799,0.152982630801945,0.141602453589765,0.174364837136968
753,0.620252184825136,0.256863984839407,0.236301613614802,0.234581247743386,0.206639944148685,0.177624558944457
855,0.623788627185174,0.251373586915138,0.208116557082828,0.236301613614802,0.152256565618780,0.157195124574254
870,0.621136485069615,0.343328438016707,0.297964434643167,0.318636108753548,0.192741366843982,0.180448444205294
671,0.608744246353995,0.240653643199231,0.250466494772263,0.204454144375473,0.163123316426449,0.140279459933373
675,0.626439652176295,0.370820382306947,0.318636108753548,0.322587416871138,0.178181472416481,0.200188610986799
848,0.637915147508898,0.251373586915138,0.255943411389996,0.248659484023583,0.149469410107982,0.188884569174318
723,0.623788627185174,0.26336509235663,0.240653643199231,0.249561781327291,0.164480729737195,0.145928733232941
848,0.641442262346675,0.235439936165745,0.260567046745838,0.238033800236652,0.181025063276694,0.182190212262849
366,0.437968797820157,0.159237162188545,0.153350162717428,0.208116557082828,0.140279459933373,0.140279459933373
749,0.628206394540431,0.300905518027404,0.292100571713878,0.245967461561916,0.202303599215116,0.161797245314680
726,0.604311860230174,0.245967461561916,0.190154027575454,0.246862287018223,0.156796455796649,0.140279459933373
689,0.613173084606865,0.217294683481912,0.205178843545358,0.256863984839407,0.173835068385563,0.140279459933373
822,0.608744246353995,0.261497815323131,0.251373586915138,0.222081350052879,0.145319498566922,0.16634019279706
777,0.641442262346675,0.255024990396885,0.284329312589461,0.240653643199231,0.146862120354825,0.190794809258731
815,0.617598511353537,0.289179343702615,0.294052217151829,0.269010148553487,0.208860644258667,0.194059239855938
710,0.643205181411445,0.257786672914962,0.23033379664679,0.212638240623736,0.172268685450245,0.205907447843523
680,0.624672424998259,0.236301613614802,0.245075200706715,0.242414171861771,0.16634019279706,0.222081350052879
715,0.622904705251892,0.241532534498303,0.238904240888872,0.255024990396885,0.171243398019944,0.149469410107982
887,0.607858057407542,0.273759486818862,0.26336509235663,0.23033379664679,0.169733635746363,0.187631241909896
840,0.606971725447777,0.236301613614802,0.23033379664679,0.243298519444439,0.140279459933373,0.140279459933373
725,0.600763302119727,0.220471637257467,0.226165913043895,0.218876016213984,0.140279459933373,0.141066417195949
351,0.442671323317129,0.192741366843982,0.185172899926102,0.199491561253654,0.183967824035887,0.188255890082703
689,0.626439652176295,0.248659484023583,0.237166246337142,0.215727826366646,0.181025063276694,0.140279459933373
802,0.636150937944643,0.205178843545358,0.266179795115631,0.211875157547888,0.171754154191287,0.16357228121085
821,0.629972659733243,0.376671178467619,0.364953752682284,0.361034414931008,0.265239772398733,0.193398287644562
783,0.655534316836593,0.259638241659144,0.26806502014066,0.224521889216861,0.194059239855938,0.205178843545358
289,0.431364974573073,0.182190212262849,0.187631241909896,0.211115838461421,0.152982630801945,0.171243398019944
830,0.613173084606865,0.269956905233921,0.259638241659144,0.245075200706715,0.188884569174318,0.140279459933373
795,0.628206394540431,0.245967461561916,0.242414171861771,0.245967461561916,0.173309128978783,0.188255890082703
736,0.616713692539713,0.234581247743386,0.203016510694019,0.255943411389996,0.189517281185082,0.196743303664015
769,0.663450425192382,0.258711437790672,0.245967461561916,0.293075998312143,0.192741366843982,0.173835068385563
789,0.586543936638165,0.225342219919308,0.220471637257467,0.207376318697083,0.166814026627726,0.140279459933373
803,0.650252758171119,0.224521889216861,0.246862287018223,0.244185541162083,0.185172899926102,0.181025063276694
639,0.615828741507218,0.257786672914962,0.23033379664679,0.226992939983781,0.166814026627726,0.167291481291287
583,0.618483198986599,0.264301525715948,0.190794809258731,0.245075200706715,0.160502026996677,0.149807763529887
802,0.628206394540431,0.249561781327291,0.255024990396885,0.169733635746363,0.183967824035887,0.152256565618780
721,0.612287594171303,0.221274744825972,0.172787005806565,0.270905253648299,0.158822198286243,0.16357228121085
776,0.599875784998553,0.243298519444439,0.251373586915138,0.201594638931909,0.196066256873814,0.170736402643872
891,0.628206394540431,0.247759640188542,0.228656878414890,0.250466494772263,0.140279459933373,0.189517281185082
677,0.611401966215199,0.205178843545358,0.237166246337142,0.198798498578782,0.150839880430613,0.143840891542185
915,0.659933050519219,0.286266334773665,0.235439936165745,0.258711437790672,0.203016510694019,0.170736402643872
703,0.600763302119727,0.256863984839407,0.222081350052879,0.272806580486754,0.152256565618780,0.183371292540019
765,0.641442262346675,0.288207386188063,0.235439936165745,0.282396577544332,0.143552645462116,0.150148946700048
781,0.653774177471793,0.272806580486754,0.258711437790672,0.26336509235663,0.164480729737195,0.162235816543637
304,0.680139802349038,0.252283020211930,0.140279459933373,0.430419611243593,0.467866722440866,0.310742219942023
831,0.611401966215199,0.23977753355553,0.254108759679802,0.226165913043895,0.172268685450245,0.164024746412181
803,0.670481068306923,0.341355528691973,0.32159942528535,0.271855157449252,0.205178843545358,0.145928733232941
785,0.596324170558622,0.264301525715948,0.233725581744281,0.218876016213984,0.182190212262849,0.150492979148870
963,0.661691913619881,0.345300444024283,0.350225945404854,0.313700605163659,0.235439936165745,0.184568357977156
791,0.650252758171119,0.264301525715948,0.231177046607856,0.250466494772263,0.140279459933373,0.171243398019944
712,0.601650667029677,0.212638240623736,0.194724220966719,0.243298519444439,0.140279459933373,0.168745733831007
747,0.629089586309926,0.232023448734304,0.217294683481912,0.245075200706715,0.147819407725247,0.150492979148870
846,0.623788627185174,0.261497815323131,0.245967461561916,0.269010148553487,0.16357228121085,0.152618104976752
724,0.637915147508898,0.261497815323131,0.238904240888872,0.281431899695417,0.143266847840142,0.184568357977156
230,0.457641082102348,0.165403320798019,0.168745733831007,0.211875157547888,0.140279459933373,0.152982630801945
809,0.653774177471793,0.247759640188542,0.289179343702615,0.180448444205294,0.147178535004063,0.168745733831007
298,0.430419611243593,0.176522456496951,0.140279459933373,0.231177046607856,0.140279459933373,0.161362102255135
849,0.65201365997105,0.271855157449252,0.249561781327291,0.221274744825972,0.168745733831007,0.175977245746161
723,0.639678919993987,0.214949882112267,0.231177046607856,0.236301613614802,0.140279459933373,0.227823271636467
172,0.53097302992136,0.142147774681471,0.175435913518267,0.200188610986799,0.140279459933373,0.140279459933373
658,0.618483198986599,0.229493730258852,0.234581247743386,0.219672052767678,0.160930368981928,0.142702524367706
733,0.592770024376564,0.223704949036996,0.238033800236652,0.169237834303805,0.168257318749387,0.182778757451073
918,0.624672424998259,0.326539995183568,0.333456768437105,0.32950458986508,0.181605650010004,0.158410531669826
768,0.637915147508898,0.214175622695954,0.224521889216861,0.255943411389996,0.140279459933373,0.178742307944130
852,0.615828741507218,0.251373586915138,0.265239772398733,0.216509434133377,0.152256565618780,0.188884569174318
919,0.615828741507218,0.250466494772263,0.223704949036996,0.274713840722163,0.147178535004063,0.210360301592275
681,0.629089586309926,0.208860644258667,0.216509434133377,0.231177046607856,0.164024746412181,0.151189670120080
806,0.61405843859737,0.248659484023583,0.234581247743386,0.240653643199231,0.185172899926102,0.188884569174318
208,0.42188893060604,0.160502026996677,0.211115838461421,0.145928733232941,0.149807763529887,0.164940248736627
779,0.636150937944643,0.250466494772263,0.212638240623736,0.249561781327291,0.175435913518267,0.148471133452426
660,0.608744246353995,0.234581247743386,0.223704949036996,0.250466494772263,0.160502026996677,0.158822198286243
721,0.598100289370352,0.232872971194181,0.236301613614802,0.225342219919308,0.165869963138432,0.140279459933373
942,0.652893966371437,0.255024990396885,0.259638241659144,0.295029198942614,0.140279459933373,0.156400988328558
761,0.610516199655431,0.247759640188542,0.245967461561916,0.238033800236652,0.173309128978783,0.140279459933373
826,0.616713692539713,0.275669606701894,0.292100571713878,0.216509434133377,0.256863984839407,0.232872971194181
677,0.585653817185493,0.223704949036996,0.226165913043895,0.226992939983781,0.154470991130581,0.145018731380577
811,0.654654294039608,0.248659484023583,0.194724220966719,0.283362392853609,0.181605650010004,0.156008702799071
181,0.548094589195255,0.140279459933373,0.161362102255135,0.231177046607856,0.156400988328558,0.140279459933373
894,0.636150937944643,0.273759486818862,0.283362392853609,0.222891426963376,0.190154027575454,0.186394027664835
737,0.596324170558622,0.259638241659144,0.251373586915138,0.253194757033311,0.234581247743386,0.232872971194181
672,0.613173084606865,0.231177046607856,0.185781454960399,0.260567046745838,0.140279459933373,0.140279459933373
364,0.448298759169222,0.182778757451073,0.188255890082703,0.23977753355553,0.165869963138432,0.155619579790919
831,0.638797087949753,0.253194757033311,0.23033379664679,0.249561781327291,0.170736402643872,0.180448444205294
778,0.622904705251892,0.232872971194181,0.247759640188542,0.255024990396885,0.161362102255135,0.140279459933373
829,0.632621179272578,0.270905253648299,0.282396577544332,0.204454144375473,0.218876016213984,0.167291481291287
736,0.608744246353995,0.241532534498303,0.231177046607856,0.240653643199231,0.140279459933373,0.140279459933373
689,0.596324170558622,0.266179795115631,0.232023448734304,0.202303599215116,0.184568357977156,0.140279459933373
744,0.622904705251892,0.252283020211930,0.255024990396885,0.200889639762023,0.181605650010004,0.140279459933373
731,0.583873056414207,0.215727826366646,0.208116557082828,0.201594638931909,0.172787005806565,0.170233153496669
850,0.666966416344732,0.252283020211930,0.238904240888872,0.275669606701894,0.140279459933373,0.143840891542185
804,0.599875784998553,0.23977753355553,0.236301613614802,0.219672052767678,0.195393227873188,0.140279459933373
319,0.462295554374572,0.168257318749387,0.207376318697083,0.143552645462116,0.176522456496951,0.140279459933373
767,0.627323083479833,0.284329312589461,0.256863984839407,0.269956905233921,0.168257318749387,0.170736402643872
816,0.644967683931748,0.295029198942614,0.258711437790672,0.309756707604237,0.155233599845476,0.202303599215116
725,0.604311860230174,0.242414171861771,0.220471637257467,0.208116557082828,0.177624558944457,0.167772573247934
814,0.644086484322101,0.269010148553487,0.279506090033501,0.241532534498303,0.181605650010004,0.181605650010004
990,0.606971725447777,0.242414171861771,0.244185541162083,0.176522456496951,0.172787005806565,0.140279459933373
784,0.658173830133798,0.278545025785751,0.198798498578782,0.296985336054750,0.156008702799071,0.177624558944457
823,0.611401966215199,0.227823271636467,0.267121556704060,0.169237834303805,0.168257318749387,0.140279459933373
741,0.635268667058686,0.26336509235663,0.234581247743386,0.193398287644562,0.175977245746161,0.161362102255135
876,0.657294084136253,0.291125967010989,0.280468392646033,0.281431899695417,0.140279459933373,0.146548361254107
777,0.620252184825136,0.259638241659144,0.23977753355553,0.252283020211930,0.170736402643872,0.140279459933373
752,0.65113325749733,0.279506090033501,0.249561781327291,0.300905518027404,0.161362102255135,0.190154027575454
757,0.598988114480156,0.254108759679802,0.208860644258667,0.264301525715948,0.153720720340875,0.166814026627726
766,0.626439652176295,0.287236372741756,0.286266334773665,0.216509434133377,0.231177046607856,0.214175622695954
774,0.629972659733243,0.265239772398733,0.237166246337142,0.234581247743386,0.154470991130581,0.140279459933373
792,0.643205181411445,0.269010148553487,0.252283020211930,0.252283020211930,0.156008702799071,0.140279459933373
888,0.61405843859737,0.252283020211930,0.244185541162083,0.215727826366646,0.182190212262849,0.152982630801945
795,0.62555609967103,0.217294683481912,0.226165913043895,0.246862287018223,0.140279459933373,0.161362102255135
695,0.622020658211421,0.234581247743386,0.196066256873814,0.245967461561916,0.160502026996677,0.180448444205294
768,0.638797087949753,0.276626749501763,0.278545025785751,0.237166246337142,0.173835068385563,0.156008702799071
901,0.664329550930648,0.304834801321944,0.295029198942614,0.274713840722163,0.181605650010004,0.154094323280450
774,0.61494365721071,0.247759640188542,0.215727826366646,0.256863984839407,0.140279459933373,0.146548361254107
715,0.617598511353537,0.233725581744281,0.183371292540019,0.255943411389996,0.140279459933373,0.140279459933373
762,0.607858057407542,0.235439936165745,0.287236372741756,0.214949882112267,0.181605650010004,0.183371292540019
836,0.649372161207369,0.269010148553487,0.221274744825972,0.253194757033311,0.140279459933373,0.185172899926102
844,0.624672424998259,0.252283020211930,0.279506090033501,0.190794809258731,0.201594638931909,0.140279459933373
683,0.6976787165068,0.255943411389996,0.201594638931909,0.26336509235663,0.205907447843523,0.154094323280450
662,0.634386284250911,0.262430509724191,0.246862287018223,0.232872971194181,0.179307075461499,0.198109430350217
911,0.649372161207369,0.288207386188063,0.292100571713878,0.245967461561916,0.187631241909896,0.164024746412181
186,0.616713692539713,0.310742219942023,0.294052217151829,0.302869127130412,0.212638240623736,0.147178535004063
374,0.430419611243593,0.194724220966719,0.183371292540019,0.192088479379025,0.146548361254107,0.165403320798019
723,0.611401966215199,0.223704949036996,0.23033379664679,0.242414171861771,0.173835068385563,0.162677834203278
787,0.616713692539713,0.247759640188542,0.242414171861771,0.269956905233921,0.236301613614802,0.169237834303805
677,0.623788627185174,0.242414171861771,0.259638241659144,0.241532534498303,0.140279459933373,0.140279459933373
625,0.61405843859737,0.216509434133377,0.177624558944457,0.242414171861771,0.151542367809210,0.140279459933373
803,0.671359527115958,0.287236372741756,0.26806502014066,0.219672052767678,0.195393227873188,0.140279459933373
910,0.641442262346675,0.276626749501763,0.23977753355553,0.232023448734304,0.170233153496669,0.140279459933373
809,0.586543936638165,0.265239772398733,0.255943411389996,0.269010148553487,0.251373586915138,0.220471637257467
777,0.62555609967103,0.276626749501763,0.166814026627726,0.300905518027404,0.140279459933373,0.157597013980819
301,0.682772413069105,0.227823271636467,0.180448444205294,0.348256569656263,0.338394673319409,0.195393227873188
966,0.611401966215199,0.318636108753548,0.289179343702615,0.26806502014066,0.200889639762023,0.178181472416481
861,0.631738455286738,0.245967461561916,0.205178843545358,0.255943411389996,0.164024746412181,0.222891426963376
780,0.599875784998553,0.222891426963376,0.252283020211930,0.236301613614802,0.142423961905656,0.192741366843982
751,0.61494365721071,0.238033800236652,0.225342219919308,0.259638241659144,0.161797245314680,0.141602453589765
680,0.576742857104671,0.211115838461421,0.201594638931909,0.196066256873814,0.172268685450245,0.140279459933373
512,0.593658802575914,0.380562464597876,0.362994878061971,0.343328438016707,0.264301525715948,0.234581247743386
877,0.652893966371437,0.281431899695417,0.234581247743386,0.272806580486754,0.175977245746161,0.188884569174318
570,0.613173084606865,0.267121556704060,0.252283020211930,0.241532534498303,0.192741366843982,0.170233153496669
436,0.454843116219575,0.233725581744281,0.238904240888872,0.295029198942614,0.140279459933373,0.171754154191287
668,0.601650667029677,0.245967461561916,0.225342219919308,0.231177046607856,0.148801114525785,0.164940248736627
158,0.468793774829766,0.142702524367706,0.180448444205294,0.176522456496951,0.147178535004063,0.140279459933373
707,0.612287594171303,0.222081350052879,0.213405068833102,0.250466494772263,0.140279459933373,0.186394027664835
464,0.648491465815105,0.249561781327291,0.214175622695954,0.257786672914962,0.221274744825972,0.197424363331222
775,0.629089586309926,0.258711437790672,0.26336509235663,0.203733362812729,0.187631241909896,0.140279459933373
803,0.599875784998553,0.253194757033311,0.26806502014066,0.140279459933373,0.170233153496669,0.140279459933373
749,0.63703309779987,0.274713840722163,0.238904240888872,0.240653643199231,0.192088479379025,0.154094323280450
844,0.618483198986599,0.245967461561916,0.255943411389996,0.200889639762023,0.164940248736627,0.160502026996677
783,0.619367756469412,0.279506090033501,0.267121556704060,0.243298519444439,0.236301613614802,0.183967824035887
453,0.610516199655431,0.179307075461499,0.172268685450245,0.200889639762023,0.175435913518267,0.140279459933373
364,0.430419611243593,0.159237162188545,0.173309128978783,0.214175622695954,0.140279459933373,0.140279459933373
334,0.420938564569721,0.167772573247934,0.232023448734304,0.154850743467635,0.140279459933373,0.140279459933373
558,0.598100289370352,0.298944182722262,0.297964434643167,0.259638241659144,0.208860644258667,0.210360301592275
712,0.603424944919196,0.250466494772263,0.223704949036996,0.235439936165745,0.140279459933373,0.140279459933373
712,0.587433883900336,0.204454144375473,0.222081350052879,0.250466494772263,0.140279459933373,0.140279459933373
392,0.458572851358513,0.164480729737195,0.196066256873814,0.227823271636467,0.140279459933373,0.140279459933373
890,0.622020658211421,0.302869127130412,0.267121556704060,0.283362392853609,0.148801114525785,0.160502026996677
673,0.602537880906253,0.202303599215116,0.210360301592275,0.255024990396885,0.140279459933373,0.140279459933373
166,0.500080663267207,0.140279459933373,0.140279459933373,0.240653643199231,0.140279459933373,0.140539522938054
822,0.639678919993987,0.354161056920203,0.340368763820501,0.289179343702615,0.181025063276694,0.183371292540019
202,0.574958463059337,0.319623752397046,0.32159942528535,0.314687276192053,0.23977753355553,0.169733635746363
758,0.634386284250911,0.265239772398733,0.278545025785751,0.212638240623736,0.177071557205383,0.158822198286243
744,0.637915147508898,0.250466494772263,0.233725581744281,0.246862287018223,0.156796455796649,0.195393227873188
317,0.648491465815105,0.205907447843523,0.173309128978783,0.342342090635241,0.345300444024283,0.233725581744281
290,0.638797087949753,0.153720720340875,0.168745733831007,0.195393227873188,0.161362102255135,0.162235816543637
698,0.626439652176295,0.309756707604237,0.285297304030371,0.315674182764382,0.179307075461499,0.177624558944457
735,0.65201365997105,0.227823271636467,0.228656878414890,0.258711437790672,0.146237238572002,0.157597013980819
830,0.656414246618719,0.253194757033311,0.275669606701894,0.194059239855938,0.159237162188545,0.212638240623736
786,0.612287594171303,0.314687276192053,0.270905253648299,0.319623752397046,0.228656878414890,0.234581247743386
747,0.616713692539713,0.233725581744281,0.266179795115631,0.182190212262849,0.158822198286243,0.140279459933373
944,0.635268667058686,0.261497815323131,0.238904240888872,0.256863984839407,0.140279459933373,0.168257318749387
939,0.645848781067736,0.246862287018223,0.208860644258667,0.194724220966719,0.214949882112267,0.140279459933373
643,0.599875784998553,0.245967461561916,0.238904240888872,0.261497815323131,0.171243398019944,0.140279459933373
632,0.598988114480156,0.221274744825972,0.220471637257467,0.175977245746161,0.176522456496951,0.159655442358187
814,0.641442262346675,0.287236372741756,0.260567046745838,0.264301525715948,0.201594638931909,0.203733362812729
931,0.643205181411445,0.284329312589461,0.288207386188063,0.271855157449252,0.154850743467635,0.140279459933373
174,0.540896650628897,0.146862120354825,0.196743303664015,0.184568357977156,0.14298348025674,0.14298348025674
725,0.611401966215199,0.229493730258852,0.222891426963376,0.258711437790672,0.140279459933373,0.140279459933373
586,0.592770024376564,0.254108759679802,0.255024990396885,0.172787005806565,0.194724220966719,0.163123316426449
787,0.640560644506718,0.247759640188542,0.251373586915138,0.246862287018223,0.155233599845476,0.151542367809210
880,0.642323774366231,0.265239772398733,0.279506090033501,0.208860644258667,0.191439626593958,0.174898448025698
365,0.438910260048710,0.180448444205294,0.23033379664679,0.187010622123131,0.160502026996677,0.153720720340875
694,0.576742857104671,0.224521889216861,0.238904240888872,0.243298519444439,0.172268685450245,0.184568357977156
915,0.663450425192382,0.26336509235663,0.249561781327291,0.217294683481912,0.167291481291287,0.157195124574254
921,0.649372161207369,0.269956905233921,0.211875157547888,0.247759640188542,0.149807763529887,0.177071557205383
869,0.65201365997105,0.282396577544332,0.272806580486754,0.246862287018223,0.221274744825972,0.180448444205294
948,0.629089586309926,0.279506090033501,0.243298519444439,0.247759640188542,0.164940248736627,0.144131604573628
849,0.584763524220902,0.222891426963376,0.209608564537159,0.185172899926102,0.169237834303805,0.159655442358187
386,0.477118801080669,0.184568357977156,0.184568357977156,0.199491561253654,0.149469410107982,0.152256565618780
797,0.670481068306923,0.294052217151829,0.258711437790672,0.252283020211930,0.188255890082703,0.181605650010004
553,0.574958463059337,0.214949882112267,0.190154027575454,0.243298519444439,0.191439626593958,0.171243398019944
535,0.610516199655431,0.285297304030371,0.284329312589461,0.259638241659144,0.170736402643872,0.140279459933373
692,0.61494365721071,0.252283020211930,0.236301613614802,0.255024990396885,0.140279459933373,0.140279459933373
965,0.606971725447777,0.282396577544332,0.290152214217331,0.225342219919308,0.171243398019944,0.140279459933373
762,0.592770024376564,0.224521889216861,0.188255890082703,0.228656878414890,0.144720505822661,0.153720720340875
164,0.488169238277247,0.140279459933373,0.174898448025698,0.226165913043895,0.160077057692081,0.150839880430613
844,0.629089586309926,0.249561781327291,0.214175622695954,0.292100571713878,0.142702524367706,0.198109430350217
766,0.627323083479833,0.240653643199231,0.211875157547888,0.233725581744281,0.143840891542185,0.140279459933373
838,0.618483198986599,0.308771540986705,0.291125967010989,0.289179343702615,0.216509434133377,0.140279459933373
738,0.602537880906253,0.364953752682284,0.339381807952053,0.316661303992259,0.237166246337142,0.214949882112267
666,0.636150937944643,0.242414171861771,0.219672052767678,0.245075200706715,0.171243398019944,0.161797245314680
821,0.622020658211421,0.261497815323131,0.232023448734304,0.240653643199231,0.185781454960399,0.184568357977156
884,0.632621179272578,0.243298519444439,0.270905253648299,0.222081350052879,0.191439626593958,0.144720505822661
800,0.618483198986599,0.242414171861771,0.237166246337142,0.257786672914962,0.140279459933373,0.140279459933373
715,0.588323660284695,0.228656878414890,0.232872971194181,0.199491561253654,0.154094323280450,0.214949882112267
935,0.669602528491819,0.250466494772263,0.238033800236652,0.235439936165745,0.170736402643872,0.209608564537159
794,0.639678919993987,0.245967461561916,0.245967461561916,0.208116557082828,0.182778757451073,0.188255890082703
867,0.61494365721071,0.246862287018223,0.266179795115631,0.257786672914962,0.194724220966719,0.140279459933373
768,0.61494365721071,0.216509434133377,0.23977753355553,0.183967824035887,0.170233153496669,0.145928733232941
236,0.567813168189284,0.275669606701894,0.229493730258852,0.277585234113443,0.170736402643872,0.143266847840142
653,0.606971725447777,0.246862287018223,0.246862287018223,0.277585234113443,0.153350162717428,0.149469410107982
558,0.602537880906253,0.181605650010004,0.202303599215116,0.293075998312143,0.154850743467635,0.141333283747465
696,0.593658802575914,0.226165913043895,0.206639944148685,0.227823271636467,0.149469410107982,0.206639944148685
822,0.626439652176295,0.299924552865763,0.296006914761259,0.293075998312143,0.213405068833102,0.167772573247934
717,0.619367756469412,0.296985336054750,0.257786672914962,0.291125967010989,0.153350162717428,0.172268685450245
729,0.608744246353995,0.23033379664679,0.255943411389996,0.203733362812729,0.170736402643872,0.149133866930996
250,0.584763524220902,0.187010622123131,0.152618104976752,0.300905518027404,0.140279459933373,0.140279459933373
645,0.574065981658382,0.32950458986508,0.296985336054750,0.269010148553487,0.171754154191287,0.140279459933373
289,0.458572851358513,0.184568357977156,0.177624558944457,0.165403320798019,0.158822198286243,0.147178535004063
820,0.627323083479833,0.266179795115631,0.276626749501763,0.16357228121085,0.198798498578782,0.152618104976752
781,0.635268667058686,0.242414171861771,0.210360301592275,0.254108759679802,0.153350162717428,0.194724220966719
419,0.43702685358426,0.146237238572002,0.209608564537159,0.178181472416481,0.154470991130581,0.154470991130581
720,0.65201365997105,0.283362392853609,0.281431899695417,0.272806580486754,0.177071557205383,0.171243398019944
737,0.644086484322101,0.266179795115631,0.23977753355553,0.273759486818862,0.165403320798019,0.187631241909896
785,0.619367756469412,0.32159942528535,0.288207386188063,0.277585234113443,0.206639944148685,0.205907447843523
711,0.624672424998259,0.288207386188063,0.252283020211930,0.290152214217331,0.169733635746363,0.174364837136968
908,0.639678919993987,0.278545025785751,0.227823271636467,0.26336509235663,0.172787005806565,0.140279459933373
820,0.636150937944643,0.252283020211930,0.228656878414890,0.226992939983781,0.167772573247934,0.189517281185082
859,0.645848781067736,0.245075200706715,0.247759640188542,0.231177046607856,0.141066417195949,0.140279459933373
763,0.624672424998259,0.235439936165745,0.213405068833102,0.273759486818862,0.149469410107982,0.180448444205294
702,0.610516199655431,0.259638241659144,0.245967461561916,0.190794809258731,0.155619579790919,0.143552645462116
690,0.61405843859737,0.238033800236652,0.199491561253654,0.272806580486754,0.150148946700048,0.157597013980819
355,0.659933050519219,0.235439936165745,0.177071557205383,0.324563618926047,0.352194131843378,0.190794809258731
621,0.619367756469412,0.242414171861771,0.247759640188542,0.193398287644562,0.171754154191287,0.192741366843982
712,0.628206394540431,0.242414171861771,0.237166246337142,0.182190212262849,0.203016510694019,0.154094323280450
777,0.61405843859737,0.225342219919308,0.222081350052879,0.237166246337142,0.149133866930996,0.145018731380577
734,0.595435874427052,0.245967461561916,0.258711437790672,0.160502026996677,0.192088479379025,0.204454144375473
792,0.627323083479833,0.266179795115631,0.281431899695417,0.196066256873814,0.198109430350217,0.181605650010004
771,0.61405843859737,0.212638240623736,0.231177046607856,0.225342219919308,0.176522456496951,0.172268685450245
756,0.628206394540431,0.261497815323131,0.231177046607856,0.269956905233921,0.192741366843982,0.151897993103576
713,0.642323774366231,0.246862287018223,0.255024990396885,0.23033379664679,0.193398287644562,0.172268685450245
161,0.480808424194665,0.140279459933373,0.140279459933373,0.202303599215116,0.156400988328558,0.141602453589765
705,0.612287594171303,0.245075200706715,0.161797245314680,0.281431899695417,0.147497624383717,0.140279459933373
665,0.62555609967103,0.23977753355553,0.277585234113443,0.211875157547888,0.147178535004063,0.180448444205294
866,0.599875784998553,0.264301525715948,0.297964434643167,0.217294683481912,0.183371292540019,0.199491561253654
511,0.571387382661058,0.312714190948075,0.322587416871138,0.241532534498303,0.208116557082828,0.140279459933373
781,0.606971725447777,0.278545025785751,0.238033800236652,0.296006914761259,0.153350162717428,0.140279459933373
721,0.623788627185174,0.247759640188542,0.26806502014066,0.258711437790672,0.290152214217331,0.170233153496669
771,0.601650667029677,0.255024990396885,0.220471637257467,0.192088479379025,0.151189670120080,0.202303599215116
864,0.623788627185174,0.245075200706715,0.185172899926102,0.240653643199231,0.157195124574254,0.141602453589765
817,0.633503788623644,0.236301613614802,0.225342219919308,0.271855157449252,0.191439626593958,0.140279459933373
901,0.635268667058686,0.250466494772263,0.260567046745838,0.234581247743386,0.154850743467635,0.140279459933373
811,0.597212308466731,0.215727826366646,0.245075200706715,0.222081350052879,0.152982630801945,0.176522456496951
679,0.586543936638165,0.247759640188542,0.242414171861771,0.205178843545358,0.143840891542185,0.168257318749387
887,0.63703309779987,0.277585234113443,0.287236372741756,0.200889639762023,0.173309128978783,0.161362102255135
740,0.601650667029677,0.253194757033311,0.245075200706715,0.259638241659144,0.142702524367706,0.140279459933373
701,0.588323660284695,0.305818349289740,0.270905253648299,0.303851718893881,0.192088479379025,0.198109430350217
802,0.630855615748439,0.234581247743386,0.233725581744281,0.255943411389996,0.149133866930996,0.172787005806565
765,0.61494365721071,0.250466494772263,0.26806502014066,0.273759486818862,0.143266847840142,0.201594638931909
779,0.61405843859737,0.237166246337142,0.231177046607856,0.255943411389996,0.173835068385563,0.173309128978783
243,0.56334084744967,0.232023448734304,0.196066256873814,0.194059239855938,0.198109430350217,0.185781454960399
952,0.640560644506718,0.262430509724191,0.284329312589461,0.207376318697083,0.186394027664835,0.172787005806565
654,0.609630293401202,0.238904240888872,0.236301613614802,0.269010148553487,0.147819407725247,0.144424803121843
734,0.59454741884471,0.231177046607856,0.226992939983781,0.202303599215116,0.185172899926102,0.140279459933373
742,0.574958463059337,0.248659484023583,0.218876016213984,0.235439936165745,0.190154027575454,0.160502026996677
310,0.444549008408857,0.173835068385563,0.205178843545358,0.233725581744281,0.152982630801945,0.156008702799071
857,0.631738455286738,0.272806580486754,0.242414171861771,0.212638240623736,0.175977245746161,0.176522456496951
736,0.643205181411445,0.245075200706715,0.199491561253654,0.261497815323131,0.159237162188545,0.193398287644562
730,0.61405843859737,0.225342219919308,0.172268685450245,0.220471637257467,0.142702524367706,0.173835068385563
918,0.657294084136253,0.278545025785751,0.26336509235663,0.286266334773665,0.145928733232941,0.169237834303805
855,0.673116204346268,0.315674182764382,0.348256569656263,0.408537424783786,0.271855157449252,0.225342219919308
883,0.632621179272578,0.228656878414890,0.247759640188542,0.224521889216861,0.165403320798019,0.158410531669826
662,0.619367756469412,0.229493730258852,0.222891426963376,0.240653643199231,0.164024746412181,0.145018731380577
821,0.615828741507218,0.240653643199231,0.222081350052879,0.282396577544332,0.166814026627726,0.165403320798019
706,0.615828741507218,0.271855157449252,0.231177046607856,0.264301525715948,0.188884569174318,0.140279459933373
928,0.648491465815105,0.228656878414890,0.23977753355553,0.201594638931909,0.182190212262849,0.165869963138432
762,0.634386284250911,0.237166246337142,0.23033379664679,0.242414171861771,0.145622826217966,0.178181472416481
581,0.598100289370352,0.229493730258852,0.237166246337142,0.237166246337142,0.140279459933373,0.162677834203278
302,0.383475920330798,0.154094323280450,0.197424363331222,0.234581247743386,0.242414171861771,0.179875784505171
424,0.459504181093247,0.181605650010004,0.178181472416481,0.213405068833102,0.153350162717428,0.147178535004063
724,0.698554967049639,0.318636108753548,0.295029198942614,0.246862287018223,0.204454144375473,0.171754154191287
820,0.629089586309926,0.240653643199231,0.229493730258852,0.261497815323131,0.140279459933373,0.148801114525785
693,0.620252184825136,0.253194757033311,0.190794809258731,0.286266334773665,0.140279459933373,0.154094323280450
364,0.453909567952752,0.214175622695954,0.187631241909896,0.201594638931909,0.153720720340875,0.140279459933373
687,0.600763302119727,0.251373586915138,0.198798498578782,0.23033379664679,0.164024746412181,0.140279459933373
763,0.621136485069615,0.254108759679802,0.247759640188542,0.228656878414890,0.150492979148870,0.169237834303805
774,0.629089586309926,0.286266334773665,0.246862287018223,0.300905518027404,0.188884569174318,0.192088479379025
955,0.621136485069615,0.310742219942023,0.304834801321944,0.325551793923222,0.261497815323131,0.188255890082703
980,0.672237905577799,0.291125967010989,0.232023448734304,0.261497815323131,0.185781454960399,0.153350162717428
708,0.623788627185174,0.280468392646033,0.251373586915138,0.296985336054750,0.165403320798019,0.180448444205294
669,0.603424944919196,0.235439936165745,0.206639944148685,0.194059239855938,0.171754154191287,0.140279459933373
737,0.629972659733243,0.236301613614802,0.245075200706715,0.209608564537159,0.140801836156987,0.164940248736627
776,0.650252758171119,0.221274744825972,0.269956905233921,0.214175622695954,0.16634019279706,0.175435913518267
718,0.617598511353537,0.253194757033311,0.154850743467635,0.248659484023583,0.148143904307162,0.140279459933373
844,0.649372161207369,0.275669606701894,0.264301525715948,0.205178843545358,0.191439626593958,0.175977245746161
177,0.438910260048710,0.143840891542185,0.201594638931909,0.207376318697083,0.172268685450245,0.156400988328558
775,0.606085249352797,0.325551793923222,0.333456768437105,0.226992939983781,0.226165913043895,0.184568357977156
680,0.583873056414207,0.284329312589461,0.269010148553487,0.249561781327291,0.179875784505171,0.167772573247934
850,0.599875784998553,0.255943411389996,0.233725581744281,0.256863984839407,0.171754154191287,0.191439626593958
781,0.650252758171119,0.248659484023583,0.280468392646033,0.215727826366646,0.140279459933373,0.140279459933373
791,0.604311860230174,0.278545025785751,0.229493730258852,0.254108759679802,0.160930368981928,0.194724220966719
807,0.606085249352797,0.286266334773665,0.304834801321944,0.226992939983781,0.172268685450245,0.140279459933373
667,0.604311860230174,0.195393227873188,0.184568357977156,0.259638241659144,0.140279459933373,0.174898448025698
742,0.574958463059337,0.245075200706715,0.245967461561916,0.181605650010004,0.178181472416481,0.175977245746161
588,0.554380296765044,0.260567046745838,0.219672052767678,0.259638241659144,0.152256565618780,0.140279459933373
796,0.644967683931748,0.275669606701894,0.225342219919308,0.287236372741756,0.151897993103576,0.179307075461499
756,0.628206394540431,0.245075200706715,0.181605650010004,0.228656878414890,0.153720720340875,0.184568357977156
656,0.585653817185493,0.205907447843523,0.195393227873188,0.217294683481912,0.198798498578782,0.140279459933373
840,0.637915147508898,0.278545025785751,0.229493730258852,0.258711437790672,0.146548361254107,0.192741366843982
790,0.66608754581422,0.264301525715948,0.260567046745838,0.279506090033501,0.181025063276694,0.174898448025698
807,0.623788627185174,0.26336509235663,0.257786672914962,0.266179795115631,0.194059239855938,0.150148946700048
342,0.451106215483896,0.178742307944130,0.182778757451073,0.194059239855938,0.140279459933373,0.177071557205383
863,0.645848781067736,0.273759486818862,0.261497815323131,0.252283020211930,0.162235816543637,0.140279459933373
360,0.434198112267997,0.154470991130581,0.151189670120080,0.215727826366646,0.150492979148870,0.158002143279100
342,0.441731771836077,0.141333283747465,0.177624558944457,0.182190212262849,0.158822198286243,0.185172899926102
652,0.610516199655431,0.233725581744281,0.233725581744281,0.194059239855938,0.180448444205294,0.140279459933373
351,0.438910260048710,0.186394027664835,0.156400988328558,0.190154027575454,0.165403320798019,0.140279459933373
366,0.429473753439024,0.175435913518267,0.164024746412181,0.216509434133377,0.140279459933373,0.140279459933373
700,0.589213267095234,0.246862287018223,0.205178843545358,0.238904240888872,0.160930368981928,0.153720720340875
713,0.61405843859737,0.248659484023583,0.251373586915138,0.242414171861771,0.177624558944457,0.183967824035887
783,0.631738455286738,0.253194757033311,0.196743303664015,0.262430509724191,0.170233153496669,0.158822198286243
782,0.62555609967103,0.234581247743386,0.23977753355553,0.226165913043895,0.160930368981928,0.164024746412181
633,0.551687808366613,0.259638241659144,0.264301525715948,0.222081350052879,0.181025063276694,0.192741366843982
796,0.624672424998259,0.258711437790672,0.252283020211930,0.255943411389996,0.151897993103576,0.169733635746363
755,0.627323083479833,0.195393227873188,0.234581247743386,0.240653643199231,0.141602453589765,0.184568357977156
915,0.640560644506718,0.265239772398733,0.254108759679802,0.270905253648299,0.151542367809210,0.160930368981928
866,0.632621179272578,0.241532534498303,0.244185541162083,0.232023448734304,0.140279459933373,0.190154027575454
761,0.622904705251892,0.224521889216861,0.233725581744281,0.223704949036996,0.156796455796649,0.140279459933373
832,0.642323774366231,0.257786672914962,0.267121556704060,0.241532534498303,0.154850743467635,0.140279459933373
811,0.636150937944643,0.278545025785751,0.279506090033501,0.231177046607856,0.174898448025698,0.157195124574254
712,0.598100289370352,0.218083551882790,0.209608564537159,0.269010148553487,0.171243398019944,0.149133866930996
763,0.645848781067736,0.26806502014066,0.271855157449252,0.179875784505171,0.218876016213984,0.142702524367706
156,0.457641082102348,0.140279459933373,0.231177046607856,0.153350162717428,0.16357228121085,0.166814026627726
787,0.59454741884471,0.291125967010989,0.298944182722262,0.274713840722163,0.194724220966719,0.172787005806565
718,0.599875784998553,0.249561781327291,0.208116557082828,0.248659484023583,0.164480729737195,0.140279459933373
924,0.629089586309926,0.247759640188542,0.211875157547888,0.284329312589461,0.154094323280450,0.181025063276694
726,0.606971725447777,0.226165913043895,0.201594638931909,0.236301613614802,0.168745733831007,0.140279459933373
700,0.606085249352797,0.241532534498303,0.248659484023583,0.214949882112267,0.167291481291287,0.140279459933373
785,0.628206394540431,0.244185541162083,0.251373586915138,0.255024990396885,0.140279459933373,0.184568357977156
378,0.447362019176649,0.183371292540019,0.140279459933373,0.222891426963376,0.140279459933373,0.160930368981928
705,0.640560644506718,0.232872971194181,0.188255890082703,0.245967461561916,0.187631241909896,0.140279459933373
851,0.637915147508898,0.243298519444439,0.250466494772263,0.211875157547888,0.197424363331222,0.165869963138432
871,0.596324170558622,0.281431899695417,0.255024990396885,0.290152214217331,0.140279459933373,0.193398287644562
679,0.638797087949753,0.253194757033311,0.23033379664679,0.234581247743386,0.162235816543637,0.166814026627726
622,0.588323660284695,0.292100571713878,0.307786743279463,0.223704949036996,0.215727826366646,0.176522456496951
428,0.691543175287256,0.236301613614802,0.204454144375473,0.336419918223748,0.381534098529382,0.236301613614802
683,0.61494365721071,0.256863984839407,0.244185541162083,0.253194757033311,0.186394027664835,0.183371292540019
684,0.634386284250911,0.292100571713878,0.233725581744281,0.32950458986508,0.145319498566922,0.151542367809210
652,0.57763477259731,0.262430509724191,0.23033379664679,0.252283020211930,0.170233153496669,0.16357228121085
586,0.61494365721071,0.242414171861771,0.242414171861771,0.228656878414890,0.158410531669826,0.156400988328558
204,0.430419611243593,0.140279459933373,0.204454144375473,0.158822198286243,0.147819407725247,0.162235816543637
910,0.654654294039608,0.264301525715948,0.257786672914962,0.287236372741756,0.163123316426449,0.198798498578782
404,0.426633199381427,0.157597013980819,0.152618104976752,0.186394027664835,0.145928733232941,0.145622826217966
790,0.600763302119727,0.245967461561916,0.234581247743386,0.249561781327291,0.158410531669826,0.140279459933373
300,0.463225147278761,0.164024746412181,0.161362102255135,0.229493730258852,0.140279459933373,0.140279459933373
662,0.622020658211421,0.232872971194181,0.218083551882790,0.255024990396885,0.177071557205383,0.164480729737195
687,0.627323083479833,0.238904240888872,0.241532534498303,0.234581247743386,0.185172899926102,0.183967824035887
766,0.622904705251892,0.237166246337142,0.190794809258731,0.261497815323131,0.140279459933373,0.140279459933373
359,0.455776216619560,0.177071557205383,0.185781454960399,0.215727826366646,0.144720505822661,0.140279459933373
749,0.627323083479833,0.246862287018223,0.232023448734304,0.246862287018223,0.166814026627726,0.212638240623736
682,0.59099197716754,0.216509434133377,0.173835068385563,0.234581247743386,0.140279459933373,0.147497624383717
215,0.591881082994116,0.162235816543637,0.196743303664015,0.196066256873814,0.173309128978783,0.16357228121085
694,0.658173830133798,0.248659484023583,0.248659484023583,0.277585234113443,0.162677834203278,0.152256565618780
646,0.612287594171303,0.23977753355553,0.218083551882790,0.226992939983781,0.144424803121843,0.157195124574254
697,0.643205181411445,0.267121556704060,0.226165913043895,0.266179795115631,0.204454144375473,0.145622826217966
756,0.620252184825136,0.279506090033501,0.264301525715948,0.238033800236652,0.16634019279706,0.165403320798019
548,0.587433883900336,0.290152214217331,0.274713840722163,0.288207386188063,0.176522456496951,0.156008702799071
684,0.566024855998128,0.251373586915138,0.236301613614802,0.254108759679802,0.161797245314680,0.206639944148685
794,0.579418047575081,0.314687276192053,0.273759486818862,0.311728055196152,0.140279459933373,0.172268685450245
818,0.631738455286738,0.26806502014066,0.247759640188542,0.211875157547888,0.194724220966719,0.162677834203278
772,0.633503788623644,0.253194757033311,0.26806502014066,0.194059239855938,0.171754154191287,0.140279459933373
693,0.612287594171303,0.250466494772263,0.226992939983781,0.296006914761259,0.140279459933373,0.144424803121843
354,0.416179118323367,0.167291481291287,0.195393227873188,0.204454144375473,0.153350162717428,0.172268685450245
523,0.598988114480156,0.269956905233921,0.213405068833102,0.243298519444439,0.179875784505171,0.150839880430613
781,0.634386284250911,0.232023448734304,0.233725581744281,0.247759640188542,0.140279459933373,0.140279459933373
791,0.631738455286738,0.269956905233921,0.246862287018223,0.251373586915138,0.153720720340875,0.174898448025698
832,0.616713692539713,0.227823271636467,0.232872971194181,0.267121556704060,0.164024746412181,0.155619579790919
805,0.612287594171303,0.202303599215116,0.255943411389996,0.198109430350217,0.140279459933373,0.140279459933373
674,0.604311860230174,0.202303599215116,0.211115838461421,0.222891426963376,0.140279459933373,0.169733635746363
731,0.586543936638165,0.250466494772263,0.248659484023583,0.209608564537159,0.184568357977156,0.203733362812729
387,0.450170855356869,0.185781454960399,0.214949882112267,0.220471637257467,0.140279459933373,0.140279459933373
848,0.602537880906253,0.298944182722262,0.297964434643167,0.298944182722262,0.183371292540019,0.158002143279100
817,0.637915147508898,0.238033800236652,0.208116557082828,0.264301525715948,0.140279459933373,0.243298519444439
617,0.598988114480156,0.212638240623736,0.225342219919308,0.210360301592275,0.140279459933373,0.140279459933373
707,0.632621179272578,0.217294683481912,0.181605650010004,0.262430509724191,0.175977245746161,0.187010622123131
678,0.610516199655431,0.219672052767678,0.213405068833102,0.234581247743386,0.158002143279100,0.140279459933373
573,0.659053485350326,0.236301613614802,0.223704949036996,0.231177046607856,0.182190212262849,0.160930368981928
334,0.418084423539314,0.182190212262849,0.167291481291287,0.202303599215116,0.179875784505171,0.140279459933373
853,0.634386284250911,0.266179795115631,0.232872971194181,0.304834801321944,0.162235816543637,0.193398287644562
698,0.629972659733243,0.234581247743386,0.197424363331222,0.262430509724191,0.149807763529887,0.156400988328558
818,0.65201365997105,0.314687276192053,0.283362392853609,0.300905518027404,0.194724220966719,0.232023448734304
794,0.636150937944643,0.257786672914962,0.231177046607856,0.277585234113443,0.170736402643872,0.140279459933373
710,0.638797087949753,0.225342219919308,0.26336509235663,0.241532534498303,0.145018731380577,0.148471133452426
156,0.451106215483896,0.140279459933373,0.150148946700048,0.23033379664679,0.140279459933373,0.157195124574254
687,0.627323083479833,0.238033800236652,0.238904240888872,0.238904240888872,0.162235816543637,0.146548361254107
310,0.470646634478409,0.143266847840142,0.178181472416481,0.202303599215116,0.161362102255135,0.171243398019944
194,0.57763477259731,0.160077057692081,0.155233599845476,0.240653643199231,0.164940248736627,0.182190212262849
422,0.452041119617036,0.156400988328558,0.185781454960399,0.142423961905656,0.148801114525785,0.143266847840142
394,0.429473753439024,0.202303599215116,0.198798498578782,0.212638240623736,0.145928733232941,0.149807763529887
714,0.597212308466731,0.244185541162083,0.271855157449252,0.184568357977156,0.163123316426449,0.168257318749387
794,0.652893966371437,0.243298519444439,0.217294683481912,0.23977753355553,0.176522456496951,0.140279459933373
972,0.637915147508898,0.337407372460796,0.269956905233921,0.303851718893881,0.226165913043895,0.196743303664015
862,0.640560644506718,0.217294683481912,0.26336509235663,0.245075200706715,0.177071557205383,0.187631241909896
753,0.628206394540431,0.218083551882790,0.193398287644562,0.204454144375473,0.177624558944457,0.140279459933373
708,0.61494365721071,0.240653643199231,0.252283020211930,0.224521889216861,0.146862120354825,0.164480729737195
803,0.621136485069615,0.211115838461421,0.233725581744281,0.272806580486754,0.170233153496669,0.173309128978783
328,0.447362019176649,0.158822198286243,0.183967824035887,0.189517281185082,0.140279459933373,0.140279459933373
160,0.606971725447777,0.311728055196152,0.243298519444439,0.267121556704060,0.162677834203278,0.147819407725247
976,0.649372161207369,0.305818349289740,0.254108759679802,0.305818349289740,0.170233153496669,0.141066417195949
812,0.623788627185174,0.267121556704060,0.26336509235663,0.236301613614802,0.168257318749387,0.195393227873188
641,0.600763302119727,0.203016510694019,0.215727826366646,0.218083551882790,0.160930368981928,0.179307075461499
750,0.611401966215199,0.218083551882790,0.215727826366646,0.227823271636467,0.159237162188545,0.140279459933373
753,0.604311860230174,0.213405068833102,0.23977753355553,0.255024990396885,0.163123316426449,0.166814026627726
677,0.603424944919196,0.246862287018223,0.237166246337142,0.258711437790672,0.178181472416481,0.177624558944457
755,0.629972659733243,0.232023448734304,0.208860644258667,0.281431899695417,0.171243398019944,0.167772573247934
165,0.464154311336516,0.152256565618780,0.151189670120080,0.192088479379025,0.140279459933373,0.171754154191287
820,0.619367756469412,0.235439936165745,0.211115838461421,0.242414171861771,0.183371292540019,0.140279459933373
831,0.615828741507218,0.222891426963376,0.203016510694019,0.256863984839407,0.150148946700048,0.156400988328558
807,0.629089586309926,0.260567046745838,0.217294683481912,0.254108759679802,0.151542367809210,0.140279459933373
697,0.606085249352797,0.223704949036996,0.223704949036996,0.211115838461421,0.163123316426449,0.154850743467635
861,0.656414246618719,0.266179795115631,0.226165913043895,0.274713840722163,0.179875784505171,0.167291481291287
695,0.616713692539713,0.235439936165745,0.232023448734304,0.186394027664835,0.164940248736627,0.140279459933373
951,0.61405843859737,0.271855157449252,0.291125967010989,0.220471637257467,0.168745733831007,0.163123316426449
870,0.655534316836593,0.295029198942614,0.270905253648299,0.244185541162083,0.168257318749387,0.149133866930996
772,0.654654294039608,0.229493730258852,0.258711437790672,0.258711437790672,0.164024746412181,0.171754154191287
695,0.620252184825136,0.252283020211930,0.249561781327291,0.237166246337142,0.140279459933373,0.158822198286243
852,0.659053485350326,0.278545025785751,0.262430509724191,0.236301613614802,0.192088479379025,0.183371292540019
758,0.593658802575914,0.216509434133377,0.220471637257467,0.209608564537159,0.185172899926102,0.140279459933373
675,0.613173084606865,0.229493730258852,0.245967461561916,0.222891426963376,0.193398287644562,0.147497624383717
621,0.631738455286738,0.255024990396885,0.255943411389996,0.200188610986799,0.182778757451073,0.167772573247934
793,0.59099197716754,0.274713840722163,0.227823271636467,0.193398287644562,0.162235816543637,0.181025063276694
619,0.600763302119727,0.403744670601839,0.375697185802696,0.399901217123282,0.309756707604237,0.315674182764382
698,0.633503788623644,0.232023448734304,0.234581247743386,0.267121556704060,0.140279459933373,0.181605650010004
749,0.611401966215199,0.248659484023583,0.264301525715948,0.227823271636467,0.144720505822661,0.140279459933373
737,0.615828741507218,0.249561781327291,0.211115838461421,0.249561781327291,0.143552645462116,0.140279459933373
274,0.422838791105066,0.145928733232941,0.176522456496951,0.185172899926102,0.140279459933373,0.140279459933373
605,0.612287594171303,0.238904240888872,0.258711437790672,0.234581247743386,0.151542367809210,0.152256565618780
714,0.623788627185174,0.252283020211930,0.243298519444439,0.235439936165745,0.174898448025698,0.151189670120080
357,0.620252184825136,0.378617765257579,0.324563618926047,0.368866547920421,0.341355528691973,0.241532534498303
812,0.642323774366231,0.266179795115631,0.258711437790672,0.232872971194181,0.163123316426449,0.140279459933373
832,0.673994424070159,0.253194757033311,0.242414171861771,0.191439626593958,0.177624558944457,0.182190212262849
159,0.454843116219575,0.156400988328558,0.140279459933373,0.222891426963376,0.140279459933373,0.159237162188545
760,0.62555609967103,0.267121556704060,0.26806502014066,0.242414171861771,0.174898448025698,0.140279459933373
820,0.615828741507218,0.255024990396885,0.197424363331222,0.214949882112267,0.177071557205383,0.173309128978783
714,0.637915147508898,0.246862287018223,0.229493730258852,0.222081350052879,0.144131604573628,0.153720720340875
662,0.57585075439854,0.260567046745838,0.258711437790672,0.252283020211930,0.157597013980819,0.140279459933373
699,0.605198627992826,0.253194757033311,0.207376318697083,0.240653643199231,0.190154027575454,0.140279459933373
358,0.43702685358426,0.169237834303805,0.218876016213984,0.140279459933373,0.141873944585676,0.140279459933373
938,0.627323083479833,0.244185541162083,0.26806502014066,0.237166246337142,0.188884569174318,0.187010622123131
696,0.623788627185174,0.235439936165745,0.259638241659144,0.249561781327291,0.158822198286243,0.156400988328558
769,0.629089586309926,0.261497815323131,0.233725581744281,0.256863984839407,0.158002143279100,0.140279459933373
709,0.627323083479833,0.241532534498303,0.282396577544332,0.228656878414890,0.164024746412181,0.140279459933373
749,0.623788627185174,0.250466494772263,0.235439936165745,0.265239772398733,0.175435913518267,0.181025063276694
725,0.598988114480156,0.315674182764382,0.284329312589461,0.293075998312143,0.185172899926102,0.169733635746363
246,0.454843116219575,0.258711437790672,0.251373586915138,0.218083551882790,0.245075200706715,0.228656878414890
605,0.584763524220902,0.226992939983781,0.238904240888872,0.192741366843982,0.158002143279100,0.151189670120080
814,0.630855615748439,0.244185541162083,0.270905253648299,0.262430509724191,0.145018731380577,0.161797245314680
889,0.658173830133798,0.266179795115631,0.266179795115631,0.262430509724191,0.171754154191287,0.157597013980819
802,0.643205181411445,0.248659484023583,0.204454144375473,0.271855157449252,0.158410531669826,0.140279459933373
173,0.503733909185275,0.140279459933373,0.148801114525785,0.181025063276694,0.168745733831007,0.167772573247934
736,0.623788627185174,0.26806502014066,0.23977753355553,0.266179795115631,0.164940248736627,0.194059239855938
747,0.646729776551258,0.23033379664679,0.257786672914962,0.225342219919308,0.149807763529887,0.188884569174318
717,0.603424944919196,0.218876016213984,0.234581247743386,0.206639944148685,0.140279459933373,0.205178843545358
831,0.642323774366231,0.240653643199231,0.256863984839407,0.251373586915138,0.164024746412181,0.152618104976752
704,0.598100289370352,0.293075998312143,0.265239772398733,0.223704949036996,0.210360301592275,0.156796455796649
803,0.595435874427052,0.258711437790672,0.26806502014066,0.276626749501763,0.186394027664835,0.208860644258667
812,0.631738455286738,0.244185541162083,0.233725581744281,0.253194757033311,0.140279459933373,0.140539522938054
817,0.620252184825136,0.248659484023583,0.200889639762023,0.256863984839407,0.203016510694019,0.157195124574254
725,0.615828741507218,0.287236372741756,0.276626749501763,0.226992939983781,0.16634019279706,0.167772573247934
865,0.630855615748439,0.262430509724191,0.26806502014066,0.293075998312143,0.177624558944457,0.140279459933373
816,0.633503788623644,0.211115838461421,0.238033800236652,0.205178843545358,0.150492979148870,0.165869963138432
911,0.588323660284695,0.328516409471957,0.316661303992259,0.323575487390111,0.290152214217331,0.225342219919308
691,0.665208590906176,0.312714190948075,0.333456768437105,0.382505251364152,0.283362392853609,0.183967824035887
785,0.657294084136253,0.266179795115631,0.23977753355553,0.233725581744281,0.177071557205383,0.140279459933373
761,0.598100289370352,0.229493730258852,0.204454144375473,0.277585234113443,0.146548361254107,0.188255890082703
703,0.592770024376564,0.246862287018223,0.211115838461421,0.226165913043895,0.149133866930996,0.143552645462116
663,0.61494365721071,0.233725581744281,0.200188610986799,0.248659484023583,0.145622826217966,0.140279459933373
626,0.616713692539713,0.223704949036996,0.231177046607856,0.244185541162083,0.140279459933373,0.163123316426449
1016,0.621136485069615,0.23033379664679,0.218876016213984,0.231177046607856,0.166814026627726,0.140279459933373
978,0.716942606717853,0.337407372460796,0.328516409471957,0.302869127130412,0.211875157547888,0.223704949036996
733,0.659933050519219,0.259638241659144,0.238033800236652,0.201594638931909,0.160930368981928,0.190154027575454
673,0.586543936638165,0.232023448734304,0.248659484023583,0.215727826366646,0.178181472416481,0.140279459933373
717,0.584763524220902,0.298944182722262,0.256863984839407,0.300905518027404,0.213405068833102,0.155619579790919
821,0.599875784998553,0.213405068833102,0.200889639762023,0.221274744825972,0.164024746412181,0.159237162188545
227,0.383475920330798,0.155619579790919,0.179875784505171,0.209608564537159,0.140279459933373,0.166814026627726
677,0.611401966215199,0.245075200706715,0.242414171861771,0.226992939983781,0.164940248736627,0.140279459933373
653,0.606085249352797,0.296985336054750,0.253194757033311,0.266179795115631,0.142702524367706,0.196066256873814
754,0.606085249352797,0.240653643199231,0.190794809258731,0.221274744825972,0.140279459933373,0.16634019279706
698,0.635268667058686,0.243298519444439,0.227823271636467,0.260567046745838,0.168257318749387,0.140279459933373
783,0.630855615748439,0.245967461561916,0.250466494772263,0.223704949036996,0.178181472416481,0.14298348025674
773,0.642323774366231,0.257786672914962,0.259638241659144,0.269956905233921,0.187010622123131,0.140279459933373
849,0.623788627185174,0.231177046607856,0.253194757033311,0.194059239855938,0.203016510694019,0.195393227873188
642,0.602537880906253,0.243298519444439,0.190154027575454,0.185172899926102,0.168257318749387,0.198798498578782
888,0.632621179272578,0.250466494772263,0.26806502014066,0.219672052767678,0.152982630801945,0.162677834203278
789,0.635268667058686,0.300905518027404,0.266179795115631,0.304834801321944,0.187631241909896,0.178742307944130
802,0.622904705251892,0.264301525715948,0.276626749501763,0.253194757033311,0.180448444205294,0.165403320798019
752,0.618483198986599,0.217294683481912,0.190794809258731,0.236301613614802,0.158002143279100,0.148801114525785
786,0.622020658211421,0.254108759679802,0.187631241909896,0.248659484023583,0.185781454960399,0.140279459933373
842,0.648491465815105,0.283362392853609,0.258711437790672,0.26336509235663,0.167291481291287,0.160930368981928
399,0.460435073421994,0.164024746412181,0.177071557205383,0.209608564537159,0.187010622123131,0.140279459933373
867,0.649372161207369,0.256863984839407,0.281431899695417,0.269010148553487,0.146237238572002,0.140279459933373
815,0.606085249352797,0.250466494772263,0.174898448025698,0.283362392853609,0.14298348025674,0.203016510694019
693,0.602537880906253,0.297964434643167,0.260567046745838,0.328516409471957,0.269956905233921,0.154094323280450
717,0.638797087949753,0.247759640188542,0.226165913043895,0.245967461561916,0.173835068385563,0.153720720340875
698,0.622904705251892,0.253194757033311,0.26336509235663,0.206639944148685,0.179875784505171,0.149807763529887
671,0.5417972538608,0.199491561253654,0.211875157547888,0.223704949036996,0.176522456496951,0.195393227873188
687,0.616713692539713,0.23977753355553,0.260567046745838,0.203733362812729,0.148143904307162,0.164024746412181
801,0.592770024376564,0.228656878414890,0.233725581744281,0.245075200706715,0.152618104976752,0.174898448025698
835,0.616713692539713,0.250466494772263,0.276626749501763,0.245967461561916,0.161362102255135,0.140279459933373
337,0.442671323317129,0.181605650010004,0.177624558944457,0.186394027664835,0.152618104976752,0.147819407725247
776,0.611401966215199,0.260567046745838,0.264301525715948,0.212638240623736,0.150839880430613,0.164024746412181
834,0.619367756469412,0.238033800236652,0.290152214217331,0.189517281185082,0.187010622123131,0.182778757451073
801,0.631738455286738,0.241532534498303,0.232872971194181,0.218083551882790,0.183967824035887,0.151189670120080
767,0.617598511353537,0.238033800236652,0.250466494772263,0.247759640188542,0.148143904307162,0.159237162188545
305,0.612287594171303,0.336419918223748,0.253194757033311,0.40566331506169,0.403744670601839,0.245075200706715
906,0.657294084136253,0.280468392646033,0.265239772398733,0.288207386188063,0.158410531669826,0.183967824035887
729,0.646729776551258,0.273759486818862,0.276626749501763,0.248659484023583,0.189517281185082,0.169733635746363
770,0.626439652176295,0.235439936165745,0.231177046607856,0.238033800236652,0.194724220966719,0.159237162188545
819,0.644086484322101,0.26806502014066,0.270905253648299,0.211115838461421,0.169237834303805,0.198109430350217
378,0.432309844864813,0.154850743467635,0.160077057692081,0.202303599215116,0.143840891542185,0.140279459933373
691,0.619367756469412,0.245967461561916,0.248659484023583,0.240653643199231,0.151897993103576,0.206639944148685
714,0.619367756469412,0.255943411389996,0.259638241659144,0.237166246337142,0.215727826366646,0.197424363331222
783,0.643205181411445,0.274713840722163,0.210360301592275,0.280468392646033,0.141873944585676,0.140279459933373
757,0.597212308466731,0.233725581744281,0.229493730258852,0.199491561253654,0.174364837136968,0.185172899926102
781,0.610516199655431,0.237166246337142,0.227823271636467,0.245075200706715,0.143840891542185,0.144131604573628
781,0.615828741507218,0.214949882112267,0.23977753355553,0.247759640188542,0.158002143279100,0.196743303664015
977,0.605198627992826,0.391223565654671,0.343328438016707,0.332468835480985,0.203733362812729,0.175977245746161
573,0.606085249352797,0.245967461561916,0.264301525715948,0.170736402643872,0.191439626593958,0.140279459933373
747,0.615828741507218,0.246862287018223,0.214949882112267,0.232872971194181,0.151542367809210,0.196066256873814
782,0.621136485069615,0.260567046745838,0.259638241659144,0.274713840722163,0.171243398019944,0.179875784505171
341,0.433254223593108,0.146237238572002,0.203733362812729,0.162677834203278,0.151189670120080,0.141873944585676
221,0.400862850180983,0.140539522938054,0.173309128978783,0.172268685450245,0.140279459933373,0.157195124574254
706,0.601650667029677,0.217294683481912,0.186394027664835,0.257786672914962,0.140279459933373,0.186394027664835
690,0.600763302119727,0.234581247743386,0.214175622695954,0.223704949036996,0.157597013980819,0.158002143279100
818,0.61405843859737,0.26336509235663,0.248659484023583,0.256863984839407,0.184568357977156,0.166814026627726
850,0.631738455286738,0.207376318697083,0.215727826366646,0.232872971194181,0.145928733232941,0.16634019279706
805,0.626439652176295,0.359072414588444,0.324563618926047,0.286266334773665,0.208116557082828,0.191439626593958
781,0.57763477259731,0.257786672914962,0.238904240888872,0.251373586915138,0.185172899926102,0.140279459933373
755,0.622020658211421,0.231177046607856,0.276626749501763,0.254108759679802,0.148471133452426,0.160077057692081
846,0.601650667029677,0.241532534498303,0.206639944148685,0.270905253648299,0.183967824035887,0.140279459933373
862,0.599875784998553,0.248659484023583,0.175977245746161,0.264301525715948,0.168257318749387,0.146548361254107
189,0.551687808366613,0.148471133452426,0.142147774681471,0.200188610986799,0.140279459933373,0.140279459933373
275,0.461365530470573,0.178742307944130,0.210360301592275,0.177624558944457,0.140279459933373,0.141873944585676
646,0.629089586309926,0.269956905233921,0.243298519444439,0.265239772398733,0.164024746412181,0.188884569174318
803,0.626439652176295,0.232023448734304,0.198109430350217,0.256863984839407,0.140279459933373,0.140279459933373
676,0.642323774366231,0.226165913043895,0.222081350052879,0.225342219919308,0.140279459933373,0.140279459933373
926,0.609630293401202,0.250466494772263,0.232872971194181,0.248659484023583,0.159237162188545,0.156008702799071
860,0.569600673082815,0.301887051542692,0.307786743279463,0.26806502014066,0.172787005806565,0.16634019279706
290,0.438910260048710,0.164480729737195,0.184568357977156,0.179307075461499,0.164480729737195,0.152618104976752
534,0.550789853506805,0.227823271636467,0.187631241909896,0.257786672914962,0.147178535004063,0.146862120354825
257,0.574958463059337,0.189517281185082,0.199491561253654,0.207376318697083,0.140279459933373,0.161797245314680
680,0.63703309779987,0.262430509724191,0.220471637257467,0.224521889216861,0.174898448025698,0.140279459933373
836,0.665208590906176,0.277585234113443,0.241532534498303,0.261497815323131,0.146548361254107,0.146548361254107
820,0.654654294039608,0.26336509235663,0.232872971194181,0.266179795115631,0.159237162188545,0.214949882112267
298,0.439851241970584,0.198798498578782,0.188255890082703,0.205178843545358,0.174364837136968,0.149807763529887
852,0.644086484322101,0.353177756395209,0.349241401529061,0.301887051542692,0.211115838461421,0.157195124574254
786,0.634386284250911,0.240653643199231,0.26806502014066,0.269956905233921,0.154470991130581,0.162235816543637
933,0.635268667058686,0.233725581744281,0.214949882112267,0.217294683481912,0.167772573247934,0.172787005806565
425,0.482650905054512,0.169733635746363,0.217294683481912,0.156008702799071,0.169237834303805,0.140279459933373
864,0.649372161207369,0.277585234113443,0.278545025785751,0.286266334773665,0.165869963138432,0.215727826366646
723,0.627323083479833,0.240653643199231,0.205178843545358,0.237166246337142,0.140279459933373,0.140279459933373
717,0.617598511353537,0.247759640188542,0.254108759679802,0.227823271636467,0.177071557205383,0.140279459933373
174,0.480808424194665,0.175435913518267,0.183967824035887,0.177624558944457,0.141602453589765,0.140279459933373
169,0.498252004317859,0.140279459933373,0.147497624383717,0.205178843545358,0.140279459933373,0.173835068385563
720,0.613173084606865,0.211875157547888,0.203016510694019,0.213405068833102,0.185781454960399,0.190794809258731
720,0.596324170558622,0.243298519444439,0.177071557205383,0.240653643199231,0.176522456496951,0.181025063276694
157,0.455776216619560,0.140279459933373,0.140279459933373,0.238033800236652,0.140279459933373,0.149133866930996
838,0.619367756469412,0.248659484023583,0.269010148553487,0.219672052767678,0.185172899926102,0.169733635746363
664,0.619367756469412,0.255943411389996,0.256863984839407,0.231177046607856,0.155619579790919,0.172268685450245
762,0.65201365997105,0.280468392646033,0.188884569174318,0.281431899695417,0.198798498578782,0.174364837136968
654,0.633503788623644,0.229493730258852,0.216509434133377,0.247759640188542,0.149469410107982,0.168257318749387
690,0.607858057407542,0.222081350052879,0.224521889216861,0.207376318697083,0.140279459933373,0.172268685450245
760,0.624672424998259,0.280468392646033,0.26336509235663,0.267121556704060,0.238033800236652,0.182778757451073
726,0.610516199655431,0.232023448734304,0.243298519444439,0.237166246337142,0.172268685450245,0.161797245314680
723,0.604311860230174,0.223704949036996,0.232023448734304,0.232023448734304,0.140279459933373,0.140279459933373
671,0.615828741507218,0.295029198942614,0.271855157449252,0.23977753355553,0.182778757451073,0.182778757451073
824,0.627323083479833,0.254108759679802,0.243298519444439,0.238033800236652,0.140279459933373,0.169733635746363
752,0.641442262346675,0.278545025785751,0.257786672914962,0.236301613614802,0.174364837136968,0.160930368981928
792,0.598100289370352,0.285297304030371,0.218876016213984,0.269956905233921,0.182778757451073,0.180448444205294
690,0.591881082994116,0.238033800236652,0.231177046607856,0.246862287018223,0.141602453589765,0.140279459933373
523,0.587433883900336,0.196066256873814,0.218083551882790,0.231177046607856,0.140279459933373,0.143840891542185
808,0.608744246353995,0.282396577544332,0.250466494772263,0.290152214217331,0.173309128978783,0.214949882112267
306,0.390256851013871,0.160502026996677,0.178181472416481,0.218876016213984,0.151897993103576,0.140279459933373
734,0.615828741507218,0.254108759679802,0.210360301592275,0.247759640188542,0.170233153496669,0.153350162717428
727,0.619367756469412,0.242414171861771,0.246862287018223,0.223704949036996,0.161797245314680,0.188255890082703
807,0.622904705251892,0.256863984839407,0.218083551882790,0.255943411389996,0.154094323280450,0.167291481291287
408,0.448298759169222,0.164480729737195,0.160502026996677,0.203016510694019,0.140279459933373,0.147497624383717
769,0.640560644506718,0.23977753355553,0.23033379664679,0.256863984839407,0.167291481291287,0.215727826366646
227,0.57763477259731,0.205907447843523,0.23977753355553,0.234581247743386,0.185781454960399,0.171243398019944
167,0.502821101328797,0.156008702799071,0.175435913518267,0.169733635746363,0.165403320798019,0.170233153496669
760,0.647610671197383,0.276626749501763,0.238033800236652,0.222081350052879,0.140279459933373,0.166814026627726
635,0.589213267095234,0.252283020211930,0.237166246337142,0.207376318697083,0.180448444205294,0.145018731380577
245,0.628206394540431,0.206639944148685,0.198798498578782,0.266179795115631,0.179307075461499,0.140279459933373
762,0.566024855998128,0.300905518027404,0.305818349289740,0.203016510694019,0.183967824035887,0.176522456496951
184,0.554380296765044,0.152618104976752,0.175435913518267,0.168257318749387,0.150148946700048,0.140279459933373
789,0.613173084606865,0.237166246337142,0.194724220966719,0.232872971194181,0.154850743467635,0.153350162717428
820,0.629972659733243,0.267121556704060,0.26336509235663,0.23033379664679,0.189517281185082,0.188884569174318
845,0.657294084136253,0.269010148553487,0.233725581744281,0.269010148553487,0.184568357977156,0.181025063276694
167,0.482650905054512,0.140279459933373,0.140279459933373,0.222081350052879,0.140279459933373,0.158002143279100
690,0.626439652176295,0.272806580486754,0.251373586915138,0.257786672914962,0.196743303664015,0.166814026627726
734,0.617598511353537,0.252283020211930,0.250466494772263,0.248659484023583,0.140279459933373,0.140279459933373
757,0.603424944919196,0.23033379664679,0.279506090033501,0.169237834303805,0.187631241909896,0.165403320798019
865,0.624672424998259,0.255943411389996,0.269956905233921,0.187631241909896,0.147819407725247,0.168257318749387
637,0.605198627992826,0.269010148553487,0.26806502014066,0.210360301592275,0.140279459933373,0.164480729737195
787,0.611401966215199,0.254108759679802,0.240653643199231,0.259638241659144,0.192741366843982,0.140279459933373
782,0.608744246353995,0.254108759679802,0.265239772398733,0.178181472416481,0.149469410107982,0.144131604573628
753,0.622904705251892,0.243298519444439,0.227823271636467,0.294052217151829,0.167772573247934,0.140279459933373
787,0.57585075439854,0.242414171861771,0.228656878414890,0.241532534498303,0.171243398019944,0.182190212262849
665,0.601650667029677,0.259638241659144,0.251373586915138,0.248659484023583,0.222081350052879,0.210360301592275
370,0.465083048709257,0.162235816543637,0.218083551882790,0.210360301592275,0.140279459933373,0.160077057692081
787,0.578526502286961,0.314687276192053,0.232023448734304,0.298944182722262,0.159237162188545,0.168257318749387
735,0.622904705251892,0.250466494772263,0.238033800236652,0.240653643199231,0.23033379664679,0.140279459933373
721,0.624672424998259,0.243298519444439,0.26806502014066,0.245075200706715,0.140279459933373,0.165403320798019
737,0.612287594171303,0.205907447843523,0.218083551882790,0.221274744825972,0.140279459933373,0.169733635746363
202,0.574958463059337,0.160077057692081,0.205178843545358,0.161797245314680,0.152618104976752,0.178742307944130
726,0.592770024376564,0.195393227873188,0.209608564537159,0.23033379664679,0.140279459933373,0.194059239855938
738,0.629972659733243,0.232023448734304,0.235439936165745,0.199491561253654,0.154470991130581,0.153720720340875
318,0.645848781067736,0.180448444205294,0.196743303664015,0.150839880430613,0.140279459933373,0.141873944585676
160,0.462295554374572,0.140279459933373,0.179307075461499,0.16357228121085,0.140279459933373,0.140279459933373
707,0.632621179272578,0.234581247743386,0.259638241659144,0.177624558944457,0.187631241909896,0.157195124574254
360,0.419987692000204,0.172787005806565,0.170736402643872,0.199491561253654,0.165869963138432,0.162235816543637
801,0.62555609967103,0.235439936165745,0.192741366843982,0.265239772398733,0.170736402643872,0.140279459933373
805,0.65201365997105,0.278545025785751,0.238904240888872,0.264301525715948,0.180448444205294,0.179875784505171
754,0.618483198986599,0.222081350052879,0.252283020211930,0.222081350052879,0.148143904307162,0.140279459933373
408,0.456708871220304,0.189517281185082,0.205178843545358,0.201594638931909,0.140279459933373,0.151189670120080
713,0.611401966215199,0.238904240888872,0.244185541162083,0.249561781327291,0.203016510694019,0.192088479379025
678,0.57585075439854,0.226165913043895,0.232023448734304,0.221274744825972,0.140279459933373,0.156008702799071
790,0.608744246353995,0.233725581744281,0.199491561253654,0.246862287018223,0.16357228121085,0.190154027575454
729,0.633503788623644,0.254108759679802,0.273759486818862,0.204454144375473,0.196743303664015,0.147497624383717
936,0.656414246618719,0.281431899695417,0.345300444024283,0.41331732873535,0.276626749501763,0.140279459933373
839,0.633503788623644,0.265239772398733,0.269956905233921,0.254108759679802,0.167291481291287,0.152256565618780
664,0.591881082994116,0.227823271636467,0.23977753355553,0.200188610986799,0.140279459933373,0.150148946700048
906,0.607858057407542,0.238033800236652,0.249561781327291,0.187631241909896,0.177071557205383,0.202303599215116
670,0.592770024376564,0.343328438016707,0.332468835480985,0.340368763820501,0.238033800236652,0.184568357977156
836,0.653774177471793,0.271855157449252,0.237166246337142,0.264301525715948,0.140279459933373,0.175435913518267
763,0.626439652176295,0.242414171861771,0.261497815323131,0.223704949036996,0.156008702799071,0.156796455796649
698,0.634386284250911,0.232872971194181,0.192088479379025,0.238033800236652,0.140279459933373,0.151189670120080
789,0.615828741507218,0.245075200706715,0.223704949036996,0.281431899695417,0.202303599215116,0.173309128978783
700,0.602537880906253,0.23033379664679,0.240653643199231,0.264301525715948,0.156796455796649,0.168257318749387
682,0.578526502286961,0.214175622695954,0.169733635746363,0.277585234113443,0.156796455796649,0.162677834203278
593,0.579418047575081,0.222081350052879,0.209608564537159,0.221274744825972,0.158410531669826,0.154850743467635
769,0.612287594171303,0.206639944148685,0.188884569174318,0.222081350052879,0.164024746412181,0.140279459933373
769,0.62555609967103,0.229493730258852,0.23033379664679,0.217294683481912,0.184568357977156,0.181025063276694
820,0.629972659733243,0.219672052767678,0.214175622695954,0.283362392853609,0.168745733831007,0.16634019279706
151,0.442671323317129,0.171754154191287,0.174364837136968,0.198109430350217,0.154094323280450,0.140279459933373
339,0.684527124733494,0.274713840722163,0.217294683481912,0.333456768437105,0.323575487390111,0.229493730258852
775,0.639678919993987,0.234581247743386,0.238033800236652,0.224521889216861,0.161797245314680,0.140279459933373
867,0.654654294039608,0.277585234113443,0.277585234113443,0.274713840722163,0.198109430350217,0.140279459933373
388,0.432309844864813,0.152982630801945,0.195393227873188,0.162235816543637,0.163123316426449,0.140279459933373
705,0.619367756469412,0.234581247743386,0.222891426963376,0.248659484023583,0.146548361254107,0.179875784505171
813,0.629972659733243,0.241532534498303,0.254108759679802,0.264301525715948,0.150148946700048,0.160502026996677
644,0.608744246353995,0.234581247743386,0.243298519444439,0.209608564537159,0.168745733831007,0.146237238572002
764,0.592770024376564,0.233725581744281,0.225342219919308,0.210360301592275,0.157597013980819,0.155619579790919
671,0.630855615748439,0.23033379664679,0.208860644258667,0.246862287018223,0.184568357977156,0.163123316426449
307,0.448298759169222,0.157195124574254,0.188884569174318,0.227823271636467,0.143552645462116,0.144131604573628
783,0.62555609967103,0.334444602573969,0.285297304030371,0.300905518027404,0.187010622123131,0.151542367809210
744,0.596324170558622,0.269956905233921,0.264301525715948,0.225342219919308,0.147819407725247,0.190794809258731
692,0.61405843859737,0.250466494772263,0.218876016213984,0.23977753355553,0.177071557205383,0.167772573247934
702,0.601650667029677,0.241532534498303,0.194724220966719,0.242414171861771,0.156796455796649,0.181605650010004
172,0.532779695838002,0.140279459933373,0.201594638931909,0.175435913518267,0.140279459933373,0.167772573247934
751,0.65201365997105,0.259638241659144,0.237166246337142,0.240653643199231,0.154470991130581,0.174364837136968
809,0.632621179272578,0.246862287018223,0.253194757033311,0.204454144375473,0.140279459933373,0.203733362812729
298,0.664329550930648,0.226165913043895,0.198798498578782,0.336419918223748,0.32159942528535,0.212638240623736
753,0.605198627992826,0.217294683481912,0.245967461561916,0.208860644258667,0.164940248736627,0.168745733831007
170,0.465083048709257,0.158410531669826,0.140279459933373,0.622904705251892,0.675750628954486,0.511024591546248
653,0.61494365721071,0.251373586915138,0.198109430350217,0.227823271636467,0.162235816543637,0.16357228121085
808,0.632621179272578,0.273759486818862,0.255024990396885,0.276626749501763,0.183371292540019,0.165869963138432
762,0.615828741507218,0.242414171861771,0.269956905233921,0.271855157449252,0.157195124574254,0.146548361254107
677,0.624672424998259,0.234581247743386,0.245967461561916,0.226165913043895,0.157195124574254,0.169733635746363
607,0.63703309779987,0.348256569656263,0.33543232376894,0.324563618926047,0.190794809258731,0.185781454960399
972,0.632621179272578,0.362014841934518,0.319623752397046,0.322587416871138,0.192088479379025,0.190154027575454
794,0.624672424998259,0.23033379664679,0.198109430350217,0.254108759679802,0.160502026996677,0.185781454960399
780,0.623788627185174,0.232023448734304,0.237166246337142,0.244185541162083,0.146237238572002,0.165403320798019
816,0.660812526368302,0.282396577544332,0.283362392853609,0.298944182722262,0.227823271636467,0.218083551882790
872,0.652893966371437,0.259638241659144,0.240653643199231,0.237166246337142,0.190154027575454,0.140279459933373
829,0.634386284250911,0.254108759679802,0.26806502014066,0.242414171861771,0.150839880430613,0.156008702799071
665,0.622020658211421,0.238033800236652,0.254108759679802,0.229493730258852,0.173309128978783,0.149133866930996
817,0.655534316836593,0.267121556704060,0.265239772398733,0.201594638931909,0.192088479379025,0.143552645462116
157,0.40566331506169,0.175435913518267,0.185781454960399,0.194724220966719,0.169733635746363,0.177624558944457
884,0.629972659733243,0.252283020211930,0.247759640188542,0.291125967010989,0.160077057692081,0.156400988328558
469,0.465083048709257,0.176522456496951,0.161797245314680,0.174898448025698,0.161362102255135,0.140279459933373
939,0.631738455286738,0.269956905233921,0.255943411389996,0.236301613614802,0.178181472416481,0.180448444205294
430,0.643205181411445,0.242414171861771,0.232023448734304,0.276626749501763,0.184568357977156,0.140279459933373
818,0.631738455286738,0.265239772398733,0.245967461561916,0.266179795115631,0.170736402643872,0.198109430350217
852,0.681894949187986,0.281431899695417,0.271855157449252,0.226165913043895,0.161362102255135,0.202303599215116
768,0.634386284250911,0.23977753355553,0.241532534498303,0.228656878414890,0.141066417195949,0.160502026996677
630,0.589213267095234,0.270905253648299,0.260567046745838,0.26336509235663,0.164940248736627,0.16357228121085
193,0.410450927071570,0.242414171861771,0.23977753355553,0.298944182722262,0.32159942528535,0.196066256873814
233,0.453909567952752,0.184568357977156,0.205907447843523,0.217294683481912,0.151897993103576,0.159655442358187
155,0.441731771836077,0.140279459933373,0.188884569174318,0.192088479379025,0.140801836156987,0.140279459933373
350,0.44923503724365,0.163123316426449,0.181605650010004,0.226992939983781,0.140279459933373,0.140279459933373
351,0.439851241970584,0.157597013980819,0.153350162717428,0.219672052767678,0.140279459933373,0.156400988328558
804,0.628206394540431,0.232023448734304,0.231177046607856,0.269956905233921,0.140279459933373,0.182778757451073
818,0.645848781067736,0.288207386188063,0.281431899695417,0.271855157449252,0.158002143279100,0.185781454960399
712,0.630855615748439,0.245967461561916,0.254108759679802,0.227823271636467,0.179875784505171,0.178742307944130
685,0.611401966215199,0.250466494772263,0.226165913043895,0.255943411389996,0.156008702799071,0.140279459933373
679,0.598100289370352,0.218876016213984,0.249561781327291,0.194724220966719,0.177071557205383,0.162235816543637
765,0.605198627992826,0.227823271636467,0.202303599215116,0.158002143279100,0.165403320798019,0.165403320798019
818,0.629089586309926,0.288207386188063,0.274713840722163,0.261497815323131,0.177624558944457,0.200188610986799
544,0.584763524220902,0.199491561253654,0.179307075461499,0.249561781327291,0.164940248736627,0.158410531669826
805,0.622904705251892,0.23977753355553,0.217294683481912,0.226165913043895,0.140279459933373,0.140279459933373
752,0.622904705251892,0.252283020211930,0.217294683481912,0.227823271636467,0.14298348025674,0.182190212262849
359,0.450170855356869,0.162235816543637,0.168257318749387,0.201594638931909,0.160077057692081,0.145319498566922
622,0.606085249352797,0.244185541162083,0.215727826366646,0.244185541162083,0.143552645462116,0.222891426963376
794,0.613173084606865,0.229493730258852,0.187010622123131,0.257786672914962,0.149469410107982,0.154094323280450
791,0.636150937944643,0.293075998312143,0.225342219919308,0.287236372741756,0.167772573247934,0.189517281185082
742,0.622020658211421,0.225342219919308,0.151897993103576,0.245075200706715,0.145928733232941,0.202303599215116
788,0.602537880906253,0.202303599215116,0.220471637257467,0.211115838461421,0.179307075461499,0.182190212262849
617,0.598988114480156,0.297964434643167,0.280468392646033,0.266179795115631,0.177071557205383,0.182778757451073
650,0.579418047575081,0.234581247743386,0.217294683481912,0.237166246337142,0.140279459933373,0.140279459933373
182,0.59099197716754,0.304834801321944,0.260567046745838,0.289179343702615,0.144720505822661,0.201594638931909
768,0.645848781067736,0.236301613614802,0.246862287018223,0.192088479379025,0.149807763529887,0.161362102255135
856,0.665208590906176,0.270905253648299,0.259638241659144,0.277585234113443,0.178181472416481,0.156796455796649
855,0.628206394540431,0.204454144375473,0.235439936165745,0.202303599215116,0.16357228121085,0.167772573247934
747,0.58209159090975,0.232023448734304,0.206639944148685,0.224521889216861,0.152618104976752,0.164480729737195
755,0.633503788623644,0.226165913043895,0.250466494772263,0.241532534498303,0.147819407725247,0.140279459933373
379,0.42188893060604,0.154850743467635,0.185172899926102,0.179307075461499,0.156796455796649,0.143840891542185
861,0.641442262346675,0.244185541162083,0.238904240888872,0.202303599215116,0.192088479379025,0.164024746412181
754,0.616713692539713,0.266179795115631,0.255024990396885,0.254108759679802,0.218876016213984,0.140279459933373
884,0.649372161207369,0.262430509724191,0.264301525715948,0.227823271636467,0.168745733831007,0.144720505822661
357,0.412362374614871,0.140279459933373,0.140279459933373,0.224521889216861,0.144720505822661,0.140279459933373
934,0.643205181411445,0.279506090033501,0.290152214217331,0.23977753355553,0.140279459933373,0.186394027664835
718,0.598100289370352,0.285297304030371,0.211875157547888,0.261497815323131,0.179307075461499,0.162677834203278
645,0.59454741884471,0.235439936165745,0.228656878414890,0.253194757033311,0.152256565618780,0.149133866930996
794,0.639678919993987,0.282396577544332,0.249561781327291,0.297964434643167,0.166814026627726,0.186394027664835
746,0.590102705627282,0.242414171861771,0.240653643199231,0.248659484023583,0.140279459933373,0.172268685450245
727,0.645848781067736,0.250466494772263,0.210360301592275,0.245075200706715,0.154850743467635,0.162677834203278
877,0.655534316836593,0.254108759679802,0.187010622123131,0.282396577544332,0.141333283747465,0.194724220966719
748,0.606971725447777,0.238033800236652,0.183371292540019,0.238904240888872,0.140279459933373,0.23033379664679
912,0.644967683931748,0.267121556704060,0.255024990396885,0.232023448734304,0.149133866930996,0.163123316426449
699,0.585653817185493,0.269010148553487,0.258711437790672,0.280468392646033,0.174898448025698,0.173835068385563
694,0.583873056414207,0.242414171861771,0.204454144375473,0.186394027664835,0.160077057692081,0.222081350052879
689,0.653774177471793,0.258711437790672,0.222891426963376,0.228656878414890,0.212638240623736,0.196066256873814
881,0.645848781067736,0.308771540986705,0.26336509235663,0.300905518027404,0.164940248736627,0.192088479379025
622,0.596324170558622,0.274713840722163,0.211115838461421,0.310742219942023,0.144424803121843,0.149469410107982
750,0.666966416344732,0.283362392853609,0.286266334773665,0.279506090033501,0.231177046607856,0.183371292540019
769,0.637915147508898,0.245075200706715,0.226165913043895,0.269956905233921,0.160930368981928,0.140279459933373
697,0.622904705251892,0.284329312589461,0.293075998312143,0.236301613614802,0.185172899926102,0.175977245746161
847,0.641442262346675,0.238033800236652,0.280468392646033,0.218876016213984,0.140279459933373,0.189517281185082
674,0.639678919993987,0.280468392646033,0.26336509235663,0.280468392646033,0.179875784505171,0.146862120354825
781,0.65113325749733,0.257786672914962,0.232023448734304,0.277585234113443,0.174898448025698,0.213405068833102
723,0.603424944919196,0.187010622123131,0.262430509724191,0.156796455796649,0.185172899926102,0.172268685450245
668,0.62555609967103,0.228656878414890,0.241532534498303,0.232023448734304,0.160930368981928,0.153350162717428
775,0.635268667058686,0.222891426963376,0.262430509724191,0.218876016213984,0.164940248736627,0.174364837136968
767,0.658173830133798,0.282396577544332,0.287236372741756,0.218876016213984,0.184568357977156,0.174364837136968
926,0.664329550930648,0.275669606701894,0.247759640188542,0.252283020211930,0.150492979148870,0.193398287644562
874,0.637915147508898,0.295029198942614,0.23033379664679,0.261497815323131,0.180448444205294,0.158822198286243
748,0.637915147508898,0.303851718893881,0.320611530912211,0.261497815323131,0.194724220966719,0.171754154191287
777,0.634386284250911,0.277585234113443,0.257786672914962,0.243298519444439,0.182778757451073,0.208860644258667
190,0.471572446139952,0.161362102255135,0.140279459933373,0.623788627185174,0.681017412481438,0.517387345588464
614,0.626439652176295,0.233725581744281,0.243298519444439,0.235439936165745,0.140279459933373,0.195393227873188
810,0.639678919993987,0.269010148553487,0.269956905233921,0.247759640188542,0.170736402643872,0.193398287644562
657,0.572280442910804,0.259638241659144,0.267121556704060,0.238904240888872,0.166814026627726,0.177624558944457
772,0.649372161207369,0.253194757033311,0.260567046745838,0.232023448734304,0.177624558944457,0.144720505822661
834,0.640560644506718,0.246862287018223,0.233725581744281,0.254108759679802,0.173835068385563,0.200889639762023
380,0.450170855356869,0.144131604573628,0.189517281185082,0.214175622695954,0.141333283747465,0.152618104976752
769,0.579418047575081,0.336419918223748,0.253194757033311,0.279506090033501,0.200188610986799,0.174364837136968
725,0.598988114480156,0.261497815323131,0.220471637257467,0.275669606701894,0.169237834303805,0.140279459933373
759,0.629089586309926,0.246862287018223,0.214949882112267,0.224521889216861,0.148801114525785,0.179307075461499
799,0.631738455286738,0.232023448734304,0.283362392853609,0.207376318697083,0.16357228121085,0.214949882112267
731,0.640560644506718,0.236301613614802,0.264301525715948,0.231177046607856,0.140279459933373,0.218083551882790
338,0.442671323317129,0.160077057692081,0.141602453589765,0.224521889216861,0.140279459933373,0.164024746412181
875,0.61405843859737,0.264301525715948,0.245967461561916,0.211875157547888,0.160930368981928,0.140279459933373
835,0.606971725447777,0.235439936165745,0.228656878414890,0.333456768437105,0.320611530912211,0.193398287644562
898,0.602537880906253,0.226992939983781,0.203016510694019,0.233725581744281,0.160077057692081,0.140279459933373
227,0.590102705627282,0.14298348025674,0.190794809258731,0.181025063276694,0.154094323280450,0.140279459933373
627,0.613173084606865,0.210360301592275,0.214175622695954,0.238904240888872,0.159655442358187,0.140279459933373
759,0.623788627185174,0.271855157449252,0.283362392853609,0.152618104976752,0.186394027664835,0.212638240623736
428,0.423788147113161,0.162235816543637,0.140279459933373,0.229493730258852,0.140279459933373,0.146237238572002
679,0.598100289370352,0.244185541162083,0.213405068833102,0.250466494772263,0.172787005806565,0.148801114525785
807,0.631738455286738,0.238904240888872,0.205178843545358,0.264301525715948,0.160502026996677,0.140279459933373
396,0.43702685358426,0.156796455796649,0.140279459933373,0.203016510694019,0.151542367809210,0.146548361254107
741,0.610516199655431,0.222081350052879,0.228656878414890,0.246862287018223,0.156400988328558,0.151897993103576
824,0.642323774366231,0.245967461561916,0.256863984839407,0.244185541162083,0.145018731380577,0.190794809258731
743,0.593658802575914,0.250466494772263,0.251373586915138,0.222891426963376,0.192088479379025,0.175435913518267
719,0.61405843859737,0.244185541162083,0.26336509235663,0.203733362812729,0.208860644258667,0.173835068385563
757,0.610516199655431,0.232872971194181,0.23033379664679,0.236301613614802,0.175977245746161,0.140279459933373
872,0.641442262346675,0.254108759679802,0.23977753355553,0.275669606701894,0.157597013980819,0.188255890082703
759,0.607858057407542,0.238904240888872,0.200188610986799,0.267121556704060,0.140279459933373,0.177071557205383
766,0.609630293401202,0.269010148553487,0.271855157449252,0.200188610986799,0.214175622695954,0.190794809258731
671,0.609630293401202,0.205907447843523,0.206639944148685,0.267121556704060,0.169237834303805,0.151897993103576
850,0.638797087949753,0.289179343702615,0.221274744825972,0.248659484023583,0.151189670120080,0.164024746412181
709,0.635268667058686,0.242414171861771,0.276626749501763,0.192741366843982,0.168257318749387,0.140279459933373
860,0.639678919993987,0.26806502014066,0.238904240888872,0.264301525715948,0.192088479379025,0.197424363331222
808,0.649372161207369,0.246862287018223,0.255024990396885,0.23977753355553,0.179307075461499,0.204454144375473
833,0.633503788623644,0.254108759679802,0.258711437790672,0.232023448734304,0.168745733831007,0.186394027664835
376,0.58209159090975,0.300905518027404,0.288207386188063,0.286266334773665,0.182778757451073,0.151897993103576
819,0.624672424998259,0.273759486818862,0.261497815323131,0.218083551882790,0.151897993103576,0.168257318749387
848,0.624672424998259,0.267121556704060,0.288207386188063,0.196066256873814,0.144720505822661,0.148801114525785
820,0.628206394540431,0.300905518027404,0.246862287018223,0.265239772398733,0.191439626593958,0.140279459933373
759,0.605198627992826,0.232023448734304,0.23977753355553,0.200889639762023,0.140279459933373,0.152618104976752
771,0.638797087949753,0.264301525715948,0.213405068833102,0.211875157547888,0.187631241909896,0.168257318749387
751,0.670481068306923,0.26336509235663,0.225342219919308,0.286266334773665,0.140279459933373,0.156400988328558
847,0.653774177471793,0.285297304030371,0.233725581744281,0.233725581744281,0.168257318749387,0.16634019279706
772,0.604311860230174,0.249561781327291,0.249561781327291,0.226165913043895,0.189517281185082,0.177071557205383
158,0.458572851358513,0.140279459933373,0.145319498566922,0.168257318749387,0.140279459933373,0.150839880430613
715,0.630855615748439,0.241532534498303,0.258711437790672,0.204454144375473,0.192741366843982,0.150492979148870
732,0.61405843859737,0.213405068833102,0.193398287644562,0.254108759679802,0.141333283747465,0.210360301592275
248,0.638797087949753,0.184568357977156,0.194724220966719,0.201594638931909,0.16357228121085,0.157597013980819
718,0.641442262346675,0.218876016213984,0.245075200706715,0.212638240623736,0.140279459933373,0.162677834203278
722,0.634386284250911,0.339381807952053,0.340368763820501,0.299924552865763,0.226992939983781,0.158822198286243
753,0.606971725447777,0.282396577544332,0.229493730258852,0.301887051542692,0.140279459933373,0.182778757451073
660,0.601650667029677,0.243298519444439,0.226165913043895,0.219672052767678,0.163123316426449,0.197424363331222
775,0.633503788623644,0.242414171861771,0.229493730258852,0.212638240623736,0.209608564537159,0.141873944585676
779,0.634386284250911,0.269010148553487,0.245967461561916,0.210360301592275,0.171754154191287,0.140279459933373
849,0.688035700062894,0.258711437790672,0.270905253648299,0.23977753355553,0.176522456496951,0.16357228121085
797,0.608744246353995,0.242414171861771,0.194059239855938,0.236301613614802,0.199491561253654,0.152982630801945
412,0.439851241970584,0.218876016213984,0.246862287018223,0.182778757451073,0.224521889216861,0.198109430350217
729,0.65201365997105,0.270905253648299,0.296985336054750,0.216509434133377,0.172268685450245,0.168745733831007
676,0.61494365721071,0.234581247743386,0.222891426963376,0.236301613614802,0.196743303664015,0.140279459933373
851,0.570494126543261,0.316661303992259,0.288207386188063,0.281431899695417,0.203733362812729,0.158822198286243
742,0.686281552185454,0.238904240888872,0.238033800236652,0.259638241659144,0.149807763529887,0.140801836156987
985,0.652893966371437,0.269956905233921,0.244185541162083,0.266179795115631,0.147819407725247,0.190154027575454
776,0.596324170558622,0.324563618926047,0.291125967010989,0.267121556704060,0.174898448025698,0.187631241909896
904,0.61405843859737,0.234581247743386,0.222891426963376,0.243298519444439,0.140279459933373,0.202303599215116
644,0.623788627185174,0.228656878414890,0.215727826366646,0.169237834303805,0.177624558944457,0.169237834303805
706,0.571387382661058,0.269010148553487,0.257786672914962,0.23033379664679,0.194059239855938,0.194059239855938
714,0.59454741884471,0.233725581744281,0.200188610986799,0.279506090033501,0.140279459933373,0.188255890082703
880,0.675750628954486,0.278545025785751,0.261497815323131,0.274713840722163,0.140539522938054,0.197424363331222
911,0.646729776551258,0.261497815323131,0.270905253648299,0.258711437790672,0.163123316426449,0.180448444205294
888,0.615828741507218,0.275669606701894,0.285297304030371,0.256863984839407,0.222891426963376,0.140279459933373
864,0.632621179272578,0.249561781327291,0.219672052767678,0.276626749501763,0.169733635746363,0.148801114525785
583,0.629972659733243,0.217294683481912,0.259638241659144,0.221274744825972,0.169733635746363,0.182190212262849
802,0.632621179272578,0.267121556704060,0.232872971194181,0.221274744825972,0.141333283747465,0.174898448025698
864,0.630855615748439,0.253194757033311,0.194724220966719,0.222081350052879,0.165869963138432,0.182778757451073
781,0.646729776551258,0.258711437790672,0.208860644258667,0.257786672914962,0.145018731380577,0.193398287644562
679,0.574065981658382,0.23033379664679,0.228656878414890,0.219672052767678,0.140279459933373,0.182778757451073
781,0.677506525321988,0.311728055196152,0.301887051542692,0.332468835480985,0.140279459933373,0.185172899926102
846,0.643205181411445,0.257786672914962,0.251373586915138,0.253194757033311,0.186394027664835,0.181605650010004
765,0.665208590906176,0.275669606701894,0.262430509724191,0.286266334773665,0.190794809258731,0.148471133452426
725,0.608744246353995,0.236301613614802,0.248659484023583,0.226992939983781,0.149807763529887,0.181025063276694
792,0.624672424998259,0.265239772398733,0.250466494772263,0.229493730258852,0.153350162717428,0.140279459933373
815,0.619367756469412,0.322587416871138,0.288207386188063,0.221274744825972,0.185172899926102,0.159655442358187
788,0.638797087949753,0.261497815323131,0.226992939983781,0.251373586915138,0.164024746412181,0.152618104976752
859,0.650252758171119,0.277585234113443,0.267121556704060,0.208116557082828,0.202303599215116,0.140279459933373
498,0.568707020795868,0.257786672914962,0.245075200706715,0.241532534498303,0.144720505822661,0.170233153496669
684,0.620252184825136,0.248659484023583,0.280468392646033,0.179307075461499,0.192088479379025,0.16634019279706
722,0.620252184825136,0.231177046607856,0.245075200706715,0.255943411389996,0.179307075461499,0.174364837136968
317,0.446424815327873,0.169237834303805,0.174364837136968,0.210360301592275,0.150492979148870,0.140279459933373
954,0.632621179272578,0.265239772398733,0.233725581744281,0.258711437790672,0.148801114525785,0.176522456496951
726,0.605198627992826,0.219672052767678,0.227823271636467,0.232023448734304,0.160077057692081,0.140279459933373
713,0.626439652176295,0.232023448734304,0.250466494772263,0.224521889216861,0.170736402643872,0.144131604573628
742,0.587433883900336,0.247759640188542,0.282396577544332,0.23977753355553,0.196743303664015,0.167291481291287
640,0.643205181411445,0.252283020211930,0.238033800236652,0.237166246337142,0.160502026996677,0.196743303664015
965,0.650252758171119,0.281431899695417,0.226992939983781,0.245967461561916,0.171754154191287,0.16357228121085
810,0.639678919993987,0.342342090635241,0.302869127130412,0.323575487390111,0.194724220966719,0.177624558944457
727,0.59454741884471,0.211875157547888,0.227823271636467,0.185781454960399,0.140279459933373,0.191439626593958
748,0.65201365997105,0.222891426963376,0.286266334773665,0.162235816543637,0.160077057692081,0.152618104976752
759,0.618483198986599,0.245075200706715,0.254108759679802,0.305818349289740,0.242414171861771,0.167772573247934
668,0.607858057407542,0.211875157547888,0.245075200706715,0.206639944148685,0.140279459933373,0.181605650010004
712,0.616713692539713,0.245967461561916,0.224521889216861,0.200889639762023,0.167772573247934,0.140279459933373
818,0.638797087949753,0.251373586915138,0.199491561253654,0.288207386188063,0.140279459933373,0.144720505822661
325,0.466011361565902,0.175977245746161,0.188255890082703,0.187010622123131,0.140279459933373,0.170736402643872
669,0.631738455286738,0.221274744825972,0.178742307944130,0.238033800236652,0.172787005806565,0.141873944585676
766,0.599875784998553,0.255024990396885,0.232023448734304,0.299924552865763,0.203733362812729,0.151897993103576
616,0.562445761046978,0.273759486818862,0.247759640188542,0.281431899695417,0.166814026627726,0.171754154191287
753,0.631738455286738,0.23033379664679,0.271855157449252,0.200889639762023,0.199491561253654,0.177624558944457
202,0.579418047575081,0.152256565618780,0.167772573247934,0.170736402643872,0.153720720340875,0.156400988328558
832,0.653774177471793,0.349241401529061,0.326539995183568,0.330492731245164,0.200188610986799,0.172787005806565
716,0.599875784998553,0.218876016213984,0.232872971194181,0.246862287018223,0.140279459933373,0.150839880430613
906,0.653774177471793,0.26806502014066,0.258711437790672,0.305818349289740,0.156008702799071,0.190794809258731
680,0.592770024376564,0.245967461561916,0.229493730258852,0.193398287644562,0.172787005806565,0.140279459933373
703,0.587433883900336,0.249561781327291,0.253194757033311,0.205178843545358,0.170233153496669,0.182778757451073
808,0.640560644506718,0.244185541162083,0.284329312589461,0.182778757451073,0.188884569174318,0.189517281185082
905,0.633503788623644,0.313700605163659,0.305818349289740,0.292100571713878,0.190154027575454,0.185172899926102
720,0.65113325749733,0.256863984839407,0.217294683481912,0.272806580486754,0.140279459933373,0.140279459933373
851,0.624672424998259,0.332468835480985,0.317648619366148,0.294052217151829,0.164940248736627,0.190794809258731
507,0.618483198986599,0.253194757033311,0.237166246337142,0.261497815323131,0.208860644258667,0.181605650010004
799,0.629972659733243,0.248659484023583,0.231177046607856,0.253194757033311,0.140279459933373,0.171243398019944
641,0.606085249352797,0.251373586915138,0.244185541162083,0.242414171861771,0.154850743467635,0.140279459933373
850,0.629972659733243,0.242414171861771,0.285297304030371,0.224521889216861,0.160077057692081,0.156400988328558
294,0.439851241970584,0.166814026627726,0.178181472416481,0.206639944148685,0.158822198286243,0.140279459933373
189,0.407579902497849,0.225342219919308,0.155619579790919,0.328516409471957,0.322587416871138,0.242414171861771
360,0.465083048709257,0.164940248736627,0.193398287644562,0.198109430350217,0.140279459933373,0.160930368981928
735,0.629972659733243,0.26806502014066,0.262430509724191,0.201594638931909,0.194724220966719,0.140279459933373
732,0.611401966215199,0.272806580486754,0.273759486818862,0.248659484023583,0.211115838461421,0.176522456496951
853,0.641442262346675,0.265239772398733,0.242414171861771,0.250466494772263,0.171754154191287,0.207376318697083
579,0.595435874427052,0.255024990396885,0.255943411389996,0.251373586915138,0.164940248736627,0.140279459933373
772,0.632621179272578,0.252283020211930,0.216509434133377,0.251373586915138,0.168745733831007,0.143552645462116
172,0.521016538660012,0.156400988328558,0.174898448025698,0.213405068833102,0.140279459933373,0.140279459933373
780,0.644086484322101,0.272806580486754,0.246862287018223,0.245075200706715,0.196743303664015,0.168745733831007
977,0.63703309779987,0.322587416871138,0.302869127130412,0.338394673319409,0.312714190948075,0.246862287018223
154,0.454843116219575,0.140279459933373,0.169733635746363,0.195393227873188,0.141066417195949,0.14298348025674
346,0.407579902497849,0.166814026627726,0.173309128978783,0.176522456496951,0.140279459933373,0.141066417195949
716,0.616713692539713,0.231177046607856,0.228656878414890,0.233725581744281,0.149133866930996,0.140279459933373
828,0.619367756469412,0.282396577544332,0.232023448734304,0.259638241659144,0.180448444205294,0.206639944148685
685,0.635268667058686,0.217294683481912,0.219672052767678,0.219672052767678,0.169733635746363,0.140279459933373
675,0.609630293401202,0.284329312589461,0.286266334773665,0.279506090033501,0.241532534498303,0.145018731380577
349,0.460435073421994,0.190794809258731,0.152618104976752,0.228656878414890,0.151897993103576,0.145622826217966
153,0.446424815327873,0.140279459933373,0.168745733831007,0.181605650010004,0.152256565618780,0.161362102255135
307,0.654654294039608,0.197424363331222,0.232872971194181,0.172268685450245,0.157195124574254,0.177071557205383
768,0.598100289370352,0.264301525715948,0.250466494772263,0.243298519444439,0.154850743467635,0.177071557205383
170,0.525546453481271,0.140279459933373,0.208116557082828,0.176522456496951,0.140279459933373,0.140279459933373
985,0.69417308126887,0.277585234113443,0.262430509724191,0.245967461561916,0.177071557205383,0.175977245746161
696,0.588323660284695,0.32950458986508,0.327528205863718,0.290152214217331,0.196066256873814,0.140279459933373
299,0.408537424783786,0.190154027575454,0.145928733232941,0.235439936165745,0.140279459933373,0.153350162717428
684,0.649372161207369,0.252283020211930,0.228656878414890,0.260567046745838,0.16357228121085,0.164940248736627
728,0.612287594171303,0.23033379664679,0.161362102255135,0.276626749501763,0.145622826217966,0.178742307944130
723,0.618483198986599,0.221274744825972,0.192741366843982,0.273759486818862,0.173835068385563,0.190154027575454
796,0.637915147508898,0.248659484023583,0.256863984839407,0.222081350052879,0.155233599845476,0.140279459933373
583,0.567813168189284,0.233725581744281,0.217294683481912,0.228656878414890,0.161362102255135,0.156796455796649
762,0.655534316836593,0.298944182722262,0.282396577544332,0.255024990396885,0.163123316426449,0.164940248736627
625,0.604311860230174,0.201594638931909,0.190154027575454,0.266179795115631,0.140279459933373,0.140279459933373
745,0.628206394540431,0.243298519444439,0.23033379664679,0.225342219919308,0.148143904307162,0.146237238572002
218,0.586543936638165,0.341355528691973,0.307786743279463,0.253194757033311,0.198798498578782,0.190154027575454
746,0.607858057407542,0.280468392646033,0.288207386188063,0.254108759679802,0.186394027664835,0.184568357977156
545,0.584763524220902,0.227823271636467,0.196743303664015,0.278545025785751,0.145622826217966,0.210360301592275
465,0.441731771836077,0.187631241909896,0.187631241909896,0.164024746412181,0.153350162717428,0.140279459933373
723,0.616713692539713,0.341355528691973,0.287236372741756,0.302869127130412,0.241532534498303,0.150839880430613
761,0.645848781067736,0.26336509235663,0.166814026627726,0.277585234113443,0.157195124574254,0.158410531669826
672,0.624672424998259,0.251373586915138,0.254108759679802,0.274713840722163,0.140279459933373,0.167291481291287
881,0.622904705251892,0.253194757033311,0.282396577544332,0.260567046745838,0.152982630801945,0.220471637257467
765,0.652893966371437,0.255943411389996,0.228656878414890,0.289179343702615,0.195393227873188,0.234581247743386
877,0.65201365997105,0.234581247743386,0.223704949036996,0.216509434133377,0.185781454960399,0.147819407725247
714,0.622904705251892,0.236301613614802,0.23977753355553,0.285297304030371,0.140279459933373,0.140279459933373
752,0.61494365721071,0.262430509724191,0.23977753355553,0.179875784505171,0.169237834303805,0.141333283747465
230,0.606085249352797,0.152982630801945,0.215727826366646,0.185172899926102,0.140279459933373,0.140279459933373
696,0.603424944919196,0.245967461561916,0.236301613614802,0.219672052767678,0.162235816543637,0.168745733831007
915,0.612287594171303,0.281431899695417,0.291125967010989,0.307786743279463,0.182190212262849,0.162677834203278
321,0.448298759169222,0.207376318697083,0.140279459933373,0.252283020211930,0.140539522938054,0.202303599215116
728,0.619367756469412,0.246862287018223,0.261497815323131,0.23977753355553,0.157195124574254,0.171243398019944
373,0.44923503724365,0.167291481291287,0.173835068385563,0.191439626593958,0.151897993103576,0.171754154191287
849,0.646729776551258,0.248659484023583,0.26336509235663,0.271855157449252,0.144131604573628,0.197424363331222
851,0.618483198986599,0.245967461561916,0.225342219919308,0.269956905233921,0.160077057692081,0.143552645462116
800,0.622904705251892,0.244185541162083,0.238904240888872,0.198798498578782,0.174364837136968,0.172787005806565
734,0.642323774366231,0.229493730258852,0.245967461561916,0.215727826366646,0.164480729737195,0.140279459933373
870,0.59099197716754,0.226165913043895,0.260567046745838,0.23033379664679,0.140279459933373,0.140279459933373
687,0.600763302119727,0.220471637257467,0.249561781327291,0.183371292540019,0.171754154191287,0.140279459933373
759,0.637915147508898,0.266179795115631,0.281431899695417,0.226992939983781,0.182190212262849,0.158822198286243
758,0.585653817185493,0.305818349289740,0.281431899695417,0.267121556704060,0.250466494772263,0.23977753355553
809,0.626439652176295,0.238904240888872,0.211115838461421,0.271855157449252,0.162235816543637,0.198109430350217
764,0.635268667058686,0.261497815323131,0.270905253648299,0.265239772398733,0.202303599215116,0.187010622123131
779,0.627323083479833,0.255024990396885,0.236301613614802,0.238033800236652,0.160502026996677,0.190154027575454
405,0.461365530470573,0.188255890082703,0.214949882112267,0.164024746412181,0.160077057692081,0.173309128978783
669,0.616713692539713,0.256863984839407,0.229493730258852,0.271855157449252,0.148801114525785,0.151897993103576
779,0.656414246618719,0.234581247743386,0.218876016213984,0.293075998312143,0.140801836156987,0.140279459933373
593,0.613173084606865,0.23977753355553,0.244185541162083,0.212638240623736,0.159237162188545,0.151897993103576
692,0.640560644506718,0.276626749501763,0.210360301592275,0.269010148553487,0.162235816543637,0.155619579790919
228,0.606085249352797,0.140279459933373,0.167772573247934,0.210360301592275,0.147178535004063,0.141602453589765
697,0.632621179272578,0.227823271636467,0.258711437790672,0.188255890082703,0.164024746412181,0.179875784505171
762,0.606085249352797,0.270905253648299,0.218083551882790,0.296006914761259,0.174898448025698,0.175977245746161
824,0.757144631607521,0.351210191887716,0.231177046607856,0.504646384858735,0.528260989528785,0.382505251364152
211,0.500080663267207,0.140279459933373,0.142147774681471,0.221274744825972,0.140279459933373,0.140279459933373
424,0.446424815327873,0.177071557205383,0.199491561253654,0.167291481291287,0.160930368981928,0.156008702799071
781,0.640560644506718,0.233725581744281,0.209608564537159,0.287236372741756,0.164024746412181,0.158002143279100
551,0.600763302119727,0.228656878414890,0.222081350052879,0.226165913043895,0.140279459933373,0.188255890082703
745,0.652893966371437,0.260567046745838,0.212638240623736,0.246862287018223,0.180448444205294,0.205178843545358
628,0.571387382661058,0.204454144375473,0.212638240623736,0.245967461561916,0.141873944585676,0.140279459933373
755,0.619367756469412,0.26336509235663,0.255943411389996,0.215727826366646,0.182190212262849,0.140279459933373
697,0.590102705627282,0.224521889216861,0.225342219919308,0.241532534498303,0.140279459933373,0.140279459933373
633,0.606085249352797,0.223704949036996,0.219672052767678,0.252283020211930,0.155233599845476,0.157597013980819
802,0.635268667058686,0.256863984839407,0.283362392853609,0.226992939983781,0.214175622695954,0.154470991130581
698,0.629089586309926,0.273759486818862,0.259638241659144,0.228656878414890,0.187010622123131,0.179307075461499
852,0.647610671197383,0.248659484023583,0.26336509235663,0.248659484023583,0.178742307944130,0.161362102255135
821,0.644086484322101,0.248659484023583,0.254108759679802,0.220471637257467,0.160077057692081,0.140279459933373
781,0.635268667058686,0.226165913043895,0.238904240888872,0.195393227873188,0.205907447843523,0.174364837136968
745,0.607858057407542,0.220471637257467,0.243298519444439,0.232023448734304,0.150492979148870,0.140279459933373
238,0.674872565393281,0.42188893060604,0.375697185802696,0.35612665264182,0.225342219919308,0.205907447843523
819,0.629089586309926,0.238033800236652,0.236301613614802,0.242414171861771,0.140279459933373,0.140279459933373
779,0.630855615748439,0.249561781327291,0.266179795115631,0.248659484023583,0.149807763529887,0.199491561253654
692,0.679262118185675,0.286266334773665,0.273759486818862,0.256863984839407,0.203733362812729,0.154470991130581
611,0.592770024376564,0.243298519444439,0.223704949036996,0.232872971194181,0.170233153496669,0.188255890082703
735,0.620252184825136,0.231177046607856,0.214949882112267,0.209608564537159,0.192741366843982,0.174364837136968
305,0.422838791105066,0.154470991130581,0.179875784505171,0.202303599215116,0.140279459933373,0.140279459933373
741,0.629972659733243,0.210360301592275,0.226165913043895,0.243298519444439,0.162235816543637,0.197424363331222
694,0.606971725447777,0.235439936165745,0.236301613614802,0.208116557082828,0.146237238572002,0.140279459933373
812,0.596324170558622,0.227823271636467,0.249561781327291,0.172787005806565,0.189517281185082,0.187010622123131
709,0.610516199655431,0.227823271636467,0.235439936165745,0.235439936165745,0.155619579790919,0.186394027664835
665,0.564235724377818,0.197424363331222,0.247759640188542,0.181025063276694,0.181025063276694,0.140279459933373
706,0.644086484322101,0.260567046745838,0.257786672914962,0.238033800236652,0.16634019279706,0.154850743467635
912,0.65113325749733,0.26336509235663,0.279506090033501,0.236301613614802,0.185172899926102,0.215727826366646
788,0.610516199655431,0.229493730258852,0.211115838461421,0.264301525715948,0.162677834203278,0.165403320798019
782,0.628206394540431,0.238904240888872,0.238904240888872,0.23977753355553,0.164940248736627,0.144131604573628
158,0.464154311336516,0.140279459933373,0.185172899926102,0.183371292540019,0.140279459933373,0.140279459933373
295,0.458572851358513,0.172268685450245,0.147497624383717,0.187631241909896,0.140279459933373,0.157597013980819
786,0.620252184825136,0.255024990396885,0.269956905233921,0.220471637257467,0.140279459933373,0.175977245746161
166,0.473422844172892,0.140279459933373,0.181605650010004,0.194059239855938,0.140279459933373,0.140279459933373
383,0.427580548847338,0.194724220966719,0.152618104976752,0.210360301592275,0.151897993103576,0.140279459933373
793,0.628206394540431,0.273759486818862,0.258711437790672,0.255024990396885,0.150839880430613,0.175435913518267
577,0.695049586089508,0.289179343702615,0.256863984839407,0.222081350052879,0.170736402643872,0.143840891542185
828,0.646729776551258,0.269010148553487,0.286266334773665,0.244185541162083,0.176522456496951,0.198798498578782
542,0.576742857104671,0.226165913043895,0.238904240888872,0.247759640188542,0.143840891542185,0.163123316426449
877,0.677506525321988,0.287236372741756,0.276626749501763,0.276626749501763,0.156008702799071,0.151189670120080
846,0.630855615748439,0.222081350052879,0.252283020211930,0.269956905233921,0.140279459933373,0.140279459933373
378,0.443610401564419,0.178181472416481,0.214175622695954,0.140279459933373,0.158002143279100,0.147497624383717
732,0.616713692539713,0.256863984839407,0.234581247743386,0.252283020211930,0.162677834203278,0.172787005806565
624,0.569600673082815,0.262430509724191,0.216509434133377,0.278545025785751,0.174898448025698,0.153350162717428
611,0.606971725447777,0.238904240888872,0.194724220966719,0.249561781327291,0.177624558944457,0.154094323280450
793,0.608744246353995,0.202303599215116,0.213405068833102,0.245075200706715,0.181605650010004,0.156400988328558
805,0.632621179272578,0.23977753355553,0.275669606701894,0.174364837136968,0.191439626593958,0.173309128978783
768,0.639678919993987,0.255943411389996,0.213405068833102,0.246862287018223,0.178742307944130,0.191439626593958
668,0.589213267095234,0.254108759679802,0.266179795115631,0.206639944148685,0.182778757451073,0.172787005806565
697,0.602537880906253,0.320611530912211,0.299924552865763,0.256863984839407,0.191439626593958,0.173309128978783
725,0.629089586309926,0.26806502014066,0.243298519444439,0.248659484023583,0.160077057692081,0.184568357977156
687,0.622020658211421,0.23033379664679,0.187010622123131,0.260567046745838,0.143840891542185,0.147178535004063
754,0.629972659733243,0.209608564537159,0.241532534498303,0.225342219919308,0.165869963138432,0.152618104976752
686,0.620252184825136,0.292100571713878,0.303851718893881,0.241532534498303,0.205907447843523,0.140279459933373
715,0.61494365721071,0.225342219919308,0.228656878414890,0.212638240623736,0.153350162717428,0.152618104976752
736,0.602537880906253,0.266179795115631,0.269956905233921,0.257786672914962,0.175435913518267,0.201594638931909
590,0.636150937944643,0.265239772398733,0.245075200706715,0.261497815323131,0.166814026627726,0.203016510694019
742,0.631738455286738,0.234581247743386,0.228656878414890,0.225342219919308,0.181025063276694,0.187010622123131
774,0.65113325749733,0.313700605163659,0.293075998312143,0.294052217151829,0.201594638931909,0.179875784505171
714,0.637915147508898,0.251373586915138,0.256863984839407,0.218083551882790,0.170233153496669,0.144131604573628
829,0.688035700062894,0.260567046745838,0.260567046745838,0.277585234113443,0.158002143279100,0.148801114525785
347,0.426633199381427,0.174364837136968,0.167772573247934,0.228656878414890,0.140279459933373,0.181605650010004
759,0.647610671197383,0.274713840722163,0.287236372741756,0.227823271636467,0.231177046607856,0.192741366843982
329,0.44923503724365,0.174364837136968,0.193398287644562,0.224521889216861,0.150492979148870,0.158410531669826
808,0.618483198986599,0.254108759679802,0.249561781327291,0.23977753355553,0.170736402643872,0.181025063276694
735,0.590102705627282,0.220471637257467,0.185781454960399,0.267121556704060,0.149807763529887,0.151542367809210
369,0.441731771836077,0.165869963138432,0.198109430350217,0.200188610986799,0.151542367809210,0.140539522938054
833,0.560654953573793,0.305818349289740,0.279506090033501,0.324563618926047,0.303851718893881,0.202303599215116
792,0.644086484322101,0.240653643199231,0.235439936165745,0.282396577544332,0.184568357977156,0.166814026627726
157,0.457641082102348,0.140279459933373,0.172787005806565,0.218876016213984,0.140279459933373,0.140279459933373
774,0.630855615748439,0.235439936165745,0.242414171861771,0.272806580486754,0.140279459933373,0.150492979148870
348,0.446424815327873,0.200889639762023,0.140279459933373,0.247759640188542,0.140279459933373,0.14298348025674
966,0.659053485350326,0.26806502014066,0.220471637257467,0.266179795115631,0.148801114525785,0.160502026996677
744,0.617598511353537,0.219672052767678,0.201594638931909,0.257786672914962,0.162235816543637,0.167772573247934
807,0.618483198986599,0.275669606701894,0.238033800236652,0.302869127130412,0.177071557205383,0.145018731380577
791,0.62555609967103,0.266179795115631,0.278545025785751,0.183371292540019,0.179875784505171,0.152982630801945
310,0.446424815327873,0.245967461561916,0.223704949036996,0.23977753355553,0.181605650010004,0.14298348025674
723,0.605198627992826,0.213405068833102,0.234581247743386,0.253194757033311,0.170233153496669,0.140279459933373
853,0.627323083479833,0.245967461561916,0.252283020211930,0.218876016213984,0.153720720340875,0.140279459933373
698,0.595435874427052,0.226992939983781,0.223704949036996,0.227823271636467,0.172787005806565,0.140279459933373
603,0.583873056414207,0.212638240623736,0.211115838461421,0.241532534498303,0.176522456496951,0.141066417195949
755,0.640560644506718,0.259638241659144,0.237166246337142,0.280468392646033,0.174898448025698,0.140279459933373
624,0.621136485069615,0.217294683481912,0.237166246337142,0.221274744825972,0.146237238572002,0.140279459933373
768,0.569600673082815,0.210360301592275,0.235439936165745,0.23033379664679,0.193398287644562,0.173835068385563
201,0.516479299936916,0.149807763529887,0.140279459933373,0.219672052767678,0.146548361254107,0.168257318749387
684,0.589213267095234,0.241532534498303,0.203733362812729,0.237166246337142,0.140279459933373,0.140279459933373
718,0.618483198986599,0.224521889216861,0.215727826366646,0.234581247743386,0.152618104976752,0.140279459933373
804,0.622904705251892,0.249561781327291,0.223704949036996,0.264301525715948,0.145928733232941,0.142147774681471
726,0.629089586309926,0.217294683481912,0.253194757033311,0.218083551882790,0.149133866930996,0.153720720340875
825,0.622020658211421,0.255943411389996,0.253194757033311,0.238904240888872,0.172268685450245,0.169733635746363
250,0.443610401564419,0.190154027575454,0.192741366843982,0.183967824035887,0.140279459933373,0.143266847840142
816,0.623788627185174,0.266179795115631,0.190154027575454,0.281431899695417,0.174364837136968,0.140279459933373
300,0.487250452013843,0.175435913518267,0.191439626593958,0.211115838461421,0.149133866930996,0.154470991130581
709,0.582982412426427,0.225342219919308,0.156400988328558,0.259638241659144,0.156796455796649,0.144720505822661
734,0.672237905577799,0.276626749501763,0.255024990396885,0.273759486818862,0.197424363331222,0.175435913518267
846,0.620252184825136,0.218876016213984,0.254108759679802,0.217294683481912,0.149807763529887,0.215727826366646
689,0.637915147508898,0.248659484023583,0.265239772398733,0.259638241659144,0.140279459933373,0.177624558944457
734,0.620252184825136,0.223704949036996,0.178742307944130,0.255024990396885,0.146548361254107,0.178181472416481
784,0.634386284250911,0.248659484023583,0.242414171861771,0.253194757033311,0.154850743467635,0.172787005806565
826,0.611401966215199,0.26336509235663,0.213405068833102,0.269010148553487,0.157195124574254,0.162677834203278
730,0.5417972538608,0.304834801321944,0.298944182722262,0.269010148553487,0.222891426963376,0.220471637257467
721,0.620252184825136,0.201594638931909,0.220471637257467,0.223704949036996,0.160502026996677,0.188884569174318
689,0.61494365721071,0.237166246337142,0.218083551882790,0.245967461561916,0.140279459933373,0.154470991130581
795,0.58030940985411,0.200188610986799,0.252283020211930,0.240653643199231,0.156400988328558,0.179307075461499
885,0.629089586309926,0.281431899695417,0.274713840722163,0.253194757033311,0.151542367809210,0.182190212262849
1000,0.630855615748439,0.438910260048710,0.391223565654671,0.41331732873535,0.302869127130412,0.220471637257467
758,0.61405843859737,0.245075200706715,0.231177046607856,0.246862287018223,0.157597013980819,0.165869963138432
175,0.538193325982493,0.150839880430613,0.174898448025698,0.181605650010004,0.140279459933373,0.154850743467635
866,0.626439652176295,0.259638241659144,0.251373586915138,0.213405068833102,0.151189670120080,0.140279459933373
706,0.573173308757861,0.216509434133377,0.228656878414890,0.175977245746161,0.191439626593958,0.192741366843982
499,0.626439652176295,0.357108931824631,0.324563618926047,0.334444602573969,0.195393227873188,0.246862287018223
705,0.627323083479833,0.245967461561916,0.236301613614802,0.231177046607856,0.178742307944130,0.140279459933373
651,0.627323083479833,0.211115838461421,0.258711437790672,0.217294683481912,0.180448444205294,0.178181472416481
716,0.606085249352797,0.198109430350217,0.216509434133377,0.226165913043895,0.146237238572002,0.153350162717428
735,0.653774177471793,0.279506090033501,0.246862287018223,0.276626749501763,0.165869963138432,0.200188610986799
901,0.650252758171119,0.255943411389996,0.238033800236652,0.318636108753548,0.164480729737195,0.140279459933373
771,0.633503788623644,0.242414171861771,0.208116557082828,0.226992939983781,0.171754154191287,0.145622826217966
848,0.647610671197383,0.253194757033311,0.245967461561916,0.234581247743386,0.140279459933373,0.157195124574254
766,0.597212308466731,0.232872971194181,0.201594638931909,0.267121556704060,0.140279459933373,0.177624558944457
685,0.598100289370352,0.203733362812729,0.26806502014066,0.178742307944130,0.162235816543637,0.140279459933373
718,0.58209159090975,0.232872971194181,0.197424363331222,0.280468392646033,0.140279459933373,0.140279459933373
494,0.551687808366613,0.176522456496951,0.206639944148685,0.158002143279100,0.165403320798019,0.150839880430613
434,0.533682626160806,0.244185541162083,0.178742307944130,0.228656878414890,0.160502026996677,0.180448444205294
755,0.601650667029677,0.241532534498303,0.191439626593958,0.257786672914962,0.165403320798019,0.175977245746161
729,0.619367756469412,0.261497815323131,0.237166246337142,0.260567046745838,0.149807763529887,0.153350162717428
669,0.585653817185493,0.332468835480985,0.304834801321944,0.326539995183568,0.229493730258852,0.234581247743386
892,0.634386284250911,0.259638241659144,0.208116557082828,0.238904240888872,0.166814026627726,0.165403320798019
747,0.617598511353537,0.203016510694019,0.200188610986799,0.233725581744281,0.170233153496669,0.158002143279100
587,0.616713692539713,0.247759640188542,0.200188610986799,0.269010148553487,0.146862120354825,0.151542367809210
757,0.58030940985411,0.197424363331222,0.222891426963376,0.205178843545358,0.188884569174318,0.143266847840142
722,0.599875784998553,0.229493730258852,0.199491561253654,0.241532534498303,0.140279459933373,0.152982630801945
852,0.622904705251892,0.228656878414890,0.189517281185082,0.266179795115631,0.140279459933373,0.165869963138432
828,0.647610671197383,0.269956905233921,0.259638241659144,0.226165913043895,0.205178843545358,0.176522456496951
872,0.581200590507501,0.257786672914962,0.254108759679802,0.241532534498303,0.195393227873188,0.180448444205294
782,0.646729776551258,0.257786672914962,0.269010148553487,0.209608564537159,0.169733635746363,0.164940248736627
774,0.613173084606865,0.326539995183568,0.312714190948075,0.257786672914962,0.190154027575454,0.151542367809210
778,0.633503788623644,0.232872971194181,0.276626749501763,0.200188610986799,0.171243398019944,0.140539522938054
772,0.579418047575081,0.251373586915138,0.228656878414890,0.245967461561916,0.158822198286243,0.161797245314680
687,0.606971725447777,0.242414171861771,0.245967461561916,0.214175622695954,0.14298348025674,0.158822198286243
813,0.617598511353537,0.218083551882790,0.213405068833102,0.217294683481912,0.195393227873188,0.168745733831007
715,0.596324170558622,0.235439936165745,0.224521889216861,0.222081350052879,0.144720505822661,0.140539522938054
705,0.633503788623644,0.242414171861771,0.288207386188063,0.200188610986799,0.167772573247934,0.146237238572002
161,0.465083048709257,0.140279459933373,0.164480729737195,0.210360301592275,0.140279459933373,0.140279459933373
623,0.587433883900336,0.232872971194181,0.221274744825972,0.177624558944457,0.156400988328558,0.178181472416481
582,0.631738455286738,0.23977753355553,0.208116557082828,0.201594638931909,0.154850743467635,0.152982630801945
823,0.62555609967103,0.297964434643167,0.275669606701894,0.276626749501763,0.205178843545358,0.165869963138432
735,0.610516199655431,0.276626749501763,0.266179795115631,0.222891426963376,0.222891426963376,0.248659484023583
713,0.584763524220902,0.249561781327291,0.207376318697083,0.259638241659144,0.140279459933373,0.149807763529887
254,0.432309844864813,0.172787005806565,0.163123316426449,0.188884569174318,0.140279459933373,0.140279459933373
713,0.649372161207369,0.253194757033311,0.251373586915138,0.242414171861771,0.155619579790919,0.140279459933373
622,0.601650667029677,0.203733362812729,0.198109430350217,0.210360301592275,0.140279459933373,0.163123316426449
737,0.658173830133798,0.251373586915138,0.231177046607856,0.293075998312143,0.171243398019944,0.150839880430613
852,0.629972659733243,0.258711437790672,0.238904240888872,0.270905253648299,0.144720505822661,0.16357228121085
652,0.61405843859737,0.277585234113443,0.237166246337142,0.245075200706715,0.197424363331222,0.145928733232941
169,0.518295090270738,0.152982630801945,0.140279459933373,0.203016510694019,0.140279459933373,0.146862120354825
669,0.59099197716754,0.203016510694019,0.232872971194181,0.207376318697083,0.154470991130581,0.140279459933373
700,0.624672424998259,0.254108759679802,0.226165913043895,0.276626749501763,0.165869963138432,0.149807763529887
172,0.51193448587976,0.164480729737195,0.236301613614802,0.183371292540019,0.158410531669826,0.171243398019944
709,0.598100289370352,0.292100571713878,0.280468392646033,0.257786672914962,0.203733362812729,0.174898448025698
701,0.591881082994116,0.236301613614802,0.191439626593958,0.272806580486754,0.178742307944130,0.148471133452426
160,0.430419611243593,0.161797245314680,0.177071557205383,0.221274744825972,0.140279459933373,0.174898448025698
774,0.622904705251892,0.244185541162083,0.241532534498303,0.237166246337142,0.159237162188545,0.140279459933373
813,0.627323083479833,0.276626749501763,0.237166246337142,0.243298519444439,0.203733362812729,0.196066256873814
716,0.631738455286738,0.262430509724191,0.254108759679802,0.247759640188542,0.175977245746161,0.140279459933373
425,0.689789572931803,0.254108759679802,0.171754154191287,0.362014841934518,0.39604956908159,0.234581247743386
722,0.608744246353995,0.281431899695417,0.242414171861771,0.313700605163659,0.158410531669826,0.147819407725247
254,0.472497848634527,0.140279459933373,0.164940248736627,0.214949882112267,0.165403320798019,0.149469410107982
872,0.622904705251892,0.249561781327291,0.208860644258667,0.279506090033501,0.147497624383717,0.140279459933373
797,0.636150937944643,0.257786672914962,0.222081350052879,0.287236372741756,0.152982630801945,0.144131604573628
411,0.44923503724365,0.190154027575454,0.174364837136968,0.175435913518267,0.145018731380577,0.145018731380577
895,0.635268667058686,0.225342219919308,0.241532534498303,0.200889639762023,0.173309128978783,0.203016510694019
854,0.629089586309926,0.251373586915138,0.296985336054750,0.197424363331222,0.160502026996677,0.182190212262849
818,0.627323083479833,0.208860644258667,0.249561781327291,0.181025063276694,0.157195124574254,0.175435913518267
840,0.652893966371437,0.255024990396885,0.242414171861771,0.274713840722163,0.16634019279706,0.140539522938054
801,0.657294084136253,0.262430509724191,0.260567046745838,0.216509434133377,0.180448444205294,0.140279459933373
483,0.621136485069615,0.238033800236652,0.225342219919308,0.240653643199231,0.163123316426449,0.191439626593958
934,0.68540437369446,0.315674182764382,0.293075998312143,0.284329312589461,0.211875157547888,0.146862120354825
629,0.595435874427052,0.201594638931909,0.154850743467635,0.233725581744281,0.150148946700048,0.176522456496951
547,0.520109684798944,0.282396577544332,0.238904240888872,0.246862287018223,0.198798498578782,0.163123316426449
713,0.603424944919196,0.225342219919308,0.253194757033311,0.234581247743386,0.156008702799071,0.140279459933373
658,0.644967683931748,0.238033800236652,0.284329312589461,0.187631241909896,0.171754154191287,0.140279459933373
747,0.632621179272578,0.250466494772263,0.234581247743386,0.23033379664679,0.167772573247934,0.140279459933373
843,0.606971725447777,0.318636108753548,0.269010148553487,0.331480818156256,0.160077057692081,0.208116557082828
733,0.631738455286738,0.254108759679802,0.222891426963376,0.261497815323131,0.154470991130581,0.180448444205294
668,0.610516199655431,0.229493730258852,0.236301613614802,0.190794809258731,0.155233599845476,0.152256565618780
704,0.630855615748439,0.208116557082828,0.192088479379025,0.249561781327291,0.156008702799071,0.140279459933373
228,0.596324170558622,0.357108931824631,0.317648619366148,0.298944182722262,0.186394027664835,0.149807763529887
925,0.635268667058686,0.258711437790672,0.242414171861771,0.287236372741756,0.16357228121085,0.169237834303805
375,0.468793774829766,0.203016510694019,0.140279459933373,0.221274744825972,0.157195124574254,0.140279459933373
652,0.59454741884471,0.221274744825972,0.223704949036996,0.189517281185082,0.175435913518267,0.181605650010004
296,0.49459052794554,0.183967824035887,0.189517281185082,0.175977245746161,0.161797245314680,0.144424803121843
643,0.645848781067736,0.289179343702615,0.276626749501763,0.248659484023583,0.161797245314680,0.158410531669826
558,0.572280442910804,0.223704949036996,0.217294683481912,0.159655442358187,0.175977245746161,0.165403320798019
754,0.645848781067736,0.278545025785751,0.278545025785751,0.221274744825972,0.194724220966719,0.179875784505171
192,0.555277339714655,0.362994878061971,0.287236372741756,0.309756707604237,0.173835068385563,0.145928733232941
863,0.596324170558622,0.245075200706715,0.262430509724191,0.146237238572002,0.149807763529887,0.179875784505171
927,0.628206394540431,0.274713840722163,0.300905518027404,0.265239772398733,0.165869963138432,0.168257318749387
746,0.61494365721071,0.248659484023583,0.238033800236652,0.211875157547888,0.162677834203278,0.191439626593958
728,0.643205181411445,0.224521889216861,0.235439936165745,0.226992939983781,0.156796455796649,0.196066256873814
789,0.657294084136253,0.252283020211930,0.271855157449252,0.248659484023583,0.164480729737195,0.16634019279706
799,0.637915147508898,0.223704949036996,0.262430509724191,0.214175622695954,0.164024746412181,0.173835068385563
742,0.612287594171303,0.289179343702615,0.214949882112267,0.275669606701894,0.171754154191287,0.187631241909896
785,0.646729776551258,0.253194757033311,0.23033379664679,0.258711437790672,0.187631241909896,0.140279459933373
724,0.584763524220902,0.299924552865763,0.287236372741756,0.231177046607856,0.192741366843982,0.168745733831007
677,0.631738455286738,0.229493730258852,0.261497815323131,0.226165913043895,0.142702524367706,0.140279459933373
831,0.637915147508898,0.245967461561916,0.233725581744281,0.224521889216861,0.16634019279706,0.179307075461499
741,0.622020658211421,0.253194757033311,0.221274744825972,0.251373586915138,0.172787005806565,0.158410531669826
341,0.420938564569721,0.195393227873188,0.196743303664015,0.181025063276694,0.168257318749387,0.140279459933373
805,0.630855615748439,0.246862287018223,0.232872971194181,0.199491561253654,0.197424363331222,0.180448444205294
509,0.636150937944643,0.227823271636467,0.222081350052879,0.197424363331222,0.203733362812729,0.186394027664835
667,0.569600673082815,0.282396577544332,0.267121556704060,0.205907447843523,0.205178843545358,0.162235816543637
697,0.630855615748439,0.222081350052879,0.179875784505171,0.224521889216861,0.175977245746161,0.140279459933373
184,0.409494432911366,0.160502026996677,0.195393227873188,0.210360301592275,0.155619579790919,0.140279459933373
653,0.617598511353537,0.220471637257467,0.235439936165745,0.238904240888872,0.173835068385563,0.177071557205383
753,0.612287594171303,0.245967461561916,0.245075200706715,0.165403320798019,0.185172899926102,0.155233599845476
153,0.44923503724365,0.151897993103576,0.167772573247934,0.207376318697083,0.140279459933373,0.168745733831007
875,0.654654294039608,0.286266334773665,0.261497815323131,0.26806502014066,0.181025063276694,0.143266847840142
668,0.655534316836593,0.289179343702615,0.23033379664679,0.246862287018223,0.174364837136968,0.149807763529887
193,0.571387382661058,0.140279459933373,0.164480729737195,0.245967461561916,0.140279459933373,0.154094323280450
699,0.605198627992826,0.259638241659144,0.261497815323131,0.160502026996677,0.192088479379025,0.170736402643872
588,0.608744246353995,0.258711437790672,0.269010148553487,0.244185541162083,0.170736402643872,0.188884569174318
767,0.644086484322101,0.223704949036996,0.218083551882790,0.275669606701894,0.140279459933373,0.204454144375473
609,0.590102705627282,0.226165913043895,0.222081350052879,0.215727826366646,0.169733635746363,0.140279459933373
744,0.639678919993987,0.235439936165745,0.227823271636467,0.285297304030371,0.171754154191287,0.140279459933373
665,0.59099197716754,0.245075200706715,0.190794809258731,0.253194757033311,0.147819407725247,0.159655442358187
611,0.611401966215199,0.255943411389996,0.246862287018223,0.245075200706715,0.140279459933373,0.168257318749387
776,0.630855615748439,0.282396577544332,0.267121556704060,0.245967461561916,0.195393227873188,0.165869963138432
826,0.646729776551258,0.282396577544332,0.293075998312143,0.219672052767678,0.140279459933373,0.140279459933373
725,0.627323083479833,0.248659484023583,0.236301613614802,0.279506090033501,0.169733635746363,0.188255890082703
213,0.42188893060604,0.162235816543637,0.212638240623736,0.175435913518267,0.140279459933373,0.178742307944130
795,0.613173084606865,0.238033800236652,0.219672052767678,0.219672052767678,0.142423961905656,0.208116557082828
749,0.620252184825136,0.269010148553487,0.208116557082828,0.249561781327291,0.156008702799071,0.205178843545358
853,0.670481068306923,0.294052217151829,0.222891426963376,0.279506090033501,0.154470991130581,0.16634019279706
668,0.619367756469412,0.236301613614802,0.235439936165745,0.227823271636467,0.194059239855938,0.148801114525785
715,0.627323083479833,0.23977753355553,0.208116557082828,0.222891426963376,0.155619579790919,0.140279459933373
189,0.564235724377818,0.146548361254107,0.165403320798019,0.212638240623736,0.140279459933373,0.175435913518267
634,0.62555609967103,0.266179795115631,0.265239772398733,0.296006914761259,0.165869963138432,0.200889639762023
397,0.434198112267997,0.192088479379025,0.226165913043895,0.166814026627726,0.153720720340875,0.162235816543637
771,0.637915147508898,0.245075200706715,0.195393227873188,0.26336509235663,0.140279459933373,0.207376318697083
322,0.569600673082815,0.211875157547888,0.221274744825972,0.223704949036996,0.190154027575454,0.198798498578782
926,0.68364980472056,0.305818349289740,0.241532534498303,0.291125967010989,0.175435913518267,0.152256565618780
670,0.623788627185174,0.249561781327291,0.245967461561916,0.222891426963376,0.208116557082828,0.162235816543637
619,0.598100289370352,0.236301613614802,0.190794809258731,0.252283020211930,0.166814026627726,0.183371292540019
721,0.61405843859737,0.26806502014066,0.23977753355553,0.272806580486754,0.145018731380577,0.140279459933373
725,0.624672424998259,0.23033379664679,0.267121556704060,0.203016510694019,0.151542367809210,0.162235816543637
627,0.615828741507218,0.238033800236652,0.196066256873814,0.233725581744281,0.198798498578782,0.179307075461499
790,0.648491465815105,0.275669606701894,0.235439936165745,0.234581247743386,0.162235816543637,0.140279459933373
586,0.58209159090975,0.212638240623736,0.238904240888872,0.222891426963376,0.140279459933373,0.175435913518267
823,0.63703309779987,0.260567046745838,0.289179343702615,0.226165913043895,0.173309128978783,0.140279459933373
796,0.63703309779987,0.289179343702615,0.275669606701894,0.251373586915138,0.186394027664835,0.156796455796649
778,0.636150937944643,0.23977753355553,0.233725581744281,0.243298519444439,0.177624558944457,0.140279459933373
822,0.680139802349038,0.264301525715948,0.26336509235663,0.237166246337142,0.179875784505171,0.140279459933373
802,0.633503788623644,0.255943411389996,0.203733362812729,0.281431899695417,0.140279459933373,0.203733362812729
198,0.58030940985411,0.140279459933373,0.16357228121085,0.202303599215116,0.140279459933373,0.174898448025698
798,0.646729776551258,0.314687276192053,0.294052217151829,0.323575487390111,0.194724220966719,0.204454144375473
833,0.619367756469412,0.217294683481912,0.194724220966719,0.244185541162083,0.141066417195949,0.199491561253654
273,0.608744246353995,0.294052217151829,0.234581247743386,0.365932579194558,0.347271459448055,0.254108759679802
813,0.644086484322101,0.295029198942614,0.272806580486754,0.253194757033311,0.171754154191287,0.160502026996677
758,0.599875784998553,0.226165913043895,0.250466494772263,0.236301613614802,0.149807763529887,0.200889639762023
150,0.436084425669404,0.143266847840142,0.158002143279100,0.180448444205294,0.140279459933373,0.140279459933373
715,0.637915147508898,0.255943411389996,0.204454144375473,0.275669606701894,0.144131604573628,0.176522456496951
412,0.453909567952752,0.159237162188545,0.175977245746161,0.171754154191287,0.140279459933373,0.144424803121843
603,0.647610671197383,0.309756707604237,0.269010148553487,0.285297304030371,0.221274744825972,0.150839880430613
943,0.66608754581422,0.320611530912211,0.332468835480985,0.296006914761259,0.229493730258852,0.224521889216861
162,0.476195411202944,0.140279459933373,0.140279459933373,0.235439936165745,0.140279459933373,0.140539522938054
873,0.572280442910804,0.249561781327291,0.256863984839407,0.264301525715948,0.178742307944130,0.140279459933373
854,0.634386284250911,0.246862287018223,0.250466494772263,0.228656878414890,0.178742307944130,0.140279459933373
736,0.611401966215199,0.295029198942614,0.283362392853609,0.295029198942614,0.194724220966719,0.166814026627726
777,0.648491465815105,0.240653643199231,0.269956905233921,0.23977753355553,0.154470991130581,0.162235816543637
713,0.61494365721071,0.265239772398733,0.251373586915138,0.275669606701894,0.164480729737195,0.150148946700048
246,0.518295090270738,0.184568357977156,0.183371292540019,0.190794809258731,0.164480729737195,0.154850743467635
921,0.627323083479833,0.283362392853609,0.240653643199231,0.256863984839407,0.208116557082828,0.226165913043895
844,0.636150937944643,0.229493730258852,0.226165913043895,0.214949882112267,0.176522456496951,0.179875784505171
486,0.491840713366392,0.167772573247934,0.166814026627726,0.251373586915138,0.152618104976752,0.140279459933373
683,0.624672424998259,0.251373586915138,0.220471637257467,0.254108759679802,0.140279459933373,0.140279459933373
400,0.464154311336516,0.16634019279706,0.179875784505171,0.181025063276694,0.140279459933373,0.143266847840142
970,0.65201365997105,0.272806580486754,0.281431899695417,0.222891426963376,0.192741366843982,0.172268685450245
809,0.617598511353537,0.259638241659144,0.299924552865763,0.173835068385563,0.183967824035887,0.155233599845476
713,0.606085249352797,0.258711437790672,0.276626749501763,0.200889639762023,0.188255890082703,0.158002143279100
941,0.62555609967103,0.302869127130412,0.296985336054750,0.211115838461421,0.211115838461421,0.167291481291287
664,0.613173084606865,0.218083551882790,0.226165913043895,0.227823271636467,0.154470991130581,0.185172899926102
851,0.616713692539713,0.257786672914962,0.266179795115631,0.223704949036996,0.183967824035887,0.142423961905656
728,0.638797087949753,0.238033800236652,0.205907447843523,0.233725581744281,0.141602453589765,0.185172899926102
775,0.633503788623644,0.258711437790672,0.244185541162083,0.264301525715948,0.176522456496951,0.155619579790919
796,0.595435874427052,0.226165913043895,0.203733362812729,0.252283020211930,0.146862120354825,0.140279459933373
855,0.65201365997105,0.236301613614802,0.243298519444439,0.232872971194181,0.152256565618780,0.189517281185082
716,0.639678919993987,0.241532534498303,0.238033800236652,0.227823271636467,0.190154027575454,0.188884569174318
383,0.435141512434088,0.190794809258731,0.187010622123131,0.169733635746363,0.165869963138432,0.140279459933373
745,0.649372161207369,0.260567046745838,0.249561781327291,0.241532534498303,0.171243398019944,0.196743303664015
555,0.599875784998553,0.304834801321944,0.257786672914962,0.306802338059224,0.207376318697083,0.174898448025698
718,0.669602528491819,0.311728055196152,0.306802338059224,0.267121556704060,0.233725581744281,0.178181472416481
431,0.637915147508898,0.273759486818862,0.226992939983781,0.404704249910189,0.439851241970584,0.315674182764382
638,0.55975922935761,0.208116557082828,0.188884569174318,0.261497815323131,0.144720505822661,0.140279459933373
708,0.648491465815105,0.245967461561916,0.257786672914962,0.255024990396885,0.151542367809210,0.142147774681471
245,0.700307281851228,0.197424363331222,0.219672052767678,0.341355528691973,0.376671178467619,0.261497815323131
716,0.619367756469412,0.229493730258852,0.209608564537159,0.242414171861771,0.150839880430613,0.165869963138432
830,0.623788627185174,0.286266334773665,0.223704949036996,0.251373586915138,0.194059239855938,0.188884569174318
400,0.414271770359505,0.188884569174318,0.161362102255135,0.240653643199231,0.148143904307162,0.174364837136968
755,0.637915147508898,0.259638241659144,0.226992939983781,0.26806502014066,0.146237238572002,0.145319498566922
827,0.57763477259731,0.250466494772263,0.272806580486754,0.179875784505171,0.183371292540019,0.165869963138432
911,0.598100289370352,0.225342219919308,0.202303599215116,0.190794809258731,0.162235816543637,0.194724220966719
747,0.635268667058686,0.246862287018223,0.213405068833102,0.234581247743386,0.176522456496951,0.171754154191287
752,0.617598511353537,0.243298519444439,0.274713840722163,0.140279459933373,0.162235816543637,0.170233153496669
864,0.586543936638165,0.211875157547888,0.244185541162083,0.200188610986799,0.174364837136968,0.160502026996677
679,0.59099197716754,0.280468392646033,0.264301525715948,0.237166246337142,0.188255890082703,0.206639944148685
766,0.619367756469412,0.251373586915138,0.288207386188063,0.140279459933373,0.208860644258667,0.168745733831007
927,0.627323083479833,0.319623752397046,0.295029198942614,0.262430509724191,0.181605650010004,0.210360301592275
658,0.567813168189284,0.223704949036996,0.23033379664679,0.203016510694019,0.141066417195949,0.158822198286243
758,0.618483198986599,0.222891426963376,0.232023448734304,0.214175622695954,0.190794809258731,0.16634019279706
788,0.601650667029677,0.226992939983781,0.284329312589461,0.187631241909896,0.157597013980819,0.175977245746161
946,0.648491465815105,0.306802338059224,0.280468392646033,0.296985336054750,0.211115838461421,0.192741366843982
702,0.610516199655431,0.226165913043895,0.225342219919308,0.241532534498303,0.170736402643872,0.140279459933373
695,0.613173084606865,0.242414171861771,0.257786672914962,0.194059239855938,0.162235816543637,0.159237162188545
324,0.708189724424737,0.272806580486754,0.250466494772263,0.318636108753548,0.208116557082828,0.171243398019944
703,0.611401966215199,0.244185541162083,0.247759640188542,0.226165913043895,0.174898448025698,0.162677834203278
265,0.497337158291481,0.16634019279706,0.170736402643872,0.210360301592275,0.143552645462116,0.143266847840142
235,0.596324170558622,0.250466494772263,0.140279459933373,0.613173084606865,0.6678452031824,0.498252004317859
616,0.610516199655431,0.251373586915138,0.205178843545358,0.26336509235663,0.184568357977156,0.154850743467635
754,0.604311860230174,0.243298519444439,0.248659484023583,0.212638240623736,0.168745733831007,0.140279459933373
802,0.640560644506718,0.244185541162083,0.221274744825972,0.282396577544332,0.172268685450245,0.160077057692081
737,0.644967683931748,0.23033379664679,0.231177046607856,0.226165913043895,0.160077057692081,0.203016510694019
839,0.641442262346675,0.284329312589461,0.273759486818862,0.240653643199231,0.140279459933373,0.141066417195949
420,0.632621179272578,0.214175622695954,0.246862287018223,0.283362392853609,0.159655442358187,0.173309128978783
837,0.654654294039608,0.317648619366148,0.328516409471957,0.284329312589461,0.203016510694019,0.143266847840142
381,0.450170855356869,0.178742307944130,0.173309128978783,0.23033379664679,0.156400988328558,0.158410531669826
966,0.618483198986599,0.320611530912211,0.314687276192053,0.228656878414890,0.212638240623736,0.187631241909896
428,0.467866722440866,0.208116557082828,0.216509434133377,0.153350162717428,0.164480729737195,0.153350162717428
728,0.622904705251892,0.264301525715948,0.264301525715948,0.242414171861771,0.166814026627726,0.151189670120080
771,0.586543936638165,0.211875157547888,0.238904240888872,0.140279459933373,0.156008702799071,0.16357228121085
895,0.63703309779987,0.247759640188542,0.164940248736627,0.285297304030371,0.150839880430613,0.206639944148685
695,0.588323660284695,0.236301613614802,0.242414171861771,0.228656878414890,0.156008702799071,0.158002143279100
711,0.609630293401202,0.231177046607856,0.140279459933373,0.269010148553487,0.152982630801945,0.147497624383717
709,0.564235724377818,0.261497815323131,0.23977753355553,0.238904240888872,0.23033379664679,0.202303599215116
739,0.606971725447777,0.219672052767678,0.221274744825972,0.205907447843523,0.144131604573628,0.167291481291287
795,0.633503788623644,0.278545025785751,0.269010148553487,0.257786672914962,0.174898448025698,0.196743303664015
795,0.643205181411445,0.313700605163659,0.246862287018223,0.343328438016707,0.167291481291287,0.146548361254107
709,0.618483198986599,0.227823271636467,0.282396577544332,0.223704949036996,0.186394027664835,0.140279459933373
802,0.631738455286738,0.259638241659144,0.260567046745838,0.273759486818862,0.183371292540019,0.194059239855938
747,0.621136485069615,0.414271770359505,0.366910990862085,0.334444602573969,0.229493730258852,0.160077057692081
694,0.61405843859737,0.244185541162083,0.220471637257467,0.260567046745838,0.144424803121843,0.16357228121085
171,0.514662297605807,0.140279459933373,0.182190212262849,0.150148946700048,0.148471133452426,0.16634019279706
157,0.456708871220304,0.140279459933373,0.140279459933373,0.175977245746161,0.140279459933373,0.140279459933373
876,0.598988114480156,0.267121556704060,0.256863984839407,0.23033379664679,0.174898448025698,0.187010622123131
641,0.603424944919196,0.243298519444439,0.245075200706715,0.212638240623736,0.184568357977156,0.175435913518267
800,0.659053485350326,0.273759486818862,0.269956905233921,0.238904240888872,0.203016510694019,0.141873944585676
714,0.609630293401202,0.234581247743386,0.211115838461421,0.238904240888872,0.143266847840142,0.190794809258731
934,0.602537880906253,0.245967461561916,0.235439936165745,0.233725581744281,0.172787005806565,0.159237162188545
768,0.610516199655431,0.258711437790672,0.255943411389996,0.207376318697083,0.151189670120080,0.156400988328558
747,0.617598511353537,0.211115838461421,0.209608564537159,0.280468392646033,0.140279459933373,0.166814026627726
841,0.638797087949753,0.248659484023583,0.214175622695954,0.231177046607856,0.146237238572002,0.185172899926102
302,0.438910260048710,0.167772573247934,0.172268685450245,0.242414171861771,0.140279459933373,0.147819407725247
819,0.65201365997105,0.283362392853609,0.269956905233921,0.26336509235663,0.164024746412181,0.152256565618780
806,0.630855615748439,0.232023448734304,0.240653643199231,0.150839880430613,0.161362102255135,0.187010622123131
166,0.508293008226672,0.167772573247934,0.164480729737195,0.191439626593958,0.140279459933373,0.182190212262849
677,0.56334084744967,0.219672052767678,0.211115838461421,0.222891426963376,0.165869963138432,0.154470991130581
664,0.628206394540431,0.225342219919308,0.272806580486754,0.236301613614802,0.182190212262849,0.158002143279100
719,0.616713692539713,0.289179343702615,0.196743303664015,0.280468392646033,0.140279459933373,0.158822198286243
866,0.616713692539713,0.248659484023583,0.210360301592275,0.255943411389996,0.169733635746363,0.140279459933373
318,0.42188893060604,0.179307075461499,0.149469410107982,0.221274744825972,0.141602453589765,0.140279459933373
669,0.634386284250911,0.265239772398733,0.241532534498303,0.270905253648299,0.189517281185082,0.160502026996677
901,0.657294084136253,0.259638241659144,0.232023448734304,0.273759486818862,0.144131604573628,0.196743303664015
687,0.622904705251892,0.252283020211930,0.235439936165745,0.279506090033501,0.149469410107982,0.140279459933373
187,0.457641082102348,0.147819407725247,0.156796455796649,0.226165913043895,0.140279459933373,0.141873944585676
666,0.57585075439854,0.208116557082828,0.206639944148685,0.219672052767678,0.148143904307162,0.160502026996677
498,0.661691913619881,0.208860644258667,0.255024990396885,0.177624558944457,0.175435913518267,0.140279459933373
628,0.644967683931748,0.242414171861771,0.200889639762023,0.238904240888872,0.206639944148685,0.154094323280450
606,0.588323660284695,0.269956905233921,0.220471637257467,0.297964434643167,0.178181472416481,0.186394027664835
681,0.607858057407542,0.320611530912211,0.310742219942023,0.290152214217331,0.194059239855938,0.185172899926102
954,0.662571212990782,0.261497815323131,0.231177046607856,0.297964434643167,0.203016510694019,0.164480729737195
912,0.610516199655431,0.255024990396885,0.265239772398733,0.270905253648299,0.180448444205294,0.179875784505171
665,0.59099197716754,0.227823271636467,0.174364837136968,0.242414171861771,0.157597013980819,0.179307075461499
787,0.615828741507218,0.247759640188542,0.167291481291287,0.242414171861771,0.170736402643872,0.140279459933373
691,0.606971725447777,0.209608564537159,0.238904240888872,0.207376318697083,0.168745733831007,0.140279459933373
783,0.638797087949753,0.247759640188542,0.204454144375473,0.288207386188063,0.159655442358187,0.140279459933373
781,0.642323774366231,0.23977753355553,0.203016510694019,0.272806580486754,0.165869963138432,0.187010622123131
806,0.63703309779987,0.262430509724191,0.249561781327291,0.266179795115631,0.175977245746161,0.183967824035887
862,0.636150937944643,0.274713840722163,0.261497815323131,0.248659484023583,0.182778757451073,0.158002143279100
862,0.647610671197383,0.265239772398733,0.234581247743386,0.254108759679802,0.181025063276694,0.153350162717428
939,0.646729776551258,0.253194757033311,0.248659484023583,0.255024990396885,0.181025063276694,0.152256565618780
791,0.61494365721071,0.248659484023583,0.258711437790672,0.177624558944457,0.183371292540019,0.153350162717428
745,0.629089586309926,0.227823271636467,0.23033379664679,0.221274744825972,0.158410531669826,0.158410531669826
759,0.621136485069615,0.226165913043895,0.211875157547888,0.240653643199231,0.140279459933373,0.154850743467635
707,0.611401966215199,0.222891426963376,0.236301613614802,0.208116557082828,0.160077057692081,0.178742307944130
694,0.615828741507218,0.222891426963376,0.221274744825972,0.241532534498303,0.171754154191287,0.140539522938054
441,0.511024591546248,0.198109430350217,0.193398287644562,0.208116557082828,0.156008702799071,0.140279459933373
824,0.620252184825136,0.248659484023583,0.26336509235663,0.217294683481912,0.172787005806565,0.141066417195949
735,0.627323083479833,0.287236372741756,0.276626749501763,0.228656878414890,0.184568357977156,0.168257318749387
774,0.62555609967103,0.269010148553487,0.248659484023583,0.272806580486754,0.159655442358187,0.140279459933373
200,0.58030940985411,0.148801114525785,0.188255890082703,0.200889639762023,0.140279459933373,0.148801114525785
895,0.630855615748439,0.238904240888872,0.227823271636467,0.264301525715948,0.140279459933373,0.140279459933373
638,0.602537880906253,0.245075200706715,0.190154027575454,0.251373586915138,0.145622826217966,0.185172899926102
467,0.53097302992136,0.235439936165745,0.204454144375473,0.244185541162083,0.177071557205383,0.158002143279100
873,0.643205181411445,0.269956905233921,0.198798498578782,0.272806580486754,0.158822198286243,0.161797245314680
796,0.639678919993987,0.255943411389996,0.252283020211930,0.23033379664679,0.200188610986799,0.154094323280450
840,0.635268667058686,0.253194757033311,0.26806502014066,0.179307075461499,0.140279459933373,0.151542367809210
285,0.447362019176649,0.203016510694019,0.183967824035887,0.222891426963376,0.140279459933373,0.140279459933373
725,0.668723907006677,0.287236372741756,0.214949882112267,0.244185541162083,0.168745733831007,0.177071557205383
687,0.636150937944643,0.237166246337142,0.229493730258852,0.250466494772263,0.140279459933373,0.151189670120080
922,0.668723907006677,0.299924552865763,0.264301525715948,0.288207386188063,0.140279459933373,0.210360301592275
950,0.644086484322101,0.307786743279463,0.285297304030371,0.282396577544332,0.171754154191287,0.172787005806565
759,0.598100289370352,0.248659484023583,0.226165913043895,0.276626749501763,0.147819407725247,0.159655442358187
830,0.652893966371437,0.266179795115631,0.241532534498303,0.200889639762023,0.182778757451073,0.143266847840142
1014,0.719567431317471,0.261497815323131,0.248659484023583,0.252283020211930,0.182190212262849,0.146237238572002
792,0.627323083479833,0.232872971194181,0.226165913043895,0.232023448734304,0.140279459933373,0.172268685450245
653,0.546296562840502,0.304834801321944,0.291125967010989,0.231177046607856,0.178181472416481,0.181605650010004
793,0.61405843859737,0.247759640188542,0.232872971194181,0.194724220966719,0.185172899926102,0.236301613614802
647,0.620252184825136,0.235439936165745,0.223704949036996,0.222081350052879,0.160077057692081,0.178181472416481
429,0.606971725447777,0.326539995183568,0.284329312589461,0.296985336054750,0.163123316426449,0.167291481291287
799,0.644086484322101,0.245967461561916,0.270905253648299,0.159655442358187,0.175977245746161,0.143266847840142
788,0.61405843859737,0.233725581744281,0.233725581744281,0.226992939983781,0.141602453589765,0.140279459933373
717,0.591881082994116,0.238033800236652,0.238904240888872,0.246862287018223,0.174364837136968,0.173835068385563
834,0.637915147508898,0.233725581744281,0.245967461561916,0.208860644258667,0.160502026996677,0.140279459933373
379,0.433254223593108,0.156796455796649,0.214949882112267,0.185781454960399,0.146862120354825,0.168257318749387
749,0.607858057407542,0.227823271636467,0.205178843545358,0.223704949036996,0.186394027664835,0.155233599845476
724,0.644086484322101,0.26806502014066,0.246862287018223,0.272806580486754,0.151189670120080,0.192088479379025
840,0.642323774366231,0.272806580486754,0.299924552865763,0.264301525715948,0.188255890082703,0.156796455796649
748,0.612287594171303,0.221274744825972,0.209608564537159,0.255024990396885,0.162235816543637,0.165403320798019
811,0.617598511353537,0.262430509724191,0.287236372741756,0.226992939983781,0.168745733831007,0.158002143279100
720,0.626439652176295,0.222891426963376,0.240653643199231,0.209608564537159,0.140279459933373,0.140279459933373
752,0.627323083479833,0.226992939983781,0.223704949036996,0.235439936165745,0.172268685450245,0.140279459933373
810,0.629972659733243,0.255943411389996,0.248659484023583,0.242414171861771,0.148143904307162,0.140279459933373
553,0.557070755717787,0.26806502014066,0.247759640188542,0.296006914761259,0.166814026627726,0.140279459933373
773,0.636150937944643,0.26336509235663,0.253194757033311,0.237166246337142,0.16357228121085,0.174364837136968
981,0.655534316836593,0.23977753355553,0.237166246337142,0.245075200706715,0.159655442358187,0.208860644258667
830,0.644967683931748,0.255024990396885,0.262430509724191,0.183967824035887,0.179875784505171,0.140279459933373
579,0.571387382661058,0.194059239855938,0.235439936165745,0.190154027575454,0.164024746412181,0.156400988328558
663,0.586543936638165,0.322587416871138,0.288207386188063,0.276626749501763,0.192088479379025,0.187010622123131
747,0.597212308466731,0.252283020211930,0.245075200706715,0.267121556704060,0.168257318749387,0.152256565618780
742,0.608744246353995,0.282396577544332,0.252283020211930,0.289179343702615,0.206639944148685,0.200188610986799
602,0.585653817185493,0.258711437790672,0.207376318697083,0.245075200706715,0.157597013980819,0.16634019279706
733,0.649372161207369,0.256863984839407,0.269956905233921,0.23033379664679,0.185781454960399,0.140279459933373
295,0.57585075439854,0.284329312589461,0.250466494772263,0.257786672914962,0.214175622695954,0.181605650010004
729,0.615828741507218,0.228656878414890,0.222081350052879,0.235439936165745,0.165403320798019,0.164940248736627
547,0.568707020795868,0.275669606701894,0.255943411389996,0.254108759679802,0.140279459933373,0.148143904307162
707,0.622904705251892,0.286266334773665,0.257786672914962,0.248659484023583,0.200188610986799,0.183371292540019
191,0.531876497718254,0.152256565618780,0.190154027575454,0.165403320798019,0.151897993103576,0.140279459933373
740,0.616713692539713,0.224521889216861,0.236301613614802,0.272806580486754,0.176522456496951,0.157597013980819
378,0.446424815327873,0.214949882112267,0.187631241909896,0.196066256873814,0.158410531669826,0.185781454960399
821,0.65201365997105,0.287236372741756,0.278545025785751,0.258711437790672,0.214949882112267,0.182778757451073
384,0.436084425669404,0.171754154191287,0.193398287644562,0.209608564537159,0.154094323280450,0.140279459933373
711,0.610516199655431,0.287236372741756,0.279506090033501,0.243298519444439,0.209608564537159,0.179875784505171
779,0.619367756469412,0.232023448734304,0.203733362812729,0.242414171861771,0.155233599845476,0.140279459933373
824,0.629089586309926,0.306802338059224,0.288207386188063,0.272806580486754,0.203733362812729,0.192088479379025
624,0.601650667029677,0.247759640188542,0.256863984839407,0.227823271636467,0.176522456496951,0.165403320798019
728,0.615828741507218,0.225342219919308,0.241532534498303,0.194724220966719,0.164940248736627,0.193398287644562
755,0.624672424998259,0.243298519444439,0.16634019279706,0.251373586915138,0.140279459933373,0.140279459933373
714,0.591881082994116,0.221274744825972,0.214949882112267,0.256863984839407,0.155233599845476,0.142423961905656
761,0.610516199655431,0.226992939983781,0.234581247743386,0.231177046607856,0.150148946700048,0.202303599215116
314,0.45297556976512,0.142702524367706,0.178181472416481,0.190154027575454,0.140279459933373,0.140279459933373
874,0.654654294039608,0.252283020211930,0.238904240888872,0.23977753355553,0.145928733232941,0.217294683481912
768,0.65201365997105,0.228656878414890,0.242414171861771,0.232872971194181,0.165403320798019,0.215727826366646
652,0.621136485069615,0.262430509724191,0.261497815323131,0.221274744825972,0.175977245746161,0.146862120354825
651,0.596324170558622,0.216509434133377,0.158002143279100,0.222081350052879,0.140279459933373,0.159655442358187
754,0.613173084606865,0.258711437790672,0.221274744825972,0.246862287018223,0.210360301592275,0.197424363331222
875,0.613173084606865,0.26336509235663,0.252283020211930,0.232872971194181,0.172787005806565,0.196743303664015
827,0.643205181411445,0.258711437790672,0.224521889216861,0.252283020211930,0.140279459933373,0.208860644258667
619,0.578526502286961,0.228656878414890,0.244185541162083,0.241532534498303,0.153720720340875,0.140279459933373
827,0.621136485069615,0.218083551882790,0.226165913043895,0.182778757451073,0.140279459933373,0.184568357977156
710,0.627323083479833,0.260567046745838,0.219672052767678,0.255024990396885,0.174898448025698,0.181605650010004
305,0.695049586089508,0.245075200706715,0.185781454960399,0.353177756395209,0.365932579194558,0.228656878414890
838,0.676628615387707,0.294052217151829,0.255943411389996,0.266179795115631,0.222081350052879,0.203733362812729
890,0.656414246618719,0.269010148553487,0.259638241659144,0.258711437790672,0.155233599845476,0.150492979148870
705,0.586543936638165,0.214175622695954,0.259638241659144,0.150839880430613,0.154470991130581,0.140279459933373
687,0.624672424998259,0.238033800236652,0.232872971194181,0.252283020211930,0.173309128978783,0.140279459933373
735,0.638797087949753,0.255943411389996,0.264301525715948,0.193398287644562,0.187631241909896,0.140539522938054
686,0.58030940985411,0.222081350052879,0.201594638931909,0.224521889216861,0.166814026627726,0.140279459933373
692,0.592770024376564,0.301887051542692,0.294052217151829,0.267121556704060,0.180448444205294,0.140279459933373
418,0.62555609967103,0.200188610986799,0.140279459933373,0.457641082102348,0.522829369551227,0.343328438016707
699,0.606971725447777,0.219672052767678,0.202303599215116,0.231177046607856,0.159237162188545,0.140279459933373
802,0.598988114480156,0.316661303992259,0.293075998312143,0.254108759679802,0.211115838461421,0.178742307944130
927,0.649372161207369,0.264301525715948,0.251373586915138,0.236301613614802,0.178181472416481,0.159237162188545
646,0.609630293401202,0.238904240888872,0.257786672914962,0.160502026996677,0.191439626593958,0.147178535004063
831,0.661691913619881,0.251373586915138,0.297964434643167,0.244185541162083,0.160930368981928,0.195393227873188
804,0.653774177471793,0.32159942528535,0.293075998312143,0.238033800236652,0.228656878414890,0.182778757451073
819,0.637915147508898,0.254108759679802,0.244185541162083,0.206639944148685,0.169237834303805,0.193398287644562
944,0.645848781067736,0.276626749501763,0.258711437790672,0.223704949036996,0.203733362812729,0.202303599215116
768,0.630855615748439,0.238904240888872,0.216509434133377,0.23977753355553,0.154094323280450,0.140279459933373
745,0.588323660284695,0.232872971194181,0.257786672914962,0.187631241909896,0.16634019279706,0.193398287644562
352,0.453909567952752,0.205178843545358,0.198109430350217,0.209608564537159,0.178181472416481,0.186394027664835
702,0.644086484322101,0.238033800236652,0.237166246337142,0.255024990396885,0.16357228121085,0.144720505822661
858,0.65113325749733,0.274713840722163,0.295029198942614,0.242414171861771,0.184568357977156,0.185172899926102
871,0.592770024376564,0.302869127130412,0.269956905233921,0.264301525715948,0.187010622123131,0.155619579790919
284,0.419987692000204,0.163123316426449,0.140279459933373,0.210360301592275,0.140279459933373,0.140279459933373
689,0.608744246353995,0.234581247743386,0.209608564537159,0.244185541162083,0.179307075461499,0.140279459933373
909,0.637915147508898,0.395085382089401,0.343328438016707,0.32159942528535,0.187631241909896,0.173309128978783
368,0.441731771836077,0.160502026996677,0.145928733232941,0.201594638931909,0.185781454960399,0.140279459933373
175,0.463225147278761,0.283362392853609,0.251373586915138,0.248659484023583,0.162677834203278,0.158410531669826
829,0.656414246618719,0.348256569656263,0.312714190948075,0.325551793923222,0.188255890082703,0.198798498578782
716,0.616713692539713,0.23033379664679,0.245967461561916,0.242414171861771,0.173309128978783,0.140279459933373
810,0.616713692539713,0.319623752397046,0.270905253648299,0.267121556704060,0.212638240623736,0.178181472416481
711,0.650252758171119,0.257786672914962,0.234581247743386,0.238033800236652,0.184568357977156,0.140279459933373
905,0.613173084606865,0.270905253648299,0.276626749501763,0.291125967010989,0.180448444205294,0.201594638931909
555,0.584763524220902,0.269956905233921,0.290152214217331,0.222891426963376,0.222891426963376,0.191439626593958
729,0.616713692539713,0.251373586915138,0.234581247743386,0.211875157547888,0.171243398019944,0.198109430350217
787,0.649372161207369,0.261497815323131,0.222891426963376,0.261497815323131,0.140279459933373,0.150492979148870
625,0.585653817185493,0.331480818156256,0.312714190948075,0.273759486818862,0.190154027575454,0.140279459933373
787,0.633503788623644,0.289179343702615,0.249561781327291,0.277585234113443,0.161362102255135,0.178742307944130
420,0.442671323317129,0.182190212262849,0.220471637257467,0.173309128978783,0.140279459933373,0.164024746412181
790,0.61494365721071,0.224521889216861,0.288207386188063,0.248659484023583,0.140279459933373,0.168745733831007
807,0.672237905577799,0.289179343702615,0.270905253648299,0.262430509724191,0.175435913518267,0.201594638931909
774,0.637915147508898,0.259638241659144,0.207376318697083,0.226165913043895,0.144131604573628,0.16357228121085
667,0.621136485069615,0.244185541162083,0.260567046745838,0.183371292540019,0.178742307944130,0.174898448025698
378,0.43702685358426,0.203733362812729,0.192741366843982,0.226992939983781,0.160502026996677,0.145928733232941
629,0.613173084606865,0.211115838461421,0.277585234113443,0.140279459933373,0.171243398019944,0.159237162188545
377,0.658173830133798,0.168257318749387,0.203016510694019,0.199491561253654,0.140279459933373,0.199491561253654
860,0.621136485069615,0.346286080835727,0.331480818156256,0.282396577544332,0.183371292540019,0.178181472416481
714,0.624672424998259,0.243298519444439,0.231177046607856,0.238033800236652,0.169733635746363,0.174898448025698
950,0.66608754581422,0.276626749501763,0.296985336054750,0.189517281185082,0.210360301592275,0.162677834203278
651,0.574958463059337,0.211115838461421,0.163123316426449,0.226165913043895,0.164940248736627,0.140279459933373
843,0.636150937944643,0.240653643199231,0.246862287018223,0.196743303664015,0.184568357977156,0.198109430350217
762,0.62555609967103,0.225342219919308,0.185172899926102,0.243298519444439,0.171754154191287,0.144720505822661
923,0.62555609967103,0.245075200706715,0.291125967010989,0.233725581744281,0.164024746412181,0.162235816543637
331,0.645848781067736,0.196743303664015,0.222891426963376,0.244185541162083,0.140279459933373,0.196743303664015
814,0.629089586309926,0.259638241659144,0.229493730258852,0.213405068833102,0.170736402643872,0.142702524367706
628,0.592770024376564,0.240653643199231,0.218083551882790,0.232023448734304,0.156796455796649,0.203733362812729
682,0.58030940985411,0.254108759679802,0.194724220966719,0.269010148553487,0.206639944148685,0.140279459933373
770,0.623788627185174,0.273759486818862,0.286266334773665,0.26806502014066,0.203733362812729,0.161362102255135
983,0.643205181411445,0.286266334773665,0.266179795115631,0.276626749501763,0.148801114525785,0.141066417195949
175,0.531876497718254,0.140279459933373,0.204454144375473,0.169733635746363,0.151542367809210,0.158410531669826
732,0.608744246353995,0.222891426963376,0.205178843545358,0.231177046607856,0.140279459933373,0.178181472416481
773,0.59454741884471,0.211115838461421,0.228656878414890,0.258711437790672,0.140279459933373,0.165869963138432
1019,0.618483198986599,0.293075998312143,0.334444602573969,0.306802338059224,0.186394027664835,0.140279459933373
922,0.624672424998259,0.324563618926047,0.280468392646033,0.267121556704060,0.177624558944457,0.159237162188545
985,0.604311860230174,0.262430509724191,0.232872971194181,0.252283020211930,0.185172899926102,0.169237834303805
832,0.593658802575914,0.259638241659144,0.269010148553487,0.26336509235663,0.172787005806565,0.140279459933373
808,0.623788627185174,0.254108759679802,0.26336509235663,0.255943411389996,0.187631241909896,0.140279459933373
768,0.622020658211421,0.246862287018223,0.201594638931909,0.249561781327291,0.156796455796649,0.140279459933373
867,0.622020658211421,0.257786672914962,0.26806502014066,0.211875157547888,0.205907447843523,0.172787005806565
624,0.634386284250911,0.235439936165745,0.252283020211930,0.208860644258667,0.149133866930996,0.177071557205383
735,0.61494365721071,0.234581247743386,0.217294683481912,0.218083551882790,0.156796455796649,0.140279459933373
677,0.604311860230174,0.213405068833102,0.238904240888872,0.267121556704060,0.141602453589765,0.170233153496669
177,0.539995796104345,0.140279459933373,0.140279459933373,0.213405068833102,0.140279459933373,0.140279459933373
719,0.637915147508898,0.233725581744281,0.208860644258667,0.250466494772263,0.162677834203278,0.181605650010004
668,0.618483198986599,0.247759640188542,0.226165913043895,0.168745733831007,0.170233153496669,0.164024746412181
674,0.591881082994116,0.227823271636467,0.209608564537159,0.255024990396885,0.180448444205294,0.140279459933373
796,0.637915147508898,0.262430509724191,0.234581247743386,0.278545025785751,0.140801836156987,0.140279459933373
733,0.606971725447777,0.224521889216861,0.241532534498303,0.250466494772263,0.148471133452426,0.194059239855938
766,0.604311860230174,0.274713840722163,0.26806502014066,0.256863984839407,0.183967824035887,0.140279459933373
338,0.478964395469008,0.175977245746161,0.181605650010004,0.214949882112267,0.140279459933373,0.150839880430613
805,0.638797087949753,0.276626749501763,0.252283020211930,0.26806502014066,0.177071557205383,0.146862120354825
874,0.608744246353995,0.248659484023583,0.217294683481912,0.289179343702615,0.162235816543637,0.163123316426449
846,0.642323774366231,0.245075200706715,0.293075998312143,0.180448444205294,0.172268685450245,0.158822198286243
791,0.610516199655431,0.322587416871138,0.290152214217331,0.247759640188542,0.198798498578782,0.181025063276694
796,0.63703309779987,0.282396577544332,0.26806502014066,0.270905253648299,0.181605650010004,0.181025063276694
600,0.59099197716754,0.228656878414890,0.237166246337142,0.181605650010004,0.184568357977156,0.158002143279100
662,0.602537880906253,0.245075200706715,0.249561781327291,0.265239772398733,0.218876016213984,0.171754154191287
692,0.593658802575914,0.206639944148685,0.201594638931909,0.218876016213984,0.164480729737195,0.174364837136968
787,0.61405843859737,0.232023448734304,0.173835068385563,0.251373586915138,0.153720720340875,0.157597013980819
379,0.452041119617036,0.174364837136968,0.213405068833102,0.189517281185082,0.156400988328558,0.142147774681471
634,0.610516199655431,0.200889639762023,0.190794809258731,0.241532534498303,0.140279459933373,0.190154027575454
771,0.619367756469412,0.270905253648299,0.286266334773665,0.238904240888872,0.14298348025674,0.199491561253654
710,0.61405843859737,0.226992939983781,0.238904240888872,0.194724220966719,0.144131604573628,0.182778757451073
843,0.648491465815105,0.270905253648299,0.224521889216861,0.273759486818862,0.190154027575454,0.161362102255135
663,0.590102705627282,0.234581247743386,0.163123316426449,0.23033379664679,0.147819407725247,0.140279459933373
836,0.644967683931748,0.274713840722163,0.253194757033311,0.218876016213984,0.158410531669826,0.169237834303805
365,0.447362019176649,0.215727826366646,0.182778757451073,0.226992939983781,0.162235816543637,0.157195124574254
219,0.680139802349038,0.204454144375473,0.183967824035887,0.325551793923222,0.334444602573969,0.199491561253654
169,0.51193448587976,0.152618104976752,0.154850743467635,0.186394027664835,0.168745733831007,0.189517281185082
805,0.631738455286738,0.248659484023583,0.293075998312143,0.192741366843982,0.174364837136968,0.210360301592275
641,0.601650667029677,0.270905253648299,0.249561781327291,0.249561781327291,0.201594638931909,0.153720720340875
729,0.604311860230174,0.218083551882790,0.218083551882790,0.196066256873814,0.155619579790919,0.175435913518267
714,0.599875784998553,0.267121556704060,0.253194757033311,0.219672052767678,0.156008702799071,0.140279459933373
760,0.6678452031824,0.254108759679802,0.236301613614802,0.249561781327291,0.147497624383717,0.191439626593958
583,0.644086484322101,0.344314559496454,0.339381807952053,0.298944182722262,0.209608564537159,0.154850743467635
690,0.62555609967103,0.229493730258852,0.233725581744281,0.26806502014066,0.169237834303805,0.140279459933373
522,0.603424944919196,0.245967461561916,0.256863984839407,0.216509434133377,0.158410531669826,0.140279459933373
1011,0.673994424070159,0.306802338059224,0.307786743279463,0.351210191887716,0.167772573247934,0.148471133452426
618,0.582982412426427,0.262430509724191,0.245075200706715,0.284329312589461,0.200188610986799,0.140279459933373
681,0.61494365721071,0.208116557082828,0.221274744825972,0.223704949036996,0.154470991130581,0.140279459933373
701,0.610516199655431,0.233725581744281,0.260567046745838,0.255024990396885,0.142423961905656,0.166814026627726
711,0.618483198986599,0.226992939983781,0.231177046607856,0.279506090033501,0.142423961905656,0.203733362812729
629,0.63703309779987,0.279506090033501,0.236301613614802,0.276626749501763,0.175977245746161,0.140279459933373
828,0.620252184825136,0.233725581744281,0.257786672914962,0.231177046607856,0.140279459933373,0.151897993103576
570,0.632621179272578,0.204454144375473,0.200188610986799,0.255024990396885,0.178181472416481,0.153350162717428
813,0.620252184825136,0.259638241659144,0.274713840722163,0.232872971194181,0.153350162717428,0.242414171861771
736,0.591881082994116,0.242414171861771,0.254108759679802,0.232872971194181,0.175435913518267,0.163123316426449
286,0.680139802349038,0.265239772398733,0.217294683481912,0.386384998416716,0.40182397040703,0.327528205863718
843,0.629089586309926,0.256863984839407,0.208860644258667,0.299924552865763,0.182778757451073,0.172268685450245
546,0.566919113760625,0.309756707604237,0.296006914761259,0.255024990396885,0.191439626593958,0.167772573247934
719,0.641442262346675,0.243298519444439,0.234581247743386,0.277585234113443,0.16634019279706,0.140279459933373
830,0.621136485069615,0.274713840722163,0.270905253648299,0.258711437790672,0.169237834303805,0.185781454960399
391,0.45297556976512,0.193398287644562,0.164940248736627,0.205178843545358,0.171243398019944,0.149133866930996
745,0.65201365997105,0.23977753355553,0.241532534498303,0.229493730258852,0.163123316426449,0.152618104976752
880,0.638797087949753,0.267121556704060,0.242414171861771,0.249561781327291,0.149469410107982,0.183371292540019
784,0.629089586309926,0.241532534498303,0.253194757033311,0.233725581744281,0.207376318697083,0.173835068385563
292,0.393155485097713,0.186394027664835,0.173835068385563,0.236301613614802,0.140279459933373,0.164024746412181
739,0.633503788623644,0.277585234113443,0.265239772398733,0.23977753355553,0.207376318697083,0.166814026627726
812,0.603424944919196,0.276626749501763,0.217294683481912,0.294052217151829,0.203733362812729,0.140801836156987
605,0.631738455286738,0.301887051542692,0.266179795115631,0.295029198942614,0.200188610986799,0.219672052767678
167,0.49459052794554,0.140279459933373,0.152256565618780,0.210360301592275,0.140279459933373,0.140279459933373
723,0.608744246353995,0.258711437790672,0.267121556704060,0.200889639762023,0.162235816543637,0.185781454960399
740,0.645848781067736,0.242414171861771,0.267121556704060,0.247759640188542,0.154094323280450,0.140279459933373
169,0.525546453481271,0.140279459933373,0.16357228121085,0.183371292540019,0.140279459933373,0.159237162188545
827,0.631738455286738,0.274713840722163,0.288207386188063,0.250466494772263,0.213405068833102,0.176522456496951
795,0.612287594171303,0.269956905233921,0.296006914761259,0.270905253648299,0.198109430350217,0.159655442358187
351,0.460435073421994,0.144720505822661,0.174364837136968,0.224521889216861,0.140279459933373,0.181025063276694
853,0.644086484322101,0.249561781327291,0.226165913043895,0.251373586915138,0.142702524367706,0.173835068385563
709,0.586543936638165,0.319623752397046,0.26806502014066,0.294052217151829,0.232872971194181,0.187631241909896
686,0.592770024376564,0.223704949036996,0.257786672914962,0.212638240623736,0.200889639762023,0.187010622123131
732,0.601650667029677,0.253194757033311,0.224521889216861,0.251373586915138,0.170736402643872,0.158822198286243
609,0.629972659733243,0.242414171861771,0.211875157547888,0.193398287644562,0.193398287644562,0.178181472416481
732,0.586543936638165,0.248659484023583,0.217294683481912,0.240653643199231,0.188884569174318,0.183371292540019
798,0.629089586309926,0.260567046745838,0.254108759679802,0.237166246337142,0.160930368981928,0.214949882112267
719,0.611401966215199,0.235439936165745,0.240653643199231,0.256863984839407,0.184568357977156,0.195393227873188
772,0.597212308466731,0.245967461561916,0.274713840722163,0.200889639762023,0.195393227873188,0.143840891542185
852,0.642323774366231,0.351210191887716,0.301887051542692,0.296985336054750,0.168257318749387,0.180448444205294
734,0.62555609967103,0.210360301592275,0.205907447843523,0.240653643199231,0.141873944585676,0.187631241909896
459,0.455776216619560,0.177624558944457,0.191439626593958,0.183371292540019,0.140279459933373,0.178742307944130
377,0.450170855356869,0.156796455796649,0.16634019279706,0.205178843545358,0.151542367809210,0.188255890082703
700,0.603424944919196,0.249561781327291,0.196066256873814,0.368866547920421,0.348256569656263,0.211875157547888
810,0.624672424998259,0.249561781327291,0.253194757033311,0.259638241659144,0.177071557205383,0.182778757451073
610,0.606971725447777,0.238033800236652,0.193398287644562,0.231177046607856,0.151189670120080,0.176522456496951
661,0.58209159090975,0.245967461561916,0.222081350052879,0.229493730258852,0.165869963138432,0.169733635746363
866,0.642323774366231,0.274713840722163,0.274713840722163,0.264301525715948,0.173309128978783,0.170233153496669
730,0.633503788623644,0.198109430350217,0.205178843545358,0.273759486818862,0.140279459933373,0.192088479379025
713,0.593658802575914,0.200889639762023,0.222081350052879,0.226165913043895,0.159237162188545,0.140279459933373
826,0.61494365721071,0.224521889216861,0.224521889216861,0.252283020211930,0.140279459933373,0.168745733831007
725,0.612287594171303,0.236301613614802,0.200188610986799,0.262430509724191,0.156008702799071,0.147819407725247
770,0.645848781067736,0.269010148553487,0.288207386188063,0.203733362812729,0.158002143279100,0.192088479379025
403,0.453909567952752,0.172268685450245,0.178181472416481,0.238033800236652,0.146862120354825,0.146237238572002
683,0.59099197716754,0.303851718893881,0.281431899695417,0.269956905233921,0.163123316426449,0.144424803121843
934,0.659053485350326,0.276626749501763,0.209608564537159,0.311728055196152,0.140279459933373,0.192088479379025
810,0.617598511353537,0.269956905233921,0.250466494772263,0.161362102255135,0.195393227873188,0.167291481291287
696,0.609630293401202,0.222891426963376,0.211115838461421,0.210360301592275,0.140279459933373,0.151542367809210
731,0.627323083479833,0.256863984839407,0.249561781327291,0.269956905233921,0.165403320798019,0.179875784505171
355,0.450170855356869,0.141066417195949,0.178181472416481,0.188884569174318,0.157195124574254,0.158002143279100
591,0.611401966215199,0.234581247743386,0.255943411389996,0.214175622695954,0.156796455796649,0.152982630801945
536,0.597212308466731,0.257786672914962,0.254108759679802,0.219672052767678,0.261497815323131,0.223704949036996
796,0.626439652176295,0.249561781327291,0.274713840722163,0.188884569174318,0.177624558944457,0.211875157547888
834,0.645848781067736,0.277585234113443,0.224521889216861,0.270905253648299,0.206639944148685,0.140279459933373
818,0.676628615387707,0.248659484023583,0.140279459933373,0.596324170558622,0.653774177471793,0.487250452013843
827,0.62555609967103,0.23977753355553,0.249561781327291,0.211875157547888,0.140279459933373,0.179875784505171
344,0.469720411442728,0.164480729737195,0.205907447843523,0.166814026627726,0.152618104976752,0.161362102255135
541,0.608744246353995,0.259638241659144,0.235439936165745,0.266179795115631,0.168745733831007,0.171243398019944
780,0.613173084606865,0.238904240888872,0.226992939983781,0.217294683481912,0.143552645462116,0.140279459933373
760,0.639678919993987,0.240653643199231,0.265239772398733,0.226165913043895,0.182778757451073,0.140279459933373
829,0.647610671197383,0.233725581744281,0.198798498578782,0.297964434643167,0.140279459933373,0.171243398019944
690,0.595435874427052,0.245075200706715,0.195393227873188,0.258711437790672,0.179307075461499,0.159655442358187
742,0.605198627992826,0.226992939983781,0.231177046607856,0.245075200706715,0.181605650010004,0.140279459933373
716,0.623788627185174,0.236301613614802,0.199491561253654,0.288207386188063,0.140279459933373,0.168745733831007
682,0.603424944919196,0.238904240888872,0.210360301592275,0.26336509235663,0.157195124574254,0.140279459933373
811,0.663450425192382,0.261497815323131,0.217294683481912,0.304834801321944,0.151897993103576,0.142423961905656
254,0.665208590906176,0.248659484023583,0.174364837136968,0.358090854945044,0.400862850180983,0.254108759679802
812,0.61405843859737,0.291125967010989,0.298944182722262,0.208860644258667,0.199491561253654,0.152256565618780
277,0.484491855840873,0.175435913518267,0.140279459933373,0.261497815323131,0.140279459933373,0.156008702799071
759,0.634386284250911,0.238904240888872,0.214949882112267,0.271855157449252,0.161362102255135,0.187631241909896
746,0.612287594171303,0.229493730258852,0.255024990396885,0.227823271636467,0.148471133452426,0.164940248736627
752,0.630855615748439,0.248659484023583,0.181605650010004,0.225342219919308,0.167772573247934,0.164940248736627
432,0.604311860230174,0.252283020211930,0.203733362812729,0.26806502014066,0.179875784505171,0.140279459933373
397,0.70906526078053,0.294052217151829,0.237166246337142,0.422838791105066,0.436084425669404,0.283362392853609
248,0.621136485069615,0.140279459933373,0.140279459933373,0.226165913043895,0.140279459933373,0.142423961905656
816,0.632621179272578,0.283362392853609,0.252283020211930,0.226165913043895,0.216509434133377,0.171754154191287
758,0.607858057407542,0.232023448734304,0.236301613614802,0.220471637257467,0.160077057692081,0.144424803121843
614,0.615828741507218,0.254108759679802,0.260567046745838,0.241532534498303,0.140279459933373,0.140279459933373
725,0.590102705627282,0.297964434643167,0.282396577544332,0.310742219942023,0.174898448025698,0.150839880430613
169,0.504646384858735,0.149469410107982,0.168745733831007,0.193398287644562,0.140279459933373,0.158410531669826
797,0.606971725447777,0.238904240888872,0.290152214217331,0.233725581744281,0.194059239855938,0.159655442358187
810,0.608744246353995,0.226992939983781,0.272806580486754,0.233725581744281,0.161797245314680,0.168745733831007
686,0.605198627992826,0.216509434133377,0.261497815323131,0.218083551882790,0.171754154191287,0.181025063276694
670,0.636150937944643,0.261497815323131,0.250466494772263,0.244185541162083,0.160930368981928,0.140279459933373
824,0.638797087949753,0.277585234113443,0.255943411389996,0.259638241659144,0.160502026996677,0.152256565618780
767,0.611401966215199,0.218876016213984,0.264301525715948,0.219672052767678,0.140279459933373,0.175435913518267
645,0.57585075439854,0.275669606701894,0.245075200706715,0.26806502014066,0.178181472416481,0.187631241909896
367,0.430419611243593,0.152618104976752,0.196066256873814,0.189517281185082,0.140279459933373,0.163123316426449
952,0.648491465815105,0.277585234113443,0.298944182722262,0.428527399760189,0.249561781327291,0.162235816543637
763,0.623788627185174,0.225342219919308,0.240653643199231,0.236301613614802,0.140279459933373,0.205178843545358
684,0.586543936638165,0.238904240888872,0.23033379664679,0.218876016213984,0.156796455796649,0.203733362812729
855,0.633503788623644,0.238033800236652,0.257786672914962,0.218876016213984,0.181605650010004,0.145622826217966
806,0.623788627185174,0.271855157449252,0.26336509235663,0.223704949036996,0.196066256873814,0.147178535004063
891,0.606971725447777,0.245075200706715,0.202303599215116,0.212638240623736,0.212638240623736,0.152256565618780
787,0.627323083479833,0.232023448734304,0.241532534498303,0.237166246337142,0.171754154191287,0.200889639762023
641,0.598988114480156,0.198109430350217,0.186394027664835,0.23977753355553,0.151542367809210,0.145319498566922
374,0.464154311336516,0.181025063276694,0.204454144375473,0.179875784505171,0.144424803121843,0.165869963138432
783,0.622904705251892,0.219672052767678,0.245075200706715,0.264301525715948,0.149469410107982,0.169733635746363
770,0.629972659733243,0.264301525715948,0.227823271636467,0.302869127130412,0.174364837136968,0.140279459933373
748,0.629089586309926,0.245075200706715,0.198109430350217,0.250466494772263,0.146862120354825,0.145622826217966
674,0.618483198986599,0.245967461561916,0.221274744825972,0.257786672914962,0.181025063276694,0.148471133452426
225,0.597212308466731,0.144720505822661,0.148801114525785,0.222081350052879,0.144131604573628,0.158002143279100
922,0.659053485350326,0.26806502014066,0.257786672914962,0.259638241659144,0.161362102255135,0.140279459933373
169,0.505558530479263,0.140279459933373,0.168257318749387,0.201594638931909,0.158410531669826,0.185172899926102
673,0.613173084606865,0.237166246337142,0.197424363331222,0.255943411389996,0.167772573247934,0.140279459933373
744,0.606971725447777,0.223704949036996,0.275669606701894,0.153720720340875,0.191439626593958,0.156400988328558
879,0.634386284250911,0.250466494772263,0.216509434133377,0.257786672914962,0.140279459933373,0.162677834203278
900,0.65113325749733,0.280468392646033,0.246862287018223,0.244185541162083,0.192088479379025,0.145928733232941
699,0.601650667029677,0.220471637257467,0.231177046607856,0.203016510694019,0.175435913518267,0.150839880430613
693,0.629089586309926,0.254108759679802,0.264301525715948,0.176522456496951,0.164940248736627,0.196743303664015
958,0.635268667058686,0.275669606701894,0.245967461561916,0.310742219942023,0.148471133452426,0.183967824035887
771,0.601650667029677,0.254108759679802,0.270905253648299,0.213405068833102,0.192741366843982,0.186394027664835
702,0.633503788623644,0.242414171861771,0.215727826366646,0.218083551882790,0.147178535004063,0.140279459933373
852,0.590102705627282,0.236301613614802,0.217294683481912,0.257786672914962,0.171243398019944,0.157597013980819
234,0.348256569656263,0.166814026627726,0.140279459933373,0.203733362812729,0.140279459933373,0.140279459933373
836,0.636150937944643,0.233725581744281,0.222081350052879,0.203733362812729,0.172268685450245,0.174364837136968
909,0.627323083479833,0.251373586915138,0.265239772398733,0.222891426963376,0.152618104976752,0.166814026627726
894,0.617598511353537,0.255024990396885,0.238904240888872,0.240653643199231,0.174898448025698,0.203733362812729
701,0.61494365721071,0.255943411389996,0.240653643199231,0.272806580486754,0.140279459933373,0.175435913518267
964,0.649372161207369,0.277585234113443,0.262430509724191,0.289179343702615,0.153350162717428,0.171243398019944
783,0.592770024376564,0.246862287018223,0.227823271636467,0.224521889216861,0.140279459933373,0.140279459933373
752,0.620252184825136,0.237166246337142,0.232023448734304,0.216509434133377,0.175977245746161,0.173835068385563
703,0.600763302119727,0.235439936165745,0.245967461561916,0.273759486818862,0.140279459933373,0.140279459933373
816,0.644086484322101,0.251373586915138,0.281431899695417,0.232872971194181,0.154094323280450,0.156008702799071
661,0.606085249352797,0.211115838461421,0.232023448734304,0.231177046607856,0.176522456496951,0.153350162717428
800,0.584763524220902,0.244185541162083,0.243298519444439,0.212638240623736,0.145319498566922,0.154094323280450
731,0.618483198986599,0.231177046607856,0.232023448734304,0.252283020211930,0.140279459933373,0.192088479379025
733,0.617598511353537,0.245967461561916,0.216509434133377,0.246862287018223,0.162235816543637,0.217294683481912
902,0.606085249352797,0.220471637257467,0.180448444205294,0.274713840722163,0.140279459933373,0.164480729737195
917,0.65113325749733,0.254108759679802,0.231177046607856,0.238904240888872,0.140279459933373,0.171754154191287
678,0.599875784998553,0.221274744825972,0.194724220966719,0.265239772398733,0.155233599845476,0.140279459933373
416,0.684527124733494,0.169733635746363,0.183967824035887,0.219672052767678,0.144131604573628,0.180448444205294
919,0.647610671197383,0.234581247743386,0.272806580486754,0.267121556704060,0.162235816543637,0.173309128978783
721,0.629089586309926,0.233725581744281,0.225342219919308,0.212638240623736,0.185172899926102,0.140279459933373
298,0.391223565654671,0.157597013980819,0.173309128978783,0.201594638931909,0.187631241909896,0.158822198286243
839,0.652893966371437,0.259638241659144,0.255024990396885,0.227823271636467,0.156400988328558,0.184568357977156
771,0.613173084606865,0.228656878414890,0.255943411389996,0.162677834203278,0.156400988328558,0.179307075461499
753,0.626439652176295,0.242414171861771,0.213405068833102,0.207376318697083,0.155233599845476,0.175435913518267
851,0.643205181411445,0.261497815323131,0.257786672914962,0.270905253648299,0.171754154191287,0.141602453589765
628,0.623788627185174,0.237166246337142,0.228656878414890,0.282396577544332,0.154850743467635,0.140279459933373
740,0.645848781067736,0.245967461561916,0.249561781327291,0.23977753355553,0.185781454960399,0.150148946700048
866,0.641442262346675,0.255024990396885,0.241532534498303,0.271855157449252,0.140279459933373,0.190154027575454
811,0.65201365997105,0.240653643199231,0.252283020211930,0.293075998312143,0.141333283747465,0.155233599845476
838,0.653774177471793,0.266179795115631,0.256863984839407,0.222891426963376,0.148143904307162,0.140279459933373
861,0.645848781067736,0.264301525715948,0.236301613614802,0.26806502014066,0.152618104976752,0.242414171861771
804,0.644086484322101,0.295029198942614,0.23977753355553,0.264301525715948,0.211875157547888,0.180448444205294
689,0.623788627185174,0.23033379664679,0.208860644258667,0.232023448734304,0.188884569174318,0.16634019279706
566,0.619367756469412,0.218876016213984,0.255024990396885,0.241532534498303,0.161362102255135,0.199491561253654
784,0.612287594171303,0.214175622695954,0.238904240888872,0.169237834303805,0.149807763529887,0.181025063276694
533,0.609630293401202,0.255943411389996,0.213405068833102,0.315674182764382,0.266179795115631,0.165403320798019
735,0.589213267095234,0.221274744825972,0.23977753355553,0.181025063276694,0.170736402643872,0.140279459933373
671,0.603424944919196,0.233725581744281,0.226165913043895,0.269010148553487,0.170233153496669,0.147819407725247
790,0.627323083479833,0.254108759679802,0.26336509235663,0.197424363331222,0.160930368981928,0.171243398019944
377,0.456708871220304,0.176522456496951,0.211115838461421,0.195393227873188,0.149807763529887,0.155233599845476
791,0.629089586309926,0.283362392853609,0.220471637257467,0.228656878414890,0.182190212262849,0.140279459933373
758,0.643205181411445,0.256863984839407,0.267121556704060,0.261497815323131,0.178181472416481,0.140279459933373
805,0.640560644506718,0.243298519444439,0.226165913043895,0.264301525715948,0.140279459933373,0.194059239855938
738,0.621136485069615,0.245967461561916,0.206639944148685,0.258711437790672,0.158002143279100,0.140279459933373
761,0.628206394540431,0.278545025785751,0.23977753355553,0.271855157449252,0.142423961905656,0.140279459933373
820,0.637915147508898,0.260567046745838,0.217294683481912,0.275669606701894,0.149469410107982,0.167772573247934
779,0.633503788623644,0.218083551882790,0.255024990396885,0.202303599215116,0.155233599845476,0.140279459933373
872,0.639678919993987,0.229493730258852,0.226165913043895,0.284329312589461,0.184568357977156,0.145018731380577
165,0.618483198986599,0.343328438016707,0.140279459933373,0.532779695838002,0.588323660284695,0.424736999725661
176,0.51920253600366,0.140279459933373,0.190154027575454,0.246862287018223,0.140279459933373,0.140279459933373
855,0.637915147508898,0.278545025785751,0.223704949036996,0.261497815323131,0.188884569174318,0.140279459933373
763,0.637915147508898,0.237166246337142,0.243298519444439,0.242414171861771,0.167772573247934,0.208860644258667
156,0.445487145704544,0.140279459933373,0.149807763529887,0.191439626593958,0.144131604573628,0.176522456496951
582,0.555277339714655,0.301887051542692,0.289179343702615,0.283362392853609,0.186394027664835,0.154470991130581
725,0.65201365997105,0.279506090033501,0.205907447843523,0.267121556704060,0.158002143279100,0.168745733831007
983,0.633503788623644,0.290152214217331,0.269956905233921,0.219672052767678,0.185172899926102,0.140279459933373
365,0.460435073421994,0.162677834203278,0.169733635746363,0.218876016213984,0.140279459933373,0.158822198286243
710,0.613173084606865,0.23033379664679,0.236301613614802,0.197424363331222,0.183967824035887,0.173835068385563
808,0.631738455286738,0.253194757033311,0.23033379664679,0.270905253648299,0.146548361254107,0.161362102255135
887,0.66608754581422,0.327528205863718,0.323575487390111,0.297964434643167,0.202303599215116,0.196743303664015
733,0.645848781067736,0.245075200706715,0.215727826366646,0.264301525715948,0.174364837136968,0.188884569174318
799,0.626439652176295,0.250466494772263,0.255943411389996,0.190794809258731,0.182778757451073,0.156008702799071
792,0.610516199655431,0.256863984839407,0.23033379664679,0.265239772398733,0.140279459933373,0.160077057692081
161,0.516479299936916,0.292100571713878,0.284329312589461,0.285297304030371,0.262430509724191,0.152982630801945
714,0.568707020795868,0.229493730258852,0.237166246337142,0.238904240888872,0.200889639762023,0.176522456496951
487,0.591881082994116,0.205178843545358,0.202303599215116,0.233725581744281,0.140279459933373,0.197424363331222
905,0.637915147508898,0.266179795115631,0.164480729737195,0.300905518027404,0.174898448025698,0.156400988328558
808,0.590102705627282,0.23977753355553,0.232023448734304,0.282396577544332,0.140279459933373,0.141066417195949
368,0.447362019176649,0.145622826217966,0.142147774681471,0.207376318697083,0.140279459933373,0.140279459933373
804,0.660812526368302,0.282396577544332,0.285297304030371,0.246862287018223,0.183967824035887,0.185172899926102
738,0.626439652176295,0.242414171861771,0.248659484023583,0.235439936165745,0.145928733232941,0.197424363331222
365,0.457641082102348,0.170233153496669,0.195393227873188,0.183967824035887,0.149133866930996,0.16634019279706
729,0.649372161207369,0.272806580486754,0.234581247743386,0.283362392853609,0.169237834303805,0.202303599215116
740,0.596324170558622,0.270905253648299,0.228656878414890,0.275669606701894,0.153350162717428,0.162677834203278
531,0.627323083479833,0.290152214217331,0.288207386188063,0.288207386188063,0.236301613614802,0.217294683481912
160,0.461365530470573,0.164940248736627,0.140279459933373,0.208116557082828,0.150839880430613,0.152618104976752
752,0.612287594171303,0.222081350052879,0.248659484023583,0.248659484023583,0.151897993103576,0.175435913518267
247,0.621136485069615,0.168257318749387,0.182190212262849,0.203733362812729,0.175977245746161,0.157195124574254
835,0.639678919993987,0.257786672914962,0.182190212262849,0.295029198942614,0.142147774681471,0.153350162717428
729,0.611401966215199,0.282396577544332,0.244185541162083,0.237166246337142,0.210360301592275,0.175977245746161
820,0.628206394540431,0.231177046607856,0.276626749501763,0.205178843545358,0.145622826217966,0.140279459933373
739,0.606971725447777,0.244185541162083,0.246862287018223,0.216509434133377,0.194059239855938,0.162235816543637
770,0.607858057407542,0.218876016213984,0.262430509724191,0.176522456496951,0.165869963138432,0.175977245746161
759,0.590102705627282,0.288207386188063,0.297964434643167,0.186394027664835,0.192741366843982,0.151542367809210
943,0.587433883900336,0.352194131843378,0.296985336054750,0.300905518027404,0.193398287644562,0.170233153496669
516,0.536389829011528,0.222081350052879,0.198109430350217,0.214175622695954,0.140279459933373,0.151897993103576
591,0.57763477259731,0.276626749501763,0.267121556704060,0.276626749501763,0.144424803121843,0.140279459933373
838,0.624672424998259,0.235439936165745,0.250466494772263,0.259638241659144,0.140279459933373,0.185781454960399
855,0.629089586309926,0.266179795115631,0.302869127130412,0.296006914761259,0.164940248736627,0.147178535004063
716,0.636150937944643,0.236301613614802,0.275669606701894,0.208860644258667,0.172268685450245,0.173835068385563
730,0.615828741507218,0.324563618926047,0.327528205863718,0.301887051542692,0.211115838461421,0.140279459933373
898,0.631738455286738,0.252283020211930,0.255024990396885,0.213405068833102,0.172268685450245,0.140279459933373
946,0.634386284250911,0.256863984839407,0.235439936165745,0.261497815323131,0.140279459933373,0.187010622123131
300,0.65113325749733,0.389289635189169,0.338394673319409,0.399901217123282,0.382505251364152,0.253194757033311
658,0.587433883900336,0.253194757033311,0.226992939983781,0.262430509724191,0.181605650010004,0.190794809258731
722,0.61405843859737,0.23977753355553,0.260567046745838,0.176522456496951,0.160930368981928,0.208860644258667
676,0.639678919993987,0.227823271636467,0.236301613614802,0.246862287018223,0.140279459933373,0.170233153496669
552,0.603424944919196,0.227823271636467,0.255943411389996,0.238904240888872,0.214949882112267,0.172268685450245
957,0.636150937944643,0.336419918223748,0.32950458986508,0.296985336054750,0.207376318697083,0.231177046607856
828,0.630855615748439,0.271855157449252,0.271855157449252,0.198109430350217,0.145928733232941,0.140279459933373
770,0.624672424998259,0.238904240888872,0.189517281185082,0.227823271636467,0.172787005806565,0.140279459933373
980,0.612287594171303,0.276626749501763,0.273759486818862,0.210360301592275,0.204454144375473,0.157195124574254
659,0.582982412426427,0.250466494772263,0.213405068833102,0.262430509724191,0.288207386188063,0.205907447843523
866,0.61494365721071,0.231177046607856,0.182190212262849,0.220471637257467,0.187631241909896,0.140279459933373
836,0.61405843859737,0.285297304030371,0.227823271636467,0.265239772398733,0.171243398019944,0.204454144375473
811,0.609630293401202,0.254108759679802,0.219672052767678,0.249561781327291,0.163123316426449,0.175977245746161
152,0.452041119617036,0.155233599845476,0.145928733232941,0.211875157547888,0.140279459933373,0.188884569174318
958,0.673116204346268,0.288207386188063,0.265239772398733,0.273759486818862,0.163123316426449,0.188884569174318
233,0.465083048709257,0.181605650010004,0.184568357977156,0.160502026996677,0.154094323280450,0.163123316426449
873,0.596324170558622,0.260567046745838,0.266179795115631,0.226992939983781,0.193398287644562,0.194059239855938
885,0.620252184825136,0.293075998312143,0.26806502014066,0.240653643199231,0.164024746412181,0.179307075461499
242,0.689789572931803,0.258711437790672,0.234581247743386,0.352194131843378,0.383475920330798,0.245075200706715
714,0.615828741507218,0.253194757033311,0.258711437790672,0.256863984839407,0.168257318749387,0.167291481291287
743,0.624672424998259,0.313700605163659,0.282396577544332,0.326539995183568,0.235439936165745,0.167291481291287
781,0.634386284250911,0.255943411389996,0.240653643199231,0.207376318697083,0.140279459933373,0.173835068385563
654,0.607858057407542,0.211115838461421,0.23977753355553,0.188884569174318,0.178181472416481,0.146862120354825
720,0.621136485069615,0.218876016213984,0.218083551882790,0.253194757033311,0.143552645462116,0.156008702799071
749,0.61405843859737,0.249561781327291,0.217294683481912,0.247759640188542,0.164480729737195,0.164940248736627
716,0.597212308466731,0.217294683481912,0.243298519444439,0.231177046607856,0.172787005806565,0.149807763529887
800,0.63703309779987,0.245967461561916,0.232872971194181,0.183371292540019,0.183967824035887,0.16357228121085
677,0.605198627992826,0.234581247743386,0.206639944148685,0.218876016213984,0.144131604573628,0.164480729737195
946,0.654654294039608,0.300905518027404,0.296985336054750,0.266179795115631,0.145018731380577,0.182778757451073
717,0.61494365721071,0.184568357977156,0.226992939983781,0.219672052767678,0.140279459933373,0.140279459933373
726,0.578526502286961,0.23033379664679,0.257786672914962,0.212638240623736,0.144720505822661,0.150839880430613
764,0.613173084606865,0.252283020211930,0.155233599845476,0.283362392853609,0.164024746412181,0.16634019279706
839,0.596324170558622,0.245967461561916,0.280468392646033,0.244185541162083,0.173835068385563,0.148143904307162
691,0.622904705251892,0.238033800236652,0.229493730258852,0.246862287018223,0.145928733232941,0.163123316426449
252,0.624672424998259,0.140801836156987,0.159655442358187,0.214949882112267,0.140279459933373,0.140279459933373
685,0.602537880906253,0.224521889216861,0.218876016213984,0.225342219919308,0.157597013980819,0.159237162188545
760,0.632621179272578,0.294052217151829,0.285297304030371,0.249561781327291,0.235439936165745,0.217294683481912
736,0.634386284250911,0.231177046607856,0.219672052767678,0.252283020211930,0.140279459933373,0.191439626593958
780,0.607858057407542,0.201594638931909,0.256863984839407,0.218083551882790,0.146862120354825,0.154094323280450
776,0.647610671197383,0.245075200706715,0.289179343702615,0.211115838461421,0.187631241909896,0.200188610986799
739,0.632621179272578,0.275669606701894,0.276626749501763,0.221274744825972,0.198109430350217,0.171754154191287
742,0.606971725447777,0.255024990396885,0.227823271636467,0.262430509724191,0.16357228121085,0.170233153496669
350,0.67838435938152,0.232023448734304,0.212638240623736,0.32159942528535,0.316661303992259,0.218083551882790
698,0.59099197716754,0.200188610986799,0.247759640188542,0.158822198286243,0.140279459933373,0.153350162717428
938,0.631738455286738,0.261497815323131,0.282396577544332,0.209608564537159,0.140279459933373,0.140279459933373
361,0.453909567952752,0.183371292540019,0.162677834203278,0.220471637257467,0.140279459933373,0.145622826217966
735,0.62555609967103,0.214949882112267,0.223704949036996,0.229493730258852,0.145622826217966,0.171754154191287
168,0.507381840049532,0.140279459933373,0.156400988328558,0.185172899926102,0.149469410107982,0.178742307944130
642,0.58030940985411,0.222081350052879,0.201594638931909,0.192741366843982,0.151897993103576,0.167772573247934
568,0.548993245617665,0.26806502014066,0.254108759679802,0.283362392853609,0.150148946700048,0.140279459933373
666,0.617598511353537,0.214175622695954,0.243298519444439,0.200889639762023,0.181605650010004,0.162235816543637
778,0.62555609967103,0.262430509724191,0.235439936165745,0.262430509724191,0.205178843545358,0.174898448025698
334,0.45297556976512,0.168257318749387,0.255943411389996,0.161362102255135,0.146237238572002,0.140279459933373
359,0.43702685358426,0.196743303664015,0.203733362812729,0.171754154191287,0.140279459933373,0.140279459933373
724,0.586543936638165,0.251373586915138,0.251373586915138,0.164940248736627,0.161797245314680,0.168257318749387
803,0.640560644506718,0.300905518027404,0.264301525715948,0.299924552865763,0.212638240623736,0.145928733232941
677,0.583873056414207,0.224521889216861,0.228656878414890,0.182190212262849,0.140279459933373,0.155619579790919
748,0.627323083479833,0.278545025785751,0.226165913043895,0.232023448734304,0.229493730258852,0.207376318697083
686,0.626439652176295,0.254108759679802,0.226165913043895,0.208116557082828,0.174898448025698,0.140279459933373
394,0.423788147113161,0.209608564537159,0.188255890082703,0.203016510694019,0.16634019279706,0.147178535004063
808,0.630855615748439,0.279506090033501,0.256863984839407,0.255024990396885,0.208860644258667,0.187631241909896
187,0.553483028327823,0.141066417195949,0.166814026627726,0.175977245746161,0.146237238572002,0.165869963138432
787,0.62555609967103,0.228656878414890,0.233725581744281,0.208860644258667,0.151897993103576,0.181605650010004
894,0.644967683931748,0.269010148553487,0.172787005806565,0.32159942528535,0.140279459933373,0.179307075461499
713,0.638797087949753,0.249561781327291,0.216509434133377,0.246862287018223,0.140279459933373,0.140279459933373
708,0.59099197716754,0.242414171861771,0.23977753355553,0.184568357977156,0.162677834203278,0.150492979148870
832,0.626439652176295,0.255024990396885,0.267121556704060,0.259638241659144,0.158822198286243,0.211875157547888
222,0.598100289370352,0.148801114525785,0.166814026627726,0.143266847840142,0.16357228121085,0.154850743467635
751,0.623788627185174,0.226992939983781,0.205907447843523,0.218876016213984,0.177624558944457,0.140279459933373
831,0.681017412481438,0.273759486818862,0.273759486818862,0.248659484023583,0.213405068833102,0.140279459933373
633,0.608744246353995,0.228656878414890,0.237166246337142,0.257786672914962,0.147497624383717,0.140279459933373
820,0.599875784998553,0.241532534498303,0.232872971194181,0.212638240623736,0.180448444205294,0.180448444205294
318,0.435141512434088,0.182190212262849,0.192741366843982,0.183967824035887,0.140279459933373,0.146862120354825
744,0.540896650628897,0.310742219942023,0.231177046607856,0.295029198942614,0.194724220966719,0.140279459933373
887,0.624672424998259,0.232872971194181,0.238033800236652,0.201594638931909,0.165403320798019,0.189517281185082
762,0.644086484322101,0.319623752397046,0.307786743279463,0.258711437790672,0.215727826366646,0.158410531669826
723,0.61494365721071,0.196066256873814,0.243298519444439,0.149133866930996,0.178181472416481,0.140279459933373
650,0.593658802575914,0.233725581744281,0.216509434133377,0.244185541162083,0.155233599845476,0.140279459933373
814,0.612287594171303,0.260567046745838,0.240653643199231,0.279506090033501,0.178742307944130,0.179875784505171
417,0.463225147278761,0.169237834303805,0.16357228121085,0.206639944148685,0.161362102255135,0.165869963138432
665,0.606971725447777,0.275669606701894,0.220471637257467,0.311728055196152,0.232872971194181,0.193398287644562
639,0.571387382661058,0.225342219919308,0.206639944148685,0.238904240888872,0.140279459933373,0.187631241909896
791,0.600763302119727,0.296006914761259,0.276626749501763,0.265239772398733,0.197424363331222,0.186394027664835
806,0.599875784998553,0.251373586915138,0.26336509235663,0.241532534498303,0.168745733831007,0.145018731380577
977,0.65201365997105,0.330492731245164,0.254108759679802,0.318636108753548,0.180448444205294,0.150492979148870
952,0.635268667058686,0.255943411389996,0.203733362812729,0.261497815323131,0.158822198286243,0.164940248736627
756,0.648491465815105,0.256863984839407,0.244185541162083,0.242414171861771,0.149807763529887,0.140279459933373
407,0.403744670601839,0.180448444205294,0.182778757451073,0.198109430350217,0.146548361254107,0.14298348025674
779,0.627323083479833,0.231177046607856,0.262430509724191,0.205907447843523,0.185172899926102,0.182778757451073
775,0.615828741507218,0.257786672914962,0.234581247743386,0.238033800236652,0.162235816543637,0.171243398019944
694,0.622904705251892,0.254108759679802,0.225342219919308,0.261497815323131,0.154850743467635,0.140279459933373
682,0.633503788623644,0.287236372741756,0.275669606701894,0.272806580486754,0.154470991130581,0.164480729737195
683,0.598988114480156,0.197424363331222,0.209608564537159,0.215727826366646,0.144424803121843,0.165869963138432
859,0.617598511353537,0.222891426963376,0.209608564537159,0.255024990396885,0.193398287644562,0.189517281185082
276,0.42188893060604,0.192741366843982,0.189517281185082,0.190154027575454,0.186394027664835,0.198109430350217
731,0.615828741507218,0.228656878414890,0.218083551882790,0.245075200706715,0.140279459933373,0.158822198286243
943,0.632621179272578,0.292100571713878,0.260567046745838,0.290152214217331,0.148471133452426,0.16634019279706
243,0.606971725447777,0.250466494772263,0.213405068833102,0.436084425669404,0.470646634478409,0.287236372741756
729,0.644086484322101,0.272806580486754,0.252283020211930,0.234581247743386,0.199491561253654,0.140279459933373
717,0.638797087949753,0.205907447843523,0.26806502014066,0.207376318697083,0.179307075461499,0.162677834203278
730,0.620252184825136,0.236301613614802,0.211115838461421,0.228656878414890,0.167291481291287,0.140279459933373
163,0.456708871220304,0.169237834303805,0.140279459933373,0.214949882112267,0.142423961905656,0.140279459933373
782,0.65113325749733,0.252283020211930,0.258711437790672,0.265239772398733,0.140279459933373,0.188884569174318
950,0.629972659733243,0.23033379664679,0.243298519444439,0.233725581744281,0.152982630801945,0.141873944585676
202,0.412362374614871,0.160077057692081,0.140279459933373,0.223704949036996,0.140279459933373,0.172268685450245
673,0.637915147508898,0.224521889216861,0.240653643199231,0.186394027664835,0.146237238572002,0.140279459933373
732,0.65113325749733,0.254108759679802,0.259638241659144,0.286266334773665,0.16634019279706,0.140279459933373
785,0.624672424998259,0.252283020211930,0.238033800236652,0.245967461561916,0.140279459933373,0.157597013980819
687,0.596324170558622,0.235439936165745,0.226165913043895,0.224521889216861,0.142702524367706,0.140279459933373
801,0.621136485069615,0.373747820375976,0.343328438016707,0.272806580486754,0.241532534498303,0.168257318749387
812,0.636150937944643,0.243298519444439,0.222081350052879,0.23033379664679,0.158410531669826,0.155233599845476
913,0.661691913619881,0.296985336054750,0.285297304030371,0.246862287018223,0.201594638931909,0.224521889216861
706,0.655534316836593,0.225342219919308,0.198798498578782,0.238033800236652,0.144424803121843,0.140279459933373
838,0.629972659733243,0.254108759679802,0.218083551882790,0.259638241659144,0.158002143279100,0.140279459933373
455,0.701183347132507,0.252283020211930,0.183967824035887,0.459504181093247,0.490005705397473,0.354161056920203
659,0.616713692539713,0.217294683481912,0.211115838461421,0.233725581744281,0.140279459933373,0.183371292540019
605,0.604311860230174,0.229493730258852,0.179875784505171,0.275669606701894,0.143552645462116,0.201594638931909
737,0.609630293401202,0.240653643199231,0.222081350052879,0.231177046607856,0.171243398019944,0.16357228121085
789,0.636150937944643,0.266179795115631,0.228656878414890,0.196743303664015,0.173835068385563,0.165869963138432
839,0.583873056414207,0.282396577544332,0.279506090033501,0.278545025785751,0.198109430350217,0.174898448025698
306,0.441731771836077,0.171754154191287,0.171243398019944,0.194724220966719,0.156008702799071,0.140279459933373
731,0.622904705251892,0.229493730258852,0.248659484023583,0.172268685450245,0.156400988328558,0.205178843545358
159,0.458572851358513,0.140279459933373,0.194724220966719,0.224521889216861,0.140279459933373,0.187631241909896
709,0.629089586309926,0.249561781327291,0.256863984839407,0.26336509235663,0.167291481291287,0.185781454960399
558,0.615828741507218,0.224521889216861,0.233725581744281,0.220471637257467,0.171754154191287,0.155619579790919
160,0.319623752397046,0.146237238572002,0.142702524367706,0.196743303664015,0.140279459933373,0.154470991130581
741,0.607858057407542,0.211875157547888,0.224521889216861,0.253194757033311,0.160077057692081,0.182778757451073
742,0.606971725447777,0.246862287018223,0.189517281185082,0.257786672914962,0.140279459933373,0.182778757451073
657,0.633503788623644,0.261497815323131,0.245075200706715,0.225342219919308,0.160502026996677,0.189517281185082
819,0.644967683931748,0.248659484023583,0.270905253648299,0.221274744825972,0.207376318697083,0.160930368981928
343,0.41331732873535,0.164480729737195,0.171243398019944,0.208860644258667,0.145928733232941,0.160502026996677
359,0.470646634478409,0.182190212262849,0.151897993103576,0.218876016213984,0.140279459933373,0.140279459933373
829,0.620252184825136,0.210360301592275,0.212638240623736,0.211875157547888,0.158002143279100,0.140279459933373
738,0.623788627185174,0.259638241659144,0.246862287018223,0.202303599215116,0.179307075461499,0.140279459933373
794,0.637915147508898,0.255943411389996,0.243298519444439,0.234581247743386,0.140279459933373,0.185781454960399
778,0.621136485069615,0.247759640188542,0.222081350052879,0.244185541162083,0.176522456496951,0.168257318749387
735,0.615828741507218,0.224521889216861,0.238033800236652,0.205178843545358,0.185781454960399,0.185781454960399
168,0.460435073421994,0.143552645462116,0.140279459933373,0.599875784998553,0.654654294039608,0.485411763012758
676,0.610516199655431,0.295029198942614,0.238904240888872,0.297964434643167,0.162677834203278,0.198798498578782
753,0.629089586309926,0.221274744825972,0.250466494772263,0.226165913043895,0.174364837136968,0.165403320798019
327,0.432309844864813,0.156796455796649,0.192088479379025,0.205907447843523,0.140279459933373,0.146237238572002
784,0.62555609967103,0.237166246337142,0.261497815323131,0.210360301592275,0.177071557205383,0.171243398019944
825,0.674872565393281,0.324563618926047,0.291125967010989,0.309756707604237,0.174364837136968,0.172787005806565
720,0.619367756469412,0.231177046607856,0.228656878414890,0.271855157449252,0.140279459933373,0.140279459933373
843,0.633503788623644,0.253194757033311,0.199491561253654,0.276626749501763,0.171243398019944,0.161362102255135
654,0.692419876408003,0.294052217151829,0.26806502014066,0.261497815323131,0.200188610986799,0.203016510694019
765,0.647610671197383,0.274713840722163,0.247759640188542,0.248659484023583,0.164480729737195,0.16634019279706
797,0.65113325749733,0.240653643199231,0.243298519444439,0.278545025785751,0.170736402643872,0.187010622123131
162,0.467866722440866,0.140539522938054,0.211875157547888,0.198109430350217,0.140279459933373,0.140279459933373
937,0.63703309779987,0.310742219942023,0.274713840722163,0.286266334773665,0.206639944148685,0.160077057692081
384,0.44923503724365,0.182190212262849,0.157597013980819,0.244185541162083,0.140279459933373,0.155233599845476
764,0.665208590906176,0.23977753355553,0.237166246337142,0.238904240888872,0.157597013980819,0.187010622123131
770,0.628206394540431,0.259638241659144,0.200188610986799,0.267121556704060,0.167772573247934,0.140279459933373
741,0.611401966215199,0.218083551882790,0.237166246337142,0.236301613614802,0.150492979148870,0.196066256873814
886,0.620252184825136,0.238033800236652,0.252283020211930,0.238904240888872,0.190794809258731,0.170736402643872
684,0.626439652176295,0.298944182722262,0.26806502014066,0.285297304030371,0.213405068833102,0.172268685450245
793,0.597212308466731,0.238033800236652,0.204454144375473,0.232023448734304,0.152618104976752,0.178742307944130
775,0.624672424998259,0.266179795115631,0.251373586915138,0.281431899695417,0.161797245314680,0.188255890082703
607,0.610516199655431,0.227823271636467,0.215727826366646,0.226992939983781,0.165869963138432,0.140279459933373
159,0.373747820375976,0.151189670120080,0.140279459933373,0.232872971194181,0.140279459933373,0.147178535004063
357,0.459504181093247,0.140279459933373,0.199491561253654,0.159237162188545,0.153720720340875,0.166814026627726
814,0.634386284250911,0.255024990396885,0.192088479379025,0.274713840722163,0.158002143279100,0.140279459933373
858,0.66608754581422,0.269956905233921,0.251373586915138,0.279506090033501,0.175977245746161,0.156008702799071
681,0.603424944919196,0.252283020211930,0.242414171861771,0.198798498578782,0.164940248736627,0.196066256873814
852,0.628206394540431,0.224521889216861,0.272806580486754,0.173835068385563,0.160930368981928,0.140279459933373
722,0.645848781067736,0.282396577544332,0.238033800236652,0.26806502014066,0.190154027575454,0.140279459933373
762,0.637915147508898,0.271855157449252,0.278545025785751,0.220471637257467,0.168745733831007,0.150148946700048
690,0.598988114480156,0.225342219919308,0.258711437790672,0.210360301592275,0.178181472416481,0.172268685450245
764,0.638797087949753,0.256863984839407,0.220471637257467,0.255943411389996,0.140279459933373,0.183371292540019
762,0.630855615748439,0.357108931824631,0.306802338059224,0.299924552865763,0.172787005806565,0.152618104976752
827,0.621136485069615,0.249561781327291,0.277585234113443,0.183967824035887,0.168745733831007,0.180448444205294
798,0.606971725447777,0.238904240888872,0.234581247743386,0.222081350052879,0.185172899926102,0.140279459933373
330,0.681017412481438,0.264301525715948,0.200188610986799,0.309756707604237,0.284329312589461,0.240653643199231
818,0.630855615748439,0.276626749501763,0.276626749501763,0.228656878414890,0.194059239855938,0.151189670120080
733,0.622020658211421,0.241532534498303,0.208116557082828,0.258711437790672,0.140279459933373,0.140279459933373
708,0.606971725447777,0.267121556704060,0.237166246337142,0.295029198942614,0.153350162717428,0.179875784505171
352,0.436084425669404,0.157597013980819,0.217294683481912,0.177624558944457,0.140279459933373,0.140279459933373
829,0.591881082994116,0.226165913043895,0.241532534498303,0.203016510694019,0.150148946700048,0.206639944148685
827,0.626439652176295,0.256863984839407,0.235439936165745,0.244185541162083,0.177071557205383,0.164480729737195
751,0.615828741507218,0.23033379664679,0.227823271636467,0.203733362812729,0.166814026627726,0.170736402643872
775,0.603424944919196,0.205178843545358,0.244185541162083,0.207376318697083,0.170736402643872,0.156796455796649
146,0.432309844864813,0.167291481291287,0.156008702799071,0.218083551882790,0.170736402643872,0.151189670120080
668,0.633503788623644,0.237166246337142,0.213405068833102,0.232872971194181,0.177624558944457,0.157597013980819
438,0.455776216619560,0.183967824035887,0.192741366843982,0.203016510694019,0.140279459933373,0.145928733232941
858,0.630855615748439,0.283362392853609,0.283362392853609,0.311728055196152,0.140279459933373,0.167772573247934
555,0.731810723629735,0.257786672914962,0.219672052767678,0.311728055196152,0.238904240888872,0.178181472416481
730,0.660812526368302,0.262430509724191,0.271855157449252,0.270905253648299,0.159237162188545,0.172787005806565
358,0.45297556976512,0.155233599845476,0.205178843545358,0.176522456496951,0.167772573247934,0.154470991130581
782,0.644967683931748,0.311728055196152,0.284329312589461,0.238904240888872,0.214949882112267,0.162677834203278
757,0.622020658211421,0.258711437790672,0.198798498578782,0.224521889216861,0.203733362812729,0.148143904307162
813,0.638797087949753,0.248659484023583,0.255943411389996,0.242414171861771,0.187010622123131,0.140279459933373
904,0.627323083479833,0.237166246337142,0.288207386188063,0.244185541162083,0.16634019279706,0.155619579790919
812,0.613173084606865,0.252283020211930,0.216509434133377,0.262430509724191,0.162235816543637,0.151897993103576
389,0.446424815327873,0.173309128978783,0.226992939983781,0.148143904307162,0.157597013980819,0.14298348025674
781,0.623788627185174,0.233725581744281,0.193398287644562,0.275669606701894,0.173835068385563,0.185781454960399
404,0.428527399760189,0.169733635746363,0.161362102255135,0.231177046607856,0.140279459933373,0.164940248736627
774,0.658173830133798,0.269956905233921,0.232023448734304,0.269010148553487,0.154470991130581,0.158822198286243
769,0.599875784998553,0.240653643199231,0.248659484023583,0.244185541162083,0.160930368981928,0.163123316426449
735,0.634386284250911,0.252283020211930,0.248659484023583,0.236301613614802,0.161797245314680,0.16357228121085
774,0.648491465815105,0.277585234113443,0.247759640188542,0.267121556704060,0.197424363331222,0.211115838461421
792,0.622904705251892,0.229493730258852,0.266179795115631,0.255943411389996,0.155233599845476,0.140279459933373
791,0.630855615748439,0.289179343702615,0.243298519444439,0.299924552865763,0.172787005806565,0.181605650010004
173,0.53097302992136,0.169237834303805,0.191439626593958,0.194724220966719,0.159655442358187,0.140279459933373
662,0.597212308466731,0.238033800236652,0.211875157547888,0.269010148553487,0.169237834303805,0.140279459933373
387,0.427580548847338,0.201594638931909,0.164940248736627,0.164024746412181,0.172787005806565,0.140279459933373
940,0.649372161207369,0.305818349289740,0.291125967010989,0.297964434643167,0.186394027664835,0.198109430350217
286,0.443610401564419,0.171754154191287,0.196743303664015,0.196066256873814,0.141066417195949,0.140279459933373
729,0.641442262346675,0.228656878414890,0.222891426963376,0.247759640188542,0.172787005806565,0.140279459933373
882,0.647610671197383,0.241532534498303,0.220471637257467,0.26336509235663,0.184568357977156,0.148143904307162
662,0.581200590507501,0.213405068833102,0.224521889216861,0.201594638931909,0.192741366843982,0.210360301592275
760,0.630855615748439,0.238033800236652,0.276626749501763,0.228656878414890,0.183371292540019,0.146237238572002
815,0.627323083479833,0.260567046745838,0.256863984839407,0.244185541162083,0.186394027664835,0.140279459933373
670,0.604311860230174,0.214175622695954,0.223704949036996,0.201594638931909,0.170233153496669,0.161797245314680
831,0.638797087949753,0.298944182722262,0.282396577544332,0.262430509724191,0.185781454960399,0.196066256873814
570,0.533682626160806,0.171754154191287,0.246862287018223,0.14298348025674,0.182778757451073,0.151189670120080
795,0.629972659733243,0.466939252082330,0.41331732873535,0.419987692000204,0.269956905233921,0.214175622695954
232,0.620252184825136,0.173309128978783,0.164480729737195,0.203016510694019,0.145622826217966,0.143840891542185
236,0.595435874427052,0.166814026627726,0.171243398019944,0.214175622695954,0.164940248736627,0.164940248736627
542,0.534585290557682,0.238904240888872,0.229493730258852,0.241532534498303,0.165403320798019,0.177071557205383
768,0.595435874427052,0.208860644258667,0.255024990396885,0.211115838461421,0.155233599845476,0.177071557205383
781,0.623788627185174,0.269010148553487,0.226165913043895,0.285297304030371,0.173835068385563,0.140279459933373
710,0.628206394540431,0.216509434133377,0.211115838461421,0.222081350052879,0.140279459933373,0.173309128978783
872,0.615828741507218,0.249561781327291,0.247759640188542,0.250466494772263,0.199491561253654,0.193398287644562
662,0.612287594171303,0.262430509724191,0.252283020211930,0.240653643199231,0.184568357977156,0.167291481291287
389,0.562445761046978,0.235439936165745,0.238904240888872,0.259638241659144,0.157597013980819,0.144424803121843
853,0.597212308466731,0.269956905233921,0.262430509724191,0.295029198942614,0.203016510694019,0.143840891542185
745,0.640560644506718,0.266179795115631,0.217294683481912,0.269956905233921,0.155233599845476,0.179875784505171
827,0.627323083479833,0.229493730258852,0.244185541162083,0.241532534498303,0.160930368981928,0.140279459933373
910,0.655534316836593,0.244185541162083,0.245967461561916,0.226165913043895,0.140279459933373,0.189517281185082
838,0.642323774366231,0.237166246337142,0.296985336054750,0.214175622695954,0.174364837136968,0.143552645462116
537,0.578526502286961,0.214175622695954,0.200188610986799,0.240653643199231,0.184568357977156,0.167291481291287
824,0.623788627185174,0.279506090033501,0.228656878414890,0.296985336054750,0.168745733831007,0.218083551882790
707,0.652893966371437,0.249561781327291,0.226992939983781,0.201594638931909,0.175977245746161,0.146862120354825
728,0.613173084606865,0.250466494772263,0.250466494772263,0.283362392853609,0.156796455796649,0.140279459933373
758,0.616713692539713,0.234581247743386,0.238033800236652,0.222081350052879,0.160077057692081,0.147497624383717
784,0.649372161207369,0.285297304030371,0.275669606701894,0.259638241659144,0.211115838461421,0.165869963138432
694,0.598100289370352,0.39218977751084,0.316661303992259,0.332468835480985,0.211875157547888,0.140279459933373
147,0.433254223593108,0.140279459933373,0.140279459933373,0.182190212262849,0.151189670120080,0.140279459933373
746,0.626439652176295,0.253194757033311,0.26806502014066,0.269956905233921,0.182190212262849,0.198798498578782
617,0.564235724377818,0.264301525715948,0.300905518027404,0.225342219919308,0.182190212262849,0.173309128978783
406,0.441731771836077,0.159655442358187,0.140279459933373,0.226992939983781,0.140279459933373,0.140279459933373
861,0.633503788623644,0.236301613614802,0.272806580486754,0.211875157547888,0.140279459933373,0.140279459933373
755,0.608744246353995,0.237166246337142,0.187010622123131,0.274713840722163,0.140279459933373,0.170736402643872
613,0.583873056414207,0.245075200706715,0.186394027664835,0.275669606701894,0.140279459933373,0.182190212262849
705,0.600763302119727,0.304834801321944,0.266179795115631,0.312714190948075,0.183371292540019,0.182190212262849
790,0.61494365721071,0.234581247743386,0.221274744825972,0.215727826366646,0.140279459933373,0.140279459933373
706,0.629972659733243,0.243298519444439,0.226165913043895,0.258711437790672,0.156008702799071,0.150148946700048
767,0.62555609967103,0.219672052767678,0.213405068833102,0.249561781327291,0.140279459933373,0.164480729737195
916,0.646729776551258,0.255024990396885,0.215727826366646,0.269010148553487,0.146237238572002,0.158410531669826
697,0.606085249352797,0.287236372741756,0.264301525715948,0.278545025785751,0.172787005806565,0.167772573247934
799,0.606971725447777,0.257786672914962,0.231177046607856,0.280468392646033,0.16634019279706,0.156008702799071
326,0.439851241970584,0.149807763529887,0.185172899926102,0.183967824035887,0.140279459933373,0.140279459933373
733,0.59099197716754,0.228656878414890,0.191439626593958,0.235439936165745,0.144131604573628,0.158822198286243
753,0.61405843859737,0.234581247743386,0.220471637257467,0.262430509724191,0.162235816543637,0.185781454960399
880,0.623788627185174,0.26336509235663,0.225342219919308,0.272806580486754,0.218083551882790,0.140279459933373
712,0.660812526368302,0.250466494772263,0.244185541162083,0.252283020211930,0.157597013980819,0.192741366843982
595,0.623788627185174,0.276626749501763,0.284329312589461,0.266179795115631,0.182778757451073,0.146237238572002
723,0.593658802575914,0.227823271636467,0.258711437790672,0.140279459933373,0.187631241909896,0.182778757451073
710,0.649372161207369,0.236301613614802,0.205178843545358,0.266179795115631,0.158002143279100,0.147497624383717
722,0.606971725447777,0.241532534498303,0.229493730258852,0.211875157547888,0.169237834303805,0.140279459933373
336,0.445487145704544,0.165403320798019,0.172268685450245,0.214175622695954,0.154850743467635,0.175435913518267
913,0.645848781067736,0.322587416871138,0.296985336054750,0.275669606701894,0.198109430350217,0.167291481291287
204,0.583873056414207,0.140279459933373,0.154094323280450,0.244185541162083,0.140279459933373,0.142147774681471
169,0.508293008226672,0.140279459933373,0.161362102255135,0.186394027664835,0.142423961905656,0.158410531669826
746,0.631738455286738,0.231177046607856,0.222081350052879,0.249561781327291,0.140279459933373,0.204454144375473
768,0.617598511353537,0.226992939983781,0.262430509724191,0.209608564537159,0.161797245314680,0.145018731380577
697,0.608744246353995,0.297964434643167,0.299924552865763,0.233725581744281,0.203733362812729,0.178742307944130
331,0.423788147113161,0.165869963138432,0.219672052767678,0.160930368981928,0.140279459933373,0.158002143279100
781,0.630855615748439,0.299924552865763,0.254108759679802,0.281431899695417,0.209608564537159,0.217294683481912
700,0.620252184825136,0.303851718893881,0.272806580486754,0.232023448734304,0.186394027664835,0.168257318749387
699,0.609630293401202,0.258711437790672,0.202303599215116,0.249561781327291,0.185172899926102,0.14298348025674
753,0.598988114480156,0.211115838461421,0.242414171861771,0.226165913043895,0.152982630801945,0.192088479379025
706,0.601650667029677,0.222891426963376,0.228656878414890,0.221274744825972,0.169733635746363,0.154094323280450
808,0.644967683931748,0.258711437790672,0.255943411389996,0.248659484023583,0.144131604573628,0.147497624383717
807,0.619367756469412,0.257786672914962,0.246862287018223,0.255943411389996,0.169237834303805,0.194059239855938
339,0.447362019176649,0.154850743467635,0.167291481291287,0.192741366843982,0.160502026996677,0.180448444205294
719,0.610516199655431,0.226165913043895,0.231177046607856,0.208860644258667,0.159655442358187,0.154470991130581
816,0.613173084606865,0.217294683481912,0.258711437790672,0.216509434133377,0.178742307944130,0.140279459933373
380,0.543597713584787,0.157597013980819,0.188255890082703,0.188884569174318,0.149133866930996,0.155619579790919
363,0.440791745314472,0.187010622123131,0.181025063276694,0.211115838461421,0.140279459933373,0.140279459933373
789,0.640560644506718,0.269010148553487,0.267121556704060,0.255943411389996,0.142147774681471,0.190794809258731
602,0.556174158820723,0.284329312589461,0.267121556704060,0.293075998312143,0.187010622123131,0.180448444205294
730,0.562445761046978,0.211115838461421,0.220471637257467,0.195393227873188,0.154094323280450,0.141602453589765
843,0.633503788623644,0.271855157449252,0.255024990396885,0.286266334773665,0.177071557205383,0.200188610986799
290,0.446424815327873,0.191439626593958,0.179875784505171,0.232872971194181,0.149807763529887,0.210360301592275
851,0.629089586309926,0.23033379664679,0.256863984839407,0.195393227873188,0.160930368981928,0.170233153496669
789,0.631738455286738,0.260567046745838,0.232872971194181,0.26336509235663,0.144720505822661,0.179875784505171
740,0.63703309779987,0.262430509724191,0.255024990396885,0.253194757033311,0.140279459933373,0.140279459933373
850,0.669602528491819,0.281431899695417,0.203016510694019,0.273759486818862,0.156400988328558,0.140279459933373
724,0.592770024376564,0.235439936165745,0.235439936165745,0.157195124574254,0.169733635746363,0.168257318749387
602,0.587433883900336,0.251373586915138,0.251373586915138,0.271855157449252,0.140279459933373,0.187010622123131
716,0.570494126543261,0.232023448734304,0.201594638931909,0.223704949036996,0.192741366843982,0.140279459933373
878,0.644086484322101,0.242414171861771,0.228656878414890,0.272806580486754,0.140279459933373,0.187010622123131
700,0.59099197716754,0.257786672914962,0.209608564537159,0.244185541162083,0.155233599845476,0.199491561253654
967,0.623788627185174,0.253194757033311,0.255024990396885,0.232023448734304,0.189517281185082,0.140279459933373
728,0.620252184825136,0.203016510694019,0.231177046607856,0.215727826366646,0.140279459933373,0.192088479379025
832,0.638797087949753,0.282396577544332,0.240653643199231,0.266179795115631,0.205907447843523,0.164480729737195
755,0.615828741507218,0.266179795115631,0.193398287644562,0.274713840722163,0.209608564537159,0.148471133452426
320,0.444549008408857,0.174898448025698,0.190154027575454,0.208860644258667,0.142423961905656,0.167772573247934
777,0.589213267095234,0.218083551882790,0.225342219919308,0.218083551882790,0.187631241909896,0.142147774681471
664,0.618483198986599,0.222891426963376,0.242414171861771,0.214949882112267,0.161797245314680,0.153350162717428
686,0.611401966215199,0.208860644258667,0.256863984839407,0.174898448025698,0.175435913518267,0.140279459933373
637,0.581200590507501,0.225342219919308,0.276626749501763,0.218876016213984,0.171243398019944,0.140279459933373
751,0.62555609967103,0.255024990396885,0.233725581744281,0.265239772398733,0.185781454960399,0.140279459933373
148,0.442671323317129,0.143840891542185,0.140279459933373,0.190154027575454,0.140279459933373,0.150839880430613
712,0.621136485069615,0.23977753355553,0.208116557082828,0.225342219919308,0.154850743467635,0.178181472416481
881,0.600763302119727,0.232872971194181,0.273759486818862,0.227823271636467,0.146548361254107,0.140279459933373
779,0.620252184825136,0.226992939983781,0.227823271636467,0.236301613614802,0.156008702799071,0.140801836156987
664,0.589213267095234,0.225342219919308,0.218876016213984,0.205178843545358,0.148471133452426,0.149133866930996
786,0.630855615748439,0.242414171861771,0.203016510694019,0.26806502014066,0.159655442358187,0.140279459933373
302,0.438910260048710,0.183967824035887,0.167291481291287,0.232023448734304,0.140279459933373,0.168745733831007
760,0.601650667029677,0.253194757033311,0.224521889216861,0.183967824035887,0.183967824035887,0.145928733232941
756,0.629089586309926,0.265239772398733,0.219672052767678,0.247759640188542,0.140279459933373,0.154470991130581
680,0.604311860230174,0.258711437790672,0.242414171861771,0.292100571713878,0.160930368981928,0.217294683481912
762,0.633503788623644,0.233725581744281,0.219672052767678,0.262430509724191,0.140279459933373,0.160502026996677
825,0.629972659733243,0.232023448734304,0.245075200706715,0.232872971194181,0.156796455796649,0.193398287644562
592,0.615828741507218,0.224521889216861,0.272806580486754,0.160930368981928,0.164940248736627,0.171754154191287
577,0.595435874427052,0.248659484023583,0.23977753355553,0.225342219919308,0.188255890082703,0.183967824035887
659,0.611401966215199,0.236301613614802,0.243298519444439,0.238904240888872,0.143552645462116,0.160502026996677
858,0.663450425192382,0.259638241659144,0.226165913043895,0.281431899695417,0.169733635746363,0.140279459933373
674,0.602537880906253,0.23033379664679,0.229493730258852,0.208116557082828,0.152618104976752,0.140279459933373
266,0.544497573622266,0.158410531669826,0.191439626593958,0.158002143279100,0.167291481291287,0.140279459933373
800,0.586543936638165,0.226992939983781,0.169733635746363,0.215727826366646,0.150148946700048,0.170736402643872
287,0.691543175287256,0.223704949036996,0.164940248736627,0.361034414931008,0.354161056920203,0.215727826366646
874,0.632621179272578,0.254108759679802,0.288207386188063,0.159655442358187,0.191439626593958,0.175977245746161
836,0.626439652176295,0.26336509235663,0.269010148553487,0.247759640188542,0.176522456496951,0.140279459933373
662,0.622904705251892,0.245075200706715,0.218876016213984,0.275669606701894,0.140279459933373,0.157195124574254
716,0.636150937944643,0.271855157449252,0.216509434133377,0.259638241659144,0.168745733831007,0.147497624383717
426,0.470646634478409,0.186394027664835,0.222081350052879,0.214175622695954,0.149133866930996,0.181605650010004
696,0.599875784998553,0.222891426963376,0.192741366843982,0.226165913043895,0.148801114525785,0.146548361254107
721,0.606085249352797,0.226165913043895,0.226992939983781,0.250466494772263,0.156796455796649,0.165403320798019
368,0.451106215483896,0.16357228121085,0.192088479379025,0.167772573247934,0.153720720340875,0.140279459933373
709,0.622904705251892,0.241532534498303,0.218083551882790,0.215727826366646,0.158002143279100,0.152618104976752
802,0.593658802575914,0.228656878414890,0.23033379664679,0.195393227873188,0.187010622123131,0.142702524367706
781,0.633503788623644,0.241532534498303,0.236301613614802,0.222891426963376,0.185781454960399,0.165403320798019
682,0.621136485069615,0.244185541162083,0.218876016213984,0.26806502014066,0.162235816543637,0.147178535004063
793,0.622020658211421,0.232023448734304,0.224521889216861,0.200188610986799,0.142423961905656,0.159655442358187
770,0.62555609967103,0.256863984839407,0.264301525715948,0.211115838461421,0.181605650010004,0.140279459933373
707,0.603424944919196,0.232023448734304,0.214949882112267,0.241532534498303,0.171754154191287,0.147178535004063
618,0.562445761046978,0.259638241659144,0.216509434133377,0.235439936165745,0.140279459933373,0.188255890082703
793,0.656414246618719,0.285297304030371,0.246862287018223,0.188255890082703,0.187010622123131,0.162677834203278
539,0.611401966215199,0.255024990396885,0.245075200706715,0.332468835480985,0.223704949036996,0.218083551882790
729,0.61405843859737,0.222081350052879,0.23033379664679,0.231177046607856,0.144720505822661,0.140279459933373
790,0.593658802575914,0.261497815323131,0.272806580486754,0.241532534498303,0.211875157547888,0.201594638931909
738,0.624672424998259,0.250466494772263,0.222891426963376,0.190154027575454,0.178181472416481,0.199491561253654
150,0.437968797820157,0.140279459933373,0.183967824035887,0.213405068833102,0.140279459933373,0.171754154191287
772,0.647610671197383,0.248659484023583,0.240653643199231,0.216509434133377,0.164940248736627,0.140279459933373
410,0.461365530470573,0.174364837136968,0.204454144375473,0.206639944148685,0.140279459933373,0.190154027575454
853,0.653774177471793,0.227823271636467,0.210360301592275,0.242414171861771,0.140801836156987,0.167772573247934
857,0.663450425192382,0.281431899695417,0.244185541162083,0.297964434643167,0.140279459933373,0.205178843545358
685,0.610516199655431,0.240653643199231,0.249561781327291,0.218876016213984,0.16357228121085,0.145018731380577
754,0.644967683931748,0.257786672914962,0.238033800236652,0.264301525715948,0.177624558944457,0.183371292540019
674,0.61405843859737,0.26336509235663,0.209608564537159,0.248659484023583,0.194724220966719,0.192088479379025
784,0.622904705251892,0.245075200706715,0.208860644258667,0.258711437790672,0.140279459933373,0.179875784505171
803,0.610516199655431,0.261497815323131,0.256863984839407,0.235439936165745,0.168745733831007,0.140279459933373
600,0.607858057407542,0.223704949036996,0.187010622123131,0.209608564537159,0.165869963138432,0.155619579790919
190,0.588323660284695,0.287236372741756,0.26336509235663,0.301887051542692,0.198798498578782,0.187010622123131
769,0.626439652176295,0.254108759679802,0.231177046607856,0.195393227873188,0.181025063276694,0.176522456496951
807,0.634386284250911,0.250466494772263,0.255943411389996,0.232023448734304,0.161797245314680,0.140279459933373
733,0.65113325749733,0.226992939983781,0.210360301592275,0.248659484023583,0.154850743467635,0.162235816543637
709,0.624672424998259,0.236301613614802,0.246862287018223,0.23033379664679,0.145319498566922,0.158410531669826
353,0.448298759169222,0.171754154191287,0.157195124574254,0.210360301592275,0.140279459933373,0.140279459933373
567,0.566024855998128,0.259638241659144,0.255943411389996,0.210360301592275,0.172268685450245,0.149469410107982
191,0.482650905054512,0.566919113760625,0.536389829011528,0.487250452013843,0.385415796280043,0.261497815323131
801,0.627323083479833,0.245967461561916,0.277585234113443,0.211875157547888,0.203016510694019,0.140279459933373
679,0.641442262346675,0.238033800236652,0.222891426963376,0.194059239855938,0.158822198286243,0.169237834303805
739,0.639678919993987,0.280468392646033,0.281431899695417,0.267121556704060,0.179307075461499,0.201594638931909
835,0.631738455286738,0.238033800236652,0.251373586915138,0.245967461561916,0.170736402643872,0.173309128978783
809,0.610516199655431,0.264301525715948,0.228656878414890,0.237166246337142,0.173835068385563,0.205907447843523
155,0.447362019176649,0.177624558944457,0.170736402643872,0.190794809258731,0.151897993103576,0.141333283747465
630,0.598100289370352,0.194724220966719,0.194059239855938,0.280468392646033,0.152618104976752,0.16357228121085
253,0.474347434968947,0.168257318749387,0.170736402643872,0.218083551882790,0.156400988328558,0.146548361254107
678,0.645848781067736,0.293075998312143,0.233725581744281,0.267121556704060,0.188884569174318,0.167772573247934
905,0.644086484322101,0.26806502014066,0.255024990396885,0.254108759679802,0.152618104976752,0.205907447843523
746,0.606971725447777,0.221274744825972,0.204454144375473,0.204454144375473,0.193398287644562,0.178181472416481
690,0.629972659733243,0.229493730258852,0.176522456496951,0.245967461561916,0.146862120354825,0.160930368981928
896,0.660812526368302,0.281431899695417,0.296006914761259,0.231177046607856,0.214949882112267,0.164024746412181
943,0.66608754581422,0.297964434643167,0.295029198942614,0.315674182764382,0.140801836156987,0.173309128978783
773,0.599875784998553,0.218876016213984,0.229493730258852,0.241532534498303,0.171243398019944,0.172268685450245
665,0.609630293401202,0.250466494772263,0.270905253648299,0.26336509235663,0.224521889216861,0.160077057692081
660,0.632621179272578,0.226165913043895,0.225342219919308,0.259638241659144,0.140279459933373,0.140801836156987
714,0.641442262346675,0.304834801321944,0.278545025785751,0.293075998312143,0.150148946700048,0.187631241909896
691,0.61494365721071,0.204454144375473,0.229493730258852,0.196066256873814,0.181605650010004,0.143266847840142
169,0.524641044535778,0.155619579790919,0.200889639762023,0.16634019279706,0.140279459933373,0.140279459933373
730,0.604311860230174,0.286266334773665,0.257786672914962,0.284329312589461,0.167291481291287,0.140279459933373
750,0.615828741507218,0.267121556704060,0.266179795115631,0.306802338059224,0.140279459933373,0.143266847840142
813,0.675750628954486,0.260567046745838,0.290152214217331,0.214949882112267,0.162235816543637,0.157597013980819
889,0.642323774366231,0.261497815323131,0.23977753355553,0.233725581744281,0.140279459933373,0.178742307944130
730,0.585653817185493,0.241532534498303,0.26336509235663,0.203016510694019,0.156008702799071,0.140279459933373
310,0.451106215483896,0.196066256873814,0.157195124574254,0.238904240888872,0.140279459933373,0.144424803121843
788,0.606971725447777,0.218083551882790,0.192088479379025,0.265239772398733,0.140279459933373,0.187631241909896
881,0.612287594171303,0.350225945404854,0.308771540986705,0.301887051542692,0.178742307944130,0.150148946700048
780,0.632621179272578,0.280468392646033,0.232023448734304,0.252283020211930,0.157195124574254,0.168745733831007
322,0.613173084606865,0.265239772398733,0.140279459933373,0.572280442910804,0.628206394540431,0.467866722440866
893,0.619367756469412,0.256863984839407,0.255024990396885,0.214175622695954,0.146548361254107,0.187010622123131
785,0.620252184825136,0.248659484023583,0.235439936165745,0.301887051542692,0.140279459933373,0.140279459933373
863,0.660812526368302,0.265239772398733,0.256863984839407,0.246862287018223,0.167291481291287,0.140279459933373
833,0.600763302119727,0.23033379664679,0.267121556704060,0.220471637257467,0.186394027664835,0.155233599845476
763,0.622020658211421,0.258711437790672,0.187010622123131,0.247759640188542,0.145622826217966,0.184568357977156
645,0.599875784998553,0.218083551882790,0.227823271636467,0.236301613614802,0.141333283747465,0.159655442358187
971,0.646729776551258,0.269010148553487,0.252283020211930,0.255024990396885,0.165403320798019,0.142702524367706
188,0.56334084744967,0.160930368981928,0.203733362812729,0.193398287644562,0.140279459933373,0.188255890082703
170,0.53097302992136,0.140279459933373,0.202303599215116,0.198109430350217,0.157597013980819,0.140279459933373
783,0.62555609967103,0.23033379664679,0.264301525715948,0.233725581744281,0.140279459933373,0.151542367809210
689,0.588323660284695,0.331480818156256,0.305818349289740,0.280468392646033,0.221274744825972,0.205178843545358
726,0.618483198986599,0.235439936165745,0.23977753355553,0.214175622695954,0.179307075461499,0.140279459933373
605,0.593658802575914,0.202303599215116,0.217294683481912,0.228656878414890,0.140279459933373,0.158002143279100
800,0.582982412426427,0.226992939983781,0.23977753355553,0.248659484023583,0.160930368981928,0.209608564537159
668,0.59099197716754,0.254108759679802,0.240653643199231,0.276626749501763,0.164480729737195,0.179875784505171
705,0.613173084606865,0.269010148553487,0.275669606701894,0.26336509235663,0.215727826366646,0.155619579790919
621,0.681017412481438,0.217294683481912,0.252283020211930,0.238033800236652,0.153350162717428,0.164024746412181
801,0.622020658211421,0.246862287018223,0.208860644258667,0.252283020211930,0.197424363331222,0.168745733831007
818,0.620252184825136,0.233725581744281,0.228656878414890,0.225342219919308,0.194059239855938,0.167291481291287
724,0.615828741507218,0.214175622695954,0.238033800236652,0.212638240623736,0.152982630801945,0.205907447843523
578,0.61494365721071,0.232872971194181,0.252283020211930,0.194059239855938,0.190154027575454,0.177071557205383
327,0.634386284250911,0.253194757033311,0.237166246337142,0.311728055196152,0.311728055196152,0.241532534498303
828,0.638797087949753,0.288207386188063,0.265239772398733,0.283362392853609,0.157195124574254,0.183371292540019
820,0.622020658211421,0.35612665264182,0.365932579194558,0.303851718893881,0.226165913043895,0.187010622123131
834,0.642323774366231,0.280468392646033,0.291125967010989,0.222891426963376,0.151542367809210,0.198109430350217
916,0.644086484322101,0.270905253648299,0.269956905233921,0.256863984839407,0.174364837136968,0.163123316426449
757,0.645848781067736,0.253194757033311,0.238033800236652,0.258711437790672,0.141873944585676,0.201594638931909
452,0.446424815327873,0.167291481291287,0.169733635746363,0.192088479379025,0.140279459933373,0.190154027575454
727,0.596324170558622,0.249561781327291,0.249561781327291,0.23033379664679,0.146237238572002,0.140279459933373
718,0.59454741884471,0.222081350052879,0.214175622695954,0.218083551882790,0.189517281185082,0.157597013980819
834,0.670481068306923,0.314687276192053,0.307786743279463,0.275669606701894,0.175435913518267,0.155619579790919
611,0.61405843859737,0.240653643199231,0.192741366843982,0.243298519444439,0.154470991130581,0.170233153496669
693,0.629972659733243,0.229493730258852,0.236301613614802,0.222891426963376,0.140801836156987,0.168745733831007
658,0.598988114480156,0.288207386188063,0.265239772398733,0.272806580486754,0.189517281185082,0.140279459933373
685,0.61405843859737,0.26336509235663,0.225342219919308,0.266179795115631,0.152982630801945,0.183371292540019
792,0.61405843859737,0.259638241659144,0.213405068833102,0.274713840722163,0.152982630801945,0.184568357977156
901,0.65201365997105,0.259638241659144,0.255943411389996,0.234581247743386,0.172268685450245,0.153350162717428
659,0.608744246353995,0.247759640188542,0.220471637257467,0.262430509724191,0.176522456496951,0.160502026996677
886,0.608744246353995,0.226165913043895,0.232872971194181,0.254108759679802,0.145319498566922,0.179307075461499
879,0.630855615748439,0.248659484023583,0.232872971194181,0.258711437790672,0.147497624383717,0.140539522938054
644,0.624672424998259,0.254108759679802,0.254108759679802,0.203733362812729,0.151189670120080,0.141873944585676
757,0.627323083479833,0.226165913043895,0.218083551882790,0.232872971194181,0.165869963138432,0.148471133452426
307,0.644967683931748,0.194724220966719,0.149469410107982,0.224521889216861,0.140279459933373,0.156796455796649
792,0.637915147508898,0.261497815323131,0.214949882112267,0.264301525715948,0.159237162188545,0.181605650010004
780,0.606085249352797,0.219672052767678,0.224521889216861,0.256863984839407,0.140279459933373,0.153350162717428
766,0.630855615748439,0.257786672914962,0.238033800236652,0.255024990396885,0.16357228121085,0.163123316426449
378,0.422838791105066,0.174898448025698,0.238904240888872,0.154850743467635,0.145018731380577,0.195393227873188
869,0.626439652176295,0.293075998312143,0.275669606701894,0.257786672914962,0.203016510694019,0.190794809258731
282,0.419036311953547,0.140279459933373,0.217294683481912,0.142702524367706,0.165403320798019,0.140279459933373
717,0.637915147508898,0.249561781327291,0.215727826366646,0.281431899695417,0.165869963138432,0.140279459933373
390,0.446424815327873,0.183967824035887,0.146548361254107,0.226165913043895,0.140279459933373,0.141333283747465
592,0.65201365997105,0.243298519444439,0.238033800236652,0.300905518027404,0.159655442358187,0.182778757451073
860,0.608744246353995,0.257786672914962,0.182778757451073,0.274713840722163,0.165403320798019,0.215727826366646
823,0.640560644506718,0.227823271636467,0.266179795115631,0.198109430350217,0.167291481291287,0.153720720340875
716,0.622904705251892,0.248659484023583,0.232023448734304,0.253194757033311,0.192741366843982,0.150492979148870
612,0.610516199655431,0.259638241659144,0.241532534498303,0.246862287018223,0.160077057692081,0.144131604573628
752,0.648491465815105,0.232872971194181,0.267121556704060,0.245075200706715,0.185172899926102,0.178742307944130
931,0.654654294039608,0.264301525715948,0.207376318697083,0.280468392646033,0.140279459933373,0.202303599215116
822,0.642323774366231,0.301887051542692,0.255943411389996,0.285297304030371,0.183967824035887,0.182778757451073
753,0.600763302119727,0.295029198942614,0.289179343702615,0.275669606701894,0.190794809258731,0.174898448025698
756,0.609630293401202,0.231177046607856,0.210360301592275,0.279506090033501,0.142147774681471,0.147819407725247
763,0.610516199655431,0.211115838461421,0.204454144375473,0.213405068833102,0.166814026627726,0.151189670120080
698,0.585653817185493,0.261497815323131,0.23033379664679,0.205178843545358,0.171754154191287,0.174364837136968
574,0.557967132030868,0.257786672914962,0.260567046745838,0.208860644258667,0.174364837136968,0.159655442358187
894,0.617598511353537,0.330492731245164,0.332468835480985,0.318636108753548,0.222081350052879,0.220471637257467
706,0.629972659733243,0.262430509724191,0.227823271636467,0.210360301592275,0.182190212262849,0.152982630801945
235,0.471572446139952,0.151189670120080,0.153350162717428,0.229493730258852,0.140279459933373,0.140279459933373
723,0.616713692539713,0.267121556704060,0.23977753355553,0.245075200706715,0.191439626593958,0.144720505822661
851,0.641442262346675,0.279506090033501,0.279506090033501,0.200188610986799,0.183371292540019,0.16357228121085
730,0.644967683931748,0.238033800236652,0.248659484023583,0.23977753355553,0.188884569174318,0.195393227873188
818,0.629089586309926,0.276626749501763,0.247759640188542,0.280468392646033,0.188884569174318,0.174364837136968
690,0.585653817185493,0.267121556704060,0.309756707604237,0.198798498578782,0.182778757451073,0.180448444205294
828,0.639678919993987,0.261497815323131,0.187010622123131,0.258711437790672,0.190794809258731,0.140279459933373
688,0.62555609967103,0.259638241659144,0.269956905233921,0.200188610986799,0.200889639762023,0.194059239855938
832,0.658173830133798,0.262430509724191,0.215727826366646,0.250466494772263,0.153350162717428,0.162677834203278
705,0.628206394540431,0.240653643199231,0.260567046745838,0.258711437790672,0.185172899926102,0.140279459933373
758,0.619367756469412,0.26806502014066,0.222081350052879,0.264301525715948,0.185172899926102,0.182190212262849
492,0.442671323317129,0.182778757451073,0.143840891542185,0.195393227873188,0.141873944585676,0.177071557205383
685,0.664329550930648,0.282396577544332,0.266179795115631,0.305818349289740,0.169733635746363,0.179307075461499
305,0.409494432911366,0.154470991130581,0.140279459933373,0.214949882112267,0.161797245314680,0.161797245314680
860,0.682772413069105,0.252283020211930,0.199491561253654,0.269956905233921,0.145622826217966,0.205178843545358
662,0.574958463059337,0.224521889216861,0.220471637257467,0.207376318697083,0.165869963138432,0.140279459933373
643,0.62555609967103,0.241532534498303,0.204454144375473,0.248659484023583,0.180448444205294,0.195393227873188
734,0.620252184825136,0.245075200706715,0.252283020211930,0.242414171861771,0.179875784505171,0.245967461561916
795,0.622020658211421,0.248659484023583,0.251373586915138,0.261497815323131,0.175977245746161,0.157597013980819
806,0.630855615748439,0.259638241659144,0.26806502014066,0.151189670120080,0.172268685450245,0.198798498578782
713,0.583873056414207,0.256863984839407,0.208116557082828,0.198109430350217,0.179307075461499,0.158410531669826
679,0.626439652176295,0.252283020211930,0.200889639762023,0.282396577544332,0.140801836156987,0.178742307944130
785,0.608744246353995,0.224521889216861,0.199491561253654,0.274713840722163,0.161362102255135,0.202303599215116
146,0.425685350085428,0.140279459933373,0.168257318749387,0.200889639762023,0.140279459933373,0.178181472416481
802,0.611401966215199,0.224521889216861,0.246862287018223,0.162235816543637,0.173309128978783,0.146862120354825
786,0.55975922935761,0.293075998312143,0.256863984839407,0.209608564537159,0.187010622123131,0.140279459933373
907,0.704687005870158,0.313700605163659,0.338394673319409,0.385415796280043,0.305818349289740,0.140279459933373
732,0.643205181411445,0.273759486818862,0.278545025785751,0.264301525715948,0.170736402643872,0.171754154191287
565,0.629089586309926,0.227823271636467,0.232023448734304,0.242414171861771,0.167291481291287,0.164940248736627
734,0.630855615748439,0.210360301592275,0.232023448734304,0.180448444205294,0.163123316426449,0.187631241909896
744,0.608744246353995,0.205907447843523,0.223704949036996,0.229493730258852,0.164480729737195,0.142423961905656
783,0.605198627992826,0.232872971194181,0.229493730258852,0.272806580486754,0.142702524367706,0.144131604573628
687,0.606971725447777,0.264301525715948,0.256863984839407,0.220471637257467,0.155619579790919,0.147497624383717
668,0.597212308466731,0.289179343702615,0.310742219942023,0.271855157449252,0.181605650010004,0.183967824035887
685,0.611401966215199,0.243298519444439,0.210360301592275,0.260567046745838,0.140279459933373,0.161797245314680
723,0.592770024376564,0.260567046745838,0.227823271636467,0.203016510694019,0.171754154191287,0.145622826217966
798,0.613173084606865,0.228656878414890,0.191439626593958,0.249561781327291,0.178742307944130,0.187631241909896
796,0.621136485069615,0.306802338059224,0.284329312589461,0.346286080835727,0.222081350052879,0.176522456496951
768,0.630855615748439,0.236301613614802,0.205178843545358,0.246862287018223,0.151897993103576,0.192088479379025
722,0.624672424998259,0.276626749501763,0.269010148553487,0.242414171861771,0.177624558944457,0.177071557205383
657,0.627323083479833,0.246862287018223,0.210360301592275,0.211115838461421,0.188884569174318,0.140279459933373
721,0.62555609967103,0.260567046745838,0.234581247743386,0.228656878414890,0.160930368981928,0.149133866930996
609,0.570494126543261,0.194724220966719,0.243298519444439,0.217294683481912,0.140279459933373,0.151897993103576
659,0.579418047575081,0.289179343702615,0.220471637257467,0.281431899695417,0.177071557205383,0.174898448025698
809,0.641442262346675,0.261497815323131,0.236301613614802,0.255943411389996,0.168745733831007,0.140279459933373
183,0.550789853506805,0.140279459933373,0.192088479379025,0.197424363331222,0.140279459933373,0.162677834203278
865,0.644967683931748,0.258711437790672,0.243298519444439,0.238033800236652,0.152256565618780,0.187010622123131
750,0.631738455286738,0.233725581744281,0.183967824035887,0.287236372741756,0.151189670120080,0.158410531669826
702,0.605198627992826,0.300905518027404,0.283362392853609,0.259638241659144,0.200188610986799,0.190154027575454
902,0.638797087949753,0.214175622695954,0.257786672914962,0.204454144375473,0.162235816543637,0.203733362812729
753,0.626439652176295,0.245075200706715,0.175977245746161,0.296006914761259,0.172787005806565,0.140279459933373
789,0.599875784998553,0.238904240888872,0.222081350052879,0.244185541162083,0.208860644258667,0.151189670120080
705,0.601650667029677,0.245967461561916,0.250466494772263,0.216509434133377,0.158410531669826,0.155619579790919
700,0.612287594171303,0.222081350052879,0.245967461561916,0.237166246337142,0.150492979148870,0.140279459933373
732,0.63703309779987,0.264301525715948,0.222891426963376,0.264301525715948,0.140279459933373,0.140279459933373
707,0.607858057407542,0.218876016213984,0.209608564537159,0.257786672914962,0.140279459933373,0.141602453589765
320,0.446424815327873,0.168257318749387,0.228656878414890,0.181605650010004,0.149133866930996,0.140279459933373
674,0.620252184825136,0.208860644258667,0.224521889216861,0.284329312589461,0.140279459933373,0.160930368981928
843,0.61405843859737,0.248659484023583,0.197424363331222,0.256863984839407,0.140279459933373,0.185172899926102
715,0.630855615748439,0.229493730258852,0.238904240888872,0.232872971194181,0.152256565618780,0.165869963138432
790,0.616713692539713,0.275669606701894,0.244185541162083,0.236301613614802,0.177071557205383,0.157597013980819
840,0.611401966215199,0.262430509724191,0.214175622695954,0.198798498578782,0.180448444205294,0.140279459933373
776,0.619367756469412,0.307786743279463,0.295029198942614,0.289179343702615,0.182778757451073,0.183967824035887
730,0.634386284250911,0.262430509724191,0.222891426963376,0.222081350052879,0.189517281185082,0.140279459933373
763,0.630855615748439,0.23977753355553,0.225342219919308,0.193398287644562,0.142702524367706,0.16357228121085
731,0.628206394540431,0.254108759679802,0.307786743279463,0.255024990396885,0.215727826366646,0.166814026627726
271,0.453909567952752,0.234581247743386,0.205178843545358,0.200188610986799,0.214949882112267,0.236301613614802
718,0.598100289370352,0.225342219919308,0.240653643199231,0.181605650010004,0.183371292540019,0.169733635746363
817,0.647610671197383,0.241532534498303,0.249561781327291,0.203016510694019,0.181025063276694,0.141602453589765
790,0.627323083479833,0.357108931824631,0.347271459448055,0.344314559496454,0.246862287018223,0.245075200706715
517,0.418084423539314,0.177071557205383,0.198109430350217,0.154850743467635,0.140801836156987,0.177624558944457
925,0.61494365721071,0.271855157449252,0.270905253648299,0.253194757033311,0.155233599845476,0.243298519444439
762,0.624672424998259,0.225342219919308,0.231177046607856,0.206639944148685,0.175977245746161,0.151189670120080
380,0.436084425669404,0.186394027664835,0.159655442358187,0.173835068385563,0.140279459933373,0.169237834303805
355,0.441731771836077,0.208116557082828,0.206639944148685,0.194724220966719,0.174364837136968,0.143552645462116
772,0.622020658211421,0.215727826366646,0.231177046607856,0.214949882112267,0.167291481291287,0.171754154191287
680,0.623788627185174,0.188255890082703,0.217294683481912,0.256863984839407,0.158822198286243,0.140279459933373
878,0.65113325749733,0.238904240888872,0.240653643199231,0.222081350052879,0.194059239855938,0.196743303664015
762,0.646729776551258,0.23977753355553,0.271855157449252,0.218876016213984,0.160502026996677,0.163123316426449
585,0.581200590507501,0.309756707604237,0.310742219942023,0.289179343702615,0.189517281185082,0.166814026627726
702,0.630855615748439,0.256863984839407,0.246862287018223,0.23033379664679,0.188884569174318,0.140279459933373
825,0.622020658211421,0.295029198942614,0.256863984839407,0.286266334773665,0.167772573247934,0.145928733232941
154,0.455776216619560,0.140279459933373,0.177071557205383,0.205907447843523,0.144720505822661,0.141873944585676
480,0.454843116219575,0.179875784505171,0.166814026627726,0.220471637257467,0.146237238572002,0.141873944585676
473,0.486331294331022,0.224521889216861,0.210360301592275,0.198109430350217,0.162235816543637,0.141873944585676
707,0.601650667029677,0.243298519444439,0.264301525715948,0.240653643199231,0.141333283747465,0.164024746412181
739,0.640560644506718,0.259638241659144,0.228656878414890,0.262430509724191,0.182190212262849,0.140279459933373
701,0.63703309779987,0.242414171861771,0.246862287018223,0.163123316426449,0.155233599845476,0.147819407725247
243,0.610516199655431,0.169237834303805,0.174898448025698,0.182778757451073,0.140279459933373,0.147497624383717
787,0.609630293401202,0.224521889216861,0.242414171861771,0.164940248736627,0.159655442358187,0.140279459933373
847,0.63703309779987,0.341355528691973,0.298944182722262,0.274713840722163,0.188884569174318,0.165869963138432
954,0.628206394540431,0.26336509235663,0.240653643199231,0.276626749501763,0.182190212262849,0.196743303664015
720,0.620252184825136,0.218876016213984,0.199491561253654,0.249561781327291,0.177071557205383,0.156400988328558
725,0.613173084606865,0.243298519444439,0.192088479379025,0.303851718893881,0.145319498566922,0.153720720340875
730,0.606971725447777,0.226165913043895,0.233725581744281,0.254108759679802,0.155619579790919,0.170736402643872
742,0.602537880906253,0.241532534498303,0.207376318697083,0.238033800236652,0.145622826217966,0.171754154191287
667,0.574065981658382,0.222891426963376,0.173835068385563,0.258711437790672,0.143266847840142,0.190794809258731
201,0.585653817185493,0.158822198286243,0.140279459933373,0.179875784505171,0.150148946700048,0.149133866930996
601,0.618483198986599,0.281431899695417,0.242414171861771,0.274713840722163,0.190794809258731,0.190154027575454
720,0.596324170558622,0.206639944148685,0.219672052767678,0.224521889216861,0.155619579790919,0.192741366843982
700,0.584763524220902,0.193398287644562,0.232023448734304,0.198798498578782,0.154470991130581,0.140279459933373
760,0.592770024376564,0.26806502014066,0.257786672914962,0.234581247743386,0.183371292540019,0.140279459933373
293,0.485411763012758,0.171754154191287,0.170233153496669,0.227823271636467,0.154470991130581,0.173309128978783
832,0.652893966371437,0.249561781327291,0.260567046745838,0.236301613614802,0.188884569174318,0.177624558944457
323,0.578526502286961,0.261497815323131,0.260567046745838,0.232023448734304,0.160930368981928,0.151897993103576
314,0.466939252082330,0.164480729737195,0.165403320798019,0.226992939983781,0.140279459933373,0.205178843545358
822,0.622904705251892,0.293075998312143,0.245967461561916,0.262430509724191,0.152618104976752,0.186394027664835
365,0.443610401564419,0.175977245746161,0.197424363331222,0.165869963138432,0.140279459933373,0.140279459933373
1008,0.607858057407542,0.269010148553487,0.207376318697083,0.304834801321944,0.177624558944457,0.172787005806565
880,0.68364980472056,0.339381807952053,0.282396577544332,0.315674182764382,0.237166246337142,0.240653643199231
915,0.652893966371437,0.286266334773665,0.284329312589461,0.258711437790672,0.190154027575454,0.140279459933373
772,0.615828741507218,0.256863984839407,0.217294683481912,0.265239772398733,0.167772573247934,0.154850743467635
633,0.598100289370352,0.237166246337142,0.238904240888872,0.205907447843523,0.173835068385563,0.184568357977156
774,0.59454741884471,0.218876016213984,0.224521889216861,0.202303599215116,0.158002143279100,0.140279459933373
182,0.536389829011528,0.160930368981928,0.183371292540019,0.164480729737195,0.164480729737195,0.140279459933373
814,0.58209159090975,0.236301613614802,0.246862287018223,0.205907447843523,0.158002143279100,0.164024746412181
356,0.448298759169222,0.162235816543637,0.163123316426449,0.200188610986799,0.151897993103576,0.175977245746161
683,0.598100289370352,0.242414171861771,0.211115838461421,0.276626749501763,0.201594638931909,0.154470991130581
654,0.589213267095234,0.206639944148685,0.208860644258667,0.219672052767678,0.140279459933373,0.140279459933373
792,0.626439652176295,0.235439936165745,0.23033379664679,0.246862287018223,0.157597013980819,0.187631241909896
759,0.619367756469412,0.286266334773665,0.269956905233921,0.299924552865763,0.155619579790919,0.190794809258731
759,0.615828741507218,0.258711437790672,0.273759486818862,0.271855157449252,0.169237834303805,0.178181472416481
262,0.63703309779987,0.146548361254107,0.175977245746161,0.203733362812729,0.140279459933373,0.178742307944130
781,0.615828741507218,0.249561781327291,0.206639944148685,0.269010148553487,0.141602453589765,0.140279459933373
757,0.603424944919196,0.225342219919308,0.219672052767678,0.216509434133377,0.181025063276694,0.177624558944457
761,0.639678919993987,0.242414171861771,0.223704949036996,0.26336509235663,0.140279459933373,0.196743303664015
742,0.587433883900336,0.228656878414890,0.218083551882790,0.213405068833102,0.140279459933373,0.171243398019944
800,0.572280442910804,0.273759486818862,0.157195124574254,0.427580548847338,0.477118801080669,0.304834801321944
752,0.61405843859737,0.250466494772263,0.234581247743386,0.269010148553487,0.177071557205383,0.173309128978783
842,0.581200590507501,0.258711437790672,0.251373586915138,0.247759640188542,0.169237834303805,0.154094323280450
607,0.608744246353995,0.234581247743386,0.227823271636467,0.280468392646033,0.140279459933373,0.162677834203278
165,0.507381840049532,0.145928733232941,0.189517281185082,0.170233153496669,0.164024746412181,0.141602453589765
830,0.646729776551258,0.255943411389996,0.253194757033311,0.189517281185082,0.151542367809210,0.176522456496951
728,0.629089586309926,0.296006914761259,0.281431899695417,0.290152214217331,0.214175622695954,0.154094323280450
797,0.631738455286738,0.240653643199231,0.205907447843523,0.245967461561916,0.146237238572002,0.157195124574254
715,0.627323083479833,0.245967461561916,0.234581247743386,0.222891426963376,0.172787005806565,0.162235816543637
830,0.629089586309926,0.236301613614802,0.237166246337142,0.252283020211930,0.189517281185082,0.161362102255135
742,0.598988114480156,0.249561781327291,0.225342219919308,0.254108759679802,0.151189670120080,0.174364837136968
209,0.422838791105066,0.140279459933373,0.169237834303805,0.200188610986799,0.140279459933373,0.140279459933373
692,0.616713692539713,0.254108759679802,0.238033800236652,0.26336509235663,0.169733635746363,0.178181472416481
849,0.642323774366231,0.245967461561916,0.259638241659144,0.226165913043895,0.193398287644562,0.175977245746161
678,0.579418047575081,0.288207386188063,0.282396577544332,0.262430509724191,0.211115838461421,0.151897993103576
806,0.617598511353537,0.258711437790672,0.23977753355553,0.289179343702615,0.16634019279706,0.160502026996677
742,0.643205181411445,0.281431899695417,0.266179795115631,0.280468392646033,0.165403320798019,0.140279459933373
309,0.434198112267997,0.158822198286243,0.193398287644562,0.211875157547888,0.152256565618780,0.153720720340875
885,0.695049586089508,0.320611530912211,0.353177756395209,0.366910990862085,0.213405068833102,0.196743303664015
697,0.624672424998259,0.260567046745838,0.255943411389996,0.174898448025698,0.159237162188545,0.146548361254107
661,0.670481068306923,0.308771540986705,0.308771540986705,0.265239772398733,0.187631241909896,0.148143904307162
476,0.637915147508898,0.272806580486754,0.245075200706715,0.282396577544332,0.209608564537159,0.140279459933373
692,0.612287594171303,0.220471637257467,0.195393227873188,0.242414171861771,0.140279459933373,0.160502026996677
201,0.57763477259731,0.140279459933373,0.181025063276694,0.208860644258667,0.140279459933373,0.149807763529887
232,0.65201365997105,0.202303599215116,0.202303599215116,0.341355528691973,0.349241401529061,0.228656878414890
178,0.549891666487745,0.140279459933373,0.143552645462116,0.208860644258667,0.154094323280450,0.140279459933373
787,0.650252758171119,0.231177046607856,0.260567046745838,0.170233153496669,0.176522456496951,0.161797245314680
756,0.645848781067736,0.237166246337142,0.264301525715948,0.222081350052879,0.157597013980819,0.16634019279706
840,0.626439652176295,0.260567046745838,0.252283020211930,0.267121556704060,0.168257318749387,0.156400988328558
367,0.440791745314472,0.168745733831007,0.177071557205383,0.23033379664679,0.148471133452426,0.140279459933373
694,0.609630293401202,0.232023448734304,0.244185541162083,0.240653643199231,0.140279459933373,0.182190212262849
653,0.601650667029677,0.241532534498303,0.262430509724191,0.190794809258731,0.170736402643872,0.140279459933373
706,0.624672424998259,0.260567046745838,0.259638241659144,0.272806580486754,0.175977245746161,0.181025063276694
228,0.595435874427052,0.147497624383717,0.154094323280450,0.227823271636467,0.140279459933373,0.184568357977156
747,0.618483198986599,0.241532534498303,0.214949882112267,0.251373586915138,0.151897993103576,0.144424803121843
805,0.622904705251892,0.227823271636467,0.171243398019944,0.262430509724191,0.163123316426449,0.154850743467635
730,0.619367756469412,0.232872971194181,0.214949882112267,0.249561781327291,0.158410531669826,0.148471133452426
722,0.617598511353537,0.238904240888872,0.205178843545358,0.285297304030371,0.149807763529887,0.16634019279706
688,0.608744246353995,0.247759640188542,0.216509434133377,0.196066256873814,0.159237162188545,0.164480729737195
296,0.436084425669404,0.175435913518267,0.180448444205294,0.216509434133377,0.151897993103576,0.140279459933373
178,0.547195695509664,0.158410531669826,0.153350162717428,0.226992939983781,0.143266847840142,0.173835068385563
728,0.590102705627282,0.232023448734304,0.265239772398733,0.188884569174318,0.154470991130581,0.203016510694019
689,0.602537880906253,0.238904240888872,0.163123316426449,0.258711437790672,0.140279459933373,0.163123316426449
794,0.615828741507218,0.255024990396885,0.190794809258731,0.32159942528535,0.314687276192053,0.242414171861771
733,0.619367756469412,0.251373586915138,0.183967824035887,0.219672052767678,0.194059239855938,0.180448444205294
956,0.666966416344732,0.251373586915138,0.26336509235663,0.216509434133377,0.197424363331222,0.212638240623736
879,0.617598511353537,0.243298519444439,0.246862287018223,0.246862287018223,0.167291481291287,0.148801114525785
423,0.44923503724365,0.160502026996677,0.168745733831007,0.194059239855938,0.14298348025674,0.16357228121085
712,0.603424944919196,0.276626749501763,0.26806502014066,0.297964434643167,0.184568357977156,0.164480729737195
706,0.611401966215199,0.260567046745838,0.195393227873188,0.262430509724191,0.157195124574254,0.161797245314680
698,0.630855615748439,0.190154027575454,0.222891426963376,0.225342219919308,0.140279459933373,0.16357228121085
874,0.662571212990782,0.269956905233921,0.269956905233921,0.26336509235663,0.187010622123131,0.187631241909896
776,0.61494365721071,0.258711437790672,0.245075200706715,0.242414171861771,0.163123316426449,0.179307075461499
726,0.606085249352797,0.236301613614802,0.211875157547888,0.255024990396885,0.169237834303805,0.140279459933373
737,0.586543936638165,0.280468392646033,0.225342219919308,0.252283020211930,0.159655442358187,0.140279459933373
529,0.588323660284695,0.280468392646033,0.270905253648299,0.240653643199231,0.212638240623736,0.171754154191287
913,0.644967683931748,0.289179343702615,0.276626749501763,0.295029198942614,0.174898448025698,0.159237162188545
548,0.548993245617665,0.318636108753548,0.288207386188063,0.255024990396885,0.202303599215116,0.225342219919308
617,0.611401966215199,0.252283020211930,0.235439936165745,0.196066256873814,0.171243398019944,0.141602453589765
721,0.622020658211421,0.246862287018223,0.212638240623736,0.271855157449252,0.164940248736627,0.156400988328558
385,0.440791745314472,0.169733635746363,0.175977245746161,0.213405068833102,0.140279459933373,0.140279459933373
938,0.646729776551258,0.310742219942023,0.274713840722163,0.251373586915138,0.211115838461421,0.140279459933373
161,0.457641082102348,0.140279459933373,0.192741366843982,0.140279459933373,0.140279459933373,0.178742307944130
704,0.634386284250911,0.221274744825972,0.250466494772263,0.205907447843523,0.187010622123131,0.140279459933373
684,0.613173084606865,0.278545025785751,0.269010148553487,0.234581247743386,0.196743303664015,0.155619579790919
929,0.619367756469412,0.300905518027404,0.303851718893881,0.326539995183568,0.209608564537159,0.140279459933373
334,0.465083048709257,0.179307075461499,0.140279459933373,0.192088479379025,0.140279459933373,0.160077057692081
674,0.642323774366231,0.241532534498303,0.215727826366646,0.252283020211930,0.168745733831007,0.172268685450245
719,0.622020658211421,0.222081350052879,0.224521889216861,0.207376318697083,0.145018731380577,0.163123316426449
760,0.606971725447777,0.238033800236652,0.243298519444439,0.213405068833102,0.149133866930996,0.151189670120080
268,0.468793774829766,0.169733635746363,0.140279459933373,0.204454144375473,0.140279459933373,0.156796455796649
661,0.592770024376564,0.225342219919308,0.233725581744281,0.222891426963376,0.152618104976752,0.140279459933373
794,0.638797087949753,0.250466494772263,0.222891426963376,0.232023448734304,0.156400988328558,0.140279459933373
372,0.69417308126887,0.252283020211930,0.220471637257467,0.331480818156256,0.336419918223748,0.203016510694019
862,0.631738455286738,0.262430509724191,0.238033800236652,0.298944182722262,0.173309128978783,0.172268685450245
766,0.654654294039608,0.256863984839407,0.234581247743386,0.243298519444439,0.166814026627726,0.195393227873188
811,0.63703309779987,0.232872971194181,0.221274744825972,0.271855157449252,0.140279459933373,0.221274744825972
755,0.618483198986599,0.265239772398733,0.228656878414890,0.235439936165745,0.168745733831007,0.145319498566922
863,0.644967683931748,0.242414171861771,0.285297304030371,0.200188610986799,0.183371292540019,0.140279459933373
638,0.550789853506805,0.266179795115631,0.261497815323131,0.240653643199231,0.184568357977156,0.140279459933373
649,0.611401966215199,0.269956905233921,0.273759486818862,0.248659484023583,0.165869963138432,0.166814026627726
772,0.639678919993987,0.244185541162083,0.195393227873188,0.269956905233921,0.181025063276694,0.140279459933373
839,0.635268667058686,0.260567046745838,0.214949882112267,0.236301613614802,0.166814026627726,0.154470991130581
851,0.640560644506718,0.248659484023583,0.262430509724191,0.261497815323131,0.167291481291287,0.173309128978783
830,0.654654294039608,0.264301525715948,0.242414171861771,0.205178843545358,0.192088479379025,0.140279459933373
882,0.620252184825136,0.26336509235663,0.254108759679802,0.214949882112267,0.182190212262849,0.146862120354825
789,0.66608754581422,0.259638241659144,0.272806580486754,0.255943411389996,0.140279459933373,0.172268685450245
754,0.616713692539713,0.238033800236652,0.222891426963376,0.218083551882790,0.153350162717428,0.150839880430613
360,0.484491855840873,0.182778757451073,0.161797245314680,0.220471637257467,0.140279459933373,0.156400988328558
346,0.453909567952752,0.190154027575454,0.188255890082703,0.207376318697083,0.140279459933373,0.171243398019944
847,0.634386284250911,0.251373586915138,0.232872971194181,0.232872971194181,0.194059239855938,0.165869963138432
832,0.649372161207369,0.245075200706715,0.271855157449252,0.265239772398733,0.175977245746161,0.219672052767678
350,0.448298759169222,0.174364837136968,0.140279459933373,0.215727826366646,0.140279459933373,0.172787005806565
636,0.61405843859737,0.246862287018223,0.243298519444439,0.221274744825972,0.170736402643872,0.188884569174318
793,0.644967683931748,0.330492731245164,0.252283020211930,0.362994878061971,0.167291481291287,0.140279459933373
804,0.628206394540431,0.251373586915138,0.278545025785751,0.242414171861771,0.182778757451073,0.211875157547888
832,0.612287594171303,0.247759640188542,0.221274744825972,0.226165913043895,0.140279459933373,0.158410531669826
832,0.644086484322101,0.260567046745838,0.232023448734304,0.228656878414890,0.176522456496951,0.169237834303805
618,0.629972659733243,0.237166246337142,0.237166246337142,0.258711437790672,0.187631241909896,0.140279459933373
163,0.465083048709257,0.140279459933373,0.185781454960399,0.222081350052879,0.153350162717428,0.154850743467635
682,0.59099197716754,0.261497815323131,0.280468392646033,0.169237834303805,0.186394027664835,0.165869963138432
823,0.624672424998259,0.237166246337142,0.208116557082828,0.248659484023583,0.140279459933373,0.194059239855938
783,0.630855615748439,0.232023448734304,0.181605650010004,0.269956905233921,0.154094323280450,0.191439626593958
694,0.615828741507218,0.217294683481912,0.192741366843982,0.232872971194181,0.152618104976752,0.165403320798019
755,0.669602528491819,0.260567046745838,0.271855157449252,0.232872971194181,0.144424803121843,0.213405068833102
788,0.641442262346675,0.26336509235663,0.250466494772263,0.23977753355553,0.169733635746363,0.154850743467635
716,0.569600673082815,0.246862287018223,0.211115838461421,0.251373586915138,0.160077057692081,0.158410531669826
754,0.609630293401202,0.257786672914962,0.245967461561916,0.188884569174318,0.156008702799071,0.183967824035887
321,0.455776216619560,0.181025063276694,0.189517281185082,0.196743303664015,0.140279459933373,0.140279459933373
724,0.628206394540431,0.269010148553487,0.254108759679802,0.255024990396885,0.165869963138432,0.158410531669826
808,0.590102705627282,0.330492731245164,0.312714190948075,0.262430509724191,0.226165913043895,0.152618104976752
627,0.609630293401202,0.237166246337142,0.222891426963376,0.23977753355553,0.169237834303805,0.186394027664835
702,0.603424944919196,0.211115838461421,0.222081350052879,0.229493730258852,0.140279459933373,0.140279459933373
722,0.61405843859737,0.237166246337142,0.196066256873814,0.274713840722163,0.140279459933373,0.141602453589765
773,0.658173830133798,0.246862287018223,0.226992939983781,0.247759640188542,0.140279459933373,0.158822198286243
745,0.593658802575914,0.231177046607856,0.188255890082703,0.261497815323131,0.154094323280450,0.161797245314680
1018,0.612287594171303,0.26336509235663,0.235439936165745,0.208860644258667,0.174898448025698,0.151542367809210
668,0.613173084606865,0.244185541162083,0.227823271636467,0.267121556704060,0.156796455796649,0.160502026996677
716,0.613173084606865,0.248659484023583,0.200188610986799,0.259638241659144,0.173835068385563,0.164940248736627
734,0.581200590507501,0.182778757451073,0.238033800236652,0.178742307944130,0.147819407725247,0.208116557082828
155,0.455776216619560,0.146862120354825,0.164480729737195,0.198109430350217,0.167291481291287,0.14298348025674
739,0.634386284250911,0.247759640188542,0.280468392646033,0.213405068833102,0.161797245314680,0.171243398019944
670,0.586543936638165,0.332468835480985,0.285297304030371,0.286266334773665,0.199491561253654,0.174364837136968
808,0.641442262346675,0.278545025785751,0.250466494772263,0.221274744825972,0.214175622695954,0.140279459933373
856,0.611401966215199,0.228656878414890,0.241532534498303,0.207376318697083,0.185781454960399,0.183967824035887
179,0.565130393380684,0.140279459933373,0.190794809258731,0.164480729737195,0.161797245314680,0.145319498566922
750,0.603424944919196,0.274713840722163,0.26336509235663,0.26336509235663,0.203016510694019,0.140279459933373
467,0.601650667029677,0.312714190948075,0.293075998312143,0.298944182722262,0.156796455796649,0.141873944585676
430,0.435141512434088,0.144720505822661,0.190794809258731,0.178181472416481,0.146548361254107,0.185781454960399
710,0.65113325749733,0.317648619366148,0.287236372741756,0.292100571713878,0.198798498578782,0.140279459933373
803,0.599875784998553,0.252283020211930,0.246862287018223,0.229493730258852,0.165403320798019,0.169733635746363
832,0.643205181411445,0.26806502014066,0.249561781327291,0.262430509724191,0.164940248736627,0.187010622123131
668,0.620252184825136,0.23033379664679,0.235439936165745,0.203733362812729,0.156796455796649,0.163123316426449
718,0.617598511353537,0.234581247743386,0.198109430350217,0.244185541162083,0.140279459933373,0.140279459933373
751,0.643205181411445,0.229493730258852,0.271855157449252,0.201594638931909,0.140539522938054,0.173835068385563
885,0.647610671197383,0.26336509235663,0.248659484023583,0.246862287018223,0.152256565618780,0.140279459933373
167,0.4964219650051,0.140279459933373,0.214949882112267,0.140279459933373,0.154094323280450,0.140279459933373
341,0.468793774829766,0.168257318749387,0.160930368981928,0.184568357977156,0.185172899926102,0.164024746412181
654,0.593658802575914,0.251373586915138,0.238033800236652,0.215727826366646,0.176522456496951,0.140279459933373
750,0.635268667058686,0.248659484023583,0.278545025785751,0.179307075461499,0.140279459933373,0.160930368981928
860,0.617598511353537,0.226165913043895,0.240653643199231,0.246862287018223,0.144720505822661,0.144131604573628
698,0.593658802575914,0.226992939983781,0.252283020211930,0.197424363331222,0.167291481291287,0.181605650010004
915,0.644086484322101,0.201594638931909,0.259638241659144,0.190154027575454,0.154850743467635,0.146548361254107
662,0.608744246353995,0.223704949036996,0.185781454960399,0.23977753355553,0.140279459933373,0.163123316426449
777,0.630855615748439,0.225342219919308,0.261497815323131,0.23033379664679,0.147178535004063,0.168745733831007
591,0.588323660284695,0.225342219919308,0.218083551882790,0.222081350052879,0.173309128978783,0.156008702799071
767,0.655534316836593,0.235439936165745,0.213405068833102,0.252283020211930,0.140279459933373,0.181605650010004
705,0.626439652176295,0.245075200706715,0.226165913043895,0.233725581744281,0.148143904307162,0.161362102255135
836,0.62555609967103,0.261497815323131,0.245967461561916,0.275669606701894,0.162235816543637,0.195393227873188
835,0.628206394540431,0.250466494772263,0.203733362812729,0.233725581744281,0.186394027664835,0.145018731380577
864,0.640560644506718,0.270905253648299,0.248659484023583,0.275669606701894,0.140279459933373,0.140279459933373
363,0.438910260048710,0.206639944148685,0.164024746412181,0.198109430350217,0.140539522938054,0.158410531669826
852,0.629972659733243,0.265239772398733,0.245967461561916,0.250466494772263,0.188255890082703,0.140279459933373
727,0.634386284250911,0.221274744825972,0.254108759679802,0.212638240623736,0.163123316426449,0.153350162717428
159,0.450170855356869,0.140279459933373,0.169733635746363,0.210360301592275,0.155619579790919,0.140279459933373
657,0.601650667029677,0.251373586915138,0.241532534498303,0.261497815323131,0.173309128978783,0.150148946700048
917,0.641442262346675,0.261497815323131,0.195393227873188,0.247759640188542,0.144131604573628,0.164480729737195
973,0.652893966371437,0.350225945404854,0.352194131843378,0.287236372741756,0.240653643199231,0.205907447843523
676,0.588323660284695,0.26336509235663,0.222891426963376,0.289179343702615,0.167291481291287,0.140279459933373
362,0.426633199381427,0.194059239855938,0.179875784505171,0.156400988328558,0.142702524367706,0.140279459933373
628,0.606085249352797,0.224521889216861,0.245075200706715,0.237166246337142,0.169237834303805,0.149469410107982
375,0.408537424783786,0.187010622123131,0.171243398019944,0.140279459933373,0.140279459933373,0.141873944585676
616,0.648491465815105,0.307786743279463,0.269010148553487,0.306802338059224,0.172787005806565,0.188255890082703
746,0.609630293401202,0.218876016213984,0.240653643199231,0.227823271636467,0.168257318749387,0.140279459933373
215,0.433254223593108,0.140279459933373,0.147819407725247,0.181605650010004,0.141602453589765,0.162677834203278
760,0.619367756469412,0.227823271636467,0.245075200706715,0.305818349289740,0.161362102255135,0.186394027664835
839,0.620252184825136,0.255943411389996,0.253194757033311,0.275669606701894,0.158822198286243,0.153720720340875
799,0.632621179272578,0.295029198942614,0.305818349289740,0.269956905233921,0.251373586915138,0.205907447843523
623,0.619367756469412,0.238904240888872,0.200889639762023,0.256863984839407,0.176522456496951,0.189517281185082
729,0.637915147508898,0.231177046607856,0.229493730258852,0.252283020211930,0.140279459933373,0.170233153496669
739,0.611401966215199,0.244185541162083,0.245967461561916,0.211875157547888,0.161797245314680,0.178181472416481
708,0.617598511353537,0.254108759679802,0.231177046607856,0.23033379664679,0.196066256873814,0.161797245314680
698,0.634386284250911,0.294052217151829,0.252283020211930,0.275669606701894,0.185781454960399,0.149133866930996
882,0.65201365997105,0.289179343702615,0.276626749501763,0.237166246337142,0.200889639762023,0.184568357977156
711,0.617598511353537,0.217294683481912,0.260567046745838,0.208860644258667,0.186394027664835,0.140279459933373
684,0.61405843859737,0.23033379664679,0.211115838461421,0.246862287018223,0.182190212262849,0.159237162188545
758,0.629972659733243,0.238904240888872,0.245075200706715,0.258711437790672,0.151897993103576,0.168257318749387
341,0.461365530470573,0.165403320798019,0.183967824035887,0.206639944148685,0.140279459933373,0.174898448025698
762,0.623788627185174,0.215727826366646,0.215727826366646,0.205178843545358,0.165869963138432,0.180448444205294
713,0.63703309779987,0.240653643199231,0.241532534498303,0.214949882112267,0.161362102255135,0.14298348025674
640,0.569600673082815,0.240653643199231,0.185781454960399,0.262430509724191,0.172787005806565,0.163123316426449
815,0.636150937944643,0.275669606701894,0.269010148553487,0.278545025785751,0.179875784505171,0.211115838461421
837,0.638797087949753,0.246862287018223,0.201594638931909,0.276626749501763,0.164024746412181,0.203733362812729
680,0.593658802575914,0.208860644258667,0.225342219919308,0.222081350052879,0.140539522938054,0.189517281185082
770,0.622904705251892,0.243298519444439,0.231177046607856,0.227823271636467,0.193398287644562,0.191439626593958
189,0.56334084744967,0.142147774681471,0.201594638931909,0.295029198942614,0.294052217151829,0.154850743467635
780,0.638797087949753,0.259638241659144,0.269010148553487,0.293075998312143,0.16634019279706,0.162677834203278
647,0.593658802575914,0.214175622695954,0.203733362812729,0.23977753355553,0.202303599215116,0.144424803121843
703,0.593658802575914,0.215727826366646,0.245967461561916,0.192088479379025,0.161797245314680,0.140279459933373
723,0.650252758171119,0.272806580486754,0.232023448734304,0.245075200706715,0.173835068385563,0.192088479379025
869,0.65201365997105,0.285297304030371,0.255943411389996,0.288207386188063,0.164480729737195,0.188255890082703
584,0.597212308466731,0.221274744825972,0.227823271636467,0.243298519444439,0.147819407725247,0.181605650010004
844,0.650252758171119,0.262430509724191,0.244185541162083,0.232872971194181,0.175435913518267,0.140279459933373
358,0.45297556976512,0.165403320798019,0.186394027664835,0.210360301592275,0.140279459933373,0.157597013980819
679,0.618483198986599,0.231177046607856,0.191439626593958,0.245967461561916,0.187010622123131,0.152256565618780
166,0.478964395469008,0.166814026627726,0.166814026627726,0.218083551882790,0.145622826217966,0.158002143279100
815,0.622020658211421,0.270905253648299,0.234581247743386,0.290152214217331,0.218876016213984,0.155233599845476
691,0.586543936638165,0.255024990396885,0.229493730258852,0.255943411389996,0.157195124574254,0.170736402643872
785,0.617598511353537,0.237166246337142,0.222891426963376,0.241532534498303,0.165403320798019,0.140279459933373
821,0.601650667029677,0.322587416871138,0.293075998312143,0.288207386188063,0.169733635746363,0.192088479379025
712,0.619367756469412,0.250466494772263,0.260567046745838,0.226165913043895,0.140279459933373,0.170233153496669
944,0.668723907006677,0.266179795115631,0.245967461561916,0.272806580486754,0.152618104976752,0.167291481291287
168,0.516479299936916,0.186394027664835,0.204454144375473,0.198798498578782,0.151897993103576,0.147178535004063
613,0.602537880906253,0.225342219919308,0.172268685450245,0.231177046607856,0.140279459933373,0.16357228121085
380,0.457641082102348,0.160930368981928,0.157195124574254,0.217294683481912,0.142423961905656,0.140279459933373
704,0.621136485069615,0.216509434133377,0.189517281185082,0.248659484023583,0.152256565618780,0.195393227873188
318,0.584763524220902,0.347271459448055,0.269010148553487,0.26336509235663,0.196743303664015,0.149469410107982
720,0.621136485069615,0.286266334773665,0.26336509235663,0.292100571713878,0.159655442358187,0.141602453589765
883,0.671359527115958,0.313700605163659,0.297964434643167,0.259638241659144,0.212638240623736,0.183967824035887
756,0.607858057407542,0.235439936165745,0.247759640188542,0.236301613614802,0.163123316426449,0.167291481291287
856,0.617598511353537,0.331480818156256,0.289179343702615,0.277585234113443,0.195393227873188,0.207376318697083
776,0.623788627185174,0.23977753355553,0.211115838461421,0.293075998312143,0.156400988328558,0.143552645462116
743,0.639678919993987,0.260567046745838,0.254108759679802,0.172787005806565,0.169733635746363,0.164940248736627
807,0.597212308466731,0.245075200706715,0.211115838461421,0.217294683481912,0.151189670120080,0.202303599215116
774,0.647610671197383,0.280468392646033,0.224521889216861,0.294052217151829,0.191439626593958,0.182190212262849
478,0.561550463611059,0.262430509724191,0.256863984839407,0.203016510694019,0.148471133452426,0.163123316426449
780,0.642323774366231,0.248659484023583,0.226992939983781,0.241532534498303,0.160502026996677,0.191439626593958
831,0.68540437369446,0.301887051542692,0.242414171861771,0.291125967010989,0.141873944585676,0.140279459933373
702,0.624672424998259,0.277585234113443,0.245967461561916,0.274713840722163,0.158410531669826,0.185172899926102
748,0.592770024376564,0.236301613614802,0.226992939983781,0.206639944148685,0.188255890082703,0.147497624383717
836,0.659933050519219,0.273759486818862,0.246862287018223,0.249561781327291,0.174364837136968,0.181025063276694
452,0.522829369551227,0.261497815323131,0.243298519444439,0.275669606701894,0.172268685450245,0.178742307944130
165,0.491840713366392,0.140279459933373,0.158822198286243,0.234581247743386,0.145319498566922,0.152618104976752
975,0.660812526368302,0.287236372741756,0.312714190948075,0.293075998312143,0.189517281185082,0.181605650010004
873,0.621136485069615,0.259638241659144,0.244185541162083,0.238033800236652,0.175435913518267,0.152618104976752
610,0.61405843859737,0.238904240888872,0.192741366843982,0.288207386188063,0.140279459933373,0.158410531669826
969,0.619367756469412,0.270905253648299,0.269956905233921,0.255024990396885,0.188884569174318,0.171754154191287
765,0.626439652176295,0.225342219919308,0.248659484023583,0.240653643199231,0.161362102255135,0.140539522938054
725,0.599875784998553,0.26806502014066,0.245075200706715,0.221274744825972,0.156796455796649,0.187631241909896
668,0.589213267095234,0.221274744825972,0.188884569174318,0.260567046745838,0.141873944585676,0.149133866930996
667,0.598988114480156,0.232023448734304,0.215727826366646,0.163123316426449,0.140279459933373,0.140279459933373
169,0.424736999725661,0.182190212262849,0.161362102255135,0.365932579194558,0.404704249910189,0.221274744825972
695,0.602537880906253,0.240653643199231,0.205178843545358,0.237166246337142,0.188255890082703,0.208860644258667
830,0.639678919993987,0.245075200706715,0.241532534498303,0.238033800236652,0.211115838461421,0.140279459933373
610,0.57763477259731,0.234581247743386,0.190154027575454,0.244185541162083,0.169733635746363,0.171754154191287
777,0.623788627185174,0.255943411389996,0.245075200706715,0.261497815323131,0.165403320798019,0.145928733232941
767,0.616713692539713,0.23977753355553,0.244185541162083,0.226165913043895,0.140279459933373,0.183371292540019
274,0.488169238277247,0.190154027575454,0.174898448025698,0.183967824035887,0.165403320798019,0.140279459933373
253,0.567813168189284,0.140279459933373,0.140279459933373,0.61494365721071,0.6678452031824,0.488169238277247
706,0.622020658211421,0.216509434133377,0.218083551882790,0.229493730258852,0.152618104976752,0.149133866930996
802,0.630855615748439,0.26806502014066,0.244185541162083,0.192741366843982,0.171754154191287,0.177624558944457
915,0.638797087949753,0.275669606701894,0.179307075461499,0.274713840722163,0.164480729737195,0.175977245746161
858,0.648491465815105,0.256863984839407,0.253194757033311,0.208116557082828,0.207376318697083,0.171754154191287
647,0.603424944919196,0.250466494772263,0.249561781327291,0.252283020211930,0.162677834203278,0.140279459933373
166,0.476195411202944,0.140279459933373,0.153720720340875,0.225342219919308,0.141602453589765,0.140539522938054
888,0.650252758171119,0.248659484023583,0.259638241659144,0.267121556704060,0.190154027575454,0.170736402643872
699,0.631738455286738,0.259638241659144,0.211875157547888,0.253194757033311,0.159237162188545,0.140279459933373
750,0.593658802575914,0.252283020211930,0.201594638931909,0.244185541162083,0.145319498566922,0.155233599845476
748,0.653774177471793,0.226165913043895,0.218876016213984,0.279506090033501,0.169733635746363,0.150148946700048
768,0.632621179272578,0.270905253648299,0.238033800236652,0.252283020211930,0.140279459933373,0.194724220966719
805,0.63703309779987,0.253194757033311,0.238904240888872,0.187010622123131,0.155619579790919,0.140279459933373
392,0.410450927071570,0.145018731380577,0.165869963138432,0.217294683481912,0.140279459933373,0.152618104976752
817,0.608744246353995,0.240653643199231,0.272806580486754,0.140279459933373,0.197424363331222,0.144131604573628
739,0.602537880906253,0.266179795115631,0.298944182722262,0.247759640188542,0.179875784505171,0.177071557205383
179,0.549891666487745,0.162235816543637,0.140279459933373,0.242414171861771,0.142147774681471,0.146548361254107
468,0.610516199655431,0.293075998312143,0.275669606701894,0.265239772398733,0.246862287018223,0.170736402643872
173,0.478964395469008,0.140279459933373,0.144131604573628,0.194059239855938,0.140279459933373,0.150148946700048
650,0.603424944919196,0.203733362812729,0.175435913518267,0.244185541162083,0.140279459933373,0.168745733831007
651,0.598988114480156,0.226992939983781,0.229493730258852,0.228656878414890,0.144131604573628,0.140279459933373
856,0.621136485069615,0.275669606701894,0.273759486818862,0.238904240888872,0.194059239855938,0.174898448025698
793,0.649372161207369,0.234581247743386,0.245075200706715,0.198798498578782,0.198798498578782,0.14298348025674
889,0.626439652176295,0.266179795115631,0.254108759679802,0.213405068833102,0.198798498578782,0.140279459933373
837,0.591881082994116,0.205907447843523,0.208116557082828,0.248659484023583,0.183967824035887,0.140279459933373
604,0.611401966215199,0.264301525715948,0.241532534498303,0.240653643199231,0.164940248736627,0.161362102255135
309,0.437968797820157,0.199491561253654,0.168257318749387,0.200188610986799,0.155619579790919,0.173309128978783
687,0.618483198986599,0.23033379664679,0.251373586915138,0.213405068833102,0.162235816543637,0.140279459933373
643,0.631738455286738,0.279506090033501,0.264301525715948,0.247759640188542,0.215727826366646,0.208116557082828
715,0.61494365721071,0.298944182722262,0.299924552865763,0.280468392646033,0.183371292540019,0.177624558944457
719,0.632621179272578,0.242414171861771,0.232023448734304,0.262430509724191,0.140279459933373,0.181605650010004
730,0.629972659733243,0.238033800236652,0.232872971194181,0.223704949036996,0.152982630801945,0.177624558944457
342,0.431364974573073,0.151189670120080,0.167291481291287,0.205178843545358,0.140279459933373,0.140279459933373
621,0.59099197716754,0.262430509724191,0.233725581744281,0.250466494772263,0.141066417195949,0.202303599215116
803,0.628206394540431,0.281431899695417,0.262430509724191,0.261497815323131,0.167291481291287,0.168745733831007
393,0.448298759169222,0.222891426963376,0.206639944148685,0.172268685450245,0.167291481291287,0.174898448025698
772,0.645848781067736,0.26336509235663,0.222891426963376,0.226992939983781,0.180448444205294,0.155619579790919
778,0.624672424998259,0.214949882112267,0.220471637257467,0.236301613614802,0.154850743467635,0.171754154191287
746,0.629972659733243,0.245075200706715,0.226992939983781,0.233725581744281,0.165403320798019,0.162677834203278
842,0.617598511353537,0.343328438016707,0.327528205863718,0.269956905233921,0.190794809258731,0.179307075461499
825,0.630855615748439,0.245075200706715,0.233725581744281,0.232023448734304,0.168745733831007,0.144424803121843
889,0.648491465815105,0.243298519444439,0.256863984839407,0.277585234113443,0.140279459933373,0.166814026627726
715,0.584763524220902,0.242414171861771,0.237166246337142,0.182778757451073,0.181025063276694,0.140279459933373
776,0.602537880906253,0.215727826366646,0.259638241659144,0.187631241909896,0.167291481291287,0.141333283747465
691,0.604311860230174,0.251373586915138,0.272806580486754,0.178742307944130,0.209608564537159,0.192088479379025
629,0.59099197716754,0.301887051542692,0.251373586915138,0.271855157449252,0.141602453589765,0.143266847840142
730,0.596324170558622,0.246862287018223,0.227823271636467,0.243298519444439,0.182190212262849,0.164480729737195
730,0.573173308757861,0.241532534498303,0.231177046607856,0.254108759679802,0.191439626593958,0.173309128978783
648,0.634386284250911,0.257786672914962,0.228656878414890,0.269956905233921,0.171243398019944,0.193398287644562
831,0.640560644506718,0.289179343702615,0.295029198942614,0.284329312589461,0.178742307944130,0.193398287644562
302,0.649372161207369,0.209608564537159,0.229493730258852,0.295029198942614,0.346286080835727,0.242414171861771
870,0.629089586309926,0.308771540986705,0.279506090033501,0.301887051542692,0.180448444205294,0.140279459933373
340,0.428527399760189,0.153350162717428,0.192741366843982,0.207376318697083,0.140279459933373,0.158002143279100
805,0.642323774366231,0.252283020211930,0.244185541162083,0.271855157449252,0.177071557205383,0.182190212262849
849,0.649372161207369,0.278545025785751,0.255943411389996,0.296985336054750,0.149807763529887,0.179307075461499
845,0.650252758171119,0.254108759679802,0.23033379664679,0.294052217151829,0.145622826217966,0.164480729737195
164,0.486331294331022,0.296985336054750,0.275669606701894,0.216509434133377,0.178742307944130,0.145319498566922
696,0.593658802575914,0.233725581744281,0.243298519444439,0.237166246337142,0.149807763529887,0.157195124574254
780,0.665208590906176,0.269010148553487,0.295029198942614,0.205907447843523,0.199491561253654,0.140279459933373
711,0.621136485069615,0.223704949036996,0.211115838461421,0.272806580486754,0.140279459933373,0.150839880430613
849,0.663450425192382,0.281431899695417,0.234581247743386,0.247759640188542,0.200889639762023,0.143552645462116
882,0.61405843859737,0.32950458986508,0.296006914761259,0.289179343702615,0.189517281185082,0.182778757451073
813,0.602537880906253,0.221274744825972,0.23033379664679,0.220471637257467,0.140279459933373,0.173309128978783
787,0.665208590906176,0.275669606701894,0.255943411389996,0.266179795115631,0.181605650010004,0.140279459933373
868,0.646729776551258,0.26336509235663,0.185172899926102,0.284329312589461,0.140279459933373,0.140279459933373
173,0.522829369551227,0.140279459933373,0.182190212262849,0.187010622123131,0.140279459933373,0.161362102255135
564,0.583873056414207,0.213405068833102,0.238033800236652,0.211115838461421,0.191439626593958,0.140279459933373
741,0.624672424998259,0.222891426963376,0.250466494772263,0.193398287644562,0.185781454960399,0.173309128978783
717,0.598100289370352,0.241532534498303,0.218876016213984,0.225342219919308,0.175435913518267,0.147497624383717
708,0.588323660284695,0.222891426963376,0.223704949036996,0.182778757451073,0.150839880430613,0.145622826217966
716,0.622904705251892,0.223704949036996,0.221274744825972,0.226992939983781,0.140279459933373,0.174898448025698
770,0.616713692539713,0.245967461561916,0.198798498578782,0.285297304030371,0.170736402643872,0.140279459933373
717,0.645848781067736,0.283362392853609,0.224521889216861,0.286266334773665,0.175435913518267,0.176522456496951
691,0.612287594171303,0.267121556704060,0.255024990396885,0.256863984839407,0.159237162188545,0.166814026627726
731,0.628206394540431,0.283362392853609,0.266179795115631,0.255943411389996,0.170233153496669,0.159655442358187
365,0.455776216619560,0.200188610986799,0.166814026627726,0.257786672914962,0.140279459933373,0.165403320798019
777,0.619367756469412,0.258711437790672,0.245075200706715,0.285297304030371,0.198109430350217,0.143840891542185
805,0.634386284250911,0.256863984839407,0.247759640188542,0.231177046607856,0.157195124574254,0.140279459933373
744,0.627323083479833,0.234581247743386,0.229493730258852,0.280468392646033,0.148801114525785,0.144131604573628
744,0.618483198986599,0.265239772398733,0.234581247743386,0.271855157449252,0.194724220966719,0.187010622123131
195,0.567813168189284,0.155619579790919,0.140279459933373,0.207376318697083,0.144424803121843,0.155619579790919
731,0.608744246353995,0.217294683481912,0.198798498578782,0.290152214217331,0.140279459933373,0.191439626593958
607,0.602537880906253,0.231177046607856,0.223704949036996,0.209608564537159,0.145622826217966,0.156008702799071
621,0.613173084606865,0.214949882112267,0.233725581744281,0.234581247743386,0.140279459933373,0.140279459933373
889,0.650252758171119,0.317648619366148,0.296006914761259,0.289179343702615,0.203733362812729,0.157597013980819
772,0.611401966215199,0.236301613614802,0.219672052767678,0.208860644258667,0.140539522938054,0.164940248736627
626,0.606085249352797,0.215727826366646,0.228656878414890,0.233725581744281,0.179307075461499,0.16634019279706
748,0.646729776551258,0.266179795115631,0.188255890082703,0.259638241659144,0.146548361254107,0.164024746412181
731,0.644967683931748,0.26806502014066,0.208116557082828,0.234581247743386,0.143266847840142,0.141066417195949
632,0.539995796104345,0.270905253648299,0.245967461561916,0.259638241659144,0.175435913518267,0.140279459933373
702,0.630855615748439,0.260567046745838,0.259638241659144,0.214175622695954,0.156008702799071,0.148471133452426
412,0.478041795094857,0.188255890082703,0.174898448025698,0.216509434133377,0.140279459933373,0.147819407725247
169,0.456708871220304,0.154094323280450,0.157597013980819,0.221274744825972,0.140279459933373,0.210360301592275
943,0.672237905577799,0.264301525715948,0.275669606701894,0.220471637257467,0.222891426963376,0.186394027664835
568,0.589213267095234,0.209608564537159,0.175977245746161,0.283362392853609,0.145319498566922,0.161362102255135
724,0.611401966215199,0.257786672914962,0.224521889216861,0.245967461561916,0.170736402643872,0.167772573247934
592,0.605198627992826,0.227823271636467,0.238904240888872,0.222891426963376,0.171754154191287,0.140279459933373
881,0.623788627185174,0.328516409471957,0.320611530912211,0.273759486818862,0.189517281185082,0.153350162717428
966,0.65113325749733,0.358090854945044,0.334444602573969,0.292100571713878,0.182190212262849,0.219672052767678
821,0.605198627992826,0.245075200706715,0.194059239855938,0.277585234113443,0.155233599845476,0.163123316426449
921,0.674872565393281,0.245967461561916,0.23977753355553,0.182190212262849,0.171754154191287,0.148471133452426
638,0.58030940985411,0.199491561253654,0.192741366843982,0.243298519444439,0.174898448025698,0.149133866930996
712,0.631738455286738,0.266179795115631,0.203016510694019,0.26806502014066,0.201594638931909,0.183967824035887
772,0.618483198986599,0.272806580486754,0.267121556704060,0.176522456496951,0.201594638931909,0.166814026627726
710,0.608744246353995,0.235439936165745,0.236301613614802,0.238033800236652,0.154470991130581,0.149133866930996
804,0.631738455286738,0.231177046607856,0.215727826366646,0.249561781327291,0.16357228121085,0.185781454960399
671,0.583873056414207,0.209608564537159,0.220471637257467,0.264301525715948,0.140279459933373,0.143266847840142
726,0.606085249352797,0.211115838461421,0.183371292540019,0.267121556704060,0.147178535004063,0.145928733232941
674,0.602537880906253,0.235439936165745,0.222081350052879,0.227823271636467,0.190794809258731,0.174898448025698
789,0.613173084606865,0.218083551882790,0.238904240888872,0.232872971194181,0.170233153496669,0.140279459933373
689,0.621136485069615,0.236301613614802,0.260567046745838,0.261497815323131,0.200889639762023,0.209608564537159
399,0.448298759169222,0.213405068833102,0.216509434133377,0.179307075461499,0.140279459933373,0.190794809258731
186,0.482650905054512,0.160930368981928,0.176522456496951,0.235439936165745,0.167772573247934,0.177624558944457
854,0.644086484322101,0.281431899695417,0.241532534498303,0.285297304030371,0.160077057692081,0.185781454960399
784,0.617598511353537,0.255024990396885,0.282396577544332,0.193398287644562,0.180448444205294,0.140279459933373
647,0.621136485069615,0.23033379664679,0.181025063276694,0.245075200706715,0.140279459933373,0.156400988328558
889,0.652893966371437,0.23977753355553,0.226165913043895,0.282396577544332,0.140279459933373,0.181605650010004
734,0.622904705251892,0.251373586915138,0.269010148553487,0.228656878414890,0.155619579790919,0.140279459933373
687,0.57763477259731,0.286266334773665,0.296985336054750,0.247759640188542,0.195393227873188,0.167772573247934
581,0.603424944919196,0.215727826366646,0.232872971194181,0.260567046745838,0.171243398019944,0.140279459933373
769,0.607858057407542,0.270905253648299,0.221274744825972,0.254108759679802,0.172787005806565,0.146237238572002
343,0.425685350085428,0.167291481291287,0.178181472416481,0.164024746412181,0.168257318749387,0.146237238572002
666,0.603424944919196,0.235439936165745,0.223704949036996,0.264301525715948,0.160930368981928,0.166814026627726
854,0.619367756469412,0.224521889216861,0.217294683481912,0.233725581744281,0.146237238572002,0.179875784505171
193,0.428527399760189,0.140279459933373,0.140279459933373,0.584763524220902,0.640560644506718,0.485411763012758
823,0.602537880906253,0.221274744825972,0.235439936165745,0.188255890082703,0.167291481291287,0.158822198286243
438,0.474347434968947,0.172787005806565,0.170233153496669,0.183967824035887,0.140279459933373,0.179307075461499
737,0.602537880906253,0.218876016213984,0.227823271636467,0.201594638931909,0.140279459933373,0.165403320798019
776,0.643205181411445,0.250466494772263,0.241532534498303,0.267121556704060,0.16357228121085,0.178742307944130
746,0.63703309779987,0.233725581744281,0.242414171861771,0.209608564537159,0.173835068385563,0.173835068385563
913,0.638797087949753,0.323575487390111,0.276626749501763,0.251373586915138,0.186394027664835,0.171754154191287
633,0.61405843859737,0.210360301592275,0.225342219919308,0.215727826366646,0.152982630801945,0.142702524367706
900,0.644967683931748,0.23977753355553,0.259638241659144,0.240653643199231,0.187631241909896,0.16634019279706
783,0.606085249352797,0.233725581744281,0.218876016213984,0.228656878414890,0.142423961905656,0.143840891542185
729,0.619367756469412,0.219672052767678,0.266179795115631,0.155233599845476,0.146237238572002,0.177624558944457
709,0.627323083479833,0.250466494772263,0.254108759679802,0.228656878414890,0.162677834203278,0.140279459933373
255,0.677506525321988,0.237166246337142,0.190154027575454,0.33543232376894,0.342342090635241,0.231177046607856
594,0.620252184825136,0.218876016213984,0.205178843545358,0.241532534498303,0.174898448025698,0.177624558944457
866,0.623788627185174,0.273759486818862,0.255943411389996,0.179875784505171,0.199491561253654,0.144720505822661
841,0.647610671197383,0.259638241659144,0.287236372741756,0.241532534498303,0.163123316426449,0.171754154191287
611,0.615828741507218,0.255943411389996,0.234581247743386,0.215727826366646,0.178181472416481,0.164024746412181
792,0.618483198986599,0.229493730258852,0.243298519444439,0.218083551882790,0.140279459933373,0.188884569174318
829,0.632621179272578,0.249561781327291,0.238904240888872,0.303851718893881,0.140279459933373,0.160502026996677
784,0.640560644506718,0.319623752397046,0.281431899695417,0.320611530912211,0.199491561253654,0.156400988328558
688,0.629089586309926,0.252283020211930,0.222891426963376,0.238033800236652,0.189517281185082,0.184568357977156
728,0.65113325749733,0.269956905233921,0.254108759679802,0.278545025785751,0.179307075461499,0.165869963138432
927,0.607858057407542,0.235439936165745,0.233725581744281,0.255024990396885,0.159655442358187,0.140279459933373
389,0.486331294331022,0.227823271636467,0.240653643199231,0.216509434133377,0.150148946700048,0.196743303664015
621,0.548993245617665,0.206639944148685,0.208116557082828,0.214949882112267,0.195393227873188,0.161362102255135
818,0.643205181411445,0.314687276192053,0.262430509724191,0.298944182722262,0.185781454960399,0.140279459933373
766,0.598100289370352,0.228656878414890,0.192741366843982,0.235439936165745,0.165403320798019,0.140279459933373
745,0.598100289370352,0.238904240888872,0.183967824035887,0.266179795115631,0.140279459933373,0.156008702799071
758,0.61405843859737,0.250466494772263,0.240653643199231,0.248659484023583,0.170736402643872,0.140279459933373
687,0.583873056414207,0.228656878414890,0.205907447843523,0.235439936165745,0.140279459933373,0.169733635746363
775,0.608744246353995,0.23977753355553,0.226992939983781,0.245075200706715,0.164024746412181,0.171754154191287
514,0.598100289370352,0.216509434133377,0.217294683481912,0.254108759679802,0.158002143279100,0.147178535004063
390,0.454843116219575,0.154094323280450,0.194059239855938,0.150148946700048,0.140279459933373,0.140279459933373
361,0.460435073421994,0.194724220966719,0.178181472416481,0.232023448734304,0.146862120354825,0.150148946700048
704,0.627323083479833,0.232023448734304,0.206639944148685,0.231177046607856,0.140279459933373,0.177071557205383
759,0.646729776551258,0.247759640188542,0.23977753355553,0.275669606701894,0.188884569174318,0.171754154191287
778,0.629089586309926,0.222891426963376,0.256863984839407,0.190794809258731,0.141333283747465,0.177624558944457
791,0.596324170558622,0.232023448734304,0.255943411389996,0.223704949036996,0.167291481291287,0.172268685450245
772,0.602537880906253,0.23033379664679,0.199491561253654,0.248659484023583,0.140279459933373,0.160077057692081
999,0.654654294039608,0.304834801321944,0.278545025785751,0.266179795115631,0.177071557205383,0.179307075461499
799,0.613173084606865,0.241532534498303,0.200889639762023,0.233725581744281,0.140279459933373,0.151542367809210
740,0.646729776551258,0.251373586915138,0.255943411389996,0.236301613614802,0.171243398019944,0.194059239855938
810,0.610516199655431,0.305818349289740,0.297964434643167,0.293075998312143,0.186394027664835,0.188255890082703
716,0.628206394540431,0.245075200706715,0.233725581744281,0.222891426963376,0.179875784505171,0.140279459933373
762,0.638797087949753,0.280468392646033,0.276626749501763,0.238033800236652,0.182190212262849,0.145928733232941
733,0.58030940985411,0.217294683481912,0.185172899926102,0.253194757033311,0.164024746412181,0.145622826217966
716,0.618483198986599,0.234581247743386,0.161362102255135,0.255024990396885,0.140279459933373,0.173309128978783
788,0.626439652176295,0.275669606701894,0.212638240623736,0.279506090033501,0.159237162188545,0.162235816543637
183,0.490005705397473,0.219672052767678,0.252283020211930,0.221274744825972,0.184568357977156,0.140279459933373
255,0.602537880906253,0.205907447843523,0.203016510694019,0.358090854945044,0.416179118323367,0.286266334773665
751,0.612287594171303,0.232023448734304,0.216509434133377,0.255024990396885,0.145928733232941,0.140801836156987
813,0.658173830133798,0.251373586915138,0.266179795115631,0.283362392853609,0.149133866930996,0.169733635746363
297,0.435141512434088,0.140279459933373,0.161362102255135,0.164940248736627,0.140279459933373,0.152982630801945
822,0.644086484322101,0.270905253648299,0.274713840722163,0.234581247743386,0.177071557205383,0.198109430350217
817,0.611401966215199,0.238904240888872,0.200889639762023,0.235439936165745,0.144131604573628,0.157597013980819
354,0.466011361565902,0.161797245314680,0.140279459933373,0.226992939983781,0.157195124574254,0.162677834203278
752,0.637915147508898,0.260567046745838,0.327528205863718,0.271855157449252,0.182190212262849,0.191439626593958
219,0.719567431317471,0.259638241659144,0.244185541162083,0.307786743279463,0.280468392646033,0.200889639762023
710,0.648491465815105,0.261497815323131,0.264301525715948,0.233725581744281,0.172268685450245,0.167772573247934
727,0.652893966371437,0.255024990396885,0.276626749501763,0.278545025785751,0.205178843545358,0.174364837136968
839,0.655534316836593,0.275669606701894,0.266179795115631,0.269010148553487,0.150839880430613,0.140279459933373
775,0.61494365721071,0.241532534498303,0.237166246337142,0.189517281185082,0.181025063276694,0.146548361254107
799,0.617598511353537,0.242414171861771,0.226992939983781,0.280468392646033,0.140279459933373,0.175435913518267
806,0.638797087949753,0.279506090033501,0.246862287018223,0.309756707604237,0.188255890082703,0.191439626593958
813,0.607858057407542,0.273759486818862,0.254108759679802,0.265239772398733,0.194059239855938,0.157597013980819
882,0.613173084606865,0.228656878414890,0.226165913043895,0.218083551882790,0.151542367809210,0.174364837136968
754,0.619367756469412,0.205178843545358,0.218876016213984,0.225342219919308,0.181025063276694,0.158822198286243
718,0.649372161207369,0.338394673319409,0.32950458986508,0.337407372460796,0.207376318697083,0.193398287644562
610,0.611401966215199,0.219672052767678,0.275669606701894,0.183371292540019,0.159237162188545,0.140279459933373
742,0.609630293401202,0.209608564537159,0.240653643199231,0.191439626593958,0.174898448025698,0.157195124574254
625,0.503733909185275,0.231177046607856,0.181605650010004,0.200188610986799,0.147497624383717,0.183967824035887
805,0.622904705251892,0.267121556704060,0.220471637257467,0.213405068833102,0.177624558944457,0.181605650010004
846,0.662571212990782,0.274713840722163,0.26336509235663,0.277585234113443,0.192088479379025,0.164024746412181
810,0.642323774366231,0.208860644258667,0.216509434133377,0.209608564537159,0.192741366843982,0.156008702799071
647,0.595435874427052,0.241532534498303,0.207376318697083,0.238904240888872,0.165869963138432,0.147819407725247
654,0.617598511353537,0.248659484023583,0.168257318749387,0.277585234113443,0.144720505822661,0.140539522938054
813,0.622020658211421,0.222081350052879,0.267121556704060,0.219672052767678,0.169237834303805,0.161797245314680
745,0.571387382661058,0.245967461561916,0.225342219919308,0.225342219919308,0.175977245746161,0.140279459933373
828,0.646729776551258,0.302869127130412,0.295029198942614,0.214175622695954,0.242414171861771,0.216509434133377
755,0.620252184825136,0.245967461561916,0.260567046745838,0.222891426963376,0.159655442358187,0.140279459933373
804,0.624672424998259,0.273759486818862,0.226165913043895,0.224521889216861,0.185172899926102,0.157195124574254
773,0.641442262346675,0.255024990396885,0.259638241659144,0.197424363331222,0.177624558944457,0.172787005806565
642,0.608744246353995,0.273759486818862,0.288207386188063,0.243298519444439,0.154470991130581,0.173835068385563
714,0.638797087949753,0.237166246337142,0.255943411389996,0.179307075461499,0.182190212262849,0.155619579790919
810,0.666966416344732,0.267121556704060,0.266179795115631,0.258711437790672,0.151542367809210,0.207376318697083
149,0.439851241970584,0.140801836156987,0.140279459933373,0.208860644258667,0.140279459933373,0.155233599845476
790,0.658173830133798,0.241532534498303,0.204454144375473,0.269956905233921,0.151897993103576,0.151897993103576
469,0.619367756469412,0.269010148553487,0.140279459933373,0.607858057407542,0.661691913619881,0.491840713366392
371,0.457641082102348,0.183967824035887,0.182190212262849,0.204454144375473,0.169237834303805,0.153350162717428
730,0.613173084606865,0.240653643199231,0.224521889216861,0.227823271636467,0.152982630801945,0.140279459933373
823,0.621136485069615,0.269956905233921,0.272806580486754,0.250466494772263,0.179875784505171,0.174364837136968
831,0.611401966215199,0.218083551882790,0.193398287644562,0.226165913043895,0.144424803121843,0.146548361254107
929,0.628206394540431,0.269956905233921,0.245967461561916,0.255024990396885,0.169733635746363,0.140279459933373
680,0.606971725447777,0.243298519444439,0.269956905233921,0.227823271636467,0.185781454960399,0.185172899926102
769,0.632621179272578,0.228656878414890,0.206639944148685,0.208116557082828,0.172268685450245,0.140279459933373
813,0.622020658211421,0.279506090033501,0.283362392853609,0.307786743279463,0.140539522938054,0.140279459933373
190,0.622904705251892,0.359072414588444,0.295029198942614,0.296006914761259,0.175977245746161,0.140279459933373
733,0.599875784998553,0.250466494772263,0.229493730258852,0.205907447843523,0.142423961905656,0.140279459933373
895,0.669602528491819,0.288207386188063,0.241532534498303,0.286266334773665,0.166814026627726,0.188884569174318
674,0.592770024376564,0.256863984839407,0.264301525715948,0.211875157547888,0.140279459933373,0.189517281185082
853,0.622904705251892,0.238904240888872,0.185172899926102,0.264301525715948,0.146548361254107,0.140279459933373
772,0.643205181411445,0.271855157449252,0.182190212262849,0.255024990396885,0.140279459933373,0.179307075461499
864,0.607858057407542,0.253194757033311,0.193398287644562,0.26336509235663,0.140279459933373,0.140279459933373
790,0.629089586309926,0.286266334773665,0.251373586915138,0.249561781327291,0.236301613614802,0.206639944148685
739,0.610516199655431,0.222891426963376,0.217294683481912,0.232023448734304,0.146237238572002,0.152982630801945
806,0.606971725447777,0.223704949036996,0.210360301592275,0.234581247743386,0.140279459933373,0.140279459933373
367,0.447362019176649,0.189517281185082,0.140279459933373,0.236301613614802,0.140279459933373,0.140279459933373
710,0.615828741507218,0.250466494772263,0.238904240888872,0.256863984839407,0.145928733232941,0.162677834203278
361,0.428527399760189,0.187010622123131,0.151542367809210,0.224521889216861,0.140279459933373,0.140279459933373
418,0.441731771836077,0.174898448025698,0.178742307944130,0.216509434133377,0.142702524367706,0.144720505822661
842,0.629972659733243,0.235439936165745,0.208116557082828,0.209608564537159,0.149469410107982,0.185781454960399
683,0.615828741507218,0.247759640188542,0.257786672914962,0.240653643199231,0.187010622123131,0.190794809258731
906,0.650252758171119,0.283362392853609,0.275669606701894,0.251373586915138,0.169733635746363,0.185781454960399
674,0.598988114480156,0.208116557082828,0.237166246337142,0.186394027664835,0.148801114525785,0.175977245746161
801,0.610516199655431,0.272806580486754,0.274713840722163,0.244185541162083,0.199491561253654,0.154470991130581
782,0.61494365721071,0.255943411389996,0.254108759679802,0.222891426963376,0.167291481291287,0.140279459933373
692,0.618483198986599,0.225342219919308,0.208116557082828,0.288207386188063,0.140279459933373,0.140279459933373
762,0.605198627992826,0.249561781327291,0.258711437790672,0.204454144375473,0.149133866930996,0.140279459933373
413,0.469720411442728,0.151189670120080,0.160502026996677,0.216509434133377,0.145622826217966,0.146548361254107
743,0.630855615748439,0.221274744825972,0.255943411389996,0.245075200706715,0.140279459933373,0.169237834303805
156,0.447362019176649,0.142702524367706,0.181025063276694,0.210360301592275,0.161797245314680,0.150148946700048
644,0.652893966371437,0.264301525715948,0.249561781327291,0.256863984839407,0.189517281185082,0.179875784505171
636,0.544497573622266,0.271855157449252,0.246862287018223,0.255024990396885,0.187631241909896,0.148471133452426
812,0.640560644506718,0.238033800236652,0.240653643199231,0.247759640188542,0.177071557205383,0.154850743467635
716,0.609630293401202,0.226165913043895,0.250466494772263,0.160930368981928,0.162235816543637,0.187631241909896
654,0.600763302119727,0.238904240888872,0.165869963138432,0.240653643199231,0.154470991130581,0.156400988328558
217,0.63703309779987,0.192088479379025,0.225342219919308,0.198798498578782,0.168745733831007,0.154850743467635
720,0.652893966371437,0.226992939983781,0.244185541162083,0.238904240888872,0.140279459933373,0.146548361254107
551,0.503733909185275,0.210360301592275,0.175977245746161,0.260567046745838,0.140279459933373,0.140279459933373
779,0.646729776551258,0.26806502014066,0.250466494772263,0.259638241659144,0.150492979148870,0.153720720340875
717,0.629972659733243,0.231177046607856,0.225342219919308,0.219672052767678,0.162677834203278,0.152256565618780
815,0.637915147508898,0.259638241659144,0.285297304030371,0.222891426963376,0.173835068385563,0.169733635746363
572,0.552585532749393,0.210360301592275,0.192088479379025,0.261497815323131,0.166814026627726,0.153720720340875
846,0.636150937944643,0.246862287018223,0.226992939983781,0.269010148553487,0.158002143279100,0.196066256873814
517,0.589213267095234,0.224521889216861,0.249561781327291,0.194059239855938,0.140279459933373,0.179307075461499
394,0.479886604427388,0.186394027664835,0.140801836156987,0.226165913043895,0.148801114525785,0.164024746412181
786,0.639678919993987,0.236301613614802,0.214949882112267,0.254108759679802,0.189517281185082,0.163123316426449
767,0.626439652176295,0.271855157449252,0.245075200706715,0.271855157449252,0.152256565618780,0.186394027664835
677,0.565130393380684,0.257786672914962,0.246862287018223,0.189517281185082,0.173309128978783,0.153720720340875
812,0.611401966215199,0.238033800236652,0.258711437790672,0.218083551882790,0.185172899926102,0.181025063276694
726,0.615828741507218,0.253194757033311,0.196743303664015,0.249561781327291,0.156796455796649,0.159655442358187
404,0.437968797820157,0.169237834303805,0.183371292540019,0.201594638931909,0.147819407725247,0.140279459933373
806,0.671359527115958,0.275669606701894,0.23977753355553,0.272806580486754,0.147497624383717,0.140279459933373
343,0.416179118323367,0.164024746412181,0.181605650010004,0.188255890082703,0.140279459933373,0.157195124574254
367,0.42188893060604,0.198109430350217,0.185781454960399,0.175435913518267,0.155233599845476,0.140279459933373
384,0.445487145704544,0.183967824035887,0.175435913518267,0.217294683481912,0.167772573247934,0.193398287644562
796,0.620252184825136,0.250466494772263,0.218083551882790,0.262430509724191,0.140279459933373,0.183967824035887
407,0.466011361565902,0.192741366843982,0.169237834303805,0.246862287018223,0.155233599845476,0.140279459933373
731,0.613173084606865,0.226165913043895,0.256863984839407,0.178181472416481,0.165869963138432,0.140279459933373
195,0.480808424194665,0.192741366843982,0.171754154191287,0.26806502014066,0.141066417195949,0.173835068385563
324,0.445487145704544,0.169733635746363,0.180448444205294,0.170233153496669,0.154470991130581,0.143266847840142
829,0.624672424998259,0.245075200706715,0.235439936165745,0.265239772398733,0.173835068385563,0.184568357977156
474,0.631738455286738,0.234581247743386,0.23033379664679,0.191439626593958,0.178742307944130,0.185172899926102
763,0.620252184825136,0.26806502014066,0.273759486818862,0.234581247743386,0.171243398019944,0.16634019279706
743,0.640560644506718,0.226165913043895,0.253194757033311,0.237166246337142,0.166814026627726,0.142702524367706
737,0.628206394540431,0.224521889216861,0.200889639762023,0.265239772398733,0.165869963138432,0.173835068385563
342,0.43702685358426,0.190794809258731,0.170736402643872,0.158410531669826,0.155233599845476,0.140279459933373
676,0.61405843859737,0.216509434133377,0.232023448734304,0.241532534498303,0.142147774681471,0.140279459933373
380,0.435141512434088,0.167772573247934,0.140279459933373,0.229493730258852,0.140279459933373,0.140279459933373
814,0.65201365997105,0.258711437790672,0.269010148553487,0.264301525715948,0.172787005806565,0.140279459933373
704,0.629089586309926,0.242414171861771,0.254108759679802,0.247759640188542,0.161797245314680,0.177624558944457
877,0.675750628954486,0.364953752682284,0.348256569656263,0.339381807952053,0.215727826366646,0.197424363331222
344,0.415225700022613,0.141066417195949,0.177071557205383,0.217294683481912,0.145018731380577,0.158410531669826
779,0.632621179272578,0.259638241659144,0.23033379664679,0.179875784505171,0.161797245314680,0.150839880430613
155,0.455776216619560,0.140279459933373,0.164024746412181,0.168257318749387,0.166814026627726,0.140279459933373
844,0.637915147508898,0.332468835480985,0.313700605163659,0.313700605163659,0.207376318697083,0.191439626593958
164,0.484491855840873,0.140279459933373,0.160930368981928,0.196066256873814,0.140279459933373,0.140279459933373
791,0.631738455286738,0.260567046745838,0.249561781327291,0.258711437790672,0.174364837136968,0.154094323280450
169,0.581200590507501,0.342342090635241,0.313700605163659,0.269956905233921,0.208116557082828,0.194724220966719
855,0.595435874427052,0.245075200706715,0.262430509724191,0.182190212262849,0.179875784505171,0.140279459933373
766,0.620252184825136,0.245075200706715,0.233725581744281,0.23977753355553,0.205178843545358,0.198798498578782
872,0.61494365721071,0.289179343702615,0.302869127130412,0.255943411389996,0.214949882112267,0.163123316426449
727,0.622020658211421,0.203016510694019,0.236301613614802,0.211115838461421,0.165403320798019,0.197424363331222
679,0.623788627185174,0.231177046607856,0.256863984839407,0.186394027664835,0.177624558944457,0.196743303664015
659,0.621136485069615,0.217294683481912,0.233725581744281,0.229493730258852,0.150148946700048,0.200889639762023
778,0.631738455286738,0.257786672914962,0.238904240888872,0.203016510694019,0.180448444205294,0.185172899926102
164,0.510114381882143,0.140279459933373,0.172787005806565,0.202303599215116,0.159237162188545,0.140279459933373
917,0.643205181411445,0.26336509235663,0.269010148553487,0.26806502014066,0.214949882112267,0.207376318697083
164,0.478964395469008,0.140279459933373,0.163123316426449,0.182778757451073,0.143840891542185,0.140279459933373
698,0.630855615748439,0.258711437790672,0.255024990396885,0.247759640188542,0.167291481291287,0.172787005806565
742,0.617598511353537,0.232023448734304,0.234581247743386,0.253194757033311,0.170233153496669,0.177071557205383
630,0.57763477259731,0.202303599215116,0.188884569174318,0.221274744825972,0.150492979148870,0.150148946700048
784,0.638797087949753,0.269010148553487,0.193398287644562,0.304834801321944,0.153720720340875,0.140279459933373
782,0.607858057407542,0.255024990396885,0.187631241909896,0.257786672914962,0.154094323280450,0.144424803121843
787,0.624672424998259,0.227823271636467,0.206639944148685,0.258711437790672,0.140279459933373,0.147178535004063
762,0.622020658211421,0.262430509724191,0.251373586915138,0.196743303664015,0.169237834303805,0.145319498566922
810,0.635268667058686,0.278545025785751,0.254108759679802,0.270905253648299,0.183967824035887,0.140279459933373
777,0.635268667058686,0.26336509235663,0.237166246337142,0.278545025785751,0.150839880430613,0.176522456496951
758,0.63703309779987,0.255024990396885,0.252283020211930,0.246862287018223,0.14298348025674,0.171243398019944
621,0.572280442910804,0.219672052767678,0.246862287018223,0.168745733831007,0.16357228121085,0.144720505822661
770,0.652893966371437,0.275669606701894,0.220471637257467,0.273759486818862,0.189517281185082,0.214175622695954
892,0.631738455286738,0.259638241659144,0.237166246337142,0.223704949036996,0.173309128978783,0.151189670120080
594,0.61405843859737,0.255943411389996,0.250466494772263,0.234581247743386,0.185172899926102,0.213405068833102
811,0.644967683931748,0.262430509724191,0.223704949036996,0.243298519444439,0.161797245314680,0.150148946700048
727,0.638797087949753,0.258711437790672,0.181605650010004,0.290152214217331,0.173835068385563,0.151189670120080
676,0.620252184825136,0.345300444024283,0.332468835480985,0.334444602573969,0.202303599215116,0.217294683481912
686,0.603424944919196,0.219672052767678,0.224521889216861,0.176522456496951,0.151189670120080,0.181025063276694
378,0.480808424194665,0.193398287644562,0.200889639762023,0.185781454960399,0.155233599845476,0.183967824035887
782,0.599875784998553,0.248659484023583,0.271855157449252,0.195393227873188,0.171754154191287,0.140279459933373
618,0.602537880906253,0.222081350052879,0.266179795115631,0.140279459933373,0.168745733831007,0.140279459933373
363,0.663450425192382,0.280468392646033,0.182778757451073,0.383475920330798,0.379590352485876,0.255024990396885
776,0.62555609967103,0.236301613614802,0.238033800236652,0.23977753355553,0.176522456496951,0.147497624383717
856,0.65113325749733,0.323575487390111,0.294052217151829,0.260567046745838,0.164024746412181,0.188255890082703
694,0.643205181411445,0.235439936165745,0.223704949036996,0.270905253648299,0.164480729737195,0.162235816543637
744,0.617598511353537,0.247759640188542,0.227823271636467,0.188884569174318,0.181025063276694,0.198109430350217
391,0.657294084136253,0.199491561253654,0.235439936165745,0.218083551882790,0.162235816543637,0.170233153496669
773,0.607858057407542,0.223704949036996,0.252283020211930,0.199491561253654,0.167772573247934,0.140279459933373
348,0.433254223593108,0.171243398019944,0.173309128978783,0.194059239855938,0.140279459933373,0.178181472416481
787,0.609630293401202,0.369843682925459,0.285297304030371,0.323575487390111,0.142423961905656,0.154850743467635
343,0.443610401564419,0.169733635746363,0.188884569174318,0.212638240623736,0.143552645462116,0.14298348025674
653,0.596324170558622,0.254108759679802,0.228656878414890,0.276626749501763,0.140279459933373,0.155233599845476
765,0.613173084606865,0.221274744825972,0.226992939983781,0.178181472416481,0.167291481291287,0.158822198286243
739,0.616713692539713,0.211115838461421,0.228656878414890,0.218876016213984,0.140279459933373,0.172787005806565
956,0.640560644506718,0.253194757033311,0.217294683481912,0.259638241659144,0.140279459933373,0.140279459933373
936,0.661691913619881,0.249561781327291,0.26336509235663,0.248659484023583,0.148143904307162,0.144424803121843
772,0.62555609967103,0.233725581744281,0.240653643199231,0.186394027664835,0.177624558944457,0.140279459933373
589,0.643205181411445,0.291125967010989,0.26806502014066,0.271855157449252,0.178181472416481,0.187010622123131
670,0.603424944919196,0.246862287018223,0.261497815323131,0.246862287018223,0.151189670120080,0.160930368981928
833,0.615828741507218,0.220471637257467,0.250466494772263,0.200889639762023,0.159237162188545,0.154470991130581
802,0.596324170558622,0.199491561253654,0.194724220966719,0.228656878414890,0.140279459933373,0.181025063276694
326,0.472497848634527,0.151897993103576,0.225342219919308,0.140279459933373,0.140279459933373,0.140279459933373
828,0.636150937944643,0.251373586915138,0.226992939983781,0.205907447843523,0.188255890082703,0.153350162717428
877,0.65201365997105,0.261497815323131,0.260567046745838,0.249561781327291,0.16357228121085,0.162677834203278
737,0.617598511353537,0.269010148553487,0.247759640188542,0.244185541162083,0.190154027575454,0.173309128978783
797,0.617598511353537,0.270905253648299,0.251373586915138,0.212638240623736,0.177624558944457,0.147178535004063
310,0.428527399760189,0.152982630801945,0.140279459933373,0.213405068833102,0.140279459933373,0.140279459933373
503,0.605198627992826,0.197424363331222,0.183371292540019,0.237166246337142,0.150839880430613,0.145928733232941
738,0.589213267095234,0.259638241659144,0.222891426963376,0.241532534498303,0.175435913518267,0.181605650010004
744,0.657294084136253,0.269010148553487,0.238033800236652,0.254108759679802,0.176522456496951,0.199491561253654
678,0.610516199655431,0.218083551882790,0.241532534498303,0.222081350052879,0.140279459933373,0.211115838461421
618,0.61494365721071,0.245075200706715,0.221274744825972,0.261497815323131,0.158002143279100,0.148143904307162
162,0.474347434968947,0.150148946700048,0.157597013980819,0.170736402643872,0.158410531669826,0.185781454960399
746,0.617598511353537,0.210360301592275,0.204454144375473,0.218083551882790,0.166814026627726,0.141066417195949
690,0.585653817185493,0.235439936165745,0.264301525715948,0.222081350052879,0.188255890082703,0.140279459933373
697,0.629972659733243,0.26806502014066,0.256863984839407,0.232872971194181,0.202303599215116,0.165869963138432
733,0.613173084606865,0.234581247743386,0.256863984839407,0.174364837136968,0.192741366843982,0.140279459933373
905,0.665208590906176,0.291125967010989,0.255024990396885,0.259638241659144,0.165403320798019,0.203016510694019
727,0.629089586309926,0.224521889216861,0.241532534498303,0.187631241909896,0.154470991130581,0.153720720340875
719,0.632621179272578,0.238904240888872,0.210360301592275,0.292100571713878,0.140279459933373,0.145018731380577
864,0.645848781067736,0.249561781327291,0.212638240623736,0.238904240888872,0.177624558944457,0.140279459933373
334,0.420938564569721,0.144131604573628,0.169237834303805,0.222081350052879,0.140279459933373,0.140279459933373
673,0.593658802575914,0.238033800236652,0.195393227873188,0.236301613614802,0.144720505822661,0.157195124574254
581,0.628206394540431,0.246862287018223,0.237166246337142,0.235439936165745,0.204454144375473,0.161797245314680
778,0.643205181411445,0.246862287018223,0.247759640188542,0.234581247743386,0.171243398019944,0.153720720340875
713,0.587433883900336,0.232023448734304,0.201594638931909,0.238904240888872,0.175977245746161,0.16634019279706
369,0.649372161207369,0.247759640188542,0.179875784505171,0.32950458986508,0.322587416871138,0.23033379664679
719,0.606971725447777,0.233725581744281,0.200889639762023,0.257786672914962,0.159655442358187,0.172787005806565
872,0.609630293401202,0.320611530912211,0.296006914761259,0.228656878414890,0.243298519444439,0.195393227873188
287,0.470646634478409,0.187010622123131,0.197424363331222,0.236301613614802,0.169733635746363,0.141333283747465
675,0.590102705627282,0.211115838461421,0.237166246337142,0.216509434133377,0.171243398019944,0.193398287644562
670,0.629972659733243,0.241532534498303,0.252283020211930,0.164940248736627,0.16357228121085,0.161797245314680
771,0.618483198986599,0.241532534498303,0.227823271636467,0.199491561253654,0.188884569174318,0.178742307944130
870,0.642323774366231,0.261497815323131,0.222081350052879,0.220471637257467,0.172268685450245,0.174898448025698
852,0.611401966215199,0.279506090033501,0.245075200706715,0.259638241659144,0.178742307944130,0.148801114525785
765,0.621136485069615,0.241532534498303,0.272806580486754,0.203733362812729,0.183967824035887,0.172787005806565
731,0.623788627185174,0.242414171861771,0.181605650010004,0.276626749501763,0.165403320798019,0.161362102255135
843,0.640560644506718,0.259638241659144,0.255943411389996,0.213405068833102,0.151897993103576,0.140279459933373
754,0.644967683931748,0.255024990396885,0.234581247743386,0.227823271636467,0.174364837136968,0.186394027664835
823,0.634386284250911,0.250466494772263,0.233725581744281,0.238033800236652,0.142147774681471,0.140279459933373
959,0.677506525321988,0.319623752397046,0.301887051542692,0.303851718893881,0.172268685450245,0.185781454960399
695,0.632621179272578,0.226165913043895,0.255024990396885,0.279506090033501,0.175435913518267,0.201594638931909
617,0.589213267095234,0.238033800236652,0.210360301592275,0.261497815323131,0.169733635746363,0.140279459933373
680,0.606085249352797,0.217294683481912,0.222081350052879,0.179875784505171,0.140279459933373,0.140539522938054
695,0.623788627185174,0.212638240623736,0.226165913043895,0.175435913518267,0.171754154191287,0.150492979148870
679,0.606971725447777,0.225342219919308,0.259638241659144,0.212638240623736,0.145928733232941,0.173835068385563
408,0.466011361565902,0.196066256873814,0.226165913043895,0.156796455796649,0.140279459933373,0.183371292540019
647,0.61494365721071,0.186394027664835,0.203733362812729,0.253194757033311,0.141333283747465,0.140279459933373
343,0.431364974573073,0.159655442358187,0.190794809258731,0.185172899926102,0.170736402643872,0.140279459933373
850,0.604311860230174,0.224521889216861,0.243298519444439,0.238033800236652,0.140279459933373,0.168745733831007
778,0.627323083479833,0.291125967010989,0.283362392853609,0.266179795115631,0.180448444205294,0.180448444205294
775,0.650252758171119,0.245075200706715,0.251373586915138,0.251373586915138,0.140279459933373,0.203016510694019
718,0.61405843859737,0.213405068833102,0.229493730258852,0.212638240623736,0.14298348025674,0.170233153496669
760,0.642323774366231,0.273759486818862,0.248659484023583,0.274713840722163,0.175435913518267,0.172787005806565
792,0.644967683931748,0.261497815323131,0.214949882112267,0.266179795115631,0.165403320798019,0.140279459933373
687,0.589213267095234,0.217294683481912,0.208860644258667,0.203016510694019,0.148801114525785,0.140279459933373
676,0.582982412426427,0.243298519444439,0.255024990396885,0.231177046607856,0.171754154191287,0.164940248736627
937,0.627323083479833,0.295029198942614,0.298944182722262,0.272806580486754,0.185781454960399,0.140279459933373
949,0.646729776551258,0.255943411389996,0.226992939983781,0.210360301592275,0.166814026627726,0.177071557205383
313,0.65201365997105,0.206639944148685,0.204454144375473,0.340368763820501,0.367888982200334,0.218083551882790
811,0.611401966215199,0.241532534498303,0.272806580486754,0.249561781327291,0.172787005806565,0.182778757451073
761,0.627323083479833,0.262430509724191,0.240653643199231,0.256863984839407,0.184568357977156,0.174364837136968
823,0.621136485069615,0.244185541162083,0.216509434133377,0.238033800236652,0.140279459933373,0.156008702799071
784,0.61405843859737,0.275669606701894,0.286266334773665,0.229493730258852,0.185172899926102,0.201594638931909
950,0.616713692539713,0.255943411389996,0.220471637257467,0.275669606701894,0.175435913518267,0.199491561253654
660,0.59454741884471,0.206639944148685,0.240653643199231,0.182190212262849,0.167772573247934,0.165869963138432
758,0.629972659733243,0.285297304030371,0.225342219919308,0.245967461561916,0.200188610986799,0.171754154191287
744,0.59454741884471,0.245967461561916,0.225342219919308,0.225342219919308,0.145928733232941,0.171243398019944
774,0.630855615748439,0.256863984839407,0.279506090033501,0.218876016213984,0.140279459933373,0.187631241909896
171,0.493674279807102,0.146237238572002,0.16357228121085,0.194059239855938,0.140279459933373,0.140279459933373
855,0.652893966371437,0.257786672914962,0.236301613614802,0.190794809258731,0.171243398019944,0.148471133452426
608,0.606971725447777,0.238033800236652,0.233725581744281,0.226165913043895,0.149807763529887,0.171243398019944
801,0.611401966215199,0.222891426963376,0.261497815323131,0.219672052767678,0.193398287644562,0.177071557205383
564,0.598100289370352,0.229493730258852,0.206639944148685,0.233725581744281,0.200188610986799,0.162235816543637
862,0.630855615748439,0.275669606701894,0.278545025785751,0.232872971194181,0.200889639762023,0.170233153496669
635,0.600763302119727,0.211115838461421,0.205178843545358,0.227823271636467,0.192741366843982,0.16634019279706
755,0.623788627185174,0.232872971194181,0.259638241659144,0.272806580486754,0.168257318749387,0.141873944585676
563,0.573173308757861,0.258711437790672,0.266179795115631,0.224521889216861,0.198798498578782,0.177624558944457
693,0.600763302119727,0.247759640188542,0.255943411389996,0.224521889216861,0.175435913518267,0.140279459933373
856,0.642323774366231,0.257786672914962,0.237166246337142,0.301887051542692,0.205907447843523,0.149807763529887
395,0.448298759169222,0.186394027664835,0.183967824035887,0.224521889216861,0.140279459933373,0.161362102255135
736,0.608744246353995,0.244185541162083,0.226992939983781,0.257786672914962,0.140279459933373,0.161362102255135
245,0.615828741507218,0.196066256873814,0.188884569174318,0.234581247743386,0.160077057692081,0.140279459933373
644,0.660812526368302,0.274713840722163,0.223704949036996,0.262430509724191,0.177624558944457,0.140801836156987
754,0.620252184825136,0.280468392646033,0.283362392853609,0.180448444205294,0.179875784505171,0.183371292540019
778,0.596324170558622,0.203733362812729,0.225342219919308,0.203016510694019,0.16634019279706,0.188255890082703
650,0.582982412426427,0.197424363331222,0.225342219919308,0.195393227873188,0.164940248736627,0.145319498566922
691,0.623788627185174,0.279506090033501,0.269010148553487,0.213405068833102,0.190794809258731,0.140279459933373
756,0.606085249352797,0.219672052767678,0.211115838461421,0.217294683481912,0.16357228121085,0.157597013980819
816,0.640560644506718,0.253194757033311,0.233725581744281,0.234581247743386,0.169237834303805,0.165403320798019
688,0.597212308466731,0.214949882112267,0.193398287644562,0.245075200706715,0.144424803121843,0.148801114525785
815,0.648491465815105,0.282396577544332,0.228656878414890,0.298944182722262,0.185172899926102,0.172268685450245
781,0.62555609967103,0.232023448734304,0.257786672914962,0.226992939983781,0.148801114525785,0.144720505822661
709,0.604311860230174,0.245075200706715,0.218876016213984,0.254108759679802,0.160502026996677,0.145928733232941
915,0.602537880906253,0.236301613614802,0.249561781327291,0.223704949036996,0.208116557082828,0.205178843545358
635,0.606971725447777,0.254108759679802,0.244185541162083,0.236301613614802,0.153350162717428,0.165403320798019
403,0.425685350085428,0.187631241909896,0.209608564537159,0.180448444205294,0.187631241909896,0.140279459933373
966,0.606971725447777,0.255024990396885,0.205178843545358,0.267121556704060,0.172268685450245,0.145622826217966
480,0.450170855356869,0.172787005806565,0.178742307944130,0.188884569174318,0.144720505822661,0.140279459933373
639,0.574958463059337,0.318636108753548,0.296985336054750,0.286266334773665,0.177624558944457,0.172787005806565
764,0.598988114480156,0.232872971194181,0.224521889216861,0.217294683481912,0.181025063276694,0.141873944585676
179,0.542697607586951,0.142147774681471,0.157195124574254,0.205907447843523,0.140279459933373,0.173309128978783
824,0.65113325749733,0.300905518027404,0.289179343702615,0.259638241659144,0.168257318749387,0.16634019279706
743,0.629972659733243,0.249561781327291,0.248659484023583,0.232872971194181,0.177624558944457,0.152618104976752
827,0.644967683931748,0.23033379664679,0.242414171861771,0.252283020211930,0.140279459933373,0.141873944585676
677,0.606085249352797,0.237166246337142,0.231177046607856,0.222891426963376,0.140279459933373,0.171243398019944
341,0.434198112267997,0.173835068385563,0.140279459933373,0.23977753355553,0.140279459933373,0.147819407725247
897,0.635268667058686,0.273759486818862,0.267121556704060,0.269010148553487,0.173309128978783,0.181605650010004
962,0.664329550930648,0.269956905233921,0.26806502014066,0.297964434643167,0.159655442358187,0.140279459933373
872,0.653774177471793,0.307786743279463,0.305818349289740,0.244185541162083,0.169237834303805,0.216509434133377
209,0.589213267095234,0.153720720340875,0.148143904307162,0.206639944148685,0.148801114525785,0.140279459933373
217,0.471572446139952,0.170233153496669,0.168745733831007,0.244185541162083,0.140279459933373,0.197424363331222
742,0.613173084606865,0.238033800236652,0.240653643199231,0.223704949036996,0.173835068385563,0.171754154191287
789,0.631738455286738,0.282396577544332,0.256863984839407,0.236301613614802,0.149133866930996,0.140279459933373
739,0.618483198986599,0.336419918223748,0.316661303992259,0.296006914761259,0.211875157547888,0.146548361254107
770,0.630855615748439,0.255024990396885,0.23033379664679,0.238033800236652,0.174364837136968,0.160077057692081
750,0.616713692539713,0.221274744825972,0.232872971194181,0.213405068833102,0.149807763529887,0.173309128978783
693,0.629972659733243,0.224521889216861,0.235439936165745,0.222891426963376,0.170736402643872,0.169237834303805
662,0.569600673082815,0.247759640188542,0.229493730258852,0.222081350052879,0.170233153496669,0.197424363331222
708,0.644967683931748,0.247759640188542,0.213405068833102,0.276626749501763,0.140279459933373,0.140279459933373
355,0.41331732873535,0.178742307944130,0.210360301592275,0.191439626593958,0.140279459933373,0.165403320798019
916,0.627323083479833,0.240653643199231,0.233725581744281,0.23977753355553,0.208860644258667,0.146548361254107
845,0.618483198986599,0.226992939983781,0.194724220966719,0.258711437790672,0.140279459933373,0.148471133452426
669,0.599875784998553,0.257786672914962,0.245075200706715,0.235439936165745,0.167772573247934,0.172787005806565
789,0.629972659733243,0.242414171861771,0.211875157547888,0.219672052767678,0.197424363331222,0.196066256873814
778,0.649372161207369,0.320611530912211,0.269956905233921,0.301887051542692,0.155619579790919,0.164480729737195
551,0.581200590507501,0.209608564537159,0.232023448734304,0.237166246337142,0.153350162717428,0.164940248736627
830,0.620252184825136,0.245967461561916,0.208116557082828,0.225342219919308,0.145928733232941,0.147819407725247
714,0.629972659733243,0.246862287018223,0.228656878414890,0.267121556704060,0.159655442358187,0.243298519444439
868,0.618483198986599,0.292100571713878,0.270905253648299,0.243298519444439,0.179875784505171,0.176522456496951
673,0.602537880906253,0.224521889216861,0.218083551882790,0.218083551882790,0.154850743467635,0.204454144375473
677,0.597212308466731,0.224521889216861,0.241532534498303,0.173309128978783,0.173835068385563,0.14298348025674
611,0.603424944919196,0.199491561253654,0.183967824035887,0.258711437790672,0.156400988328558,0.145928733232941
352,0.466011361565902,0.152256565618780,0.198798498578782,0.187631241909896,0.161362102255135,0.140279459933373
880,0.684527124733494,0.312714190948075,0.287236372741756,0.286266334773665,0.265239772398733,0.155619579790919
836,0.617598511353537,0.240653643199231,0.219672052767678,0.285297304030371,0.153720720340875,0.162677834203278
904,0.66608754581422,0.314687276192053,0.290152214217331,0.278545025785751,0.188255890082703,0.178742307944130
760,0.634386284250911,0.237166246337142,0.195393227873188,0.255024990396885,0.160077057692081,0.141333283747465
356,0.448298759169222,0.171754154191287,0.166814026627726,0.204454144375473,0.140279459933373,0.167772573247934
749,0.598100289370352,0.203733362812729,0.201594638931909,0.253194757033311,0.169733635746363,0.140279459933373
149,0.423788147113161,0.140279459933373,0.188255890082703,0.164940248736627,0.140279459933373,0.144424803121843
779,0.672237905577799,0.269956905233921,0.229493730258852,0.261497815323131,0.181025063276694,0.208116557082828
722,0.617598511353537,0.214949882112267,0.203016510694019,0.275669606701894,0.182190212262849,0.140279459933373
715,0.61494365721071,0.262430509724191,0.231177046607856,0.272806580486754,0.175435913518267,0.158002143279100
397,0.438910260048710,0.179307075461499,0.173309128978783,0.167772573247934,0.140279459933373,0.154470991130581
404,0.432309844864813,0.187631241909896,0.16634019279706,0.211115838461421,0.140279459933373,0.170233153496669
575,0.582982412426427,0.262430509724191,0.266179795115631,0.269956905233921,0.301887051542692,0.200889639762023
681,0.616713692539713,0.236301613614802,0.212638240623736,0.243298519444439,0.140279459933373,0.162677834203278
767,0.606971725447777,0.233725581744281,0.253194757033311,0.26336509235663,0.186394027664835,0.166814026627726
776,0.596324170558622,0.231177046607856,0.261497815323131,0.271855157449252,0.170233153496669,0.167291481291287
747,0.626439652176295,0.242414171861771,0.245075200706715,0.225342219919308,0.195393227873188,0.141602453589765
678,0.57585075439854,0.253194757033311,0.253194757033311,0.229493730258852,0.174898448025698,0.14298348025674
775,0.658173830133798,0.278545025785751,0.251373586915138,0.26806502014066,0.150492979148870,0.155619579790919
836,0.627323083479833,0.240653643199231,0.265239772398733,0.181605650010004,0.167772573247934,0.215727826366646
857,0.646729776551258,0.277585234113443,0.228656878414890,0.259638241659144,0.140279459933373,0.169237834303805
555,0.658173830133798,0.216509434133377,0.167772573247934,0.269956905233921,0.186394027664835,0.149807763529887
918,0.624672424998259,0.361034414931008,0.347271459448055,0.284329312589461,0.221274744825972,0.181605650010004
942,0.642323774366231,0.273759486818862,0.214949882112267,0.242414171861771,0.185781454960399,0.140279459933373
772,0.598988114480156,0.211875157547888,0.233725581744281,0.242414171861771,0.140279459933373,0.159655442358187
316,0.460435073421994,0.181605650010004,0.168745733831007,0.192741366843982,0.153720720340875,0.140279459933373
151,0.573173308757861,0.311728055196152,0.240653643199231,0.232023448734304,0.179307075461499,0.156008702799071
694,0.601650667029677,0.226165913043895,0.203733362812729,0.255943411389996,0.165869963138432,0.164480729737195
145,0.344314559496454,0.140279459933373,0.172268685450245,0.183371292540019,0.150148946700048,0.169237834303805
706,0.655534316836593,0.243298519444439,0.244185541162083,0.245075200706715,0.145018731380577,0.213405068833102
1013,0.618483198986599,0.277585234113443,0.303851718893881,0.280468392646033,0.148801114525785,0.179875784505171
733,0.590102705627282,0.243298519444439,0.204454144375473,0.228656878414890,0.169733635746363,0.141066417195949
746,0.619367756469412,0.250466494772263,0.200889639762023,0.279506090033501,0.140279459933373,0.156796455796649
769,0.62555609967103,0.266179795115631,0.228656878414890,0.258711437790672,0.196743303664015,0.160077057692081
761,0.638797087949753,0.249561781327291,0.222081350052879,0.238904240888872,0.169237834303805,0.140279459933373
364,0.458572851358513,0.167772573247934,0.205178843545358,0.180448444205294,0.140279459933373,0.140279459933373
829,0.644086484322101,0.26806502014066,0.270905253648299,0.216509434133377,0.181025063276694,0.195393227873188
754,0.619367756469412,0.255943411389996,0.26806502014066,0.167291481291287,0.187631241909896,0.140279459933373
158,0.457641082102348,0.140279459933373,0.143552645462116,0.222891426963376,0.140279459933373,0.143266847840142
716,0.605198627992826,0.232023448734304,0.198109430350217,0.269956905233921,0.141066417195949,0.140279459933373
583,0.537291706764252,0.264301525715948,0.252283020211930,0.255024990396885,0.179307075461499,0.140279459933373
158,0.456708871220304,0.165869963138432,0.186394027664835,0.196066256873814,0.165869963138432,0.190154027575454
737,0.617598511353537,0.269956905233921,0.245075200706715,0.274713840722163,0.166814026627726,0.140279459933373
828,0.654654294039608,0.264301525715948,0.213405068833102,0.258711437790672,0.187010622123131,0.191439626593958
743,0.612287594171303,0.238904240888872,0.254108759679802,0.216509434133377,0.173309128978783,0.211115838461421
782,0.642323774366231,0.296006914761259,0.267121556704060,0.240653643199231,0.178742307944130,0.160077057692081
885,0.619367756469412,0.296006914761259,0.305818349289740,0.246862287018223,0.193398287644562,0.140279459933373
761,0.620252184825136,0.244185541162083,0.216509434133377,0.273759486818862,0.143840891542185,0.171754154191287
670,0.629089586309926,0.229493730258852,0.228656878414890,0.208116557082828,0.157195124574254,0.159237162188545
867,0.596324170558622,0.261497815323131,0.26806502014066,0.193398287644562,0.159237162188545,0.172268685450245
785,0.62555609967103,0.265239772398733,0.272806580486754,0.212638240623736,0.16634019279706,0.159237162188545
895,0.669602528491819,0.298944182722262,0.266179795115631,0.274713840722163,0.161797245314680,0.156796455796649
792,0.621136485069615,0.222891426963376,0.226992939983781,0.227823271636467,0.175977245746161,0.168745733831007
744,0.635268667058686,0.262430509724191,0.282396577544332,0.205178843545358,0.180448444205294,0.187010622123131
739,0.611401966215199,0.232023448734304,0.236301613614802,0.265239772398733,0.177071557205383,0.214175622695954
749,0.655534316836593,0.244185541162083,0.255024990396885,0.243298519444439,0.185172899926102,0.171754154191287
197,0.570494126543261,0.143552645462116,0.197424363331222,0.23033379664679,0.16357228121085,0.185781454960399
870,0.644086484322101,0.259638241659144,0.251373586915138,0.255024990396885,0.194724220966719,0.140279459933373
907,0.602537880906253,0.223704949036996,0.244185541162083,0.247759640188542,0.152618104976752,0.191439626593958
785,0.635268667058686,0.258711437790672,0.254108759679802,0.202303599215116,0.189517281185082,0.155619579790919
617,0.61494365721071,0.255943411389996,0.256863984839407,0.240653643199231,0.151897993103576,0.140539522938054
431,0.556174158820723,0.234581247743386,0.247759640188542,0.249561781327291,0.160502026996677,0.157597013980819
863,0.681894949187986,0.296985336054750,0.253194757033311,0.232872971194181,0.213405068833102,0.170736402643872
643,0.665208590906176,0.279506090033501,0.169733635746363,0.283362392853609,0.154850743467635,0.199491561253654
657,0.61405843859737,0.245967461561916,0.203733362812729,0.232023448734304,0.140279459933373,0.200188610986799
948,0.622904705251892,0.251373586915138,0.227823271636467,0.219672052767678,0.172268685450245,0.140279459933373
734,0.629972659733243,0.235439936165745,0.220471637257467,0.226165913043895,0.167291481291287,0.144424803121843
362,0.452041119617036,0.186394027664835,0.179307075461499,0.221274744825972,0.153720720340875,0.140279459933373
698,0.609630293401202,0.235439936165745,0.285297304030371,0.214175622695954,0.172268685450245,0.200889639762023
727,0.587433883900336,0.319623752397046,0.305818349289740,0.285297304030371,0.171754154191287,0.175435913518267
226,0.669602528491819,0.237166246337142,0.148143904307162,0.36005360357005,0.394120687044045,0.228656878414890
767,0.635268667058686,0.26806502014066,0.285297304030371,0.274713840722163,0.160502026996677,0.147819407725247
802,0.627323083479833,0.202303599215116,0.257786672914962,0.23033379664679,0.147819407725247,0.180448444205294
635,0.612287594171303,0.214949882112267,0.208116557082828,0.202303599215116,0.165403320798019,0.140279459933373
852,0.658173830133798,0.281431899695417,0.252283020211930,0.244185541162083,0.160930368981928,0.164480729737195
640,0.619367756469412,0.204454144375473,0.219672052767678,0.197424363331222,0.140279459933373,0.160502026996677
776,0.643205181411445,0.274713840722163,0.280468392646033,0.23977753355553,0.162235816543637,0.190794809258731
930,0.652893966371437,0.271855157449252,0.288207386188063,0.240653643199231,0.219672052767678,0.16357228121085
867,0.654654294039608,0.266179795115631,0.238904240888872,0.262430509724191,0.158410531669826,0.168257318749387
757,0.617598511353537,0.251373586915138,0.245075200706715,0.213405068833102,0.178181472416481,0.146548361254107
521,0.550789853506805,0.193398287644562,0.217294683481912,0.211115838461421,0.183967824035887,0.140279459933373
591,0.620252184825136,0.237166246337142,0.226165913043895,0.253194757033311,0.166814026627726,0.160930368981928
373,0.418084423539314,0.190154027575454,0.173309128978783,0.203733362812729,0.161797245314680,0.140279459933373
751,0.604311860230174,0.228656878414890,0.174898448025698,0.255943411389996,0.164480729737195,0.160077057692081
742,0.646729776551258,0.210360301592275,0.251373586915138,0.250466494772263,0.171754154191287,0.167291481291287
697,0.586543936638165,0.266179795115631,0.260567046745838,0.213405068833102,0.175977245746161,0.184568357977156
249,0.68364980472056,0.208116557082828,0.181605650010004,0.380562464597876,0.382505251364152,0.244185541162083
775,0.609630293401202,0.255943411389996,0.235439936165745,0.257786672914962,0.168745733831007,0.214175622695954
756,0.58209159090975,0.298944182722262,0.253194757033311,0.274713840722163,0.218083551882790,0.150839880430613
780,0.620252184825136,0.212638240623736,0.222891426963376,0.249561781327291,0.141066417195949,0.146237238572002
756,0.626439652176295,0.26336509235663,0.245967461561916,0.213405068833102,0.165403320798019,0.173835068385563
604,0.621136485069615,0.240653643199231,0.238033800236652,0.205178843545358,0.177624558944457,0.177624558944457
732,0.611401966215199,0.222891426963376,0.254108759679802,0.23977753355553,0.157195124574254,0.154470991130581
688,0.598988114480156,0.289179343702615,0.286266334773665,0.320611530912211,0.196066256873814,0.160077057692081
900,0.657294084136253,0.232872971194181,0.255024990396885,0.205907447843523,0.142423961905656,0.172787005806565
742,0.606971725447777,0.237166246337142,0.236301613614802,0.236301613614802,0.147178535004063,0.156796455796649
733,0.608744246353995,0.221274744825972,0.241532534498303,0.169733635746363,0.166814026627726,0.154094323280450
944,0.644086484322101,0.258711437790672,0.274713840722163,0.250466494772263,0.151189670120080,0.173835068385563
807,0.619367756469412,0.286266334773665,0.258711437790672,0.297964434643167,0.180448444205294,0.196743303664015
942,0.663450425192382,0.264301525715948,0.209608564537159,0.300905518027404,0.157597013980819,0.148801114525785
807,0.617598511353537,0.293075998312143,0.267121556704060,0.206639944148685,0.183967824035887,0.140279459933373
903,0.613173084606865,0.220471637257467,0.218083551882790,0.290152214217331,0.141602453589765,0.140279459933373
868,0.635268667058686,0.244185541162083,0.221274744825972,0.285297304030371,0.142423961905656,0.166814026627726
828,0.568707020795868,0.304834801321944,0.269956905233921,0.291125967010989,0.196066256873814,0.181605650010004
785,0.629972659733243,0.218083551882790,0.185781454960399,0.246862287018223,0.169237834303805,0.157195124574254
675,0.645848781067736,0.223704949036996,0.238033800236652,0.215727826366646,0.158410531669826,0.155233599845476
967,0.621136485069615,0.302869127130412,0.26336509235663,0.297964434643167,0.195393227873188,0.161362102255135
232,0.389289635189169,0.140279459933373,0.140279459933373,0.218083551882790,0.140279459933373,0.151542367809210
835,0.636150937944643,0.269956905233921,0.23977753355553,0.232872971194181,0.186394027664835,0.140279459933373
825,0.61405843859737,0.209608564537159,0.226165913043895,0.229493730258852,0.187010622123131,0.167772573247934
793,0.671359527115958,0.269010148553487,0.254108759679802,0.176522456496951,0.169733635746363,0.178181472416481
297,0.652893966371437,0.192088479379025,0.182190212262849,0.212638240623736,0.151542367809210,0.16634019279706
841,0.646729776551258,0.260567046745838,0.238033800236652,0.197424363331222,0.157195124574254,0.142423961905656
451,0.450170855356869,0.192741366843982,0.180448444205294,0.198109430350217,0.140279459933373,0.164940248736627
641,0.603424944919196,0.290152214217331,0.289179343702615,0.224521889216861,0.180448444205294,0.195393227873188
767,0.620252184825136,0.257786672914962,0.244185541162083,0.245967461561916,0.157597013980819,0.151897993103576
737,0.639678919993987,0.289179343702615,0.276626749501763,0.292100571713878,0.205907447843523,0.167291481291287
827,0.612287594171303,0.273759486818862,0.279506090033501,0.269010148553487,0.168257318749387,0.140279459933373
167,0.485411763012758,0.140279459933373,0.164940248736627,0.203016510694019,0.141333283747465,0.140279459933373
667,0.602537880906253,0.226165913043895,0.213405068833102,0.231177046607856,0.140279459933373,0.165403320798019
849,0.63703309779987,0.245075200706715,0.255024990396885,0.232872971194181,0.16634019279706,0.200889639762023
520,0.709940740769691,0.328516409471957,0.298944182722262,0.377644706128292,0.419987692000204,0.257786672914962
859,0.636150937944643,0.264301525715948,0.218083551882790,0.243298519444439,0.168257318749387,0.177071557205383
743,0.664329550930648,0.293075998312143,0.278545025785751,0.297964434643167,0.210360301592275,0.140279459933373
978,0.620252184825136,0.301887051542692,0.281431899695417,0.304834801321944,0.203733362812729,0.144131604573628
812,0.618483198986599,0.303851718893881,0.281431899695417,0.248659484023583,0.210360301592275,0.188884569174318
343,0.420938564569721,0.185781454960399,0.203016510694019,0.206639944148685,0.144424803121843,0.151897993103576
708,0.611401966215199,0.236301613614802,0.181025063276694,0.295029198942614,0.160077057692081,0.155233599845476
310,0.62555609967103,0.214175622695954,0.189517281185082,0.343328438016707,0.317648619366148,0.199491561253654
689,0.598988114480156,0.189517281185082,0.243298519444439,0.203733362812729,0.140279459933373,0.140279459933373
677,0.635268667058686,0.231177046607856,0.232872971194181,0.232023448734304,0.164480729737195,0.142147774681471
709,0.610516199655431,0.26336509235663,0.235439936165745,0.227823271636467,0.162235816543637,0.156400988328558
179,0.526451579334568,0.140801836156987,0.203016510694019,0.154850743467635,0.153720720340875,0.164480729737195
819,0.627323083479833,0.279506090033501,0.301887051542692,0.334444602573969,0.264301525715948,0.229493730258852
715,0.618483198986599,0.252283020211930,0.232023448734304,0.257786672914962,0.140279459933373,0.142147774681471
863,0.636150937944643,0.318636108753548,0.313700605163659,0.294052217151829,0.202303599215116,0.196743303664015
771,0.636150937944643,0.229493730258852,0.224521889216861,0.217294683481912,0.148143904307162,0.157195124574254
200,0.598100289370352,0.224521889216861,0.161362102255135,0.373747820375976,0.410450927071570,0.253194757033311
702,0.592770024376564,0.241532534498303,0.226165913043895,0.261497815323131,0.178181472416481,0.140279459933373
212,0.558863289375474,0.180448444205294,0.190794809258731,0.225342219919308,0.14298348025674,0.16634019279706
415,0.446424815327873,0.177071557205383,0.140279459933373,0.255024990396885,0.145018731380577,0.205907447843523
567,0.621136485069615,0.210360301592275,0.140279459933373,0.250466494772263,0.168257318749387,0.140279459933373
955,0.674872565393281,0.288207386188063,0.286266334773665,0.283362392853609,0.16634019279706,0.199491561253654
726,0.618483198986599,0.244185541162083,0.235439936165745,0.238904240888872,0.160930368981928,0.140279459933373
652,0.561550463611059,0.346286080835727,0.306802338059224,0.271855157449252,0.222081350052879,0.199491561253654
706,0.643205181411445,0.26336509235663,0.256863984839407,0.257786672914962,0.167291481291287,0.175977245746161
789,0.622904705251892,0.244185541162083,0.269956905233921,0.190794809258731,0.193398287644562,0.140279459933373
770,0.631738455286738,0.234581247743386,0.187010622123131,0.227823271636467,0.164940248736627,0.148143904307162
754,0.624672424998259,0.301887051542692,0.256863984839407,0.308771540986705,0.245075200706715,0.16357228121085
655,0.58209159090975,0.261497815323131,0.255024990396885,0.180448444205294,0.237166246337142,0.168257318749387
330,0.65201365997105,0.23977753355553,0.173835068385563,0.322587416871138,0.338394673319409,0.208860644258667
734,0.599875784998553,0.217294683481912,0.196066256873814,0.246862287018223,0.147497624383717,0.160077057692081
852,0.623788627185174,0.233725581744281,0.261497815323131,0.267121556704060,0.147819407725247,0.167772573247934
702,0.63703309779987,0.211875157547888,0.164940248736627,0.269010148553487,0.140279459933373,0.145319498566922
873,0.643205181411445,0.227823271636467,0.198109430350217,0.220471637257467,0.14298348025674,0.177071557205383
611,0.63703309779987,0.259638241659144,0.248659484023583,0.245075200706715,0.156008702799071,0.168257318749387
948,0.610516199655431,0.238904240888872,0.244185541162083,0.225342219919308,0.198109430350217,0.174898448025698
722,0.610516199655431,0.209608564537159,0.241532534498303,0.266179795115631,0.152618104976752,0.140279459933373
790,0.622904705251892,0.245967461561916,0.233725581744281,0.202303599215116,0.142147774681471,0.151897993103576
164,0.465083048709257,0.140279459933373,0.182190212262849,0.208116557082828,0.140279459933373,0.144424803121843
764,0.617598511353537,0.218876016213984,0.223704949036996,0.247759640188542,0.142423961905656,0.153350162717428
983,0.632621179272578,0.366910990862085,0.318636108753548,0.350225945404854,0.233725581744281,0.173835068385563
843,0.642323774366231,0.261497815323131,0.248659484023583,0.188255890082703,0.158002143279100,0.173835068385563
737,0.63703309779987,0.255943411389996,0.241532534498303,0.23977753355553,0.165403320798019,0.168745733831007
165,0.508293008226672,0.140279459933373,0.172787005806565,0.143552645462116,0.150148946700048,0.152618104976752
791,0.622904705251892,0.241532534498303,0.219672052767678,0.251373586915138,0.188884569174318,0.165403320798019
803,0.629972659733243,0.289179343702615,0.313700605163659,0.205907447843523,0.174364837136968,0.167772573247934
844,0.612287594171303,0.247759640188542,0.211875157547888,0.288207386188063,0.144131604573628,0.153350162717428
167,0.486331294331022,0.140279459933373,0.182190212262849,0.182190212262849,0.140279459933373,0.164024746412181
340,0.446424815327873,0.175977245746161,0.218083551882790,0.184568357977156,0.159655442358187,0.141873944585676
807,0.645848781067736,0.255943411389996,0.205907447843523,0.242414171861771,0.175435913518267,0.165869963138432
863,0.681017412481438,0.342342090635241,0.288207386188063,0.323575487390111,0.214175622695954,0.177071557205383
777,0.652893966371437,0.259638241659144,0.214949882112267,0.259638241659144,0.151897993103576,0.151542367809210
720,0.65201365997105,0.244185541162083,0.232023448734304,0.293075998312143,0.187631241909896,0.159655442358187
830,0.626439652176295,0.269010148553487,0.252283020211930,0.261497815323131,0.140279459933373,0.184568357977156
332,0.682772413069105,0.229493730258852,0.208116557082828,0.353177756395209,0.353177756395209,0.191439626593958
744,0.648491465815105,0.283362392853609,0.246862287018223,0.284329312589461,0.185172899926102,0.151542367809210
722,0.608744246353995,0.223704949036996,0.168745733831007,0.215727826366646,0.146237238572002,0.140279459933373
807,0.638797087949753,0.267121556704060,0.254108759679802,0.270905253648299,0.171754154191287,0.169237834303805
787,0.659053485350326,0.279506090033501,0.247759640188542,0.286266334773665,0.142702524367706,0.190794809258731
167,0.45297556976512,0.202303599215116,0.183967824035887,0.254108759679802,0.180448444205294,0.147178535004063
156,0.44923503724365,0.140279459933373,0.150839880430613,0.214175622695954,0.140279459933373,0.160077057692081
641,0.585653817185493,0.213405068833102,0.208116557082828,0.251373586915138,0.157195124574254,0.178181472416481
731,0.597212308466731,0.254108759679802,0.232023448734304,0.274713840722163,0.203016510694019,0.169237834303805
764,0.600763302119727,0.200889639762023,0.222081350052879,0.265239772398733,0.153720720340875,0.140279459933373
660,0.628206394540431,0.279506090033501,0.253194757033311,0.300905518027404,0.173309128978783,0.187010622123131
731,0.629972659733243,0.246862287018223,0.203733362812729,0.272806580486754,0.162677834203278,0.151189670120080
674,0.599875784998553,0.233725581744281,0.233725581744281,0.201594638931909,0.196066256873814,0.140279459933373
260,0.619367756469412,0.145622826217966,0.216509434133377,0.168257318749387,0.146548361254107,0.148801114525785
727,0.598100289370352,0.331480818156256,0.325551793923222,0.291125967010989,0.221274744825972,0.223704949036996
794,0.617598511353537,0.231177046607856,0.232023448734304,0.285297304030371,0.180448444205294,0.162677834203278
688,0.586543936638165,0.200889639762023,0.23033379664679,0.231177046607856,0.150148946700048,0.140279459933373
297,0.469720411442728,0.160502026996677,0.183967824035887,0.201594638931909,0.144131604573628,0.140279459933373
325,0.444549008408857,0.148143904307162,0.155233599845476,0.196743303664015,0.140279459933373,0.141602453589765
387,0.456708871220304,0.158410531669826,0.168257318749387,0.198798498578782,0.160930368981928,0.148471133452426
881,0.648491465815105,0.287236372741756,0.270905253648299,0.231177046607856,0.157195124574254,0.159237162188545
692,0.616713692539713,0.229493730258852,0.201594638931909,0.233725581744281,0.150148946700048,0.167291481291287
685,0.61494365721071,0.258711437790672,0.198798498578782,0.267121556704060,0.140279459933373,0.140279459933373
731,0.59454741884471,0.237166246337142,0.255943411389996,0.191439626593958,0.172268685450245,0.140279459933373
294,0.646729776551258,0.177071557205383,0.182778757451073,0.194059239855938,0.140279459933373,0.153350162717428
732,0.619367756469412,0.245967461561916,0.219672052767678,0.251373586915138,0.164940248736627,0.140279459933373
662,0.587433883900336,0.236301613614802,0.223704949036996,0.246862287018223,0.143552645462116,0.173835068385563
718,0.65201365997105,0.269956905233921,0.289179343702615,0.219672052767678,0.206639944148685,0.194059239855938
823,0.646729776551258,0.272806580486754,0.240653643199231,0.278545025785751,0.167291481291287,0.155233599845476
665,0.604311860230174,0.218083551882790,0.215727826366646,0.244185541162083,0.148471133452426,0.140279459933373
852,0.624672424998259,0.205907447843523,0.196743303664015,0.250466494772263,0.158410531669826,0.140279459933373
585,0.58209159090975,0.211115838461421,0.205907447843523,0.211875157547888,0.170736402643872,0.172268685450245
780,0.638797087949753,0.236301613614802,0.261497815323131,0.222891426963376,0.174898448025698,0.154850743467635
794,0.636150937944643,0.219672052767678,0.231177046607856,0.224521889216861,0.185781454960399,0.156400988328558
725,0.608744246353995,0.223704949036996,0.207376318697083,0.234581247743386,0.143840891542185,0.162677834203278
768,0.637915147508898,0.23977753355553,0.23033379664679,0.214949882112267,0.164940248736627,0.184568357977156
726,0.640560644506718,0.237166246337142,0.185781454960399,0.282396577544332,0.165403320798019,0.156796455796649
951,0.61494365721071,0.254108759679802,0.240653643199231,0.265239772398733,0.164940248736627,0.232872971194181
887,0.642323774366231,0.281431899695417,0.274713840722163,0.217294683481912,0.170233153496669,0.172787005806565
761,0.616713692539713,0.270905253648299,0.226165913043895,0.26806502014066,0.171243398019944,0.198798498578782
726,0.632621179272578,0.266179795115631,0.224521889216861,0.247759640188542,0.161362102255135,0.169237834303805
763,0.627323083479833,0.265239772398733,0.241532534498303,0.255024990396885,0.169237834303805,0.140279459933373
175,0.418084423539314,0.140279459933373,0.140279459933373,0.596324170558622,0.65113325749733,0.481729856995562
831,0.620252184825136,0.223704949036996,0.245075200706715,0.158822198286243,0.179307075461499,0.187631241909896
749,0.602537880906253,0.243298519444439,0.23977753355553,0.26806502014066,0.144131604573628,0.160077057692081
821,0.616713692539713,0.229493730258852,0.247759640188542,0.247759640188542,0.147497624383717,0.158822198286243
680,0.610516199655431,0.23977753355553,0.187631241909896,0.256863984839407,0.140279459933373,0.173835068385563
150,0.434198112267997,0.140279459933373,0.181025063276694,0.200889639762023,0.156008702799071,0.150839880430613
822,0.606971725447777,0.253194757033311,0.248659484023583,0.188884569174318,0.173309128978783,0.146862120354825
748,0.607858057407542,0.219672052767678,0.245075200706715,0.215727826366646,0.164940248736627,0.173835068385563
751,0.62555609967103,0.23033379664679,0.211875157547888,0.233725581744281,0.14298348025674,0.215727826366646
887,0.648491465815105,0.255943411389996,0.233725581744281,0.278545025785751,0.158410531669826,0.140279459933373
697,0.617598511353537,0.204454144375473,0.208860644258667,0.204454144375473,0.160930368981928,0.140279459933373
654,0.569600673082815,0.259638241659144,0.254108759679802,0.245967461561916,0.171754154191287,0.176522456496951
673,0.643205181411445,0.259638241659144,0.195393227873188,0.255943411389996,0.185781454960399,0.169733635746363
880,0.640560644506718,0.250466494772263,0.196066256873814,0.245967461561916,0.162677834203278,0.186394027664835
798,0.654654294039608,0.260567046745838,0.258711437790672,0.237166246337142,0.164940248736627,0.160077057692081
203,0.58209159090975,0.160077057692081,0.183967824035887,0.190794809258731,0.140279459933373,0.173835068385563
712,0.629089586309926,0.238904240888872,0.200889639762023,0.220471637257467,0.151542367809210,0.140279459933373
741,0.629972659733243,0.245967461561916,0.276626749501763,0.142702524367706,0.160930368981928,0.140279459933373
883,0.615828741507218,0.305818349289740,0.294052217151829,0.275669606701894,0.207376318697083,0.196743303664015
885,0.638797087949753,0.249561781327291,0.204454144375473,0.270905253648299,0.146862120354825,0.186394027664835
710,0.613173084606865,0.255943411389996,0.279506090033501,0.237166246337142,0.192088479379025,0.140279459933373
955,0.672237905577799,0.275669606701894,0.280468392646033,0.265239772398733,0.175977245746161,0.183371292540019
841,0.629089586309926,0.251373586915138,0.272806580486754,0.235439936165745,0.150839880430613,0.159237162188545
954,0.673994424070159,0.311728055196152,0.271855157449252,0.308771540986705,0.181605650010004,0.188884569174318
728,0.643205181411445,0.383475920330798,0.322587416871138,0.325551793923222,0.257786672914962,0.220471637257467
872,0.615828741507218,0.271855157449252,0.281431899695417,0.250466494772263,0.181605650010004,0.167291481291287
714,0.655534316836593,0.248659484023583,0.252283020211930,0.205907447843523,0.152256565618780,0.192088479379025
732,0.631738455286738,0.233725581744281,0.252283020211930,0.248659484023583,0.146862120354825,0.150839880430613
290,0.698554967049639,0.266179795115631,0.228656878414890,0.361034414931008,0.367888982200334,0.247759640188542
849,0.635268667058686,0.266179795115631,0.223704949036996,0.275669606701894,0.168257318749387,0.179875784505171
699,0.612287594171303,0.222891426963376,0.246862287018223,0.16634019279706,0.195393227873188,0.140279459933373
697,0.624672424998259,0.257786672914962,0.192088479379025,0.226165913043895,0.194724220966719,0.144720505822661
707,0.629972659733243,0.242414171861771,0.243298519444439,0.229493730258852,0.195393227873188,0.173835068385563
677,0.629972659733243,0.234581247743386,0.194724220966719,0.265239772398733,0.191439626593958,0.162235816543637
292,0.40566331506169,0.170736402643872,0.170736402643872,0.185172899926102,0.169237834303805,0.190154027575454
712,0.66608754581422,0.258711437790672,0.232872971194181,0.26336509235663,0.207376318697083,0.167291481291287
827,0.618483198986599,0.204454144375473,0.191439626593958,0.266179795115631,0.181025063276694,0.140279459933373
800,0.620252184825136,0.231177046607856,0.201594638931909,0.259638241659144,0.149469410107982,0.174364837136968
710,0.609630293401202,0.235439936165745,0.242414171861771,0.207376318697083,0.188255890082703,0.200889639762023
683,0.610516199655431,0.283362392853609,0.256863984839407,0.260567046745838,0.170736402643872,0.165403320798019
795,0.658173830133798,0.240653643199231,0.235439936165745,0.23033379664679,0.201594638931909,0.158002143279100
739,0.636150937944643,0.265239772398733,0.272806580486754,0.253194757033311,0.192088479379025,0.156008702799071
649,0.613173084606865,0.240653643199231,0.245967461561916,0.220471637257467,0.178742307944130,0.140279459933373
817,0.636150937944643,0.282396577544332,0.282396577544332,0.248659484023583,0.160077057692081,0.140279459933373
810,0.636150937944643,0.270905253648299,0.223704949036996,0.269956905233921,0.140539522938054,0.164940248736627
726,0.618483198986599,0.247759640188542,0.243298519444439,0.238033800236652,0.170233153496669,0.185172899926102
759,0.631738455286738,0.208860644258667,0.23033379664679,0.207376318697083,0.188255890082703,0.140279459933373
754,0.633503788623644,0.237166246337142,0.222891426963376,0.253194757033311,0.162677834203278,0.155233599845476
167,0.4964219650051,0.140279459933373,0.211115838461421,0.161797245314680,0.174898448025698,0.159655442358187
356,0.419036311953547,0.148801114525785,0.169237834303805,0.199491561253654,0.140279459933373,0.146862120354825
735,0.615828741507218,0.407579902497849,0.369843682925459,0.294052217151829,0.224521889216861,0.140279459933373
210,0.536389829011528,0.152618104976752,0.152256565618780,0.224521889216861,0.146237238572002,0.158002143279100
206,0.429473753439024,0.179875784505171,0.211115838461421,0.193398287644562,0.148143904307162,0.140279459933373
802,0.574065981658382,0.211875157547888,0.227823271636467,0.201594638931909,0.181025063276694,0.156796455796649
866,0.599875784998553,0.280468392646033,0.320611530912211,0.257786672914962,0.23977753355553,0.200889639762023
718,0.629972659733243,0.245075200706715,0.249561781327291,0.233725581744281,0.147497624383717,0.161362102255135
852,0.613173084606865,0.245075200706715,0.246862287018223,0.303851718893881,0.159237162188545,0.151897993103576
182,0.546296562840502,0.167291481291287,0.193398287644562,0.190154027575454,0.150839880430613,0.154850743467635
803,0.633503788623644,0.250466494772263,0.296985336054750,0.249561781327291,0.208116557082828,0.162677834203278
817,0.620252184825136,0.228656878414890,0.262430509724191,0.226165913043895,0.178181472416481,0.140279459933373
820,0.650252758171119,0.246862287018223,0.178181472416481,0.294052217151829,0.176522456496951,0.140279459933373
325,0.43702685358426,0.167772573247934,0.180448444205294,0.203016510694019,0.140279459933373,0.154850743467635
721,0.632621179272578,0.240653643199231,0.210360301592275,0.26336509235663,0.170233153496669,0.140279459933373
802,0.655534316836593,0.258711437790672,0.187010622123131,0.233725581744281,0.187010622123131,0.190794809258731
800,0.633503788623644,0.247759640188542,0.215727826366646,0.262430509724191,0.140279459933373,0.140279459933373
720,0.615828741507218,0.223704949036996,0.229493730258852,0.205907447843523,0.16357228121085,0.159237162188545
729,0.603424944919196,0.220471637257467,0.187631241909896,0.259638241659144,0.143266847840142,0.141066417195949
346,0.457641082102348,0.175977245746161,0.208860644258667,0.23033379664679,0.140279459933373,0.140279459933373
775,0.612287594171303,0.235439936165745,0.228656878414890,0.269010148553487,0.174364837136968,0.192088479379025
505,0.638797087949753,0.248659484023583,0.269956905233921,0.210360301592275,0.162677834203278,0.173309128978783
388,0.440791745314472,0.140279459933373,0.140279459933373,0.269956905233921,0.140279459933373,0.178742307944130
807,0.672237905577799,0.26806502014066,0.244185541162083,0.257786672914962,0.183967824035887,0.140279459933373
757,0.61405843859737,0.235439936165745,0.229493730258852,0.218083551882790,0.16357228121085,0.187010622123131
548,0.597212308466731,0.238033800236652,0.208860644258667,0.245075200706715,0.140279459933373,0.180448444205294
779,0.606085249352797,0.208860644258667,0.250466494772263,0.256863984839407,0.140279459933373,0.159655442358187
708,0.644086484322101,0.232023448734304,0.225342219919308,0.252283020211930,0.168745733831007,0.154470991130581
670,0.621136485069615,0.271855157449252,0.257786672914962,0.296985336054750,0.184568357977156,0.219672052767678
749,0.646729776551258,0.261497815323131,0.252283020211930,0.233725581744281,0.174364837136968,0.173835068385563
734,0.639678919993987,0.238904240888872,0.237166246337142,0.233725581744281,0.174898448025698,0.144720505822661
682,0.560654953573793,0.272806580486754,0.261497815323131,0.269956905233921,0.200889639762023,0.183967824035887
716,0.615828741507218,0.238033800236652,0.216509434133377,0.237166246337142,0.164940248736627,0.154470991130581
751,0.61405843859737,0.252283020211930,0.266179795115631,0.185781454960399,0.140801836156987,0.140279459933373
696,0.596324170558622,0.233725581744281,0.196066256873814,0.219672052767678,0.156008702799071,0.174898448025698
762,0.618483198986599,0.238033800236652,0.252283020211930,0.23033379664679,0.208116557082828,0.190794809258731
925,0.643205181411445,0.249561781327291,0.276626749501763,0.275669606701894,0.140279459933373,0.153350162717428
648,0.616713692539713,0.228656878414890,0.229493730258852,0.238033800236652,0.174364837136968,0.164024746412181
663,0.610516199655431,0.238033800236652,0.229493730258852,0.181605650010004,0.179875784505171,0.140279459933373
726,0.629972659733243,0.240653643199231,0.200889639762023,0.241532534498303,0.154470991130581,0.156008702799071
698,0.596324170558622,0.260567046745838,0.266179795115631,0.180448444205294,0.176522456496951,0.146548361254107
743,0.605198627992826,0.222891426963376,0.145622826217966,0.226165913043895,0.151897993103576,0.140279459933373
741,0.645848781067736,0.233725581744281,0.252283020211930,0.272806580486754,0.141066417195949,0.181605650010004
851,0.641442262346675,0.304834801321944,0.277585234113443,0.283362392853609,0.206639944148685,0.174898448025698
170,0.490005705397473,0.140279459933373,0.140279459933373,0.199491561253654,0.176522456496951,0.140279459933373
762,0.661691913619881,0.257786672914962,0.273759486818862,0.211875157547888,0.151897993103576,0.164940248736627
810,0.620252184825136,0.269010148553487,0.273759486818862,0.200188610986799,0.187010622123131,0.145319498566922
711,0.601650667029677,0.35612665264182,0.326539995183568,0.32950458986508,0.205178843545358,0.175435913518267
1012,0.656414246618719,0.253194757033311,0.261497815323131,0.214949882112267,0.147178535004063,0.190154027575454
775,0.645848781067736,0.201594638931909,0.250466494772263,0.244185541162083,0.161362102255135,0.140279459933373
731,0.617598511353537,0.238904240888872,0.190154027575454,0.304834801321944,0.140279459933373,0.165869963138432
160,0.464154311336516,0.160077057692081,0.159237162188545,0.185781454960399,0.140279459933373,0.140279459933373
773,0.631738455286738,0.255024990396885,0.288207386188063,0.154850743467635,0.190154027575454,0.140279459933373
804,0.627323083479833,0.261497815323131,0.240653643199231,0.199491561253654,0.182190212262849,0.171243398019944
755,0.63703309779987,0.255943411389996,0.225342219919308,0.228656878414890,0.178181472416481,0.147819407725247
680,0.612287594171303,0.245075200706715,0.242414171861771,0.252283020211930,0.174364837136968,0.177071557205383
206,0.587433883900336,0.147819407725247,0.166814026627726,0.205907447843523,0.140279459933373,0.150492979148870
182,0.510114381882143,0.212638240623736,0.190794809258731,0.252283020211930,0.179307075461499,0.169237834303805
661,0.592770024376564,0.205178843545358,0.212638240623736,0.213405068833102,0.146862120354825,0.151542367809210
821,0.590102705627282,0.205178843545358,0.227823271636467,0.249561781327291,0.140279459933373,0.140279459933373
764,0.623788627185174,0.247759640188542,0.227823271636467,0.238904240888872,0.150839880430613,0.199491561253654
610,0.613173084606865,0.238904240888872,0.266179795115631,0.201594638931909,0.189517281185082,0.203733362812729
769,0.616713692539713,0.238033800236652,0.185781454960399,0.23977753355553,0.171754154191287,0.140279459933373
775,0.620252184825136,0.242414171861771,0.228656878414890,0.242414171861771,0.201594638931909,0.16357228121085
319,0.453909567952752,0.176522456496951,0.212638240623736,0.182778757451073,0.141873944585676,0.152982630801945
705,0.59454741884471,0.222891426963376,0.179875784505171,0.264301525715948,0.140279459933373,0.167291481291287
804,0.618483198986599,0.23977753355553,0.227823271636467,0.238033800236652,0.160930368981928,0.158410531669826
774,0.65113325749733,0.271855157449252,0.273759486818862,0.221274744825972,0.160077057692081,0.159655442358187
762,0.605198627992826,0.300905518027404,0.235439936165745,0.332468835480985,0.214949882112267,0.185172899926102
713,0.629089586309926,0.234581247743386,0.23033379664679,0.232872971194181,0.150839880430613,0.16634019279706
708,0.620252184825136,0.218876016213984,0.207376318697083,0.204454144375473,0.16634019279706,0.140279459933373
779,0.634386284250911,0.240653643199231,0.231177046607856,0.218876016213984,0.167291481291287,0.140279459933373
166,0.478964395469008,0.170736402643872,0.163123316426449,0.243298519444439,0.159655442358187,0.174898448025698
743,0.622904705251892,0.258711437790672,0.252283020211930,0.228656878414890,0.190154027575454,0.150839880430613
781,0.617598511353537,0.297964434643167,0.286266334773665,0.276626749501763,0.171243398019944,0.140279459933373
154,0.450170855356869,0.152982630801945,0.165403320798019,0.180448444205294,0.140279459933373,0.153350162717428
285,0.43702685358426,0.156008702799071,0.220471637257467,0.179875784505171,0.147819407725247,0.160502026996677
764,0.62555609967103,0.238033800236652,0.196743303664015,0.211115838461421,0.175977245746161,0.140279459933373
349,0.619367756469412,0.296985336054750,0.244185541162083,0.353177756395209,0.378617765257579,0.244185541162083
767,0.673994424070159,0.279506090033501,0.216509434133377,0.26336509235663,0.150492979148870,0.152256565618780
594,0.598988114480156,0.276626749501763,0.293075998312143,0.23033379664679,0.199491561253654,0.145622826217966
890,0.671359527115958,0.229493730258852,0.231177046607856,0.250466494772263,0.179875784505171,0.143266847840142
315,0.426633199381427,0.167291481291287,0.158002143279100,0.219672052767678,0.148143904307162,0.156796455796649
800,0.649372161207369,0.270905253648299,0.280468392646033,0.267121556704060,0.173835068385563,0.218876016213984
781,0.63703309779987,0.252283020211930,0.247759640188542,0.237166246337142,0.159237162188545,0.168745733831007
731,0.627323083479833,0.221274744825972,0.258711437790672,0.170736402643872,0.154094323280450,0.140279459933373
708,0.604311860230174,0.241532534498303,0.248659484023583,0.237166246337142,0.140279459933373,0.155619579790919
843,0.66608754581422,0.234581247743386,0.243298519444439,0.293075998312143,0.155233599845476,0.171243398019944
771,0.613173084606865,0.245967461561916,0.242414171861771,0.203016510694019,0.156796455796649,0.150492979148870
778,0.587433883900336,0.255943411389996,0.247759640188542,0.255024990396885,0.16634019279706,0.23977753355553
650,0.566024855998128,0.278545025785751,0.252283020211930,0.287236372741756,0.178181472416481,0.150148946700048
693,0.632621179272578,0.253194757033311,0.222891426963376,0.253194757033311,0.150492979148870,0.150839880430613
850,0.633503788623644,0.241532534498303,0.208116557082828,0.250466494772263,0.173309128978783,0.140279459933373
823,0.629972659733243,0.247759640188542,0.262430509724191,0.221274744825972,0.150492979148870,0.140279459933373
868,0.61494365721071,0.285297304030371,0.317648619366148,0.235439936165745,0.182778757451073,0.157195124574254
631,0.603424944919196,0.218876016213984,0.211115838461421,0.189517281185082,0.162677834203278,0.153350162717428
714,0.618483198986599,0.293075998312143,0.297964434643167,0.249561781327291,0.217294683481912,0.194059239855938
801,0.608744246353995,0.227823271636467,0.226165913043895,0.238033800236652,0.182778757451073,0.148143904307162
705,0.613173084606865,0.243298519444439,0.187010622123131,0.242414171861771,0.160502026996677,0.162677834203278
757,0.642323774366231,0.251373586915138,0.194724220966719,0.222081350052879,0.159655442358187,0.178742307944130
662,0.593658802575914,0.219672052767678,0.218083551882790,0.226165913043895,0.158822198286243,0.140279459933373
308,0.443610401564419,0.200889639762023,0.157597013980819,0.194059239855938,0.150839880430613,0.149469410107982
771,0.634386284250911,0.261497815323131,0.228656878414890,0.23977753355553,0.156796455796649,0.194059239855938
774,0.622020658211421,0.213405068833102,0.204454144375473,0.250466494772263,0.16357228121085,0.154850743467635
733,0.588323660284695,0.206639944148685,0.26336509235663,0.203733362812729,0.140279459933373,0.149133866930996
800,0.62555609967103,0.243298519444439,0.236301613614802,0.228656878414890,0.210360301592275,0.151189670120080
949,0.596324170558622,0.308771540986705,0.301887051542692,0.218876016213984,0.206639944148685,0.160077057692081
805,0.627323083479833,0.260567046745838,0.262430509724191,0.265239772398733,0.214175622695954,0.178181472416481
923,0.623788627185174,0.258711437790672,0.243298519444439,0.226992939983781,0.158410531669826,0.196743303664015
770,0.607858057407542,0.250466494772263,0.208116557082828,0.218876016213984,0.194059239855938,0.152982630801945
678,0.605198627992826,0.220471637257467,0.247759640188542,0.213405068833102,0.171754154191287,0.147497624383717
362,0.433254223593108,0.211115838461421,0.207376318697083,0.226992939983781,0.209608564537159,0.219672052767678
775,0.644086484322101,0.250466494772263,0.241532534498303,0.254108759679802,0.161797245314680,0.159237162188545
770,0.650252758171119,0.245075200706715,0.171243398019944,0.267121556704060,0.179875784505171,0.148471133452426
671,0.624672424998259,0.226992939983781,0.191439626593958,0.229493730258852,0.156008702799071,0.16357228121085
740,0.632621179272578,0.252283020211930,0.271855157449252,0.301887051542692,0.165403320798019,0.201594638931909
721,0.606971725447777,0.23033379664679,0.199491561253654,0.246862287018223,0.144424803121843,0.172268685450245
630,0.619367756469412,0.259638241659144,0.252283020211930,0.282396577544332,0.177624558944457,0.165869963138432
403,0.553483028327823,0.257786672914962,0.249561781327291,0.302869127130412,0.272806580486754,0.166814026627726
777,0.648491465815105,0.293075998312143,0.270905253648299,0.251373586915138,0.201594638931909,0.224521889216861
893,0.652893966371437,0.291125967010989,0.258711437790672,0.232023448734304,0.144424803121843,0.169733635746363
781,0.631738455286738,0.238904240888872,0.183371292540019,0.254108759679802,0.204454144375473,0.140279459933373
821,0.606085249352797,0.233725581744281,0.243298519444439,0.219672052767678,0.201594638931909,0.142702524367706
848,0.626439652176295,0.246862287018223,0.218083551882790,0.274713840722163,0.184568357977156,0.140279459933373
767,0.631738455286738,0.256863984839407,0.259638241659144,0.255943411389996,0.157597013980819,0.200188610986799
730,0.612287594171303,0.228656878414890,0.211875157547888,0.256863984839407,0.173309128978783,0.140279459933373
735,0.620252184825136,0.252283020211930,0.224521889216861,0.252283020211930,0.167772573247934,0.140279459933373
816,0.620252184825136,0.226165913043895,0.259638241659144,0.162235816543637,0.156796455796649,0.140279459933373
683,0.603424944919196,0.235439936165745,0.223704949036996,0.244185541162083,0.140801836156987,0.169237834303805
226,0.606971725447777,0.156796455796649,0.140279459933373,0.220471637257467,0.154470991130581,0.146237238572002
764,0.652893966371437,0.255943411389996,0.218083551882790,0.231177046607856,0.172787005806565,0.159237162188545
359,0.429473753439024,0.161797245314680,0.208860644258667,0.178742307944130,0.153720720340875,0.140279459933373
934,0.627323083479833,0.374722731821464,0.33543232376894,0.337407372460796,0.191439626593958,0.205907447843523
834,0.630855615748439,0.288207386188063,0.240653643199231,0.308771540986705,0.202303599215116,0.175977245746161
771,0.61405843859737,0.266179795115631,0.262430509724191,0.301887051542692,0.205907447843523,0.177071557205383
833,0.653774177471793,0.256863984839407,0.243298519444439,0.237166246337142,0.16357228121085,0.160930368981928
749,0.681017412481438,0.39604956908159,0.352194131843378,0.385415796280043,0.267121556704060,0.213405068833102
340,0.393155485097713,0.191439626593958,0.156008702799071,0.237166246337142,0.140279459933373,0.169733635746363
736,0.633503788623644,0.220471637257467,0.228656878414890,0.255024990396885,0.16357228121085,0.140279459933373
734,0.618483198986599,0.261497815323131,0.240653643199231,0.245967461561916,0.194724220966719,0.200889639762023
576,0.522829369551227,0.274713840722163,0.201594638931909,0.280468392646033,0.147497624383717,0.177624558944457
851,0.650252758171119,0.288207386188063,0.26336509235663,0.252283020211930,0.195393227873188,0.212638240623736
587,0.569600673082815,0.203733362812729,0.223704949036996,0.220471637257467,0.147819407725247,0.146548361254107
475,0.542697607586951,0.249561781327291,0.177624558944457,0.226992939983781,0.152982630801945,0.199491561253654
565,0.598100289370352,0.257786672914962,0.207376318697083,0.238033800236652,0.204454144375473,0.150839880430613
712,0.642323774366231,0.242414171861771,0.238033800236652,0.260567046745838,0.140279459933373,0.198109430350217
635,0.605198627992826,0.240653643199231,0.249561781327291,0.232023448734304,0.180448444205294,0.148471133452426
776,0.634386284250911,0.232023448734304,0.259638241659144,0.234581247743386,0.144720505822661,0.140279459933373
698,0.553483028327823,0.32159942528535,0.249561781327291,0.222081350052879,0.158410531669826,0.154094323280450
873,0.638797087949753,0.313700605163659,0.288207386188063,0.280468392646033,0.211115838461421,0.140279459933373
687,0.602537880906253,0.271855157449252,0.249561781327291,0.262430509724191,0.180448444205294,0.160930368981928
161,0.469720411442728,0.144131604573628,0.188884569174318,0.16634019279706,0.160077057692081,0.140279459933373
816,0.590102705627282,0.251373586915138,0.204454144375473,0.257786672914962,0.140279459933373,0.159237162188545
878,0.622904705251892,0.289179343702615,0.301887051542692,0.208860644258667,0.200889639762023,0.142423961905656
809,0.66608754581422,0.251373586915138,0.285297304030371,0.224521889216861,0.140279459933373,0.171243398019944
805,0.623788627185174,0.262430509724191,0.240653643199231,0.219672052767678,0.150839880430613,0.183967824035887
705,0.619367756469412,0.274713840722163,0.243298519444439,0.293075998312143,0.155619579790919,0.181605650010004
681,0.603424944919196,0.200188610986799,0.232023448734304,0.214949882112267,0.164480729737195,0.147819407725247
765,0.634386284250911,0.23977753355553,0.224521889216861,0.229493730258852,0.156400988328558,0.141333283747465
784,0.556174158820723,0.292100571713878,0.249561781327291,0.264301525715948,0.171754154191287,0.164024746412181
900,0.610516199655431,0.196066256873814,0.208860644258667,0.249561781327291,0.144720505822661,0.140279459933373
226,0.599875784998553,0.168745733831007,0.140279459933373,0.215727826366646,0.140279459933373,0.149807763529887
345,0.439851241970584,0.155619579790919,0.160502026996677,0.223704949036996,0.153720720340875,0.161797245314680
764,0.627323083479833,0.243298519444439,0.245967461561916,0.205907447843523,0.143840891542185,0.156400988328558
762,0.647610671197383,0.250466494772263,0.245075200706715,0.231177046607856,0.177624558944457,0.224521889216861
699,0.612287594171303,0.252283020211930,0.225342219919308,0.251373586915138,0.151897993103576,0.149133866930996
513,0.554380296765044,0.348256569656263,0.340368763820501,0.306802338059224,0.214175622695954,0.146862120354825
539,0.584763524220902,0.342342090635241,0.285297304030371,0.293075998312143,0.293075998312143,0.179875784505171
799,0.619367756469412,0.194059239855938,0.252283020211930,0.208116557082828,0.155233599845476,0.182190212262849
840,0.633503788623644,0.252283020211930,0.23977753355553,0.238033800236652,0.172268685450245,0.140279459933373
743,0.619367756469412,0.234581247743386,0.228656878414890,0.218876016213984,0.161797245314680,0.145928733232941
215,0.433254223593108,0.151897993103576,0.180448444205294,0.192741366843982,0.140801836156987,0.143266847840142
724,0.634386284250911,0.243298519444439,0.211875157547888,0.228656878414890,0.143552645462116,0.159237162188545
789,0.606085249352797,0.251373586915138,0.252283020211930,0.269010148553487,0.147497624383717,0.145928733232941
731,0.61494365721071,0.228656878414890,0.211875157547888,0.262430509724191,0.144131604573628,0.140279459933373
719,0.626439652176295,0.246862287018223,0.23033379664679,0.222081350052879,0.182778757451073,0.162677834203278
815,0.642323774366231,0.257786672914962,0.218876016213984,0.262430509724191,0.140279459933373,0.200889639762023
944,0.620252184825136,0.300905518027404,0.288207386188063,0.260567046745838,0.179307075461499,0.156796455796649
612,0.57585075439854,0.289179343702615,0.269956905233921,0.284329312589461,0.203733362812729,0.204454144375473
848,0.617598511353537,0.222081350052879,0.238904240888872,0.255024990396885,0.201594638931909,0.140801836156987
606,0.536389829011528,0.311728055196152,0.207376318697083,0.354161056920203,0.376671178467619,0.222081350052879
784,0.634386284250911,0.259638241659144,0.200889639762023,0.258711437790672,0.175977245746161,0.175977245746161
743,0.636150937944643,0.261497815323131,0.269010148553487,0.211115838461421,0.178181472416481,0.156400988328558
813,0.669602528491819,0.294052217151829,0.293075998312143,0.254108759679802,0.182190212262849,0.219672052767678
772,0.627323083479833,0.258711437790672,0.236301613614802,0.233725581744281,0.140279459933373,0.160930368981928
606,0.562445761046978,0.218083551882790,0.259638241659144,0.200188610986799,0.160930368981928,0.140279459933373
714,0.607858057407542,0.191439626593958,0.183371292540019,0.259638241659144,0.144131604573628,0.182190212262849
757,0.613173084606865,0.225342219919308,0.198798498578782,0.222081350052879,0.178742307944130,0.146548361254107
676,0.629972659733243,0.261497815323131,0.227823271636467,0.238033800236652,0.167291481291287,0.191439626593958
940,0.608744246353995,0.265239772398733,0.261497815323131,0.211875157547888,0.175977245746161,0.173309128978783
717,0.592770024376564,0.218083551882790,0.214949882112267,0.238033800236652,0.176522456496951,0.143840891542185
848,0.609630293401202,0.295029198942614,0.292100571713878,0.301887051542692,0.190794809258731,0.170736402643872
841,0.626439652176295,0.266179795115631,0.236301613614802,0.290152214217331,0.161797245314680,0.188255890082703
881,0.673994424070159,0.285297304030371,0.270905253648299,0.232872971194181,0.181605650010004,0.16634019279706
934,0.649372161207369,0.241532534498303,0.257786672914962,0.287236372741756,0.157597013980819,0.140279459933373
152,0.355144025044986,0.146237238572002,0.16634019279706,0.153350162717428,0.145622826217966,0.140279459933373
259,0.643205181411445,0.226165913043895,0.157195124574254,0.385415796280043,0.41331732873535,0.269956905233921
890,0.67838435938152,0.357108931824631,0.346286080835727,0.274713840722163,0.198109430350217,0.203016510694019
645,0.655534316836593,0.276626749501763,0.248659484023583,0.264301525715948,0.192088479379025,0.192741366843982
684,0.61405843859737,0.221274744825972,0.227823271636467,0.279506090033501,0.140279459933373,0.153720720340875
910,0.634386284250911,0.232872971194181,0.235439936165745,0.240653643199231,0.140279459933373,0.192088479379025
806,0.623788627185174,0.296985336054750,0.295029198942614,0.193398287644562,0.245075200706715,0.214949882112267
891,0.639678919993987,0.269956905233921,0.262430509724191,0.217294683481912,0.162235816543637,0.198798498578782
650,0.631738455286738,0.305818349289740,0.303851718893881,0.320611530912211,0.178742307944130,0.193398287644562
686,0.595435874427052,0.223704949036996,0.215727826366646,0.198798498578782,0.150839880430613,0.140279459933373
664,0.57585075439854,0.26806502014066,0.218083551882790,0.292100571713878,0.179875784505171,0.173835068385563
721,0.617598511353537,0.276626749501763,0.245075200706715,0.301887051542692,0.158410531669826,0.160930368981928
782,0.607858057407542,0.218083551882790,0.206639944148685,0.237166246337142,0.153720720340875,0.160502026996677
681,0.599875784998553,0.211875157547888,0.194724220966719,0.212638240623736,0.140279459933373,0.149133866930996
920,0.620252184825136,0.32950458986508,0.322587416871138,0.270905253648299,0.212638240623736,0.171243398019944
710,0.598988114480156,0.213405068833102,0.233725581744281,0.213405068833102,0.157195124574254,0.145928733232941
702,0.648491465815105,0.253194757033311,0.26336509235663,0.256863984839407,0.185781454960399,0.190794809258731
815,0.640560644506718,0.238904240888872,0.210360301592275,0.274713840722163,0.169237834303805,0.158822198286243
943,0.655534316836593,0.242414171861771,0.241532534498303,0.286266334773665,0.143266847840142,0.175435913518267
776,0.581200590507501,0.315674182764382,0.241532534498303,0.278545025785751,0.198109430350217,0.173835068385563
244,0.524641044535778,0.191439626593958,0.140279459933373,0.597212308466731,0.648491465815105,0.495506422283226
735,0.608744246353995,0.232023448734304,0.189517281185082,0.246862287018223,0.141066417195949,0.140279459933373
584,0.660812526368302,0.273759486818862,0.256863984839407,0.227823271636467,0.197424363331222,0.152618104976752
656,0.598100289370352,0.242414171861771,0.275669606701894,0.210360301592275,0.200188610986799,0.171243398019944
787,0.649372161207369,0.259638241659144,0.276626749501763,0.254108759679802,0.155233599845476,0.183371292540019
887,0.607858057407542,0.271855157449252,0.246862287018223,0.281431899695417,0.193398287644562,0.152256565618780
165,0.498252004317859,0.144131604573628,0.191439626593958,0.199491561253654,0.152982630801945,0.140279459933373
463,0.444549008408857,0.164024746412181,0.224521889216861,0.183967824035887,0.151542367809210,0.156796455796649
757,0.611401966215199,0.269956905233921,0.190154027575454,0.255943411389996,0.192088479379025,0.193398287644562
742,0.608744246353995,0.238033800236652,0.170736402643872,0.269010148553487,0.140279459933373,0.142702524367706
765,0.633503788623644,0.305818349289740,0.295029198942614,0.299924552865763,0.194059239855938,0.155233599845476
713,0.612287594171303,0.240653643199231,0.241532534498303,0.219672052767678,0.140279459933373,0.152982630801945
262,0.633503788623644,0.140801836156987,0.152982630801945,0.251373586915138,0.140279459933373,0.140279459933373
811,0.631738455286738,0.246862287018223,0.255943411389996,0.258711437790672,0.182778757451073,0.165869963138432
751,0.613173084606865,0.241532534498303,0.202303599215116,0.218876016213984,0.142423961905656,0.140279459933373
830,0.611401966215199,0.238904240888872,0.267121556704060,0.227823271636467,0.190154027575454,0.229493730258852
988,0.636150937944643,0.292100571713878,0.284329312589461,0.311728055196152,0.204454144375473,0.204454144375473
669,0.626439652176295,0.240653643199231,0.237166246337142,0.23033379664679,0.148143904307162,0.171754154191287
787,0.605198627992826,0.247759640188542,0.214175622695954,0.227823271636467,0.200188610986799,0.140279459933373
735,0.597212308466731,0.232872971194181,0.210360301592275,0.243298519444439,0.164940248736627,0.174898448025698
880,0.648491465815105,0.304834801321944,0.282396577544332,0.272806580486754,0.178181472416481,0.179307075461499
654,0.603424944919196,0.241532534498303,0.237166246337142,0.225342219919308,0.164940248736627,0.152982630801945
368,0.459504181093247,0.158410531669826,0.194724220966719,0.205907447843523,0.142702524367706,0.169237834303805
832,0.65113325749733,0.282396577544332,0.298944182722262,0.255943411389996,0.181025063276694,0.158822198286243
735,0.661691913619881,0.291125967010989,0.237166246337142,0.292100571713878,0.172787005806565,0.177071557205383
725,0.627323083479833,0.244185541162083,0.223704949036996,0.252283020211930,0.172268685450245,0.160502026996677
663,0.618483198986599,0.224521889216861,0.221274744825972,0.212638240623736,0.197424363331222,0.151897993103576
956,0.653774177471793,0.280468392646033,0.287236372741756,0.245075200706715,0.172268685450245,0.177071557205383
818,0.633503788623644,0.291125967010989,0.274713840722163,0.200188610986799,0.190794809258731,0.185781454960399
414,0.441731771836077,0.159237162188545,0.202303599215116,0.207376318697083,0.148143904307162,0.150839880430613
353,0.425685350085428,0.178181472416481,0.164024746412181,0.231177046607856,0.16357228121085,0.168257318749387
892,0.609630293401202,0.308771540986705,0.289179343702615,0.274713840722163,0.226165913043895,0.141873944585676
830,0.629089586309926,0.274713840722163,0.284329312589461,0.241532534498303,0.200188610986799,0.211875157547888
836,0.607858057407542,0.257786672914962,0.241532534498303,0.211875157547888,0.176522456496951,0.177071557205383
697,0.637915147508898,0.242414171861771,0.247759640188542,0.310742219942023,0.179307075461499,0.140279459933373
635,0.595435874427052,0.234581247743386,0.271855157449252,0.233725581744281,0.169237834303805,0.156796455796649
940,0.615828741507218,0.246862287018223,0.264301525715948,0.245075200706715,0.140279459933373,0.145018731380577
810,0.644086484322101,0.276626749501763,0.244185541162083,0.285297304030371,0.144720505822661,0.182778757451073
358,0.451106215483896,0.16634019279706,0.170736402643872,0.179307075461499,0.145928733232941,0.150148946700048
170,0.534585290557682,0.148471133452426,0.179875784505171,0.202303599215116,0.148471133452426,0.190154027575454
305,0.43702685358426,0.177624558944457,0.140279459933373,0.234581247743386,0.140279459933373,0.140279459933373
801,0.620252184825136,0.299924552865763,0.26336509235663,0.265239772398733,0.140279459933373,0.140279459933373
918,0.626439652176295,0.287236372741756,0.274713840722163,0.244185541162083,0.162235816543637,0.168257318749387
861,0.630855615748439,0.252283020211930,0.271855157449252,0.224521889216861,0.159237162188545,0.205907447843523
149,0.446424815327873,0.140279459933373,0.140279459933373,0.227823271636467,0.142147774681471,0.151542367809210
821,0.617598511353537,0.229493730258852,0.170736402643872,0.272806580486754,0.161362102255135,0.169237834303805
400,0.431364974573073,0.203733362812729,0.189517281185082,0.183371292540019,0.16357228121085,0.148471133452426
703,0.644967683931748,0.222891426963376,0.232872971194181,0.246862287018223,0.156008702799071,0.156400988328558
642,0.572280442910804,0.238904240888872,0.23977753355553,0.255024990396885,0.150148946700048,0.140279459933373
522,0.600763302119727,0.293075998312143,0.289179343702615,0.305818349289740,0.217294683481912,0.212638240623736
770,0.63703309779987,0.347271459448055,0.306802338059224,0.33543232376894,0.200188610986799,0.205907447843523
816,0.619367756469412,0.222891426963376,0.211875157547888,0.248659484023583,0.167772573247934,0.212638240623736
678,0.597212308466731,0.246862287018223,0.241532534498303,0.221274744825972,0.182778757451073,0.168257318749387
754,0.636150937944643,0.238033800236652,0.192088479379025,0.245075200706715,0.140279459933373,0.185781454960399
867,0.650252758171119,0.309756707604237,0.247759640188542,0.261497815323131,0.183967824035887,0.190794809258731
732,0.61405843859737,0.257786672914962,0.232872971194181,0.235439936165745,0.140279459933373,0.152256565618780
810,0.649372161207369,0.255024990396885,0.259638241659144,0.229493730258852,0.196066256873814,0.188255890082703
825,0.61494365721071,0.260567046745838,0.255943411389996,0.218083551882790,0.187010622123131,0.154850743467635
326,0.704687005870158,0.261497815323131,0.199491561253654,0.368866547920421,0.363974517009122,0.225342219919308
192,0.522829369551227,0.160930368981928,0.185172899926102,0.186394027664835,0.140279459933373,0.140279459933373
804,0.606085249352797,0.232872971194181,0.249561781327291,0.213405068833102,0.145319498566922,0.147178535004063
772,0.664329550930648,0.332468835480985,0.287236372741756,0.280468392646033,0.152256565618780,0.172787005806565
813,0.661691913619881,0.264301525715948,0.241532534498303,0.236301613614802,0.183967824035887,0.171243398019944
368,0.469720411442728,0.143266847840142,0.210360301592275,0.165869963138432,0.150148946700048,0.140279459933373
912,0.645848781067736,0.280468392646033,0.272806580486754,0.242414171861771,0.164480729737195,0.187010622123131
792,0.618483198986599,0.300905518027404,0.261497815323131,0.269956905233921,0.190154027575454,0.200188610986799
188,0.572280442910804,0.173835068385563,0.207376318697083,0.200188610986799,0.180448444205294,0.149133866930996
809,0.609630293401202,0.229493730258852,0.165403320798019,0.269956905233921,0.154470991130581,0.182778757451073
227,0.67838435938152,0.245967461561916,0.217294683481912,0.316661303992259,0.352194131843378,0.245967461561916
888,0.620252184825136,0.256863984839407,0.215727826366646,0.246862287018223,0.181025063276694,0.140279459933373
944,0.674872565393281,0.298944182722262,0.260567046745838,0.279506090033501,0.165869963138432,0.169237834303805
380,0.438910260048710,0.205907447843523,0.200889639762023,0.198109430350217,0.140279459933373,0.156008702799071
558,0.586543936638165,0.247759640188542,0.244185541162083,0.226165913043895,0.171754154191287,0.167772573247934
560,0.626439652176295,0.250466494772263,0.235439936165745,0.256863984839407,0.153720720340875,0.178742307944130
762,0.622904705251892,0.243298519444439,0.211875157547888,0.247759640188542,0.16634019279706,0.162677834203278
714,0.599875784998553,0.265239772398733,0.231177046607856,0.248659484023583,0.179875784505171,0.199491561253654
334,0.442671323317129,0.156008702799071,0.202303599215116,0.200188610986799,0.143552645462116,0.141066417195949
766,0.626439652176295,0.26806502014066,0.270905253648299,0.222081350052879,0.171754154191287,0.153720720340875
802,0.635268667058686,0.291125967010989,0.261497815323131,0.233725581744281,0.174898448025698,0.216509434133377
167,0.486331294331022,0.142423961905656,0.140279459933373,0.202303599215116,0.140279459933373,0.181025063276694
588,0.608744246353995,0.218083551882790,0.222891426963376,0.206639944148685,0.173835068385563,0.157195124574254
705,0.581200590507501,0.231177046607856,0.219672052767678,0.205178843545358,0.140279459933373,0.156400988328558
682,0.624672424998259,0.251373586915138,0.226992939983781,0.253194757033311,0.177071557205383,0.199491561253654
797,0.620252184825136,0.249561781327291,0.223704949036996,0.294052217151829,0.155233599845476,0.173835068385563
313,0.430419611243593,0.154850743467635,0.156796455796649,0.222891426963376,0.140279459933373,0.145622826217966
838,0.604311860230174,0.23977753355553,0.238033800236652,0.215727826366646,0.164940248736627,0.146237238572002
747,0.583873056414207,0.233725581744281,0.181605650010004,0.269010148553487,0.155233599845476,0.174898448025698
375,0.437968797820157,0.149133866930996,0.205907447843523,0.153720720340875,0.160502026996677,0.172787005806565
797,0.648491465815105,0.255943411389996,0.248659484023583,0.249561781327291,0.164940248736627,0.149469410107982
822,0.604311860230174,0.336419918223748,0.260567046745838,0.316661303992259,0.251373586915138,0.195393227873188
841,0.638797087949753,0.274713840722163,0.264301525715948,0.240653643199231,0.160077057692081,0.158822198286243
323,0.470646634478409,0.196743303664015,0.160930368981928,0.193398287644562,0.140279459933373,0.164940248736627
761,0.606085249352797,0.220471637257467,0.207376318697083,0.259638241659144,0.146237238572002,0.172268685450245
723,0.605198627992826,0.224521889216861,0.232023448734304,0.242414171861771,0.177624558944457,0.178181472416481
352,0.442671323317129,0.156400988328558,0.16634019279706,0.183371292540019,0.140801836156987,0.177071557205383
751,0.608744246353995,0.252283020211930,0.245075200706715,0.233725581744281,0.183967824035887,0.185172899926102
739,0.608744246353995,0.368866547920421,0.336419918223748,0.286266334773665,0.221274744825972,0.190794809258731
697,0.627323083479833,0.237166246337142,0.218083551882790,0.238904240888872,0.154470991130581,0.188255890082703
745,0.63703309779987,0.242414171861771,0.222081350052879,0.247759640188542,0.179875784505171,0.176522456496951
592,0.579418047575081,0.273759486818862,0.287236372741756,0.231177046607856,0.214175622695954,0.202303599215116
831,0.636150937944643,0.261497815323131,0.265239772398733,0.203733362812729,0.154094323280450,0.190794809258731
855,0.675750628954486,0.276626749501763,0.272806580486754,0.217294683481912,0.188884569174318,0.173835068385563
756,0.611401966215199,0.252283020211930,0.264301525715948,0.224521889216861,0.176522456496951,0.146237238572002
690,0.587433883900336,0.219672052767678,0.218083551882790,0.228656878414890,0.140279459933373,0.143266847840142
723,0.642323774366231,0.229493730258852,0.232023448734304,0.274713840722163,0.16357228121085,0.168745733831007
830,0.609630293401202,0.251373586915138,0.247759640188542,0.229493730258852,0.215727826366646,0.159655442358187
821,0.613173084606865,0.23977753355553,0.215727826366646,0.223704949036996,0.140279459933373,0.179307075461499
850,0.629089586309926,0.287236372741756,0.266179795115631,0.261497815323131,0.164024746412181,0.140279459933373
148,0.424736999725661,0.140279459933373,0.177624558944457,0.186394027664835,0.140279459933373,0.177071557205383
605,0.586543936638165,0.233725581744281,0.217294683481912,0.206639944148685,0.147497624383717,0.170233153496669
766,0.620252184825136,0.229493730258852,0.235439936165745,0.220471637257467,0.154470991130581,0.149133866930996
675,0.628206394540431,0.218876016213984,0.185781454960399,0.238904240888872,0.144424803121843,0.183967824035887
161,0.466939252082330,0.16634019279706,0.218083551882790,0.172787005806565,0.174898448025698,0.193398287644562
163,0.473422844172892,0.140279459933373,0.162677834203278,0.209608564537159,0.140279459933373,0.163123316426449
663,0.622904705251892,0.256863984839407,0.253194757033311,0.245967461561916,0.162677834203278,0.185781454960399
772,0.622904705251892,0.304834801321944,0.270905253648299,0.283362392853609,0.148801114525785,0.213405068833102
722,0.608744246353995,0.235439936165745,0.202303599215116,0.227823271636467,0.158410531669826,0.140279459933373
826,0.650252758171119,0.271855157449252,0.23977753355553,0.286266334773665,0.164940248736627,0.168257318749387
800,0.630855615748439,0.232023448734304,0.207376318697083,0.223704949036996,0.140279459933373,0.140279459933373
679,0.595435874427052,0.238904240888872,0.210360301592275,0.218876016213984,0.190794809258731,0.159237162188545
242,0.419036311953547,0.180448444205294,0.205907447843523,0.185172899926102,0.148471133452426,0.204454144375473
567,0.605198627992826,0.216509434133377,0.256863984839407,0.194724220966719,0.140279459933373,0.140279459933373
587,0.584763524220902,0.353177756395209,0.343328438016707,0.362014841934518,0.291125967010989,0.249561781327291
695,0.617598511353537,0.259638241659144,0.258711437790672,0.210360301592275,0.183967824035887,0.171754154191287
805,0.634386284250911,0.223704949036996,0.255943411389996,0.218083551882790,0.140279459933373,0.140279459933373
747,0.629972659733243,0.26336509235663,0.248659484023583,0.270905253648299,0.148801114525785,0.192741366843982
164,0.472497848634527,0.148471133452426,0.140279459933373,0.218876016213984,0.140279459933373,0.162677834203278
361,0.435141512434088,0.201594638931909,0.187010622123131,0.160502026996677,0.170736402643872,0.151189670120080
871,0.671359527115958,0.234581247743386,0.140279459933373,0.61494365721071,0.662571212990782,0.500080663267207
896,0.612287594171303,0.306802338059224,0.270905253648299,0.298944182722262,0.141333283747465,0.171243398019944
746,0.61494365721071,0.262430509724191,0.236301613614802,0.244185541162083,0.198109430350217,0.182190212262849
898,0.635268667058686,0.259638241659144,0.228656878414890,0.276626749501763,0.165869963138432,0.173309128978783
856,0.629089586309926,0.26336509235663,0.245967461561916,0.254108759679802,0.155619579790919,0.198798498578782
801,0.664329550930648,0.285297304030371,0.280468392646033,0.275669606701894,0.187631241909896,0.190794809258731
178,0.411406907527978,0.140279459933373,0.198798498578782,0.187631241909896,0.140279459933373,0.181605650010004
835,0.659933050519219,0.26336509235663,0.266179795115631,0.274713840722163,0.205907447843523,0.140801836156987
557,0.590102705627282,0.225342219919308,0.255943411389996,0.175977245746161,0.160077057692081,0.150492979148870
745,0.629972659733243,0.243298519444439,0.23033379664679,0.251373586915138,0.187631241909896,0.140279459933373
708,0.611401966215199,0.252283020211930,0.226165913043895,0.194059239855938,0.190154027575454,0.158002143279100
223,0.675750628954486,0.249561781327291,0.216509434133377,0.322587416871138,0.397976414823837,0.248659484023583
843,0.659933050519219,0.261497815323131,0.228656878414890,0.255024990396885,0.154850743467635,0.143552645462116
661,0.615828741507218,0.247759640188542,0.241532534498303,0.218083551882790,0.205178843545358,0.173309128978783
832,0.629089586309926,0.292100571713878,0.255943411389996,0.248659484023583,0.201594638931909,0.140279459933373
789,0.640560644506718,0.235439936165745,0.252283020211930,0.221274744825972,0.146862120354825,0.167772573247934
166,0.482650905054512,0.154850743467635,0.215727826366646,0.150839880430613,0.16357228121085,0.207376318697083
977,0.674872565393281,0.289179343702615,0.269010148553487,0.249561781327291,0.173835068385563,0.182778757451073
714,0.61494365721071,0.205178843545358,0.238033800236652,0.23033379664679,0.159237162188545,0.148801114525785
809,0.595435874427052,0.220471637257467,0.140279459933373,0.297964434643167,0.140279459933373,0.154094323280450
783,0.630855615748439,0.271855157449252,0.276626749501763,0.228656878414890,0.209608564537159,0.151189670120080
236,0.665208590906176,0.211875157547888,0.188884569174318,0.349241401529061,0.376671178467619,0.26336509235663
795,0.634386284250911,0.23977753355553,0.260567046745838,0.211115838461421,0.173835068385563,0.170233153496669
354,0.440791745314472,0.187631241909896,0.168257318749387,0.220471637257467,0.140279459933373,0.170736402643872
721,0.624672424998259,0.238033800236652,0.227823271636467,0.258711437790672,0.140279459933373,0.150839880430613
538,0.607858057407542,0.342342090635241,0.286266334773665,0.361034414931008,0.160930368981928,0.193398287644562
714,0.603424944919196,0.203733362812729,0.250466494772263,0.259638241659144,0.144424803121843,0.148471133452426
451,0.422838791105066,0.222891426963376,0.154850743467635,0.215727826366646,0.164940248736627,0.157597013980819
737,0.610516199655431,0.238033800236652,0.226992939983781,0.211115838461421,0.154094323280450,0.158822198286243
770,0.61405843859737,0.235439936165745,0.203733362812729,0.238033800236652,0.196743303664015,0.164940248736627
711,0.611401966215199,0.248659484023583,0.190794809258731,0.245075200706715,0.165403320798019,0.140279459933373
775,0.627323083479833,0.251373586915138,0.238033800236652,0.247759640188542,0.174898448025698,0.143266847840142
818,0.618483198986599,0.250466494772263,0.225342219919308,0.251373586915138,0.164024746412181,0.196743303664015
632,0.627323083479833,0.285297304030371,0.269010148553487,0.228656878414890,0.194059239855938,0.154094323280450
792,0.677506525321988,0.357108931824631,0.299924552865763,0.32950458986508,0.222081350052879,0.194724220966719
801,0.623788627185174,0.247759640188542,0.264301525715948,0.208860644258667,0.178181472416481,0.177624558944457
473,0.610516199655431,0.260567046745838,0.276626749501763,0.216509434133377,0.214949882112267,0.140279459933373
822,0.648491465815105,0.243298519444439,0.246862287018223,0.256863984839407,0.154094323280450,0.140279459933373
761,0.599875784998553,0.233725581744281,0.267121556704060,0.254108759679802,0.198109430350217,0.140279459933373
727,0.622020658211421,0.352194131843378,0.341355528691973,0.343328438016707,0.26336509235663,0.257786672914962
866,0.644086484322101,0.293075998312143,0.260567046745838,0.255943411389996,0.175977245746161,0.164480729737195
159,0.469720411442728,0.144720505822661,0.162235816543637,0.186394027664835,0.140279459933373,0.148801114525785
958,0.65113325749733,0.302869127130412,0.299924552865763,0.269010148553487,0.162677834203278,0.163123316426449
682,0.626439652176295,0.242414171861771,0.215727826366646,0.226165913043895,0.143266847840142,0.171754154191287
893,0.607858057407542,0.252283020211930,0.276626749501763,0.235439936165745,0.164480729737195,0.146548361254107
773,0.652893966371437,0.300905518027404,0.282396577544332,0.208860644258667,0.189517281185082,0.179875784505171
735,0.646729776551258,0.270905253648299,0.258711437790672,0.173835068385563,0.186394027664835,0.208860644258667
747,0.621136485069615,0.233725581744281,0.218083551882790,0.277585234113443,0.144424803121843,0.152256565618780
898,0.647610671197383,0.274713840722163,0.248659484023583,0.260567046745838,0.185781454960399,0.198798498578782
860,0.579418047575081,0.339381807952053,0.304834801321944,0.269010148553487,0.218876016213984,0.140279459933373
823,0.611401966215199,0.269010148553487,0.250466494772263,0.269956905233921,0.154850743467635,0.160930368981928
338,0.454843116219575,0.217294683481912,0.212638240623736,0.181025063276694,0.179875784505171,0.238904240888872
800,0.638797087949753,0.298944182722262,0.297964434643167,0.293075998312143,0.167772573247934,0.203733362812729
813,0.624672424998259,0.238904240888872,0.234581247743386,0.160502026996677,0.193398287644562,0.146548361254107
163,0.465083048709257,0.153350162717428,0.178181472416481,0.191439626593958,0.156400988328558,0.140279459933373
774,0.618483198986599,0.290152214217331,0.320611530912211,0.190154027575454,0.200889639762023,0.192741366843982
806,0.630855615748439,0.312714190948075,0.266179795115631,0.326539995183568,0.178181472416481,0.210360301592275
795,0.646729776551258,0.266179795115631,0.226165913043895,0.255024990396885,0.168257318749387,0.140279459933373
880,0.648491465815105,0.317648619366148,0.327528205863718,0.291125967010989,0.196066256873814,0.187010622123131
636,0.61494365721071,0.265239772398733,0.255943411389996,0.214949882112267,0.154094323280450,0.190794809258731
422,0.41331732873535,0.178181472416481,0.200889639762023,0.213405068833102,0.172787005806565,0.145928733232941
156,0.441731771836077,0.162235816543637,0.196743303664015,0.154094323280450,0.140279459933373,0.167291481291287
173,0.515570951288053,0.154470991130581,0.163123316426449,0.170233153496669,0.140279459933373,0.143266847840142
752,0.578526502286961,0.243298519444439,0.213405068833102,0.242414171861771,0.258711437790672,0.186394027664835
343,0.690666407645512,0.209608564537159,0.140279459933373,0.578526502286961,0.636150937944643,0.463225147278761
917,0.643205181411445,0.260567046745838,0.283362392853609,0.232023448734304,0.190154027575454,0.150492979148870
177,0.538193325982493,0.144720505822661,0.23033379664679,0.140279459933373,0.157195124574254,0.140279459933373
712,0.583873056414207,0.23977753355553,0.223704949036996,0.170736402643872,0.158410531669826,0.150492979148870
696,0.645848781067736,0.276626749501763,0.264301525715948,0.278545025785751,0.171754154191287,0.155233599845476
694,0.620252184825136,0.238033800236652,0.223704949036996,0.232023448734304,0.154094323280450,0.140279459933373
230,0.506470348170507,0.14298348025674,0.177624558944457,0.184568357977156,0.162235816543637,0.167291481291287
216,0.439851241970584,0.167772573247934,0.191439626593958,0.23033379664679,0.140279459933373,0.195393227873188
770,0.652893966371437,0.244185541162083,0.249561781327291,0.23977753355553,0.177624558944457,0.179307075461499
740,0.639678919993987,0.256863984839407,0.184568357977156,0.276626749501763,0.145018731380577,0.140279459933373
731,0.624672424998259,0.214949882112267,0.216509434133377,0.202303599215116,0.178181472416481,0.140279459933373
358,0.445487145704544,0.167772573247934,0.16357228121085,0.224521889216861,0.157195124574254,0.158002143279100
708,0.602537880906253,0.218083551882790,0.186394027664835,0.247759640188542,0.162235816543637,0.161362102255135
837,0.63703309779987,0.245075200706715,0.181025063276694,0.287236372741756,0.142702524367706,0.185781454960399
763,0.653774177471793,0.249561781327291,0.219672052767678,0.277585234113443,0.140279459933373,0.203016510694019
887,0.622020658211421,0.272806580486754,0.226165913043895,0.221274744825972,0.158822198286243,0.222891426963376
780,0.608744246353995,0.253194757033311,0.212638240623736,0.237166246337142,0.173835068385563,0.225342219919308
666,0.61405843859737,0.223704949036996,0.211115838461421,0.281431899695417,0.148801114525785,0.166814026627726
323,0.438910260048710,0.148143904307162,0.174898448025698,0.198798498578782,0.156796455796649,0.164480729737195
727,0.606085249352797,0.246862287018223,0.252283020211930,0.207376318697083,0.207376318697083,0.196743303664015
673,0.611401966215199,0.281431899695417,0.267121556704060,0.322587416871138,0.151897993103576,0.174898448025698
747,0.638797087949753,0.232872971194181,0.249561781327291,0.264301525715948,0.16357228121085,0.204454144375473
854,0.63703309779987,0.255943411389996,0.262430509724191,0.218876016213984,0.205178843545358,0.147178535004063
801,0.656414246618719,0.279506090033501,0.262430509724191,0.245967461561916,0.186394027664835,0.143840891542185
917,0.606085249352797,0.39604956908159,0.367888982200334,0.338394673319409,0.222081350052879,0.238033800236652
659,0.598988114480156,0.254108759679802,0.233725581744281,0.237166246337142,0.160930368981928,0.162235816543637
777,0.599875784998553,0.214949882112267,0.243298519444439,0.259638241659144,0.144131604573628,0.154850743467635
446,0.447362019176649,0.190154027575454,0.167291481291287,0.177071557205383,0.149133866930996,0.140279459933373
259,0.568707020795868,0.172268685450245,0.201594638931909,0.194724220966719,0.148143904307162,0.147819407725247
680,0.62555609967103,0.253194757033311,0.265239772398733,0.208116557082828,0.164024746412181,0.151897993103576
954,0.630855615748439,0.285297304030371,0.26806502014066,0.256863984839407,0.185781454960399,0.200188610986799
379,0.43702685358426,0.172787005806565,0.167291481291287,0.211875157547888,0.160502026996677,0.164024746412181
823,0.635268667058686,0.248659484023583,0.227823271636467,0.262430509724191,0.148471133452426,0.140279459933373
751,0.606085249352797,0.306802338059224,0.265239772398733,0.290152214217331,0.150492979148870,0.174898448025698
659,0.540896650628897,0.324563618926047,0.289179343702615,0.314687276192053,0.182190212262849,0.183371292540019
765,0.634386284250911,0.243298519444439,0.188255890082703,0.241532534498303,0.171243398019944,0.156008702799071
769,0.57763477259731,0.181025063276694,0.238904240888872,0.203733362812729,0.140279459933373,0.158002143279100
739,0.606085249352797,0.248659484023583,0.251373586915138,0.241532534498303,0.204454144375473,0.164480729737195
763,0.609630293401202,0.222081350052879,0.23977753355553,0.218876016213984,0.146548361254107,0.182190212262849
663,0.604311860230174,0.246862287018223,0.228656878414890,0.23033379664679,0.204454144375473,0.152982630801945
830,0.655534316836593,0.262430509724191,0.217294683481912,0.240653643199231,0.153720720340875,0.144424803121843
798,0.569600673082815,0.320611530912211,0.304834801321944,0.277585234113443,0.16634019279706,0.196066256873814
805,0.633503788623644,0.299924552865763,0.290152214217331,0.281431899695417,0.185781454960399,0.152982630801945
814,0.606085249352797,0.262430509724191,0.205178843545358,0.301887051542692,0.140279459933373,0.179307075461499
787,0.646729776551258,0.295029198942614,0.279506090033501,0.267121556704060,0.176522456496951,0.232023448734304
716,0.618483198986599,0.214949882112267,0.232872971194181,0.191439626593958,0.153720720340875,0.171243398019944
169,0.490005705397473,0.140279459933373,0.203733362812729,0.212638240623736,0.152256565618780,0.154094323280450
717,0.662571212990782,0.222891426963376,0.236301613614802,0.264301525715948,0.173835068385563,0.150148946700048
611,0.552585532749393,0.201594638931909,0.191439626593958,0.192741366843982,0.164480729737195,0.140279459933373
694,0.606971725447777,0.192741366843982,0.23033379664679,0.179875784505171,0.155619579790919,0.140279459933373
722,0.618483198986599,0.246862287018223,0.241532534498303,0.26336509235663,0.142147774681471,0.169733635746363
374,0.58030940985411,0.351210191887716,0.319623752397046,0.297964434643167,0.208860644258667,0.140279459933373
984,0.624672424998259,0.255024990396885,0.264301525715948,0.226165913043895,0.178742307944130,0.140279459933373
539,0.68715866078394,0.210360301592275,0.164940248736627,0.226165913043895,0.159237162188545,0.178181472416481
319,0.460435073421994,0.171754154191287,0.154850743467635,0.237166246337142,0.145928733232941,0.164024746412181
629,0.607858057407542,0.225342219919308,0.227823271636467,0.252283020211930,0.176522456496951,0.140279459933373
763,0.654654294039608,0.26806502014066,0.226165913043895,0.289179343702615,0.164940248736627,0.140279459933373
845,0.631738455286738,0.326539995183568,0.325551793923222,0.295029198942614,0.182190212262849,0.210360301592275
879,0.617598511353537,0.248659484023583,0.264301525715948,0.231177046607856,0.251373586915138,0.150839880430613
825,0.641442262346675,0.250466494772263,0.255943411389996,0.219672052767678,0.150492979148870,0.172268685450245
596,0.582982412426427,0.222081350052879,0.188884569174318,0.255943411389996,0.146237238572002,0.140279459933373
796,0.621136485069615,0.250466494772263,0.243298519444439,0.229493730258852,0.180448444205294,0.149469410107982
760,0.605198627992826,0.26806502014066,0.221274744825972,0.244185541162083,0.170233153496669,0.164940248736627
673,0.606971725447777,0.233725581744281,0.253194757033311,0.166814026627726,0.176522456496951,0.140279459933373
781,0.659053485350326,0.246862287018223,0.26806502014066,0.270905253648299,0.184568357977156,0.144424803121843
696,0.59099197716754,0.248659484023583,0.251373586915138,0.175435913518267,0.160502026996677,0.142423961905656
753,0.59099197716754,0.235439936165745,0.218083551882790,0.234581247743386,0.181605650010004,0.14298348025674
818,0.632621179272578,0.232872971194181,0.217294683481912,0.231177046607856,0.176522456496951,0.194724220966719
674,0.633503788623644,0.236301613614802,0.203016510694019,0.222081350052879,0.146862120354825,0.176522456496951
786,0.680139802349038,0.258711437790672,0.243298519444439,0.234581247743386,0.164024746412181,0.193398287644562
830,0.622020658211421,0.250466494772263,0.201594638931909,0.258711437790672,0.175435913518267,0.177624558944457
534,0.599875784998553,0.255943411389996,0.222891426963376,0.251373586915138,0.172787005806565,0.191439626593958
751,0.650252758171119,0.264301525715948,0.217294683481912,0.224521889216861,0.192088479379025,0.140279459933373
744,0.619367756469412,0.255024990396885,0.227823271636467,0.16634019279706,0.16634019279706,0.168745733831007
691,0.59099197716754,0.203733362812729,0.219672052767678,0.222081350052879,0.163123316426449,0.174898448025698
172,0.478041795094857,0.156008702799071,0.203016510694019,0.187010622123131,0.175435913518267,0.140279459933373
846,0.613173084606865,0.261497815323131,0.224521889216861,0.274713840722163,0.179307075461499,0.224521889216861
788,0.675750628954486,0.257786672914962,0.218083551882790,0.249561781327291,0.172268685450245,0.173835068385563
667,0.612287594171303,0.190154027575454,0.254108759679802,0.184568357977156,0.157195124574254,0.164480729737195
714,0.588323660284695,0.227823271636467,0.202303599215116,0.222891426963376,0.140279459933373,0.168745733831007
760,0.603424944919196,0.322587416871138,0.258711437790672,0.276626749501763,0.188255890082703,0.158410531669826
353,0.424736999725661,0.182190212262849,0.196743303664015,0.199491561253654,0.187631241909896,0.211875157547888
803,0.659933050519219,0.264301525715948,0.274713840722163,0.257786672914962,0.164940248736627,0.145018731380577
819,0.645848781067736,0.26336509235663,0.234581247743386,0.253194757033311,0.173309128978783,0.165869963138432
808,0.660812526368302,0.280468392646033,0.229493730258852,0.249561781327291,0.140279459933373,0.160930368981928
453,0.659053485350326,0.295029198942614,0.273759486818862,0.280468392646033,0.33543232376894,0.231177046607856
668,0.596324170558622,0.269010148553487,0.233725581744281,0.243298519444439,0.197424363331222,0.154094323280450
605,0.572280442910804,0.280468392646033,0.261497815323131,0.234581247743386,0.201594638931909,0.160502026996677
711,0.616713692539713,0.222891426963376,0.205178843545358,0.284329312589461,0.169733635746363,0.177624558944457
256,0.689789572931803,0.252283020211930,0.248659484023583,0.299924552865763,0.378617765257579,0.223704949036996
774,0.644967683931748,0.231177046607856,0.26336509235663,0.245967461561916,0.189517281185082,0.142423961905656
686,0.605198627992826,0.23977753355553,0.225342219919308,0.232872971194181,0.175435913518267,0.140279459933373
750,0.58030940985411,0.296985336054750,0.251373586915138,0.222891426963376,0.182778757451073,0.157195124574254
761,0.604311860230174,0.215727826366646,0.235439936165745,0.23033379664679,0.154850743467635,0.152982630801945
998,0.654654294039608,0.277585234113443,0.306802338059224,0.237166246337142,0.172268685450245,0.202303599215116
695,0.622020658211421,0.259638241659144,0.253194757033311,0.209608564537159,0.200889639762023,0.180448444205294
677,0.600763302119727,0.328516409471957,0.330492731245164,0.275669606701894,0.245967461561916,0.223704949036996
834,0.650252758171119,0.290152214217331,0.273759486818862,0.242414171861771,0.220471637257467,0.204454144375473
773,0.608744246353995,0.23977753355553,0.255943411389996,0.231177046607856,0.149469410107982,0.140539522938054
799,0.592770024376564,0.245967461561916,0.270905253648299,0.182190212262849,0.161797245314680,0.152618104976752
673,0.605198627992826,0.289179343702615,0.291125967010989,0.269956905233921,0.179875784505171,0.194724220966719
229,0.389289635189169,0.170736402643872,0.155619579790919,0.224521889216861,0.162677834203278,0.154470991130581
726,0.626439652176295,0.251373586915138,0.255943411389996,0.26336509235663,0.153350162717428,0.168745733831007
801,0.610516199655431,0.244185541162083,0.255024990396885,0.229493730258852,0.171243398019944,0.154094323280450
903,0.646729776551258,0.393155485097713,0.365932579194558,0.400862850180983,0.322587416871138,0.334444602573969
716,0.603424944919196,0.238033800236652,0.200889639762023,0.232023448734304,0.196066256873814,0.140279459933373
767,0.628206394540431,0.23977753355553,0.192741366843982,0.267121556704060,0.140279459933373,0.140279459933373
798,0.637915147508898,0.23977753355553,0.248659484023583,0.218876016213984,0.164940248736627,0.178742307944130
853,0.628206394540431,0.278545025785751,0.266179795115631,0.192088479379025,0.194724220966719,0.172787005806565
715,0.630855615748439,0.252283020211930,0.247759640188542,0.249561781327291,0.159655442358187,0.145018731380577
838,0.623788627185174,0.282396577544332,0.177071557205383,0.274713840722163,0.145928733232941,0.165403320798019
623,0.620252184825136,0.23033379664679,0.23033379664679,0.215727826366646,0.140279459933373,0.144131604573628
357,0.443610401564419,0.154850743467635,0.187631241909896,0.200188610986799,0.140279459933373,0.140279459933373
784,0.62555609967103,0.220471637257467,0.240653643199231,0.267121556704060,0.154094323280450,0.140279459933373
843,0.646729776551258,0.272806580486754,0.217294683481912,0.273759486818862,0.166814026627726,0.147178535004063
825,0.65201365997105,0.359072414588444,0.353177756395209,0.343328438016707,0.257786672914962,0.272806580486754
751,0.641442262346675,0.23977753355553,0.237166246337142,0.195393227873188,0.184568357977156,0.179307075461499
772,0.582982412426427,0.222081350052879,0.196066256873814,0.209608564537159,0.154094323280450,0.154850743467635
731,0.62555609967103,0.189517281185082,0.219672052767678,0.229493730258852,0.141333283747465,0.140279459933373
977,0.715192462883039,0.326539995183568,0.310742219942023,0.293075998312143,0.225342219919308,0.157195124574254
604,0.616713692539713,0.222081350052879,0.205178843545358,0.210360301592275,0.149807763529887,0.140279459933373
967,0.629089586309926,0.267121556704060,0.237166246337142,0.287236372741756,0.179875784505171,0.180448444205294
859,0.668723907006677,0.275669606701894,0.256863984839407,0.233725581744281,0.181025063276694,0.178181472416481
700,0.578526502286961,0.224521889216861,0.266179795115631,0.181025063276694,0.151897993103576,0.140279459933373
367,0.466939252082330,0.196743303664015,0.150492979148870,0.241532534498303,0.169237834303805,0.140279459933373
218,0.598988114480156,0.186394027664835,0.217294683481912,0.234581247743386,0.156008702799071,0.180448444205294
690,0.634386284250911,0.248659484023583,0.185781454960399,0.257786672914962,0.140279459933373,0.140279459933373
682,0.57763477259731,0.240653643199231,0.231177046607856,0.240653643199231,0.152982630801945,0.140279459933373
826,0.624672424998259,0.23977753355553,0.232872971194181,0.248659484023583,0.16357228121085,0.169733635746363
598,0.569600673082815,0.260567046745838,0.269956905233921,0.235439936165745,0.188884569174318,0.140279459933373
387,0.455776216619560,0.192088479379025,0.218876016213984,0.211875157547888,0.145319498566922,0.140279459933373
535,0.646729776551258,0.245967461561916,0.228656878414890,0.229493730258852,0.181605650010004,0.169733635746363
883,0.637915147508898,0.244185541162083,0.240653643199231,0.254108759679802,0.165869963138432,0.146862120354825
351,0.423788147113161,0.148471133452426,0.160930368981928,0.174898448025698,0.140279459933373,0.171243398019944
764,0.600763302119727,0.221274744825972,0.246862287018223,0.207376318697083,0.170233153496669,0.184568357977156
861,0.646729776551258,0.259638241659144,0.215727826366646,0.257786672914962,0.195393227873188,0.171243398019944
632,0.604311860230174,0.237166246337142,0.213405068833102,0.242414171861771,0.141066417195949,0.145622826217966
750,0.604311860230174,0.26336509235663,0.232872971194181,0.264301525715948,0.169237834303805,0.214175622695954
752,0.61494365721071,0.249561781327291,0.226992939983781,0.238033800236652,0.153720720340875,0.140279459933373
186,0.557967132030868,0.140279459933373,0.196066256873814,0.192741366843982,0.140279459933373,0.145622826217966
713,0.605198627992826,0.226165913043895,0.223704949036996,0.257786672914962,0.152618104976752,0.174898448025698
692,0.607858057407542,0.245075200706715,0.23977753355553,0.229493730258852,0.160930368981928,0.16357228121085
752,0.636150937944643,0.214175622695954,0.232872971194181,0.210360301592275,0.140279459933373,0.163123316426449
693,0.569600673082815,0.339381807952053,0.326539995183568,0.289179343702615,0.212638240623736,0.140279459933373
783,0.644967683931748,0.258711437790672,0.221274744825972,0.238033800236652,0.191439626593958,0.143552645462116
311,0.453909567952752,0.173835068385563,0.204454144375473,0.169237834303805,0.162235816543637,0.140279459933373
157,0.45297556976512,0.140279459933373,0.188255890082703,0.173309128978783,0.140279459933373,0.147178535004063
713,0.611401966215199,0.262430509724191,0.232023448734304,0.238904240888872,0.143552645462116,0.178181472416481
732,0.609630293401202,0.217294683481912,0.220471637257467,0.246862287018223,0.157597013980819,0.140279459933373
764,0.62555609967103,0.232872971194181,0.191439626593958,0.23977753355553,0.183371292540019,0.140279459933373
378,0.448298759169222,0.185172899926102,0.182190212262849,0.176522456496951,0.146548361254107,0.160502026996677
796,0.630855615748439,0.238033800236652,0.227823271636467,0.235439936165745,0.154470991130581,0.171243398019944
753,0.668723907006677,0.266179795115631,0.244185541162083,0.249561781327291,0.143552645462116,0.140279459933373
792,0.627323083479833,0.269956905233921,0.217294683481912,0.258711437790672,0.140279459933373,0.200889639762023
835,0.631738455286738,0.240653643199231,0.26336509235663,0.216509434133377,0.200889639762023,0.140279459933373
844,0.628206394540431,0.235439936165745,0.266179795115631,0.214949882112267,0.196743303664015,0.140279459933373
681,0.601650667029677,0.231177046607856,0.232872971194181,0.215727826366646,0.200889639762023,0.154470991130581
661,0.599875784998553,0.227823271636467,0.229493730258852,0.283362392853609,0.161362102255135,0.192088479379025
786,0.604311860230174,0.258711437790672,0.154094323280450,0.237166246337142,0.171243398019944,0.140279459933373
751,0.61494365721071,0.255024990396885,0.253194757033311,0.198109430350217,0.170736402643872,0.140279459933373
834,0.655534316836593,0.26806502014066,0.227823271636467,0.250466494772263,0.160077057692081,0.145018731380577
271,0.670481068306923,0.297964434643167,0.248659484023583,0.375697185802696,0.414271770359505,0.293075998312143
736,0.641442262346675,0.260567046745838,0.241532534498303,0.185172899926102,0.152618104976752,0.16357228121085
880,0.604311860230174,0.256863984839407,0.222891426963376,0.237166246337142,0.176522456496951,0.140279459933373
736,0.616713692539713,0.236301613614802,0.200188610986799,0.265239772398733,0.16357228121085,0.178181472416481
375,0.486331294331022,0.168745733831007,0.192741366843982,0.218083551882790,0.147497624383717,0.157195124574254
711,0.58209159090975,0.23977753355553,0.208116557082828,0.184568357977156,0.165403320798019,0.163123316426449
171,0.51920253600366,0.155619579790919,0.215727826366646,0.162235816543637,0.16634019279706,0.197424363331222
167,0.522829369551227,0.141602453589765,0.140279459933373,0.238033800236652,0.140279459933373,0.169237834303805
845,0.666966416344732,0.283362392853609,0.271855157449252,0.270905253648299,0.174364837136968,0.181605650010004
712,0.631738455286738,0.250466494772263,0.255943411389996,0.238904240888872,0.158002143279100,0.140279459933373
265,0.627323083479833,0.150148946700048,0.183967824035887,0.191439626593958,0.140279459933373,0.16357228121085
658,0.565130393380684,0.298944182722262,0.248659484023583,0.298944182722262,0.165403320798019,0.162677834203278
733,0.599875784998553,0.246862287018223,0.245967461561916,0.241532534498303,0.157597013980819,0.150148946700048
202,0.566919113760625,0.190154027575454,0.185781454960399,0.332468835480985,0.372772455485757,0.218083551882790
892,0.574958463059337,0.222891426963376,0.232023448734304,0.207376318697083,0.153350162717428,0.178181472416481
853,0.629089586309926,0.279506090033501,0.270905253648299,0.256863984839407,0.140279459933373,0.190794809258731
369,0.457641082102348,0.173835068385563,0.185781454960399,0.206639944148685,0.152618104976752,0.154094323280450
746,0.633503788623644,0.23977753355553,0.255943411389996,0.140279459933373,0.202303599215116,0.151189670120080
773,0.629089586309926,0.284329312589461,0.279506090033501,0.26336509235663,0.189517281185082,0.140279459933373
720,0.623788627185174,0.241532534498303,0.251373586915138,0.213405068833102,0.140279459933373,0.153720720340875
703,0.631738455286738,0.273759486818862,0.242414171861771,0.271855157449252,0.140279459933373,0.152982630801945
712,0.584763524220902,0.227823271636467,0.214175622695954,0.198798498578782,0.157597013980819,0.142423961905656
359,0.446424815327873,0.167291481291287,0.198798498578782,0.151897993103576,0.140279459933373,0.172787005806565
836,0.631738455286738,0.238033800236652,0.250466494772263,0.267121556704060,0.140279459933373,0.154094323280450
764,0.640560644506718,0.248659484023583,0.285297304030371,0.209608564537159,0.170736402643872,0.203016510694019
804,0.618483198986599,0.223704949036996,0.203016510694019,0.234581247743386,0.144424803121843,0.151542367809210
346,0.429473753439024,0.172787005806565,0.193398287644562,0.223704949036996,0.157597013980819,0.140279459933373
785,0.619367756469412,0.258711437790672,0.255024990396885,0.262430509724191,0.180448444205294,0.164024746412181
780,0.601650667029677,0.264301525715948,0.252283020211930,0.284329312589461,0.177624558944457,0.149807763529887
693,0.59099197716754,0.222081350052879,0.219672052767678,0.23033379664679,0.142423961905656,0.185172899926102
746,0.622020658211421,0.228656878414890,0.222891426963376,0.241532534498303,0.173835068385563,0.140279459933373
908,0.638797087949753,0.218083551882790,0.270905253648299,0.232023448734304,0.163123316426449,0.185781454960399
749,0.653774177471793,0.275669606701894,0.200889639762023,0.278545025785751,0.187631241909896,0.182190212262849
702,0.61494365721071,0.225342219919308,0.244185541162083,0.203016510694019,0.141602453589765,0.174364837136968
717,0.624672424998259,0.429473753439024,0.363974517009122,0.36005360357005,0.219672052767678,0.16357228121085
862,0.673116204346268,0.286266334773665,0.269956905233921,0.260567046745838,0.197424363331222,0.168745733831007
702,0.608744246353995,0.226165913043895,0.215727826366646,0.247759640188542,0.142423961905656,0.140279459933373
891,0.65201365997105,0.269010148553487,0.264301525715948,0.240653643199231,0.190154027575454,0.151189670120080
627,0.631738455286738,0.283362392853609,0.289179343702615,0.283362392853609,0.178742307944130,0.179307075461499
731,0.596324170558622,0.274713840722163,0.250466494772263,0.261497815323131,0.177624558944457,0.158410531669826
762,0.606085249352797,0.221274744825972,0.214175622695954,0.215727826366646,0.142147774681471,0.152256565618780
384,0.464154311336516,0.170736402643872,0.189517281185082,0.241532534498303,0.140539522938054,0.16357228121085
859,0.661691913619881,0.284329312589461,0.273759486818862,0.288207386188063,0.218876016213984,0.177624558944457
763,0.629972659733243,0.237166246337142,0.203733362812729,0.250466494772263,0.193398287644562,0.165869963138432
750,0.635268667058686,0.238904240888872,0.207376318697083,0.250466494772263,0.140279459933373,0.191439626593958
675,0.58209159090975,0.231177046607856,0.216509434133377,0.226992939983781,0.203733362812729,0.179307075461499
551,0.579418047575081,0.232872971194181,0.219672052767678,0.262430509724191,0.179307075461499,0.161362102255135
681,0.598100289370352,0.223704949036996,0.190154027575454,0.256863984839407,0.151542367809210,0.140279459933373
706,0.602537880906253,0.220471637257467,0.245967461561916,0.257786672914962,0.140539522938054,0.177071557205383
877,0.588323660284695,0.205907447843523,0.203733362812729,0.216509434133377,0.146862120354825,0.190154027575454
760,0.622020658211421,0.245967461561916,0.224521889216861,0.271855157449252,0.183967824035887,0.144424803121843
405,0.439851241970584,0.164940248736627,0.194059239855938,0.187631241909896,0.181605650010004,0.140279459933373
826,0.598988114480156,0.295029198942614,0.297964434643167,0.269956905233921,0.228656878414890,0.188884569174318
237,0.605198627992826,0.164024746412181,0.150839880430613,0.210360301592275,0.140279459933373,0.154850743467635
619,0.690666407645512,0.255024990396885,0.274713840722163,0.233725581744281,0.160930368981928,0.153350162717428
371,0.445487145704544,0.170736402643872,0.200188610986799,0.210360301592275,0.152982630801945,0.140279459933373
795,0.646729776551258,0.259638241659144,0.254108759679802,0.237166246337142,0.197424363331222,0.180448444205294
382,0.676628615387707,0.255024990396885,0.255024990396885,0.337407372460796,0.378617765257579,0.211115838461421
776,0.611401966215199,0.222891426963376,0.245967461561916,0.226165913043895,0.146548361254107,0.150492979148870
740,0.620252184825136,0.269956905233921,0.178742307944130,0.283362392853609,0.175977245746161,0.141873944585676
246,0.424736999725661,0.188255890082703,0.191439626593958,0.198798498578782,0.158822198286243,0.140279459933373
827,0.623788627185174,0.232023448734304,0.181025063276694,0.276626749501763,0.151897993103576,0.140279459933373
754,0.601650667029677,0.198109430350217,0.252283020211930,0.175435913518267,0.165869963138432,0.16634019279706
243,0.588323660284695,0.309756707604237,0.270905253648299,0.308771540986705,0.219672052767678,0.148143904307162
722,0.620252184825136,0.234581247743386,0.218876016213984,0.266179795115631,0.178742307944130,0.151189670120080
820,0.662571212990782,0.278545025785751,0.265239772398733,0.259638241659144,0.184568357977156,0.140279459933373
726,0.605198627992826,0.231177046607856,0.250466494772263,0.142702524367706,0.140279459933373,0.149469410107982
738,0.629089586309926,0.234581247743386,0.223704949036996,0.245075200706715,0.140279459933373,0.166814026627726
162,0.568707020795868,0.274713840722163,0.140279459933373,0.604311860230174,0.660812526368302,0.492757675678563
693,0.646729776551258,0.297964434643167,0.238033800236652,0.292100571713878,0.144131604573628,0.217294683481912
715,0.59454741884471,0.269010148553487,0.267121556704060,0.26336509235663,0.208860644258667,0.147178535004063
660,0.622020658211421,0.227823271636467,0.235439936165745,0.265239772398733,0.140279459933373,0.170736402643872
712,0.61494365721071,0.217294683481912,0.23033379664679,0.212638240623736,0.195393227873188,0.140279459933373
779,0.629089586309926,0.267121556704060,0.223704949036996,0.255943411389996,0.171243398019944,0.190154027575454
312,0.465083048709257,0.185781454960399,0.189517281185082,0.140279459933373,0.140279459933373,0.178742307944130
846,0.629972659733243,0.257786672914962,0.272806580486754,0.243298519444439,0.190154027575454,0.194059239855938
727,0.595435874427052,0.214949882112267,0.142702524367706,0.257786672914962,0.157597013980819,0.185172899926102
830,0.626439652176295,0.269956905233921,0.223704949036996,0.200188610986799,0.211115838461421,0.175977245746161
691,0.597212308466731,0.225342219919308,0.194724220966719,0.211115838461421,0.169237834303805,0.153720720340875
716,0.589213267095234,0.217294683481912,0.200889639762023,0.244185541162083,0.148801114525785,0.142702524367706
323,0.404704249910189,0.164940248736627,0.155233599845476,0.188884569174318,0.152618104976752,0.160077057692081
860,0.666966416344732,0.276626749501763,0.282396577544332,0.238033800236652,0.179875784505171,0.156400988328558
722,0.635268667058686,0.250466494772263,0.256863984839407,0.232872971194181,0.161362102255135,0.157195124574254
158,0.451106215483896,0.140279459933373,0.160077057692081,0.204454144375473,0.140279459933373,0.140279459933373
170,0.475271623239318,0.158002143279100,0.214949882112267,0.154094323280450,0.162677834203278,0.178742307944130
771,0.557070755717787,0.227823271636467,0.205907447843523,0.214175622695954,0.183967824035887,0.140279459933373
867,0.639678919993987,0.267121556704060,0.245967461561916,0.271855157449252,0.188884569174318,0.158002143279100
733,0.611401966215199,0.247759640188542,0.236301613614802,0.259638241659144,0.170233153496669,0.185172899926102
770,0.623788627185174,0.232023448734304,0.260567046745838,0.177624558944457,0.158002143279100,0.140279459933373
714,0.611401966215199,0.249561781327291,0.244185541162083,0.215727826366646,0.181025063276694,0.165869963138432
881,0.648491465815105,0.339381807952053,0.303851718893881,0.260567046745838,0.199491561253654,0.180448444205294
765,0.659933050519219,0.286266334773665,0.231177046607856,0.274713840722163,0.160930368981928,0.188884569174318
608,0.55975922935761,0.266179795115631,0.240653643199231,0.278545025785751,0.159655442358187,0.140279459933373
917,0.622020658211421,0.258711437790672,0.259638241659144,0.218083551882790,0.178742307944130,0.140279459933373
836,0.644086484322101,0.290152214217331,0.295029198942614,0.235439936165745,0.200188610986799,0.176522456496951
887,0.640560644506718,0.262430509724191,0.16634019279706,0.245075200706715,0.143840891542185,0.140279459933373
770,0.597212308466731,0.218876016213984,0.208860644258667,0.266179795115631,0.175977245746161,0.189517281185082
249,0.624672424998259,0.152982630801945,0.140279459933373,0.279506090033501,0.140279459933373,0.143840891542185
657,0.641442262346675,0.241532534498303,0.215727826366646,0.248659484023583,0.160502026996677,0.190794809258731
186,0.547195695509664,0.169733635746363,0.140279459933373,0.214949882112267,0.153720720340875,0.158410531669826
693,0.62555609967103,0.260567046745838,0.247759640188542,0.276626749501763,0.161362102255135,0.140279459933373
697,0.641442262346675,0.205178843545358,0.232872971194181,0.169733635746363,0.162677834203278,0.146862120354825
214,0.481729856995562,0.232023448734304,0.145319498566922,0.238904240888872,0.140279459933373,0.140279459933373
799,0.622904705251892,0.264301525715948,0.218083551882790,0.232872971194181,0.170736402643872,0.140279459933373
866,0.622904705251892,0.210360301592275,0.238904240888872,0.163123316426449,0.151189670120080,0.185781454960399
867,0.617598511353537,0.237166246337142,0.214949882112267,0.226992939983781,0.151897993103576,0.182778757451073
660,0.579418047575081,0.192741366843982,0.208116557082828,0.221274744825972,0.140279459933373,0.171243398019944
353,0.470646634478409,0.199491561253654,0.172268685450245,0.232023448734304,0.143552645462116,0.155233599845476
785,0.652893966371437,0.26336509235663,0.245967461561916,0.26336509235663,0.169237834303805,0.152618104976752
804,0.605198627992826,0.221274744825972,0.254108759679802,0.188884569174318,0.151189670120080,0.182190212262849
335,0.550789853506805,0.279506090033501,0.235439936165745,0.243298519444439,0.205907447843523,0.193398287644562
843,0.649372161207369,0.430419611243593,0.39218977751084,0.376671178467619,0.26806502014066,0.149469410107982
603,0.610516199655431,0.333456768437105,0.327528205863718,0.342342090635241,0.223704949036996,0.204454144375473
672,0.603424944919196,0.247759640188542,0.238033800236652,0.226165913043895,0.192741366843982,0.140279459933373
954,0.646729776551258,0.272806580486754,0.258711437790672,0.26806502014066,0.164024746412181,0.167772573247934
650,0.61405843859737,0.23033379664679,0.233725581744281,0.217294683481912,0.156008702799071,0.140279459933373
850,0.65201365997105,0.267121556704060,0.296985336054750,0.227823271636467,0.177624558944457,0.16357228121085
735,0.592770024376564,0.210360301592275,0.208860644258667,0.202303599215116,0.140279459933373,0.162235816543637
724,0.609630293401202,0.240653643199231,0.222891426963376,0.183371292540019,0.187010622123131,0.190154027575454
770,0.61494365721071,0.225342219919308,0.227823271636467,0.227823271636467,0.171243398019944,0.154094323280450
902,0.626439652176295,0.310742219942023,0.288207386188063,0.286266334773665,0.184568357977156,0.194059239855938
734,0.637915147508898,0.242414171861771,0.258711437790672,0.152256565618780,0.201594638931909,0.205178843545358
664,0.609630293401202,0.241532534498303,0.23977753355553,0.23977753355553,0.172787005806565,0.154850743467635
650,0.609630293401202,0.229493730258852,0.272806580486754,0.221274744825972,0.195393227873188,0.238904240888872
796,0.613173084606865,0.240653643199231,0.245075200706715,0.156008702799071,0.185781454960399,0.192088479379025
943,0.668723907006677,0.297964434643167,0.294052217151829,0.283362392853609,0.171243398019944,0.182190212262849
822,0.677506525321988,0.307786743279463,0.292100571713878,0.295029198942614,0.192741366843982,0.150839880430613
816,0.629972659733243,0.233725581744281,0.26806502014066,0.222081350052879,0.203016510694019,0.159237162188545
842,0.644086484322101,0.255024990396885,0.256863984839407,0.264301525715948,0.198798498578782,0.162677834203278
713,0.637915147508898,0.241532534498303,0.219672052767678,0.238033800236652,0.141602453589765,0.181025063276694
679,0.567813168189284,0.344314559496454,0.317648619366148,0.317648619366148,0.252283020211930,0.226992939983781
319,0.608744246353995,0.284329312589461,0.214175622695954,0.377644706128292,0.407579902497849,0.245967461561916
789,0.61405843859737,0.275669606701894,0.267121556704060,0.243298519444439,0.198109430350217,0.165403320798019
168,0.482650905054512,0.140279459933373,0.176522456496951,0.217294683481912,0.173835068385563,0.188884569174318
770,0.582982412426427,0.280468392646033,0.228656878414890,0.292100571713878,0.221274744825972,0.159655442358187
912,0.661691913619881,0.283362392853609,0.258711437790672,0.250466494772263,0.167291481291287,0.140279459933373
694,0.621136485069615,0.238033800236652,0.237166246337142,0.199491561253654,0.160502026996677,0.140279459933373
